-358.176
-359.666
-361.126
-362.556
-363.956
-365.329
-366.674
-367.992
-369.285
-370.553
-371.797
-373.017
-374.215
-375.39
-376.543
-377.676
-378.788
-379.88
-380.952
-382.006
-383.04
-384.057
-385.057
-386.039
-387.004
-387.953
-388.886
-389.803
-390.706
-391.593
-392.466
-393.326
-394.171
-395.004
-395.823
-396.63
-397.425
-398.208
-398.98
-399.741
-400.491
-401.23
-401.96
-402.679
-403.39
-404.091
-404.783
-405.466
-406.142
-406.81
-407.469
-408.122
-408.768
-409.407
-410.04
-410.667
-411.288
-411.904
-412.515
-413.121
-413.724
-414.323
-414.919
-415.512
-416.102
-416.691
-417.278
-417.865
-418.451
-419.037
-419.623
-420.209
-420.793
-421.374
-421.948
-422.508
-423.038
-423.51
-423.874
-424.038
-423.889
-423.365
-422.521
-421.475
-420.317
-419.099
-417.845
-416.568
-415.276
-413.97
-412.651
-411.318
-409.973
-408.612
-407.234
-405.838
-404.422
-402.984
-401.521
-400.033
-398.518
-396.973
-395.397
-393.786
-392.141
-390.457
-388.734
-386.969
-385.159
-383.303
-381.397
-379.44
-377.428
-375.36
-373.232
-371.04
-368.783
-366.456
-364.057
-361.581
-359.026
-359.356
-360.848
-362.309
-363.739
-365.14
-366.512
-367.856
-369.174
-370.465
-371.732
-372.973
-374.191
-375.386
-376.559
-377.709
-378.838
-379.946
-381.035
-382.103
-383.152
-384.182
-385.195
-386.189
-387.166
-388.125
-389.069
-389.996
-390.907
-391.803
-392.685
-393.551
-394.404
-395.242
-396.067
-396.88
-397.679
-398.466
-399.242
-400.006
-400.758
-401.5
-402.231
-402.952
-403.663
-404.364
-405.056
-405.74
-406.414
-407.081
-407.739
-408.39
-409.033
-409.669
-410.299
-410.922
-411.54
-412.152
-412.758
-413.36
-413.957
-414.55
-415.139
-415.725
-416.309
-416.89
-417.469
-418.047
-418.624
-419.2
-419.776
-420.353
-420.929
-421.504
-422.077
-422.644
-423.198
-423.726
-424.204
-424.585
-424.786
-424.695
-424.233
-423.432
-422.407
-421.256
-420.037
-418.779
-417.497
-416.197
-414.883
-413.556
-412.217
-410.864
-409.496
-408.111
-406.709
-405.285
-403.841
-402.374
-400.88
-399.36
-397.809
-396.228
-394.614
-392.964
-391.278
-389.552
-387.783
-385.971
-384.114
-382.207
-380.249
-378.237
-376.169
-374.041
-371.852
-369.597
-367.273
-364.877
-362.406
-359.854
-360.48
-361.974
-363.436
-364.867
-366.268
-367.64
-368.985
-370.302
-371.592
-372.857
-374.097
-375.314
-376.506
-377.676
-378.824
-379.95
-381.055
-382.14
-383.204
-384.249
-385.276
-386.283
-387.273
-388.245
-389.199
-390.137
-391.059
-391.965
-392.855
-393.73
-394.59
-395.435
-396.267
-397.086
-397.891
-398.683
-399.462
-400.23
-400.986
-401.73
-402.464
-403.187
-403.899
-404.601
-405.294
-405.978
-406.652
-407.318
-407.975
-408.624
-409.266
-409.9
-410.527
-411.147
-411.761
-412.369
-412.971
-413.568
-414.16
-414.748
-415.331
-415.911
-416.488
-417.062
-417.633
-418.203
-418.771
-419.339
-419.906
-420.473
-421.04
-421.607
-422.173
-422.737
-423.297
-423.845
-424.371
-424.852
-425.248
-425.483
-425.447
-425.048
-424.295
-423.294
-422.153
-420.935
-419.674
-418.385
-417.079
-415.758
-414.424
-413.077
-411.717
-410.342
-408.95
-407.541
-406.112
-404.661
-403.188
-401.689
-400.163
-398.608
-397.022
-395.405
-393.751
-392.061
-390.331
-388.562
-386.748
-384.888
-382.98
-381.021
-379.009
-376.941
-374.814
-372.625
-370.372
-368.051
-365.659
-363.192
-360.647
-361.551
-363.047
-364.511
-365.943
-367.345
-368.718
-370.062
-371.378
-372.668
-373.933
-375.172
-376.386
-377.577
-378.745
-379.89
-381.014
-382.116
-383.197
-384.258
-385.3
-386.322
-387.325
-388.31
-389.278
-390.227
-391.16
-392.077
-392.977
-393.861
-394.73
-395.584
-396.423
-397.248
-398.06
-398.858
-399.643
-400.415
-401.175
-401.923
-402.66
-403.385
-404.099
-404.803
-405.497
-406.181
-406.856
-407.521
-408.178
-408.826
-409.466
-410.098
-410.723
-411.341
-411.952
-412.556
-413.155
-413.748
-414.335
-414.918
-415.496
-416.07
-416.64
-417.207
-417.772
-418.334
-418.894
-419.453
-420.011
-420.568
-421.126
-421.684
-422.241
-422.799
-423.355
-423.907
-424.449
-424.972
-425.455
-425.863
-426.128
-426.145
-425.81
-425.109
-424.137
-423.007
-421.792
-420.528
-419.234
-417.921
-416.594
-415.252
-413.899
-412.531
-411.149
-409.75
-408.335
-406.899
-405.443
-403.963
-402.459
-400.928
-399.369
-397.779
-396.156
-394.499
-392.806
-391.074
-389.301
-387.485
-385.623
-383.714
-381.754
-379.742
-377.675
-375.549
-373.362
-371.11
-368.791
-366.403
-363.94
-361.4
-362.571
-364.069
-365.534
-366.968
-368.371
-369.745
-371.09
-372.406
-373.696
-374.96
-376.198
-377.411
-378.601
-379.767
-380.91
-382.031
-383.13
-384.209
-385.267
-386.305
-387.323
-388.323
-389.304
-390.267
-391.212
-392.14
-393.051
-393.946
-394.824
-395.688
-396.535
-397.369
-398.187
-398.992
-399.783
-400.561
-401.326
-402.078
-402.818
-403.547
-404.264
-404.97
-405.666
-406.351
-407.027
-407.692
-408.349
-408.996
-409.636
-410.266
-410.889
-411.505
-412.113
-412.715
-413.31
-413.899
-414.482
-415.06
-415.633
-416.201
-416.766
-417.327
-417.884
-418.439
-418.991
-419.542
-420.092
-420.64
-421.188
-421.737
-422.285
-422.834
-423.383
-423.93
-424.475
-425.011
-425.53
-426.015
-426.433
-426.724
-426.789
-426.517
-425.872
-424.934
-423.818
-422.607
-421.341
-420.043
-418.725
-417.39
-416.041
-414.681
-413.306
-411.917
-410.512
-409.089
-407.648
-406.185
-404.7
-403.19
-401.655
-400.09
-398.496
-396.869
-395.208
-393.512
-391.776
-390.001
-388.183
-386.319
-384.409
-382.449
-380.436
-378.369
-376.243
-374.058
-371.809
-369.493
-367.107
-364.648
-362.113
-363.541
-365.042
-366.51
-367.945
-369.35
-370.725
-372.07
-373.388
-374.677
-375.941
-377.178
-378.391
-379.579
-380.743
-381.885
-383.004
-384.101
-385.177
-386.232
-387.267
-388.282
-389.278
-390.255
-391.214
-392.154
-393.078
-393.984
-394.873
-395.747
-396.604
-397.446
-398.273
-399.086
-399.884
-400.668
-401.439
-402.196
-402.941
-403.674
-404.394
-405.104
-405.801
-406.489
-407.165
-407.832
-408.489
-409.136
-409.775
-410.404
-411.026
-411.639
-412.245
-412.844
-413.436
-414.022
-414.601
-415.175
-415.743
-416.306
-416.865
-417.42
-417.971
-418.519
-419.064
-419.607
-420.148
-420.688
-421.227
-421.766
-422.305
-422.844
-423.384
-423.924
-424.463
-425
-425.53
-426.045
-426.53
-426.956
-427.27
-427.379
-427.169
-426.584
-425.684
-424.586
-423.38
-422.114
-420.812
-419.488
-418.146
-416.791
-415.423
-414.041
-412.645
-411.234
-409.805
-408.356
-406.888
-405.397
-403.882
-402.341
-400.772
-399.173
-397.543
-395.878
-394.178
-392.44
-390.661
-388.84
-386.976
-385.064
-383.103
-381.09
-379.022
-376.898
-374.714
-372.466
-370.153
-367.771
-365.316
-362.785
-364.464
-365.968
-367.438
-368.876
-370.283
-371.659
-373.006
-374.324
-375.614
-376.878
-378.115
-379.327
-380.514
-381.677
-382.817
-383.934
-385.03
-386.103
-387.156
-388.188
-389.2
-390.192
-391.166
-392.12
-393.057
-393.976
-394.877
-395.762
-396.63
-397.482
-398.318
-399.139
-399.945
-400.737
-401.514
-402.278
-403.028
-403.766
-404.491
-405.203
-405.904
-406.594
-407.273
-407.94
-408.598
-409.246
-409.884
-410.513
-411.134
-411.746
-412.35
-412.946
-413.535
-414.117
-414.693
-415.262
-415.826
-416.385
-416.938
-417.487
-418.032
-418.573
-419.111
-419.647
-420.18
-420.712
-421.242
-421.771
-422.301
-422.83
-423.36
-423.891
-424.422
-424.953
-425.482
-426.006
-426.516
-427.001
-427.433
-427.767
-427.915
-427.766
-427.244
-426.386
-425.31
-424.111
-422.845
-421.54
-420.21
-418.863
-417.501
-416.126
-414.737
-413.334
-411.915
-410.479
-409.025
-407.55
-406.054
-404.533
-402.987
-401.413
-399.809
-398.174
-396.506
-394.802
-393.061
-391.28
-389.458
-387.59
-385.677
-383.715
-381.702
-379.634
-377.511
-375.327
-373.082
-370.771
-368.392
-365.941
-363.415
-365.341
-366.849
-368.322
-369.763
-371.172
-372.55
-373.898
-375.217
-376.508
-377.772
-379.009
-380.221
-381.408
-382.57
-383.709
-384.825
-385.918
-386.99
-388.04
-389.069
-390.078
-391.068
-392.038
-392.989
-393.921
-394.836
-395.733
-396.613
-397.476
-398.322
-399.153
-399.968
-400.768
-401.553
-402.324
-403.08
-403.824
-404.554
-405.271
-405.975
-406.668
-407.349
-408.019
-408.678
-409.327
-409.966
-410.595
-411.214
-411.825
-412.427
-413.021
-413.608
-414.187
-414.759
-415.325
-415.884
-416.438
-416.986
-417.529
-418.068
-418.603
-419.134
-419.662
-420.188
-420.711
-421.233
-421.753
-422.273
-422.793
-423.313
-423.834
-424.355
-424.878
-425.4
-425.921
-426.438
-426.944
-427.427
-427.864
-428.214
-428.399
-428.307
-427.849
-427.039
-425.987
-424.798
-423.534
-422.226
-420.891
-419.538
-418.169
-416.786
-415.391
-413.981
-412.555
-411.113
-409.652
-408.171
-406.669
-405.142
-403.591
-402.011
-400.403
-398.764
-397.091
-395.384
-393.639
-391.855
-390.031
-388.162
-386.247
-384.284
-382.27
-380.203
-378.079
-375.898
-373.654
-371.346
-368.969
-366.523
-364
-366.176
-367.687
-369.164
-370.608
-372.019
-373.399
-374.749
-376.069
-377.362
-378.626
-379.864
-381.076
-382.262
-383.424
-384.562
-385.676
-386.768
-387.838
-388.886
-389.913
-390.92
-391.906
-392.873
-393.82
-394.749
-395.66
-396.553
-397.428
-398.286
-399.127
-399.952
-400.762
-401.555
-402.334
-403.098
-403.848
-404.584
-405.306
-406.015
-406.712
-407.396
-408.069
-408.73
-409.38
-410.02
-410.649
-411.268
-411.878
-412.479
-413.071
-413.655
-414.231
-414.8
-415.362
-415.917
-416.466
-417.009
-417.547
-418.08
-418.608
-419.133
-419.654
-420.172
-420.687
-421.2
-421.711
-422.222
-422.732
-423.242
-423.752
-424.263
-424.776
-425.289
-425.803
-426.316
-426.825
-427.326
-427.807
-428.248
-428.612
-428.828
-428.791
-428.397
-427.64
-426.617
-425.44
-424.179
-422.869
-421.529
-420.17
-418.794
-417.405
-416.002
-414.584
-413.152
-411.702
-410.235
-408.748
-407.239
-405.707
-404.15
-402.565
-400.952
-399.309
-397.632
-395.92
-394.173
-392.386
-390.558
-388.688
-386.771
-384.807
-382.792
-380.725
-378.602
-376.422
-374.18
-371.873
-369.501
-367.057
-364.54
-366.968
-368.484
-369.965
-371.411
-372.826
-374.208
-375.56
-376.882
-378.176
-379.441
-380.68
-381.892
-383.078
-384.24
-385.377
-386.491
-387.582
-388.65
-389.696
-390.721
-391.725
-392.709
-393.673
-394.617
-395.543
-396.45
-397.338
-398.209
-399.062
-399.898
-400.718
-401.522
-402.309
-403.082
-403.839
-404.582
-405.31
-406.025
-406.726
-407.415
-408.091
-408.754
-409.406
-410.047
-410.677
-411.296
-411.906
-412.506
-413.096
-413.678
-414.252
-414.817
-415.375
-415.926
-416.471
-417.009
-417.541
-418.068
-418.59
-419.108
-419.621
-420.132
-420.639
-421.143
-421.646
-422.147
-422.647
-423.147
-423.646
-424.147
-424.648
-425.151
-425.655
-426.16
-426.665
-427.167
-427.662
-428.14
-428.584
-428.959
-429.204
-429.216
-428.888
-428.187
-427.198
-426.035
-424.778
-423.467
-422.123
-420.757
-419.375
-417.978
-416.568
-415.144
-413.704
-412.248
-410.773
-409.279
-407.764
-406.226
-404.663
-403.073
-401.455
-399.806
-398.125
-396.41
-394.658
-392.869
-391.038
-389.165
-387.247
-385.282
-383.267
-381.2
-379.077
-376.897
-374.657
-372.354
-369.984
-367.544
-365.031
-367.721
-369.242
-370.726
-372.177
-373.594
-374.979
-376.334
-377.658
-378.953
-380.22
-381.46
-382.672
-383.859
-385.021
-386.158
-387.271
-388.361
-389.428
-390.472
-391.496
-392.498
-393.479
-394.44
-395.382
-396.304
-397.207
-398.091
-398.958
-399.806
-400.638
-401.452
-402.25
-403.032
-403.798
-404.548
-405.284
-406.005
-406.712
-407.405
-408.085
-408.752
-409.407
-410.05
-410.681
-411.301
-411.91
-412.509
-413.099
-413.678
-414.25
-414.812
-415.367
-415.913
-416.453
-416.986
-417.513
-418.034
-418.549
-419.06
-419.566
-420.069
-420.567
-421.063
-421.557
-422.048
-422.538
-423.027
-423.516
-424.005
-424.495
-424.987
-425.479
-425.974
-426.47
-426.966
-427.461
-427.95
-428.424
-428.869
-429.254
-429.523
-429.582
-429.317
-428.677
-427.725
-426.58
-425.329
-424.017
-422.669
-421.298
-419.909
-418.505
-417.087
-415.655
-414.208
-412.744
-411.262
-409.762
-408.239
-406.695
-405.126
-403.53
-401.907
-400.253
-398.568
-396.849
-395.094
-393.301
-391.468
-389.592
-387.672
-385.707
-383.69
-381.623
-379.502
-377.323
-375.085
-372.783
-370.416
-367.98
-365.472
-368.437
-369.961
-371.45
-372.905
-374.326
-375.714
-377.071
-378.398
-379.695
-380.964
-382.204
-383.418
-384.606
-385.767
-386.904
-388.017
-389.106
-390.173
-391.216
-392.238
-393.238
-394.217
-395.176
-396.114
-397.033
-397.933
-398.814
-399.676
-400.52
-401.347
-402.156
-402.948
-403.724
-404.484
-405.227
-405.956
-406.669
-407.369
-408.053
-408.725
-409.383
-410.028
-410.661
-411.282
-411.892
-412.491
-413.079
-413.657
-414.226
-414.786
-415.337
-415.88
-416.415
-416.943
-417.464
-417.978
-418.487
-418.991
-419.49
-419.984
-420.474
-420.961
-421.445
-421.926
-422.406
-422.884
-423.362
-423.84
-424.318
-424.797
-425.277
-425.76
-426.244
-426.73
-427.218
-427.704
-428.186
-428.657
-429.101
-429.494
-429.784
-429.885
-429.683
-429.105
-428.196
-427.072
-425.828
-424.517
-423.166
-421.789
-420.393
-418.981
-417.556
-416.116
-414.66
-413.189
-411.7
-410.192
-408.663
-407.111
-405.537
-403.935
-402.306
-400.648
-398.958
-397.234
-395.475
-393.68
-391.844
-389.966
-388.045
-386.078
-384.061
-381.994
-379.873
-377.695
-375.46
-373.162
-370.798
-368.367
-365.864
-369.116
-370.645
-372.139
-373.598
-375.022
-376.414
-377.774
-379.104
-380.403
-381.674
-382.916
-384.131
-385.319
-386.482
-387.619
-388.732
-389.821
-390.887
-391.929
-392.95
-393.948
-394.926
-395.882
-396.818
-397.734
-398.63
-399.508
-400.366
-401.206
-402.027
-402.832
-403.618
-404.388
-405.141
-405.878
-406.6
-407.306
-407.996
-408.673
-409.335
-409.984
-410.62
-411.243
-411.853
-412.452
-413.04
-413.617
-414.184
-414.74
-415.288
-415.827
-416.357
-416.88
-417.395
-417.904
-418.406
-418.902
-419.392
-419.878
-420.359
-420.837
-421.311
-421.782
-422.251
-422.718
-423.184
-423.649
-424.115
-424.581
-425.048
-425.517
-425.989
-426.462
-426.938
-427.416
-427.894
-428.369
-428.834
-429.278
-429.676
-429.984
-430.123
-429.98
-429.467
-428.606
-427.507
-426.272
-424.962
-423.607
-422.225
-420.822
-419.403
-417.969
-416.52
-415.057
-413.577
-412.081
-410.565
-409.029
-407.471
-405.89
-404.282
-402.648
-400.985
-399.29
-397.563
-395.8
-394.001
-392.163
-390.284
-388.361
-386.393
-384.376
-382.309
-380.19
-378.014
-375.78
-373.485
-371.126
-368.699
-366.202
-369.76
-371.295
-372.794
-374.257
-375.686
-377.081
-378.445
-379.777
-381.079
-382.352
-383.596
-384.813
-386.003
-387.166
-388.304
-389.417
-390.506
-391.571
-392.613
-393.633
-394.63
-395.606
-396.56
-397.494
-398.407
-399.301
-400.175
-401.029
-401.865
-402.682
-403.481
-404.262
-405.026
-405.773
-406.503
-407.217
-407.915
-408.598
-409.265
-409.918
-410.557
-411.183
-411.795
-412.395
-412.982
-413.558
-414.123
-414.678
-415.222
-415.757
-416.283
-416.8
-417.309
-417.811
-418.306
-418.794
-419.277
-419.753
-420.225
-420.693
-421.156
-421.617
-422.074
-422.529
-422.983
-423.435
-423.888
-424.34
-424.793
-425.248
-425.704
-426.164
-426.626
-427.091
-427.558
-428.027
-428.493
-428.953
-429.394
-429.796
-430.119
-430.291
-430.204
-429.758
-428.949
-427.878
-426.655
-425.347
-423.99
-422.602
-421.192
-419.765
-418.322
-416.865
-415.394
-413.906
-412.4
-410.877
-409.334
-407.769
-406.181
-404.568
-402.928
-401.26
-399.561
-397.829
-396.064
-394.263
-392.422
-390.541
-388.618
-386.649
-384.633
-382.568
-380.45
-378.277
-376.046
-373.754
-371.399
-368.978
-366.486
-370.371
-371.912
-373.416
-374.884
-376.317
-377.717
-379.084
-380.42
-381.725
-383
-384.247
-385.466
-386.657
-387.822
-388.961
-390.074
-391.164
-392.229
-393.271
-394.289
-395.286
-396.26
-397.213
-398.145
-399.055
-399.946
-400.817
-401.668
-402.499
-403.312
-404.106
-404.882
-405.64
-406.38
-407.103
-407.81
-408.5
-409.174
-409.832
-410.476
-411.105
-411.719
-412.321
-412.909
-413.484
-414.048
-414.6
-415.141
-415.672
-416.193
-416.705
-417.208
-417.703
-418.191
-418.671
-419.144
-419.612
-420.074
-420.531
-420.984
-421.432
-421.877
-422.32
-422.76
-423.199
-423.637
-424.074
-424.512
-424.951
-425.392
-425.835
-426.281
-426.73
-427.183
-427.639
-428.097
-428.554
-429.007
-429.444
-429.848
-430.183
-430.385
-430.35
-429.969
-429.216
-428.178
-426.969
-425.665
-424.306
-422.912
-421.495
-420.06
-418.608
-417.143
-415.662
-414.166
-412.653
-411.121
-409.571
-408
-406.405
-404.786
-403.141
-401.469
-399.766
-398.032
-396.263
-394.46
-392.618
-390.737
-388.813
-386.845
-384.831
-382.767
-380.652
-378.481
-376.254
-373.968
-371.619
-369.202
-366.718
-370.951
-372.498
-374.007
-375.481
-376.919
-378.323
-379.694
-381.033
-382.342
-383.62
-384.869
-386.09
-387.284
-388.45
-389.59
-390.705
-391.795
-392.86
-393.902
-394.921
-395.916
-396.89
-397.841
-398.771
-399.68
-400.568
-401.436
-402.283
-403.111
-403.92
-404.709
-405.479
-406.231
-406.965
-407.681
-408.38
-409.062
-409.727
-410.376
-411.009
-411.628
-412.231
-412.821
-413.396
-413.959
-414.51
-415.048
-415.575
-416.092
-416.598
-417.095
-417.583
-418.063
-418.534
-418.999
-419.456
-419.908
-420.354
-420.794
-421.231
-421.663
-422.092
-422.518
-422.942
-423.364
-423.786
-424.207
-424.629
-425.052
-425.478
-425.905
-426.336
-426.771
-427.21
-427.653
-428.099
-428.546
-428.989
-429.421
-429.825
-430.169
-430.396
-430.409
-430.093
-429.4
-428.4
-427.208
-425.908
-424.548
-423.149
-421.724
-420.28
-418.82
-417.346
-415.856
-414.351
-412.83
-411.292
-409.734
-408.156
-406.556
-404.932
-403.283
-401.606
-399.901
-398.164
-396.395
-394.59
-392.748
-390.867
-388.945
-386.979
-384.967
-382.907
-380.794
-378.629
-376.408
-374.126
-371.783
-369.375
-366.898
-371.501
-373.054
-374.569
-376.048
-377.491
-378.9
-380.276
-381.619
-382.932
-384.213
-385.465
-386.689
-387.885
-389.053
-390.195
-391.311
-392.402
-393.468
-394.51
-395.529
-396.524
-397.497
-398.448
-399.376
-400.283
-401.169
-402.034
-402.879
-403.703
-404.507
-405.292
-406.057
-406.803
-407.531
-408.24
-408.93
-409.604
-410.26
-410.899
-411.522
-412.129
-412.72
-413.297
-413.86
-414.409
-414.945
-415.469
-415.981
-416.482
-416.973
-417.453
-417.925
-418.387
-418.842
-419.289
-419.73
-420.164
-420.592
-421.015
-421.433
-421.847
-422.258
-422.666
-423.072
-423.477
-423.88
-424.284
-424.688
-425.093
-425.501
-425.911
-426.325
-426.744
-427.167
-427.594
-428.026
-428.46
-428.893
-429.317
-429.718
-430.068
-430.316
-430.371
-430.118
-429.488
-428.53
-427.358
-426.065
-424.704
-423.3
-421.868
-420.416
-418.948
-417.464
-415.967
-414.454
-412.925
-411.38
-409.816
-408.233
-406.629
-405.001
-403.349
-401.67
-399.963
-398.226
-396.457
-394.653
-392.812
-390.934
-389.013
-387.05
-385.042
-382.985
-380.879
-378.72
-376.504
-374.231
-371.896
-369.496
-367.029
-372.022
-373.582
-375.104
-376.588
-378.037
-379.451
-380.832
-382.18
-383.496
-384.781
-386.037
-387.263
-388.462
-389.632
-390.776
-391.894
-392.987
-394.054
-395.097
-396.116
-397.112
-398.084
-399.034
-399.962
-400.867
-401.751
-402.614
-403.456
-404.277
-405.077
-405.857
-406.617
-407.358
-408.078
-408.78
-409.463
-410.128
-410.774
-411.403
-412.015
-412.61
-413.189
-413.752
-414.301
-414.835
-415.356
-415.864
-416.36
-416.844
-417.318
-417.781
-418.234
-418.679
-419.115
-419.544
-419.965
-420.38
-420.789
-421.192
-421.591
-421.985
-422.376
-422.764
-423.15
-423.534
-423.918
-424.301
-424.685
-425.07
-425.457
-425.848
-426.243
-426.642
-427.046
-427.456
-427.871
-428.29
-428.709
-429.122
-429.518
-429.87
-430.133
-430.225
-430.031
-429.466
-428.554
-427.407
-426.123
-424.762
-423.354
-421.916
-420.457
-418.98
-417.489
-415.984
-414.464
-412.93
-411.379
-409.811
-408.225
-406.618
-404.988
-403.335
-401.657
-399.95
-398.214
-396.447
-394.645
-392.808
-390.933
-389.017
-387.059
-385.057
-383.007
-380.907
-378.755
-376.548
-374.282
-371.957
-369.566
-367.11
-372.516
-374.083
-375.612
-377.103
-378.558
-379.977
-381.363
-382.715
-384.036
-385.325
-386.585
-387.815
-389.016
-390.19
-391.336
-392.457
-393.551
-394.62
-395.664
-396.684
-397.68
-398.653
-399.602
-400.529
-401.434
-402.317
-403.177
-404.017
-404.835
-405.631
-406.407
-407.162
-407.897
-408.612
-409.306
-409.981
-410.636
-411.273
-411.891
-412.491
-413.074
-413.639
-414.188
-414.722
-415.241
-415.745
-416.236
-416.714
-417.18
-417.635
-418.079
-418.513
-418.938
-419.354
-419.762
-420.163
-420.557
-420.944
-421.326
-421.703
-422.076
-422.445
-422.811
-423.174
-423.536
-423.896
-424.257
-424.617
-424.98
-425.344
-425.712
-426.084
-426.461
-426.843
-427.232
-427.626
-428.026
-428.428
-428.827
-429.212
-429.561
-429.834
-429.957
-429.817
-429.317
-428.456
-427.337
-426.065
-424.707
-423.296
-421.854
-420.388
-418.906
-417.409
-415.898
-414.375
-412.837
-411.284
-409.714
-408.127
-406.519
-404.891
-403.24
-401.563
-399.86
-398.127
-396.364
-394.568
-392.736
-390.867
-388.959
-387.008
-385.014
-382.971
-380.881
-378.738
-376.541
-374.286
-371.97
-369.593
-367.148
-372.985
-374.56
-376.095
-377.593
-379.054
-380.479
-381.871
-383.228
-384.554
-385.848
-387.111
-388.345
-389.55
-390.727
-391.877
-392.999
-394.096
-395.167
-396.213
-397.234
-398.231
-399.205
-400.155
-401.082
-401.986
-402.868
-403.727
-404.564
-405.38
-406.173
-406.945
-407.696
-408.425
-409.133
-409.82
-410.487
-411.133
-411.76
-412.366
-412.954
-413.523
-414.074
-414.609
-415.126
-415.628
-416.114
-416.587
-417.046
-417.492
-417.927
-418.35
-418.763
-419.166
-419.56
-419.946
-420.324
-420.695
-421.059
-421.418
-421.771
-422.119
-422.464
-422.805
-423.143
-423.48
-423.815
-424.149
-424.484
-424.821
-425.159
-425.5
-425.846
-426.196
-426.553
-426.915
-427.285
-427.66
-428.04
-428.419
-428.788
-429.129
-429.405
-429.55
-429.458
-429.021
-428.215
-427.129
-425.872
-424.52
-423.11
-421.666
-420.198
-418.712
-417.213
-415.701
-414.176
-412.639
-411.087
-409.52
-407.935
-406.332
-404.708
-403.061
-401.391
-399.693
-397.968
-396.213
-394.423
-392.601
-390.74
-388.841
-386.9
-384.915
-382.884
-380.804
-378.672
-376.486
-374.245
-371.942
-369.576
-367.145
-373.43
-375.013
-376.556
-378.06
-379.528
-380.96
-382.357
-383.72
-385.051
-386.35
-387.618
-388.856
-390.065
-391.246
-392.399
-393.525
-394.624
-395.698
-396.746
-397.769
-398.768
-399.743
-400.694
-401.621
-402.526
-403.407
-404.265
-405.101
-405.914
-406.705
-407.474
-408.22
-408.944
-409.646
-410.326
-410.984
-411.621
-412.237
-412.832
-413.407
-413.962
-414.498
-415.016
-415.516
-415.999
-416.467
-416.919
-417.358
-417.783
-418.195
-418.596
-418.986
-419.365
-419.736
-420.097
-420.45
-420.796
-421.135
-421.468
-421.795
-422.117
-422.435
-422.748
-423.059
-423.367
-423.674
-423.98
-424.285
-424.592
-424.9
-425.211
-425.526
-425.845
-426.17
-426.502
-426.841
-427.186
-427.537
-427.889
-428.236
-428.56
-428.83
-428.988
-428.934
-428.556
-427.808
-426.76
-425.525
-424.183
-422.779
-421.338
-419.872
-418.39
-416.893
-415.385
-413.866
-412.334
-410.788
-409.227
-407.651
-406.056
-404.44
-402.803
-401.142
-399.455
-397.74
-395.994
-394.217
-392.404
-390.556
-388.668
-386.739
-384.767
-382.748
-380.681
-378.563
-376.391
-374.162
-371.874
-369.523
-367.108
-373.852
-375.443
-376.994
-378.506
-379.981
-381.419
-382.823
-384.192
-385.529
-386.833
-388.107
-389.35
-390.563
-391.748
-392.905
-394.035
-395.138
-396.215
-397.266
-398.291
-399.293
-400.269
-401.222
-402.15
-403.055
-403.937
-404.795
-405.63
-406.442
-407.231
-407.996
-408.739
-409.458
-410.154
-410.827
-411.478
-412.105
-412.71
-413.293
-413.854
-414.394
-414.914
-415.414
-415.896
-416.36
-416.806
-417.237
-417.653
-418.055
-418.443
-418.82
-419.185
-419.539
-419.883
-420.218
-420.545
-420.864
-421.175
-421.48
-421.778
-422.071
-422.359
-422.643
-422.923
-423.201
-423.475
-423.749
-424.022
-424.295
-424.569
-424.845
-425.124
-425.408
-425.696
-425.991
-426.293
-426.601
-426.915
-427.233
-427.547
-427.844
-428.097
-428.255
-428.227
-427.901
-427.212
-426.209
-425.001
-423.678
-422.287
-420.857
-419.402
-417.93
-416.445
-414.948
-413.441
-411.92
-410.388
-408.84
-407.276
-405.695
-404.093
-402.469
-400.821
-399.149
-397.447
-395.716
-393.952
-392.155
-390.32
-388.446
-386.532
-384.574
-382.57
-380.518
-378.414
-376.259
-374.045
-371.773
-369.438
-367.039
-374.254
-375.853
-377.412
-378.932
-380.414
-381.86
-383.27
-384.647
-385.989
-387.3
-388.579
-389.827
-391.046
-392.236
-393.397
-394.531
-395.638
-396.719
-397.773
-398.803
-399.807
-400.786
-401.741
-402.672
-403.578
-404.461
-405.32
-406.155
-406.966
-407.753
-408.517
-409.256
-409.971
-410.662
-411.328
-411.971
-412.589
-413.183
-413.753
-414.3
-414.825
-415.327
-415.809
-416.27
-416.713
-417.137
-417.545
-417.936
-418.313
-418.676
-419.026
-419.364
-419.691
-420.007
-420.314
-420.612
-420.901
-421.183
-421.457
-421.725
-421.986
-422.242
-422.494
-422.741
-422.984
-423.224
-423.462
-423.699
-423.934
-424.17
-424.407
-424.646
-424.889
-425.135
-425.387
-425.644
-425.907
-426.176
-426.449
-426.72
-426.978
-427.2
-427.342
-427.325
-427.039
-426.407
-425.454
-424.285
-422.99
-421.625
-420.217
-418.784
-417.333
-415.869
-414.393
-412.905
-411.406
-409.893
-408.364
-406.82
-405.257
-403.674
-402.068
-400.438
-398.783
-397.099
-395.385
-393.639
-391.857
-390.039
-388.182
-386.285
-384.344
-382.356
-380.321
-378.234
-376.094
-373.898
-371.643
-369.326
-366.944
-374.635
-376.244
-377.811
-379.34
-380.83
-382.284
-383.701
-385.084
-386.434
-387.751
-389.036
-390.29
-391.515
-392.71
-393.877
-395.016
-396.128
-397.213
-398.272
-399.305
-400.313
-401.296
-402.254
-403.188
-404.097
-404.981
-405.842
-406.678
-407.49
-408.277
-409.039
-409.776
-410.487
-411.174
-411.834
-412.469
-413.078
-413.661
-414.219
-414.751
-415.259
-415.744
-416.205
-416.645
-417.065
-417.465
-417.847
-418.213
-418.563
-418.898
-419.22
-419.529
-419.826
-420.113
-420.389
-420.656
-420.914
-421.164
-421.406
-421.64
-421.868
-422.09
-422.307
-422.518
-422.725
-422.927
-423.127
-423.324
-423.519
-423.713
-423.907
-424.102
-424.298
-424.496
-424.699
-424.905
-425.116
-425.331
-425.548
-425.764
-425.969
-426.144
-426.252
-426.225
-425.965
-425.383
-424.488
-423.368
-422.116
-420.791
-419.421
-418.023
-416.606
-415.174
-413.729
-412.271
-410.8
-409.314
-407.812
-406.292
-404.753
-403.194
-401.611
-400.002
-398.368
-396.705
-395.01
-393.283
-391.521
-389.723
-387.885
-386.005
-384.082
-382.113
-380.096
-378.027
-375.906
-373.728
-371.491
-369.193
-366.829
-374.998
-376.616
-378.193
-379.731
-381.229
-382.691
-384.117
-385.507
-386.864
-388.188
-389.48
-390.741
-391.972
-393.174
-394.346
-395.491
-396.608
-397.699
-398.763
-399.801
-400.814
-401.801
-402.764
-403.701
-404.614
-405.502
-406.365
-407.204
-408.017
-408.805
-409.567
-410.303
-411.012
-411.695
-412.351
-412.978
-413.579
-414.151
-414.696
-415.213
-415.704
-416.169
-416.61
-417.027
-417.422
-417.797
-418.152
-418.49
-418.811
-419.116
-419.408
-419.686
-419.952
-420.207
-420.451
-420.686
-420.91
-421.127
-421.334
-421.534
-421.727
-421.912
-422.092
-422.265
-422.433
-422.596
-422.755
-422.91
-423.062
-423.211
-423.358
-423.505
-423.651
-423.797
-423.945
-424.094
-424.245
-424.398
-424.551
-424.701
-424.839
-424.95
-425.005
-424.947
-424.69
-424.15
-423.315
-422.259
-421.068
-419.8
-418.484
-417.136
-415.767
-414.379
-412.975
-411.556
-410.12
-408.668
-407.198
-405.708
-404.198
-402.666
-401.108
-399.525
-397.914
-396.275
-394.603
-392.897
-391.156
-389.378
-387.56
-385.7
-383.797
-381.847
-379.849
-377.8
-375.698
-373.538
-371.321
-369.042
-366.699
-375.345
-376.973
-378.559
-380.106
-381.614
-383.084
-384.518
-385.917
-387.282
-388.614
-389.913
-391.182
-392.419
-393.628
-394.807
-395.959
-397.082
-398.179
-399.249
-400.294
-401.312
-402.305
-403.273
-404.216
-405.133
-406.026
-406.894
-407.736
-408.552
-409.342
-410.106
-410.843
-411.552
-412.232
-412.884
-413.506
-414.098
-414.661
-415.193
-415.695
-416.168
-416.613
-417.032
-417.425
-417.794
-418.14
-418.467
-418.774
-419.065
-419.339
-419.599
-419.844
-420.078
-420.299
-420.51
-420.71
-420.9
-421.081
-421.253
-421.416
-421.572
-421.72
-421.861
-421.995
-422.123
-422.245
-422.361
-422.472
-422.579
-422.681
-422.78
-422.875
-422.969
-423.06
-423.15
-423.238
-423.325
-423.411
-423.492
-423.567
-423.628
-423.662
-423.645
-423.534
-423.259
-422.746
-421.972
-420.992
-419.879
-418.685
-417.438
-416.155
-414.843
-413.509
-412.155
-410.78
-409.387
-407.974
-406.54
-405.084
-403.606
-402.103
-400.575
-399.019
-397.434
-395.818
-394.17
-392.488
-390.769
-389.013
-387.216
-385.377
-383.494
-381.565
-379.587
-377.558
-375.474
-373.335
-371.138
-368.878
-366.555
-375.675
-377.314
-378.911
-380.468
-381.985
-383.465
-384.908
-386.315
-387.689
-389.029
-390.337
-391.613
-392.859
-394.075
-395.262
-396.421
-397.552
-398.656
-399.733
-400.785
-401.81
-402.81
-403.785
-404.734
-405.658
-406.557
-407.43
-408.278
-409.099
-409.894
-410.662
-411.401
-412.111
-412.792
-413.441
-414.059
-414.645
-415.198
-415.718
-416.206
-416.661
-417.085
-417.48
-417.847
-418.188
-418.506
-418.801
-419.077
-419.335
-419.576
-419.802
-420.014
-420.213
-420.399
-420.575
-420.739
-420.894
-421.038
-421.174
-421.3
-421.418
-421.528
-421.629
-421.723
-421.81
-421.89
-421.963
-422.029
-422.09
-422.144
-422.194
-422.238
-422.278
-422.313
-422.343
-422.37
-422.391
-422.407
-422.414
-422.41
-422.389
-422.339
-422.24
-422.06
-421.747
-421.244
-420.528
-419.629
-418.605
-417.496
-416.328
-415.117
-413.871
-412.597
-411.296
-409.971
-408.623
-407.252
-405.857
-404.438
-402.993
-401.522
-400.023
-398.495
-396.937
-395.347
-393.724
-392.065
-390.37
-388.636
-386.86
-385.042
-383.18
-381.271
-379.313
-377.303
-375.241
-373.122
-370.944
-368.705
-366.402
-375.992
-377.642
-379.25
-380.817
-382.344
-383.834
-385.287
-386.704
-388.086
-389.435
-390.752
-392.037
-393.292
-394.516
-395.712
-396.879
-398.019
-399.131
-400.217
-401.276
-402.31
-403.319
-404.301
-405.259
-406.191
-407.098
-407.98
-408.835
-409.664
-410.465
-411.239
-411.983
-412.698
-413.381
-414.031
-414.648
-415.229
-415.775
-416.284
-416.757
-417.194
-417.597
-417.967
-418.307
-418.618
-418.904
-419.167
-419.41
-419.633
-419.839
-420.03
-420.206
-420.369
-420.52
-420.659
-420.788
-420.906
-421.013
-421.111
-421.2
-421.28
-421.351
-421.413
-421.467
-421.512
-421.55
-421.58
-421.602
-421.617
-421.624
-421.625
-421.619
-421.605
-421.585
-421.558
-421.523
-421.48
-421.428
-421.363
-421.283
-421.181
-421.048
-420.867
-420.614
-420.254
-419.748
-419.076
-418.254
-417.316
-416.292
-415.204
-414.066
-412.887
-411.673
-410.427
-409.153
-407.851
-406.522
-405.166
-403.783
-402.372
-400.933
-399.464
-397.965
-396.434
-394.87
-393.271
-391.635
-389.963
-388.251
-386.498
-384.7
-382.859
-380.971
-379.033
-377.043
-375.001
-372.901
-370.744
-368.525
-366.243
-376.297
-377.958
-379.577
-381.155
-382.693
-384.193
-385.656
-387.083
-388.476
-389.835
-391.161
-392.456
-393.72
-394.954
-396.159
-397.336
-398.485
-399.607
-400.702
-401.772
-402.815
-403.834
-404.826
-405.794
-406.737
-407.654
-408.546
-409.411
-410.25
-411.061
-411.844
-412.597
-413.319
-414.008
-414.662
-415.28
-415.861
-416.401
-416.901
-417.361
-417.781
-418.162
-418.506
-418.817
-419.097
-419.35
-419.578
-419.784
-419.972
-420.141
-420.295
-420.435
-420.561
-420.675
-420.777
-420.869
-420.949
-421.02
-421.081
-421.132
-421.173
-421.205
-421.228
-421.242
-421.247
-421.244
-421.232
-421.211
-421.181
-421.143
-421.097
-421.042
-420.978
-420.906
-420.824
-420.732
-420.629
-420.513
-420.382
-420.232
-420.057
-419.848
-419.594
-419.276
-418.87
-418.352
-417.709
-416.945
-416.079
-415.129
-414.112
-413.041
-411.924
-410.767
-409.573
-408.346
-407.088
-405.8
-404.482
-403.134
-401.756
-400.348
-398.908
-397.437
-395.932
-394.392
-392.817
-391.206
-389.555
-387.864
-386.132
-384.357
-382.535
-380.667
-378.748
-376.779
-374.756
-372.677
-370.539
-368.341
-366.077
-376.59
-378.263
-379.894
-381.483
-383.033
-384.544
-386.018
-387.456
-388.859
-390.229
-391.566
-392.871
-394.145
-395.39
-396.606
-397.793
-398.953
-400.086
-401.192
-402.273
-403.328
-404.357
-405.362
-406.342
-407.297
-408.227
-409.132
-410.011
-410.863
-411.687
-412.483
-413.248
-413.982
-414.681
-415.344
-415.969
-416.552
-417.091
-417.586
-418.034
-418.437
-418.796
-419.113
-419.393
-419.64
-419.857
-420.048
-420.217
-420.366
-420.497
-420.613
-420.714
-420.802
-420.879
-420.943
-420.997
-421.04
-421.073
-421.097
-421.11
-421.113
-421.107
-421.092
-421.067
-421.033
-420.989
-420.936
-420.874
-420.802
-420.721
-420.63
-420.529
-420.418
-420.297
-420.164
-420.02
-419.862
-419.69
-419.499
-419.288
-419.049
-418.777
-418.462
-418.089
-417.643
-417.11
-416.48
-415.753
-414.937
-414.045
-413.086
-412.071
-411.007
-409.899
-408.752
-407.569
-406.351
-405.1
-403.817
-402.501
-401.154
-399.774
-398.362
-396.917
-395.437
-393.921
-392.369
-390.78
-389.15
-387.481
-385.768
-384.013
-382.211
-380.362
-378.463
-376.514
-374.509
-372.45
-370.331
-368.151
-365.908
-376.872
-378.558
-380.201
-381.803
-383.365
-384.888
-386.373
-387.823
-389.238
-390.618
-391.967
-393.283
-394.569
-395.825
-397.053
-398.252
-399.423
-400.568
-401.687
-402.781
-403.849
-404.892
-405.911
-406.906
-407.876
-408.821
-409.741
-410.637
-411.506
-412.347
-413.16
-413.943
-414.694
-415.41
-416.087
-416.724
-417.316
-417.86
-418.353
-418.794
-419.181
-419.518
-419.807
-420.054
-420.264
-420.443
-420.594
-420.722
-420.83
-420.921
-420.997
-421.059
-421.108
-421.145
-421.171
-421.187
-421.192
-421.188
-421.173
-421.149
-421.115
-421.071
-421.018
-420.955
-420.882
-420.8
-420.707
-420.605
-420.493
-420.371
-420.238
-420.094
-419.94
-419.773
-419.595
-419.403
-419.196
-418.973
-418.73
-418.465
-418.173
-417.847
-417.48
-417.062
-416.583
-416.032
-415.404
-414.696
-413.913
-413.059
-412.143
-411.172
-410.151
-409.084
-407.976
-406.83
-405.647
-404.429
-403.177
-401.891
-400.572
-399.218
-397.831
-396.41
-394.952
-393.459
-391.929
-390.359
-388.751
-387.1
-385.408
-383.671
-381.889
-380.058
-378.178
-376.247
-374.261
-372.219
-370.12
-367.96
-365.736
-377.146
-378.845
-380.501
-382.116
-383.69
-385.225
-386.723
-388.185
-389.612
-391.005
-392.365
-393.694
-394.992
-396.261
-397.501
-398.713
-399.898
-401.057
-402.19
-403.298
-404.381
-405.44
-406.475
-407.486
-408.473
-409.437
-410.377
-411.292
-412.182
-413.045
-413.881
-414.687
-415.461
-416.2
-416.9
-417.557
-418.167
-418.723
-419.222
-419.66
-420.035
-420.349
-420.609
-420.819
-420.989
-421.125
-421.232
-421.317
-421.381
-421.429
-421.462
-421.482
-421.49
-421.487
-421.474
-421.45
-421.417
-421.374
-421.321
-421.259
-421.187
-421.106
-421.015
-420.914
-420.804
-420.684
-420.554
-420.413
-420.262
-420.101
-419.928
-419.744
-419.549
-419.341
-419.119
-418.884
-418.632
-418.363
-418.074
-417.762
-417.422
-417.05
-416.64
-416.184
-415.674
-415.105
-414.471
-413.771
-413.005
-412.176
-411.29
-410.35
-409.361
-408.327
-407.251
-406.135
-404.982
-403.792
-402.567
-401.307
-400.012
-398.683
-397.317
-395.918
-394.481
-393.009
-391.497
-389.948
-388.357
-386.726
-385.052
-383.332
-381.568
-379.755
-377.893
-375.979
-374.012
-371.988
-369.907
-367.765
-365.56
-377.412
-379.125
-380.794
-382.422
-384.009
-385.558
-387.068
-388.543
-389.983
-391.389
-392.762
-394.104
-395.416
-396.698
-397.952
-399.178
-400.378
-401.551
-402.7
-403.824
-404.924
-406
-407.053
-408.084
-409.092
-410.077
-411.039
-411.978
-412.893
-413.783
-414.647
-415.482
-416.287
-417.057
-417.789
-418.477
-419.115
-419.695
-420.21
-420.653
-421.019
-421.312
-421.539
-421.709
-421.833
-421.92
-421.979
-422.014
-422.031
-422.032
-422.019
-421.995
-421.959
-421.914
-421.858
-421.794
-421.72
-421.638
-421.546
-421.445
-421.335
-421.216
-421.087
-420.949
-420.801
-420.644
-420.476
-420.298
-420.11
-419.91
-419.699
-419.477
-419.242
-418.995
-418.733
-418.457
-418.164
-417.853
-417.521
-417.166
-416.785
-416.372
-415.923
-415.433
-414.896
-414.308
-413.664
-412.962
-412.204
-411.389
-410.521
-409.603
-408.638
-407.629
-406.577
-405.486
-404.357
-403.19
-401.988
-400.75
-399.476
-398.167
-396.822
-395.442
-394.024
-392.57
-391.076
-389.544
-387.972
-386.357
-384.699
-382.998
-381.249
-379.453
-377.608
-375.711
-373.76
-371.755
-369.691
-367.567
-365.38
-377.671
-379.398
-381.081
-382.722
-384.323
-385.885
-387.41
-388.898
-390.351
-391.771
-393.158
-394.514
-395.84
-397.137
-398.405
-399.647
-400.862
-402.052
-403.218
-404.359
-405.478
-406.573
-407.647
-408.699
-409.73
-410.739
-411.727
-412.694
-413.639
-414.56
-415.458
-416.329
-417.172
-417.983
-418.757
-419.488
-420.168
-420.787
-421.332
-421.791
-422.157
-422.429
-422.618
-422.739
-422.809
-422.841
-422.844
-422.824
-422.787
-422.736
-422.674
-422.6
-422.518
-422.427
-422.327
-422.219
-422.103
-421.979
-421.847
-421.706
-421.557
-421.398
-421.232
-421.055
-420.87
-420.675
-420.47
-420.255
-420.029
-419.792
-419.544
-419.284
-419.012
-418.726
-418.426
-418.111
-417.779
-417.429
-417.058
-416.664
-416.243
-415.794
-415.31
-414.789
-414.226
-413.618
-412.961
-412.254
-411.495
-410.687
-409.83
-408.926
-407.977
-406.985
-405.952
-404.88
-403.769
-402.622
-401.438
-400.218
-398.963
-397.672
-396.344
-394.981
-393.58
-392.141
-390.665
-389.148
-387.591
-385.992
-384.351
-382.665
-380.932
-379.152
-377.322
-375.441
-373.507
-371.517
-369.47
-367.364
-365.195
-377.923
-379.664
-381.362
-383.017
-384.632
-386.208
-387.747
-389.249
-390.716
-392.15
-393.552
-394.923
-396.264
-397.576
-398.86
-400.118
-401.35
-402.558
-403.741
-404.902
-406.04
-407.157
-408.253
-409.329
-410.385
-411.421
-412.438
-413.435
-414.413
-415.371
-416.307
-417.221
-418.109
-418.969
-419.796
-420.583
-421.321
-421.996
-422.592
-423.086
-423.46
-423.711
-423.856
-423.919
-423.925
-423.891
-423.828
-423.746
-423.648
-423.54
-423.421
-423.295
-423.161
-423.02
-422.873
-422.719
-422.558
-422.39
-422.215
-422.033
-421.843
-421.645
-421.438
-421.224
-421
-420.767
-420.524
-420.272
-420.009
-419.735
-419.451
-419.154
-418.845
-418.522
-418.185
-417.832
-417.463
-417.076
-416.668
-416.237
-415.781
-415.297
-414.782
-414.232
-413.644
-413.016
-412.344
-411.627
-410.865
-410.057
-409.205
-408.308
-407.37
-406.39
-405.37
-404.312
-403.217
-402.084
-400.916
-399.711
-398.471
-397.194
-395.882
-394.533
-393.147
-391.723
-390.261
-388.76
-387.217
-385.633
-384.005
-382.333
-380.615
-378.85
-377.035
-375.169
-373.251
-371.277
-369.246
-367.156
-365.004
-378.169
-379.925
-381.637
-383.307
-384.936
-386.526
-388.079
-389.596
-391.078
-392.527
-393.943
-395.329
-396.686
-398.014
-399.315
-400.59
-401.839
-403.065
-404.268
-405.449
-406.608
-407.748
-408.867
-409.968
-411.051
-412.116
-413.164
-414.195
-415.209
-416.206
-417.185
-418.146
-419.085
-420.002
-420.89
-421.744
-422.554
-423.303
-423.969
-424.519
-424.916
-425.149
-425.242
-425.236
-425.165
-425.054
-424.918
-424.764
-424.599
-424.426
-424.247
-424.063
-423.874
-423.68
-423.482
-423.279
-423.071
-422.858
-422.638
-422.413
-422.18
-421.941
-421.694
-421.44
-421.177
-420.906
-420.626
-420.336
-420.036
-419.726
-419.405
-419.072
-418.726
-418.368
-417.995
-417.606
-417.201
-416.778
-416.335
-415.87
-415.381
-414.865
-414.32
-413.743
-413.131
-412.483
-411.795
-411.067
-410.297
-409.487
-408.634
-407.741
-406.808
-405.836
-404.826
-403.778
-402.694
-401.573
-400.417
-399.225
-397.997
-396.733
-395.433
-394.098
-392.724
-391.313
-389.864
-388.375
-386.845
-385.274
-383.66
-382.001
-380.297
-378.546
-376.745
-374.894
-372.99
-371.031
-369.016
-366.941
-364.805
-378.408
-380.178
-381.905
-383.589
-385.233
-386.838
-388.406
-389.937
-391.434
-392.898
-394.33
-395.731
-397.104
-398.448
-399.766
-401.059
-402.327
-403.571
-404.794
-405.995
-407.177
-408.339
-409.483
-410.61
-411.72
-412.815
-413.895
-414.961
-416.012
-417.05
-418.074
-419.084
-420.078
-421.054
-422.008
-422.935
-423.824
-424.658
-425.41
-426.032
-426.468
-426.69
-426.73
-426.647
-426.493
-426.297
-426.079
-425.849
-425.611
-425.37
-425.126
-424.88
-424.633
-424.384
-424.133
-423.879
-423.622
-423.362
-423.097
-422.827
-422.552
-422.271
-421.983
-421.689
-421.387
-421.077
-420.759
-420.432
-420.096
-419.749
-419.392
-419.024
-418.643
-418.249
-417.841
-417.418
-416.979
-416.522
-416.046
-415.549
-415.028
-414.483
-413.91
-413.307
-412.672
-412.004
-411.3
-410.559
-409.78
-408.964
-408.109
-407.216
-406.285
-405.318
-404.313
-403.273
-402.196
-401.084
-399.937
-398.755
-397.537
-396.284
-394.996
-393.67
-392.308
-390.909
-389.471
-387.993
-386.476
-384.917
-383.315
-381.669
-379.977
-378.238
-376.451
-374.613
-372.723
-370.778
-368.777
-366.718
-364.597
-378.639
-380.424
-382.166
-383.865
-385.523
-387.143
-388.725
-390.271
-391.783
-393.262
-394.709
-396.126
-397.515
-398.876
-400.211
-401.52
-402.807
-404.07
-405.312
-406.535
-407.738
-408.923
-410.091
-411.244
-412.382
-413.507
-414.618
-415.718
-416.807
-417.885
-418.953
-420.011
-421.057
-422.092
-423.111
-424.108
-425.075
-425.993
-426.83
-427.531
-428.017
-428.243
-428.24
-428.086
-427.848
-427.568
-427.267
-426.958
-426.646
-426.335
-426.025
-425.717
-425.411
-425.106
-424.801
-424.496
-424.19
-423.882
-423.571
-423.257
-422.938
-422.616
-422.287
-421.953
-421.613
-421.265
-420.91
-420.546
-420.174
-419.791
-419.399
-418.996
-418.581
-418.153
-417.712
-417.256
-416.784
-416.295
-415.787
-415.26
-414.71
-414.136
-413.536
-412.909
-412.253
-411.565
-410.845
-410.091
-409.302
-408.478
-407.618
-406.723
-405.792
-404.826
-403.825
-402.789
-401.718
-400.613
-399.473
-398.298
-397.089
-395.845
-394.565
-393.249
-391.897
-390.507
-389.08
-387.613
-386.105
-384.557
-382.966
-381.332
-379.652
-377.925
-376.15
-374.326
-372.449
-370.517
-368.531
-366.485
-364.38
-378.862
-380.661
-382.417
-384.131
-385.803
-387.437
-389.033
-390.594
-392.121
-393.614
-395.077
-396.51
-397.914
-399.291
-400.642
-401.969
-403.273
-404.555
-405.817
-407.059
-408.283
-409.49
-410.682
-411.859
-413.024
-414.176
-415.317
-416.449
-417.572
-418.687
-419.796
-420.897
-421.991
-423.078
-424.153
-425.213
-426.247
-427.237
-428.149
-428.922
-429.466
-429.713
-429.687
-429.477
-429.167
-428.809
-428.431
-428.047
-427.664
-427.285
-426.912
-426.543
-426.179
-425.819
-425.461
-425.106
-424.751
-424.396
-424.04
-423.683
-423.322
-422.958
-422.59
-422.217
-421.839
-421.454
-421.062
-420.663
-420.255
-419.839
-419.413
-418.976
-418.528
-418.068
-417.594
-417.107
-416.604
-416.085
-415.547
-414.991
-414.413
-413.813
-413.189
-412.539
-411.862
-411.156
-410.419
-409.652
-408.852
-408.02
-407.154
-406.255
-405.322
-404.356
-403.356
-402.322
-401.255
-400.154
-399.02
-397.851
-396.649
-395.411
-394.139
-392.831
-391.488
-390.106
-388.687
-387.23
-385.733
-384.194
-382.613
-380.99
-379.321
-377.606
-375.842
-374.029
-372.164
-370.247
-368.273
-366.242
-364.151
-379.073
-380.887
-382.657
-384.384
-386.071
-387.718
-389.329
-390.903
-392.444
-393.952
-395.429
-396.877
-398.296
-399.688
-401.055
-402.399
-403.719
-405.018
-406.298
-407.559
-408.802
-410.03
-411.243
-412.442
-413.63
-414.807
-415.975
-417.135
-418.288
-419.435
-420.577
-421.714
-422.848
-423.976
-425.097
-426.205
-427.29
-428.335
-429.305
-430.139
-430.742
-431.026
-431
-430.756
-430.39
-429.968
-429.524
-429.074
-428.627
-428.186
-427.753
-427.328
-426.91
-426.497
-426.09
-425.686
-425.285
-424.886
-424.487
-424.088
-423.687
-423.283
-422.877
-422.467
-422.052
-421.631
-421.205
-420.771
-420.33
-419.88
-419.422
-418.953
-418.473
-417.982
-417.479
-416.961
-416.429
-415.882
-415.317
-414.733
-414.13
-413.505
-412.858
-412.187
-411.49
-410.766
-410.014
-409.233
-408.422
-407.581
-406.708
-405.804
-404.868
-403.9
-402.899
-401.867
-400.801
-399.704
-398.573
-397.409
-396.212
-394.981
-393.715
-392.414
-391.077
-389.703
-388.293
-386.844
-385.355
-383.825
-382.254
-380.641
-378.981
-377.277
-375.524
-373.723
-371.87
-369.965
-368.004
-365.987
-363.909
-379.272
-381.099
-382.882
-384.622
-386.322
-387.983
-389.607
-391.195
-392.748
-394.27
-395.76
-397.221
-398.654
-400.061
-401.443
-402.801
-404.136
-405.451
-406.747
-408.024
-409.285
-410.53
-411.761
-412.98
-414.188
-415.386
-416.575
-417.758
-418.934
-420.106
-421.274
-422.439
-423.601
-424.76
-425.912
-427.053
-428.173
-429.255
-430.267
-431.15
-431.808
-432.142
-432.137
-431.88
-431.479
-431.009
-430.511
-430.006
-429.504
-429.01
-428.524
-428.048
-427.58
-427.121
-426.667
-426.22
-425.776
-425.335
-424.895
-424.457
-424.018
-423.577
-423.135
-422.689
-422.24
-421.786
-421.326
-420.86
-420.387
-419.906
-419.417
-418.918
-418.409
-417.889
-417.357
-416.811
-416.252
-415.677
-415.087
-414.478
-413.851
-413.204
-412.535
-411.843
-411.128
-410.387
-409.621
-408.827
-408.005
-407.154
-406.274
-405.364
-404.424
-403.453
-402.451
-401.418
-400.354
-399.258
-398.13
-396.97
-395.776
-394.549
-393.289
-391.994
-390.663
-389.296
-387.892
-386.451
-384.97
-383.449
-381.886
-380.281
-378.632
-376.937
-375.195
-373.405
-371.563
-369.669
-367.721
-365.716
-363.652
-379.453
-381.293
-383.089
-384.842
-386.554
-388.227
-389.862
-391.462
-393.028
-394.562
-396.065
-397.538
-398.984
-400.403
-401.797
-403.168
-404.517
-405.845
-407.154
-408.445
-409.72
-410.98
-412.226
-413.46
-414.683
-415.897
-417.103
-418.302
-419.496
-420.685
-421.871
-423.054
-424.234
-425.411
-426.582
-427.742
-428.883
-429.988
-431.027
-431.948
-432.658
-433.047
-433.08
-432.83
-432.412
-431.91
-431.372
-430.824
-430.277
-429.737
-429.206
-428.686
-428.175
-427.674
-427.179
-426.692
-426.209
-425.73
-425.254
-424.779
-424.305
-423.83
-423.354
-422.876
-422.394
-421.908
-421.418
-420.921
-420.419
-419.909
-419.391
-418.864
-418.327
-417.78
-417.221
-416.65
-416.065
-415.466
-414.851
-414.22
-413.57
-412.902
-412.213
-411.503
-410.77
-410.014
-409.233
-408.426
-407.593
-406.733
-405.845
-404.929
-403.984
-403.01
-402.006
-400.972
-399.908
-398.812
-397.686
-396.528
-395.338
-394.115
-392.859
-391.568
-390.243
-388.882
-387.485
-386.049
-384.576
-383.062
-381.508
-379.911
-378.271
-376.585
-374.853
-373.073
-371.242
-369.359
-367.423
-365.43
-363.379
-379.615
-381.466
-383.273
-385.037
-386.76
-388.444
-390.091
-391.702
-393.278
-394.823
-396.336
-397.82
-399.276
-400.706
-402.111
-403.493
-404.852
-406.191
-407.511
-408.813
-410.099
-411.369
-412.627
-413.872
-415.106
-416.331
-417.547
-418.757
-419.961
-421.16
-422.356
-423.549
-424.738
-425.923
-427.103
-428.271
-429.421
-430.538
-431.595
-432.545
-433.3
-433.749
-433.832
-433.605
-433.184
-432.663
-432.098
-431.516
-430.934
-430.357
-429.79
-429.232
-428.685
-428.147
-427.616
-427.093
-426.576
-426.063
-425.554
-425.046
-424.54
-424.034
-423.527
-423.019
-422.508
-421.993
-421.474
-420.95
-420.42
-419.883
-419.338
-418.785
-418.223
-417.65
-417.067
-416.471
-415.863
-415.241
-414.604
-413.951
-413.281
-412.593
-411.886
-411.159
-410.41
-409.639
-408.845
-408.026
-407.182
-406.313
-405.418
-404.495
-403.545
-402.567
-401.56
-400.524
-399.459
-398.364
-397.239
-396.082
-394.894
-393.675
-392.421
-391.135
-389.814
-388.459
-387.066
-385.638
-384.17
-382.664
-381.117
-379.528
-377.896
-376.219
-374.496
-372.726
-370.905
-369.033
-367.107
-365.127
-363.088
-379.752
-381.614
-383.431
-385.205
-386.938
-388.631
-390.287
-391.907
-393.493
-395.046
-396.569
-398.061
-399.526
-400.964
-402.378
-403.768
-405.135
-406.482
-407.81
-409.12
-410.413
-411.691
-412.955
-414.207
-415.448
-416.678
-417.901
-419.115
-420.324
-421.527
-422.726
-423.921
-425.112
-426.298
-427.478
-428.648
-429.8
-430.921
-431.988
-432.959
-433.755
-434.263
-434.403
-434.212
-433.801
-433.273
-432.689
-432.084
-431.475
-430.869
-430.271
-429.683
-429.104
-428.535
-427.974
-427.42
-426.872
-426.329
-425.79
-425.254
-424.719
-424.185
-423.651
-423.115
-422.577
-422.035
-421.49
-420.94
-420.385
-419.823
-419.254
-418.677
-418.091
-417.496
-416.89
-416.272
-415.642
-414.999
-414.342
-413.669
-412.981
-412.275
-411.55
-410.807
-410.043
-409.258
-408.451
-407.621
-406.768
-405.889
-404.986
-404.057
-403.102
-402.119
-401.109
-400.071
-399.005
-397.91
-396.784
-395.629
-394.442
-393.225
-391.974
-390.692
-389.375
-388.024
-386.636
-385.213
-383.751
-382.251
-380.711
-379.13
-377.505
-375.837
-374.122
-372.361
-370.551
-368.689
-366.774
-364.805
-362.779
-379.861
-381.732
-383.558
-385.34
-387.082
-388.783
-390.447
-392.074
-393.667
-395.228
-396.757
-398.256
-399.728
-401.172
-402.592
-403.987
-405.361
-406.713
-408.045
-409.36
-410.657
-411.939
-413.207
-414.461
-415.704
-416.937
-418.16
-419.375
-420.583
-421.786
-422.982
-424.175
-425.362
-426.544
-427.719
-428.884
-430.033
-431.154
-432.227
-433.214
-434.045
-434.61
-434.813
-434.667
-434.276
-433.748
-433.155
-432.533
-431.903
-431.274
-430.652
-430.039
-429.434
-428.838
-428.251
-427.671
-427.096
-426.527
-425.962
-425.4
-424.84
-424.28
-423.721
-423.16
-422.598
-422.033
-421.464
-420.891
-420.312
-419.728
-419.136
-418.537
-417.93
-417.313
-416.686
-416.049
-415.399
-414.737
-414.06
-413.37
-412.664
-411.941
-411.201
-410.443
-409.665
-408.867
-408.048
-407.208
-406.344
-405.458
-404.547
-403.611
-402.651
-401.664
-400.65
-399.61
-398.542
-397.445
-396.32
-395.164
-393.98
-392.763
-391.516
-390.236
-388.922
-387.575
-386.192
-384.773
-383.318
-381.823
-380.289
-378.714
-377.097
-375.436
-373.731
-371.978
-370.177
-368.325
-366.421
-364.463
-362.449
-379.937
-381.816
-383.649
-385.439
-387.186
-388.894
-390.564
-392.198
-393.797
-395.362
-396.896
-398.401
-399.876
-401.325
-402.748
-404.147
-405.523
-406.878
-408.213
-409.529
-410.828
-412.11
-413.378
-414.632
-415.874
-417.105
-418.326
-419.538
-420.742
-421.939
-423.13
-424.316
-425.496
-426.671
-427.838
-428.996
-430.139
-431.257
-432.333
-433.332
-434.193
-434.811
-435.079
-434.985
-434.622
-434.102
-433.504
-432.872
-432.226
-431.58
-430.938
-430.303
-429.677
-429.059
-428.449
-427.846
-427.249
-426.657
-426.069
-425.484
-424.902
-424.32
-423.738
-423.155
-422.571
-421.984
-421.394
-420.799
-420.2
-419.595
-418.983
-418.364
-417.737
-417.101
-416.455
-415.798
-415.13
-414.45
-413.757
-413.05
-412.328
-411.59
-410.835
-410.063
-409.273
-408.463
-407.633
-406.782
-405.909
-405.015
-404.097
-403.155
-402.188
-401.197
-400.18
-399.137
-398.066
-396.969
-395.842
-394.688
-393.503
-392.288
-391.042
-389.764
-388.454
-387.11
-385.731
-384.317
-382.866
-381.377
-379.849
-378.281
-376.671
-375.017
-373.319
-371.575
-369.783
-367.941
-366.046
-364.098
-362.095
-379.976
-381.861
-383.7
-385.496
-387.249
-388.962
-390.636
-392.274
-393.876
-395.446
-396.983
-398.49
-399.968
-401.419
-402.843
-404.243
-405.62
-406.976
-408.31
-409.626
-410.923
-412.204
-413.469
-414.721
-415.959
-417.185
-418.401
-419.607
-420.804
-421.994
-423.178
-424.355
-425.526
-426.691
-427.849
-428.998
-430.134
-431.247
-432.323
-433.332
-434.218
-434.885
-435.219
-435.182
-434.853
-434.347
-433.75
-433.11
-432.453
-431.793
-431.135
-430.483
-429.839
-429.202
-428.573
-427.95
-427.333
-426.721
-426.113
-425.508
-424.905
-424.303
-423.702
-423.099
-422.495
-421.889
-421.279
-420.665
-420.047
-419.423
-418.793
-418.155
-417.51
-416.856
-416.193
-415.519
-414.835
-414.139
-413.43
-412.707
-411.97
-411.218
-410.45
-409.665
-408.863
-408.042
-407.201
-406.341
-405.46
-404.557
-403.632
-402.684
-401.712
-400.716
-399.696
-398.649
-397.577
-396.477
-395.35
-394.195
-393.011
-391.797
-390.552
-389.276
-387.968
-386.628
-385.252
-383.842
-382.395
-380.911
-379.389
-377.826
-376.223
-374.576
-372.886
-371.15
-369.366
-367.532
-365.648
-363.711
-361.719
-379.973
-381.864
-383.708
-385.508
-387.265
-388.981
-390.659
-392.299
-393.904
-395.475
-397.014
-398.522
-400
-401.451
-402.876
-404.275
-405.651
-407.005
-408.337
-409.65
-410.944
-412.221
-413.482
-414.728
-415.961
-417.181
-418.39
-419.588
-420.778
-421.959
-423.133
-424.3
-425.461
-426.616
-427.764
-428.904
-430.031
-431.139
-432.214
-433.23
-434.138
-434.85
-435.248
-435.272
-434.983
-434.496
-433.903
-433.259
-432.594
-431.922
-431.251
-430.584
-429.925
-429.272
-428.626
-427.986
-427.352
-426.722
-426.097
-425.474
-424.853
-424.233
-423.613
-422.993
-422.371
-421.747
-421.12
-420.489
-419.853
-419.212
-418.565
-417.911
-417.249
-416.579
-415.9
-415.21
-414.511
-413.799
-413.076
-412.339
-411.589
-410.824
-410.043
-409.247
-408.433
-407.602
-406.751
-405.882
-404.993
-404.082
-403.15
-402.196
-401.219
-400.219
-399.194
-398.145
-397.07
-395.969
-394.84
-393.685
-392.5
-391.287
-390.043
-388.769
-387.463
-386.125
-384.753
-383.346
-381.904
-380.425
-378.906
-377.35
-375.752
-374.112
-372.429
-370.701
-368.924
-367.1
-365.226
-363.299
-361.316
-379.927
-381.821
-383.669
-385.472
-387.231
-388.95
-390.629
-392.271
-393.877
-395.448
-396.987
-398.495
-399.972
-401.422
-402.845
-404.242
-405.615
-406.966
-408.295
-409.603
-410.893
-412.165
-413.42
-414.66
-415.885
-417.098
-418.299
-419.489
-420.669
-421.841
-423.005
-424.162
-425.313
-426.457
-427.595
-428.726
-429.845
-430.947
-432.019
-433.04
-433.967
-434.718
-435.178
-435.267
-435.023
-434.558
-433.972
-433.328
-432.656
-431.975
-431.292
-430.614
-429.94
-429.273
-428.613
-427.958
-427.308
-426.663
-426.022
-425.383
-424.746
-424.11
-423.474
-422.838
-422.2
-421.56
-420.917
-420.27
-419.619
-418.962
-418.299
-417.63
-416.953
-416.268
-415.574
-414.87
-414.156
-413.431
-412.695
-411.945
-411.182
-410.405
-409.613
-408.805
-407.981
-407.14
-406.281
-405.403
-404.505
-403.588
-402.649
-401.689
-400.707
-399.702
-398.674
-397.621
-396.544
-395.44
-394.311
-393.154
-391.969
-390.756
-389.513
-388.24
-386.936
-385.6
-384.231
-382.827
-381.389
-379.914
-378.401
-376.85
-375.258
-373.624
-371.948
-370.226
-368.458
-366.643
-364.777
-362.859
-360.888
-379.833
-381.731
-383.581
-385.386
-387.147
-388.867
-390.547
-392.188
-393.794
-395.365
-396.902
-398.408
-399.884
-401.331
-402.751
-404.145
-405.515
-406.861
-408.185
-409.488
-410.772
-412.038
-413.286
-414.519
-415.737
-416.942
-418.134
-419.315
-420.486
-421.648
-422.802
-423.949
-425.09
-426.224
-427.352
-428.473
-429.584
-430.679
-431.75
-432.774
-433.716
-434.502
-435.02
-435.175
-434.981
-434.543
-433.968
-433.324
-432.647
-431.958
-431.266
-430.577
-429.891
-429.212
-428.538
-427.87
-427.207
-426.548
-425.892
-425.239
-424.588
-423.937
-423.287
-422.636
-421.983
-421.329
-420.671
-420.009
-419.343
-418.672
-417.995
-417.312
-416.621
-415.922
-415.215
-414.498
-413.771
-413.033
-412.284
-411.523
-410.748
-409.96
-409.157
-408.339
-407.505
-406.654
-405.786
-404.9
-403.996
-403.071
-402.126
-401.161
-400.174
-399.164
-398.132
-397.076
-395.996
-394.89
-393.759
-392.602
-391.417
-390.203
-388.961
-387.689
-386.387
-385.052
-383.685
-382.285
-380.85
-379.379
-377.87
-376.324
-374.737
-373.11
-371.439
-369.725
-367.965
-366.157
-364.301
-362.392
-360.431
-379.691
-381.591
-383.443
-385.249
-387.01
-388.73
-390.41
-392.051
-393.655
-395.224
-396.76
-398.263
-399.736
-401.18
-402.596
-403.986
-405.351
-406.692
-408.01
-409.308
-410.585
-411.844
-413.086
-414.311
-415.521
-416.718
-417.901
-419.073
-420.235
-421.388
-422.532
-423.669
-424.799
-425.923
-427.042
-428.154
-429.256
-430.346
-431.413
-432.44
-433.394
-434.21
-434.783
-435.004
-434.864
-434.457
-433.896
-433.254
-432.575
-431.879
-431.178
-430.479
-429.783
-429.092
-428.406
-427.726
-427.05
-426.378
-425.71
-425.044
-424.379
-423.715
-423.052
-422.387
-421.721
-421.053
-420.382
-419.707
-419.028
-418.344
-417.654
-416.957
-416.254
-415.542
-414.822
-414.093
-413.354
-412.604
-411.843
-411.071
-410.285
-409.486
-408.674
-407.846
-407.003
-406.144
-405.267
-404.374
-403.462
-402.531
-401.58
-400.609
-399.617
-398.603
-397.567
-396.507
-395.424
-394.317
-393.184
-392.025
-390.839
-389.626
-388.384
-387.113
-385.812
-384.479
-383.114
-381.716
-380.285
-378.817
-377.313
-375.771
-374.189
-372.568
-370.903
-369.196
-367.442
-365.643
-363.794
-361.895
-359.943
-379.499
-381.4
-383.253
-385.059
-386.821
-388.54
-390.219
-391.859
-393.461
-395.028
-396.561
-398.061
-399.53
-400.97
-402.382
-403.767
-405.127
-406.462
-407.775
-409.066
-410.337
-411.589
-412.823
-414.041
-415.243
-416.431
-417.606
-418.77
-419.922
-421.065
-422.2
-423.327
-424.448
-425.563
-426.672
-427.775
-428.87
-429.953
-431.016
-432.044
-433.008
-433.851
-434.473
-434.76
-434.678
-434.307
-433.761
-433.124
-432.443
-431.741
-431.033
-430.324
-429.618
-428.917
-428.221
-427.529
-426.842
-426.158
-425.478
-424.8
-424.123
-423.447
-422.771
-422.094
-421.416
-420.735
-420.052
-419.364
-418.673
-417.976
-417.274
-416.565
-415.85
-415.126
-414.395
-413.654
-412.904
-412.143
-411.371
-410.588
-409.793
-408.984
-408.162
-407.325
-406.473
-405.605
-404.721
-403.82
-402.901
-401.964
-401.007
-400.031
-399.034
-398.016
-396.976
-395.913
-394.827
-393.717
-392.582
-391.422
-390.236
-389.021
-387.78
-386.509
-385.209
-383.878
-382.515
-381.12
-379.69
-378.227
-376.727
-375.188
-373.612
-371.995
-370.338
-368.636
-366.89
-365.098
-363.257
-361.366
-359.424
-379.256
-381.158
-383.011
-384.818
-386.579
-388.297
-389.974
-391.612
-393.212
-394.776
-396.306
-397.803
-399.268
-400.704
-402.111
-403.491
-404.845
-406.175
-407.482
-408.767
-410.031
-411.276
-412.503
-413.713
-414.907
-416.087
-417.254
-418.408
-419.552
-420.686
-421.812
-422.93
-424.041
-425.147
-426.247
-427.341
-428.428
-429.505
-430.564
-431.593
-432.564
-433.43
-434.097
-434.448
-434.427
-434.096
-433.569
-432.938
-432.256
-431.549
-430.834
-430.117
-429.402
-428.691
-427.984
-427.282
-426.584
-425.889
-425.198
-424.508
-423.82
-423.133
-422.445
-421.757
-421.067
-420.375
-419.68
-418.981
-418.278
-417.57
-416.856
-416.136
-415.409
-414.675
-413.932
-413.181
-412.42
-411.649
-410.867
-410.074
-409.269
-408.451
-407.619
-406.774
-405.914
-405.038
-404.147
-403.239
-402.313
-401.369
-400.407
-399.426
-398.424
-397.401
-396.357
-395.291
-394.203
-393.09
-391.953
-390.791
-389.604
-388.39
-387.147
-385.877
-384.578
-383.248
-381.887
-380.493
-379.067
-377.606
-376.109
-374.576
-373.004
-371.392
-369.74
-368.045
-366.305
-364.521
-362.688
-360.805
-358.872
-378.962
-380.865
-382.719
-384.525
-386.285
-388.002
-389.678
-391.313
-392.911
-394.472
-395.998
-397.491
-398.952
-400.383
-401.786
-403.161
-404.509
-405.833
-407.134
-408.413
-409.67
-410.908
-412.128
-413.331
-414.517
-415.689
-416.848
-417.994
-419.129
-420.255
-421.372
-422.481
-423.583
-424.68
-425.771
-426.857
-427.937
-429.007
-430.062
-431.089
-432.067
-432.951
-433.658
-434.071
-434.114
-433.827
-433.323
-432.7
-432.017
-431.307
-430.585
-429.86
-429.136
-428.415
-427.699
-426.987
-426.278
-425.574
-424.871
-424.171
-423.473
-422.774
-422.076
-421.377
-420.676
-419.973
-419.267
-418.557
-417.843
-417.124
-416.4
-415.669
-414.932
-414.187
-413.434
-412.672
-411.901
-411.12
-410.329
-409.526
-408.712
-407.885
-407.045
-406.192
-405.324
-404.441
-403.542
-402.627
-401.695
-400.745
-399.778
-398.791
-397.784
-396.758
-395.71
-394.64
-393.549
-392.434
-391.295
-390.131
-388.942
-387.727
-386.485
-385.215
-383.916
-382.587
-381.228
-379.836
-378.412
-376.953
-375.46
-373.93
-372.362
-370.756
-369.109
-367.42
-365.687
-363.909
-362.084
-360.21
-358.285
-378.619
-380.523
-382.376
-384.182
-385.941
-387.657
-389.33
-390.963
-392.558
-394.116
-395.639
-397.128
-398.585
-400.012
-401.409
-402.779
-404.122
-405.44
-406.735
-408.007
-409.258
-410.49
-411.703
-412.898
-414.077
-415.242
-416.392
-417.531
-418.658
-419.775
-420.883
-421.983
-423.077
-424.165
-425.248
-426.326
-427.398
-428.461
-429.511
-430.537
-431.519
-432.419
-433.161
-433.633
-433.74
-433.502
-433.024
-432.411
-431.73
-431.016
-430.288
-429.555
-428.823
-428.093
-427.367
-426.645
-425.927
-425.212
-424.5
-423.79
-423.081
-422.373
-421.664
-420.954
-420.243
-419.53
-418.813
-418.093
-417.369
-416.64
-415.905
-415.164
-414.417
-413.662
-412.899
-412.128
-411.347
-410.557
-409.756
-408.945
-408.122
-407.286
-406.438
-405.577
-404.701
-403.811
-402.905
-401.984
-401.045
-400.09
-399.117
-398.125
-397.114
-396.083
-395.031
-393.958
-392.863
-391.746
-390.605
-389.439
-388.249
-387.033
-385.79
-384.52
-383.221
-381.893
-380.535
-379.145
-377.723
-376.268
-374.777
-373.251
-371.688
-370.085
-368.443
-366.759
-365.033
-363.262
-361.444
-359.578
-357.662
-378.227
-380.131
-381.985
-383.79
-385.548
-387.262
-388.933
-390.564
-392.156
-393.711
-395.23
-396.716
-398.169
-399.591
-400.983
-402.348
-403.686
-404.999
-406.288
-407.554
-408.799
-410.023
-411.229
-412.418
-413.59
-414.747
-415.89
-417.02
-418.139
-419.248
-420.348
-421.441
-422.526
-423.606
-424.68
-425.75
-426.814
-427.871
-428.915
-429.939
-430.924
-431.836
-432.609
-433.135
-433.308
-433.122
-432.674
-432.074
-431.395
-430.678
-429.944
-429.204
-428.464
-427.725
-426.99
-426.259
-425.532
-424.807
-424.085
-423.365
-422.646
-421.928
-421.209
-420.49
-419.769
-419.045
-418.319
-417.589
-416.855
-416.116
-415.371
-414.621
-413.864
-413.099
-412.327
-411.547
-410.757
-409.958
-409.148
-408.328
-407.497
-406.653
-405.797
-404.928
-404.045
-403.148
-402.235
-401.307
-400.363
-399.402
-398.423
-397.426
-396.41
-395.375
-394.319
-393.243
-392.145
-391.025
-389.881
-388.714
-387.522
-386.305
-385.062
-383.791
-382.493
-381.165
-379.808
-378.42
-376.999
-375.546
-374.059
-372.536
-370.976
-369.378
-367.74
-366.062
-364.341
-362.577
-360.767
-358.907
-357
-377.788
-379.693
-381.546
-383.35
-385.108
-386.82
-388.49
-390.118
-391.707
-393.259
-394.775
-396.256
-397.705
-399.123
-400.511
-401.871
-403.204
-404.511
-405.794
-407.054
-408.293
-409.511
-410.711
-411.892
-413.057
-414.207
-415.343
-416.465
-417.577
-418.678
-419.77
-420.854
-421.931
-423.003
-424.069
-425.131
-426.187
-427.237
-428.276
-429.296
-430.283
-431.205
-432.005
-432.58
-432.818
-432.689
-432.274
-431.689
-431.015
-430.296
-429.556
-428.809
-428.061
-427.313
-426.57
-425.829
-425.092
-424.358
-423.627
-422.897
-422.169
-421.441
-420.713
-419.984
-419.253
-418.52
-417.784
-417.045
-416.301
-415.552
-414.799
-414.039
-413.272
-412.499
-411.717
-410.928
-410.129
-409.322
-408.504
-407.675
-406.835
-405.984
-405.12
-404.244
-403.354
-402.449
-401.53
-400.596
-399.646
-398.679
-397.695
-396.693
-395.672
-394.633
-393.573
-392.493
-391.392
-390.269
-389.123
-387.954
-386.76
-385.542
-384.297
-383.027
-381.728
-380.401
-379.045
-377.657
-376.239
-374.787
-373.302
-371.782
-370.226
-368.633
-367
-365.327
-363.612
-361.852
-360.049
-358.198
-356.298
-377.303
-379.208
-381.062
-382.865
-384.622
-386.333
-388
-389.627
-391.213
-392.762
-394.274
-395.752
-397.197
-398.611
-399.994
-401.349
-402.677
-403.979
-405.256
-406.511
-407.743
-408.955
-410.148
-411.323
-412.481
-413.624
-414.753
-415.868
-416.972
-418.065
-419.15
-420.226
-421.295
-422.358
-423.416
-424.47
-425.518
-426.561
-427.594
-428.611
-429.597
-430.528
-431.35
-431.97
-432.272
-432.202
-431.826
-431.259
-430.589
-429.869
-429.125
-428.371
-427.614
-426.858
-426.106
-425.356
-424.61
-423.867
-423.126
-422.387
-421.649
-420.912
-420.174
-419.436
-418.696
-417.953
-417.208
-416.459
-415.706
-414.949
-414.186
-413.417
-412.641
-411.859
-411.069
-410.271
-409.464
-408.647
-407.821
-406.984
-406.137
-405.278
-404.407
-403.523
-402.625
-401.714
-400.789
-399.848
-398.892
-397.919
-396.93
-395.923
-394.898
-393.854
-392.791
-391.707
-390.602
-389.476
-388.328
-387.156
-385.961
-384.741
-383.496
-382.224
-380.925
-379.598
-378.243
-376.856
-375.439
-373.99
-372.507
-370.99
-369.437
-367.847
-366.219
-364.55
-362.841
-361.087
-359.29
-357.446
-355.554
-376.775
-378.68
-380.533
-382.336
-384.092
-385.802
-387.467
-389.091
-390.676
-392.221
-393.731
-395.205
-396.646
-398.055
-399.434
-400.784
-402.107
-403.404
-404.676
-405.925
-407.152
-408.358
-409.544
-410.713
-411.864
-413
-414.121
-415.23
-416.326
-417.412
-418.488
-419.556
-420.617
-421.672
-422.722
-423.768
-424.809
-425.844
-426.871
-427.883
-428.869
-429.805
-430.646
-431.307
-431.67
-431.661
-431.328
-430.782
-430.119
-429.398
-428.65
-427.889
-427.124
-426.36
-425.599
-424.84
-424.085
-423.332
-422.582
-421.834
-421.087
-420.341
-419.594
-418.846
-418.097
-417.345
-416.591
-415.833
-415.071
-414.304
-413.533
-412.755
-411.97
-411.179
-410.381
-409.574
-408.758
-407.934
-407.1
-406.255
-405.4
-404.533
-403.654
-402.763
-401.859
-400.941
-400.009
-399.063
-398.101
-397.122
-396.128
-395.116
-394.086
-393.037
-391.97
-390.882
-389.774
-388.645
-387.494
-386.32
-385.123
-383.902
-382.655
-381.382
-380.083
-378.756
-377.4
-376.015
-374.599
-373.151
-371.67
-370.156
-368.606
-367.019
-365.395
-363.731
-362.027
-360.279
-358.488
-356.651
-354.767
-376.203
-378.109
-379.962
-381.765
-383.52
-385.228
-386.892
-388.514
-390.096
-391.639
-393.145
-394.616
-396.053
-397.458
-398.833
-400.179
-401.497
-402.788
-404.055
-405.298
-406.519
-407.719
-408.899
-410.061
-411.206
-412.335
-413.45
-414.551
-415.64
-416.718
-417.787
-418.847
-419.9
-420.947
-421.989
-423.026
-424.059
-425.087
-426.107
-427.114
-428.098
-429.038
-429.895
-430.591
-431.012
-431.067
-430.78
-430.258
-429.605
-428.885
-428.132
-427.365
-426.592
-425.82
-425.049
-424.282
-423.517
-422.756
-421.996
-421.239
-420.483
-419.727
-418.971
-418.214
-417.456
-416.695
-415.932
-415.165
-414.394
-413.619
-412.838
-412.051
-411.259
-410.459
-409.652
-408.837
-408.013
-407.18
-406.338
-405.486
-404.623
-403.748
-402.863
-401.964
-401.053
-400.129
-399.191
-398.238
-397.27
-396.286
-395.286
-394.269
-393.234
-392.181
-391.109
-390.018
-388.906
-387.774
-386.62
-385.444
-384.244
-383.021
-381.772
-380.499
-379.199
-377.871
-376.516
-375.131
-373.716
-372.27
-370.791
-369.279
-367.732
-366.148
-364.527
-362.868
-361.168
-359.426
-357.641
-355.811
-353.933
-375.59
-377.497
-379.35
-381.153
-382.907
-384.614
-386.276
-387.896
-389.476
-391.016
-392.519
-393.986
-395.42
-396.821
-398.192
-399.533
-400.846
-402.132
-403.394
-404.631
-405.847
-407.041
-408.215
-409.371
-410.509
-411.631
-412.738
-413.832
-414.914
-415.985
-417.045
-418.098
-419.143
-420.182
-421.215
-422.245
-423.269
-424.289
-425.303
-426.305
-427.286
-428.228
-429.097
-429.824
-430.299
-430.419
-430.182
-429.689
-429.047
-428.328
-427.571
-426.798
-426.018
-425.237
-424.458
-423.681
-422.907
-422.136
-421.368
-420.601
-419.836
-419.071
-418.306
-417.54
-416.773
-416.003
-415.231
-414.455
-413.675
-412.891
-412.101
-411.306
-410.505
-409.697
-408.881
-408.058
-407.226
-406.385
-405.535
-404.675
-403.804
-402.923
-402.03
-401.124
-400.206
-399.275
-398.331
-397.371
-396.397
-395.408
-394.402
-393.38
-392.34
-391.283
-390.207
-389.112
-387.996
-386.861
-385.704
-384.524
-383.323
-382.097
-380.848
-379.573
-378.272
-376.944
-375.587
-374.203
-372.789
-371.343
-369.866
-368.355
-366.811
-365.231
-363.614
-361.958
-360.263
-358.526
-356.746
-354.923
-353.052
-374.938
-376.845
-378.699
-380.501
-382.254
-383.96
-385.621
-387.239
-388.816
-390.353
-391.853
-393.317
-394.747
-396.145
-397.511
-398.847
-400.156
-401.437
-402.693
-403.926
-405.135
-406.323
-407.491
-408.64
-409.772
-410.887
-411.988
-413.075
-414.149
-415.212
-416.265
-417.31
-418.347
-419.377
-420.403
-421.423
-422.44
-423.452
-424.458
-425.454
-426.432
-427.375
-428.254
-429.007
-429.532
-429.716
-429.534
-429.072
-428.443
-427.727
-426.968
-426.188
-425.401
-424.611
-423.823
-423.037
-422.254
-421.474
-420.696
-419.92
-419.146
-418.372
-417.598
-416.823
-416.046
-415.268
-414.486
-413.702
-412.913
-412.12
-411.322
-410.518
-409.708
-408.891
-408.068
-407.236
-406.396
-405.547
-404.689
-403.822
-402.943
-402.054
-401.154
-400.242
-399.317
-398.379
-397.428
-396.462
-395.482
-394.487
-393.476
-392.448
-391.404
-390.342
-389.261
-388.162
-387.043
-385.903
-384.743
-383.561
-382.356
-381.129
-379.877
-378.601
-377.299
-375.97
-374.613
-373.229
-371.815
-370.371
-368.894
-367.386
-365.843
-364.265
-362.651
-360.999
-359.308
-357.576
-355.802
-353.984
-352.121
-374.246
-376.154
-378.008
-379.81
-381.563
-383.267
-384.927
-386.543
-388.117
-389.652
-391.149
-392.61
-394.036
-395.429
-396.791
-398.123
-399.427
-400.703
-401.954
-403.181
-404.385
-405.567
-406.729
-407.871
-408.996
-410.105
-411.199
-412.278
-413.345
-414.4
-415.446
-416.482
-417.511
-418.533
-419.55
-420.563
-421.571
-422.575
-423.573
-424.563
-425.536
-426.479
-427.365
-428.141
-428.711
-428.957
-428.833
-428.407
-427.795
-427.083
-426.321
-425.536
-424.74
-423.942
-423.145
-422.35
-421.558
-420.768
-419.981
-419.196
-418.412
-417.629
-416.845
-416.061
-415.276
-414.488
-413.698
-412.904
-412.107
-411.305
-410.498
-409.686
-408.867
-408.042
-407.21
-406.37
-405.522
-404.666
-403.8
-402.924
-402.038
-401.142
-400.234
-399.315
-398.383
-397.438
-396.481
-395.509
-394.523
-393.521
-392.505
-391.472
-390.422
-389.355
-388.27
-387.166
-386.043
-384.9
-383.736
-382.551
-381.344
-380.114
-378.859
-377.581
-376.278
-374.948
-373.591
-372.206
-370.792
-369.348
-367.873
-366.366
-364.825
-363.25
-361.639
-359.991
-358.303
-356.575
-354.807
-352.994
-351.137
-373.517
-375.426
-377.28
-379.082
-380.833
-382.537
-384.195
-385.809
-387.381
-388.913
-390.407
-391.864
-393.287
-394.676
-396.033
-397.361
-398.66
-399.931
-401.177
-402.398
-403.596
-404.772
-405.927
-407.064
-408.182
-409.284
-410.37
-411.442
-412.502
-413.55
-414.587
-415.615
-416.636
-417.65
-418.659
-419.662
-420.662
-421.658
-422.648
-423.631
-424.599
-425.54
-426.432
-427.226
-427.836
-428.143
-428.078
-427.693
-427.1
-426.394
-425.63
-424.839
-424.037
-423.23
-422.424
-421.619
-420.817
-420.018
-419.222
-418.427
-417.634
-416.841
-416.048
-415.255
-414.46
-413.664
-412.864
-412.062
-411.256
-410.445
-409.63
-408.809
-407.982
-407.148
-406.307
-405.459
-404.603
-403.738
-402.864
-401.981
-401.088
-400.184
-399.268
-398.342
-397.403
-396.452
-395.487
-394.509
-393.517
-392.509
-391.487
-390.448
-389.393
-388.321
-387.231
-386.123
-384.996
-383.849
-382.681
-381.493
-380.282
-379.049
-377.793
-376.512
-375.207
-373.876
-372.518
-371.133
-369.719
-368.275
-366.801
-365.294
-363.756
-362.182
-360.573
-358.928
-357.244
-355.521
-353.757
-351.95
-350.098
-372.75
-374.66
-376.514
-378.316
-380.066
-381.769
-383.425
-385.037
-386.607
-388.136
-389.627
-391.081
-392.499
-393.885
-395.238
-396.561
-397.854
-399.121
-400.361
-401.576
-402.768
-403.938
-405.088
-406.218
-407.329
-408.424
-409.503
-410.568
-411.62
-412.66
-413.689
-414.709
-415.721
-416.727
-417.727
-418.722
-419.713
-420.7
-421.682
-422.657
-423.619
-424.559
-425.453
-426.262
-426.907
-427.272
-427.27
-426.929
-426.358
-425.659
-424.895
-424.099
-423.289
-422.474
-421.658
-420.844
-420.033
-419.224
-418.418
-417.613
-416.81
-416.008
-415.206
-414.403
-413.599
-412.794
-411.985
-411.174
-410.358
-409.539
-408.715
-407.885
-407.049
-406.207
-405.358
-404.501
-403.637
-402.764
-401.882
-400.991
-400.09
-399.178
-398.255
-397.321
-396.376
-395.417
-394.446
-393.461
-392.462
-391.449
-390.42
-389.376
-388.316
-387.238
-386.143
-385.03
-383.898
-382.747
-381.576
-380.384
-379.17
-377.934
-376.675
-375.393
-374.085
-372.753
-371.393
-370.007
-368.592
-367.149
-365.674
-364.169
-362.631
-361.059
-359.454
-357.811
-356.13
-354.411
-352.651
-350.849
-349.003
-371.947
-373.857
-375.712
-377.513
-379.263
-380.964
-382.618
-384.228
-385.795
-387.322
-388.809
-390.259
-391.674
-393.055
-394.404
-395.722
-397.011
-398.272
-399.507
-400.716
-401.903
-403.066
-404.209
-405.332
-406.437
-407.525
-408.596
-409.654
-410.698
-411.73
-412.751
-413.763
-414.767
-415.763
-416.754
-417.74
-418.722
-419.701
-420.674
-421.642
-422.598
-423.533
-424.429
-425.25
-425.926
-426.344
-426.405
-426.112
-425.568
-424.878
-424.114
-423.314
-422.496
-421.672
-420.847
-420.024
-419.202
-418.384
-417.567
-416.753
-415.941
-415.129
-414.317
-413.505
-412.692
-411.876
-411.059
-410.238
-409.414
-408.585
-407.752
-406.913
-406.069
-405.218
-404.36
-403.495
-402.622
-401.741
-400.851
-399.952
-399.043
-398.123
-397.193
-396.252
-395.299
-394.333
-393.355
-392.363
-391.358
-390.338
-389.303
-388.253
-387.187
-386.104
-385.004
-383.886
-382.749
-381.594
-380.418
-379.222
-378.005
-376.766
-375.504
-374.219
-372.909
-371.574
-370.213
-368.826
-367.41
-365.967
-364.492
-362.987
-361.451
-359.88
-358.276
-356.635
-354.958
-353.242
-351.486
-349.689
-347.848
-371.107
-373.018
-374.873
-376.673
-378.422
-380.122
-381.774
-383.382
-384.947
-386.47
-387.954
-389.401
-390.812
-392.189
-393.533
-394.846
-396.13
-397.385
-398.614
-399.818
-400.998
-402.155
-403.292
-404.408
-405.506
-406.586
-407.65
-408.7
-409.736
-410.76
-411.773
-412.776
-413.771
-414.759
-415.741
-416.718
-417.691
-418.66
-419.625
-420.584
-421.533
-422.464
-423.36
-424.19
-424.891
-425.359
-425.483
-425.242
-424.728
-424.05
-423.287
-422.482
-421.657
-420.825
-419.99
-419.157
-418.325
-417.497
-416.67
-415.846
-415.024
-414.202
-413.381
-412.559
-411.736
-410.911
-410.084
-409.254
-408.42
-407.583
-406.74
-405.893
-405.039
-404.179
-403.313
-402.439
-401.558
-400.668
-399.77
-398.863
-397.945
-397.018
-396.08
-395.131
-394.17
-393.198
-392.212
-391.214
-390.201
-389.175
-388.134
-387.078
-386.005
-384.917
-383.811
-382.688
-381.546
-380.386
-379.206
-378.006
-376.785
-375.542
-374.277
-372.988
-371.676
-370.339
-368.976
-367.588
-366.171
-364.726
-363.252
-361.747
-360.21
-358.641
-357.038
-355.4
-353.725
-352.012
-350.26
-348.467
-346.631
-370.232
-372.143
-373.997
-375.797
-377.545
-379.243
-380.894
-382.499
-384.061
-385.581
-387.062
-388.505
-389.911
-391.284
-392.623
-393.931
-395.21
-396.46
-397.683
-398.881
-400.054
-401.205
-402.335
-403.444
-404.534
-405.607
-406.664
-407.706
-408.734
-409.749
-410.754
-411.748
-412.735
-413.713
-414.686
-415.654
-416.617
-417.576
-418.532
-419.482
-420.424
-421.349
-422.244
-423.081
-423.804
-424.317
-424.502
-424.317
-423.836
-423.173
-422.412
-421.604
-420.772
-419.931
-419.086
-418.243
-417.401
-416.562
-415.726
-414.891
-414.058
-413.227
-412.395
-411.563
-410.73
-409.896
-409.059
-408.22
-407.377
-406.53
-405.678
-404.821
-403.958
-403.09
-402.214
-401.332
-400.442
-399.544
-398.637
-397.721
-396.795
-395.86
-394.914
-393.957
-392.989
-392.008
-391.016
-390.01
-388.991
-387.957
-386.91
-385.847
-384.769
-383.674
-382.562
-381.434
-380.287
-379.121
-377.937
-376.732
-375.507
-374.26
-372.991
-371.7
-370.385
-369.045
-367.68
-366.289
-364.871
-363.425
-361.949
-360.444
-358.909
-357.34
-355.738
-354.101
-352.429
-350.719
-348.97
-347.181
-345.349
-369.32
-371.231
-373.085
-374.885
-376.631
-378.328
-379.976
-381.579
-383.138
-384.655
-386.132
-387.57
-388.973
-390.34
-391.675
-392.978
-394.251
-395.495
-396.712
-397.904
-399.071
-400.215
-401.337
-402.439
-403.522
-404.588
-405.637
-406.67
-407.69
-408.697
-409.693
-410.679
-411.656
-412.625
-413.588
-414.546
-415.5
-416.45
-417.396
-418.337
-419.271
-420.19
-421.082
-421.923
-422.664
-423.216
-423.461
-423.335
-422.891
-422.245
-421.489
-420.677
-419.838
-418.988
-418.134
-417.28
-416.428
-415.578
-414.731
-413.886
-413.043
-412.201
-411.359
-410.517
-409.674
-408.83
-407.983
-407.134
-406.281
-405.425
-404.563
-403.697
-402.825
-401.947
-401.063
-400.171
-399.272
-398.365
-397.45
-396.525
-395.591
-394.647
-393.693
-392.728
-391.752
-390.764
-389.763
-388.75
-387.724
-386.683
-385.629
-384.559
-383.474
-382.373
-381.256
-380.121
-378.969
-377.798
-376.608
-375.399
-374.169
-372.918
-371.645
-370.35
-369.031
-367.689
-366.321
-364.928
-363.508
-362.06
-360.584
-359.078
-357.542
-355.973
-354.372
-352.737
-351.066
-349.358
-347.612
-345.826
-343.999
-368.372
-370.284
-372.137
-373.935
-375.68
-377.375
-379.021
-380.621
-382.177
-383.69
-385.163
-386.598
-387.996
-389.359
-390.688
-391.985
-393.253
-394.491
-395.702
-396.887
-398.047
-399.184
-400.3
-401.394
-402.47
-403.527
-404.568
-405.593
-406.604
-407.603
-408.59
-409.566
-410.534
-411.494
-412.447
-413.395
-414.339
-415.279
-416.215
-417.147
-418.072
-418.984
-419.872
-420.715
-421.47
-422.058
-422.36
-422.293
-421.892
-421.265
-420.515
-419.7
-418.855
-417.996
-417.132
-416.268
-415.405
-414.544
-413.686
-412.831
-411.977
-411.124
-410.272
-409.419
-408.566
-407.711
-406.855
-405.995
-405.133
-404.266
-403.395
-402.519
-401.638
-400.75
-399.856
-398.956
-398.047
-397.131
-396.207
-395.273
-394.331
-393.378
-392.415
-391.442
-390.457
-389.461
-388.453
-387.432
-386.398
-385.35
-384.288
-383.212
-382.12
-381.013
-379.889
-378.748
-377.589
-376.413
-375.218
-374.003
-372.768
-371.513
-370.236
-368.936
-367.614
-366.268
-364.898
-363.502
-362.079
-360.63
-359.152
-357.645
-356.108
-354.54
-352.938
-351.303
-349.634
-347.928
-346.185
-344.402
-342.578
-367.388
-369.299
-371.152
-372.949
-374.693
-376.385
-378.029
-379.625
-381.178
-382.687
-384.156
-385.587
-386.98
-388.337
-389.661
-390.953
-392.214
-393.447
-394.651
-395.829
-396.983
-398.113
-399.22
-400.307
-401.375
-402.424
-403.456
-404.473
-405.476
-406.465
-407.443
-408.41
-409.368
-410.318
-411.262
-412.2
-413.133
-414.063
-414.988
-415.91
-416.826
-417.73
-418.614
-419.457
-420.223
-420.841
-421.196
-421.19
-420.835
-420.232
-419.489
-418.673
-417.821
-416.953
-416.079
-415.204
-414.33
-413.459
-412.589
-411.723
-410.858
-409.994
-409.131
-408.268
-407.404
-406.539
-405.671
-404.802
-403.929
-403.052
-402.171
-401.285
-400.394
-399.497
-398.593
-397.683
-396.765
-395.839
-394.906
-393.963
-393.011
-392.05
-391.078
-390.096
-389.103
-388.099
-387.082
-386.053
-385.011
-383.956
-382.886
-381.802
-380.704
-379.589
-378.458
-377.311
-376.146
-374.964
-373.763
-372.542
-371.302
-370.042
-368.76
-367.456
-366.13
-364.78
-363.406
-362.007
-360.582
-359.13
-357.65
-356.141
-354.603
-353.034
-351.433
-349.799
-348.13
-346.425
-344.684
-342.903
-341.083
-366.367
-368.278
-370.13
-371.925
-373.667
-375.357
-376.998
-378.591
-380.14
-381.646
-383.11
-384.536
-385.924
-387.276
-388.595
-389.88
-391.135
-392.361
-393.559
-394.73
-395.876
-396.999
-398.099
-399.178
-400.237
-401.278
-402.302
-403.31
-404.303
-405.283
-406.251
-407.209
-408.157
-409.097
-410.03
-410.958
-411.881
-412.8
-413.715
-414.626
-415.532
-416.428
-417.306
-418.148
-418.922
-419.565
-419.968
-420.024
-419.718
-419.143
-418.409
-417.592
-416.735
-415.858
-414.974
-414.088
-413.203
-412.319
-411.439
-410.56
-409.684
-408.809
-407.935
-407.061
-406.186
-405.31
-404.432
-403.551
-402.668
-401.781
-400.889
-399.993
-399.092
-398.184
-397.271
-396.351
-395.423
-394.488
-393.544
-392.592
-391.631
-390.661
-389.68
-388.689
-387.687
-386.674
-385.649
-384.611
-383.561
-382.498
-381.42
-380.328
-379.222
-378.1
-376.962
-375.808
-374.637
-373.448
-372.24
-371.014
-369.768
-368.502
-367.215
-365.907
-364.576
-363.222
-361.844
-360.441
-359.012
-357.558
-356.076
-354.565
-353.025
-351.455
-349.853
-348.219
-346.551
-344.846
-343.106
-341.328
-339.511
-365.309
-367.22
-369.07
-370.864
-372.603
-374.291
-375.928
-377.518
-379.063
-380.565
-382.025
-383.445
-384.828
-386.175
-387.487
-388.766
-390.015
-391.234
-392.424
-393.588
-394.727
-395.842
-396.934
-398.004
-399.055
-400.088
-401.102
-402.101
-403.085
-404.056
-405.014
-405.962
-406.9
-407.83
-408.752
-409.669
-410.581
-411.489
-412.393
-413.294
-414.189
-415.076
-415.947
-416.786
-417.566
-418.229
-418.677
-418.793
-418.54
-417.996
-417.274
-416.457
-415.594
-414.709
-413.814
-412.917
-412.02
-411.125
-410.233
-409.342
-408.454
-407.568
-406.682
-405.796
-404.91
-404.023
-403.134
-402.242
-401.348
-400.45
-399.548
-398.641
-397.729
-396.811
-395.888
-394.957
-394.019
-393.074
-392.121
-391.159
-390.188
-389.208
-388.218
-387.218
-386.206
-385.184
-384.15
-383.104
-382.045
-380.973
-379.887
-378.787
-377.673
-376.543
-375.398
-374.236
-373.058
-371.862
-370.648
-369.415
-368.163
-366.891
-365.598
-364.284
-362.948
-361.59
-360.207
-358.801
-357.368
-355.91
-354.426
-352.913
-351.37
-349.798
-348.196
-346.56
-344.892
-343.188
-341.449
-339.672
-337.857
-364.214
-366.123
-367.972
-369.764
-371.501
-373.185
-374.819
-376.406
-377.946
-379.443
-380.898
-382.313
-383.69
-385.031
-386.337
-387.61
-388.852
-390.064
-391.247
-392.403
-393.534
-394.641
-395.724
-396.787
-397.829
-398.852
-399.857
-400.847
-401.821
-402.782
-403.73
-404.668
-405.595
-406.514
-407.426
-408.331
-409.232
-410.129
-411.022
-411.911
-412.796
-413.673
-414.535
-415.371
-416.153
-416.834
-417.321
-417.495
-417.298
-416.788
-416.081
-415.266
-414.398
-413.504
-412.599
-411.69
-410.781
-409.874
-408.969
-408.067
-407.167
-406.268
-405.37
-404.473
-403.575
-402.676
-401.776
-400.873
-399.967
-399.058
-398.145
-397.227
-396.304
-395.375
-394.441
-393.5
-392.552
-391.596
-390.632
-389.66
-388.68
-387.689
-386.689
-385.679
-384.658
-383.627
-382.583
-381.528
-380.46
-379.379
-378.284
-377.176
-376.053
-374.916
-373.762
-372.593
-371.407
-370.203
-368.982
-367.742
-366.484
-365.205
-363.907
-362.587
-361.245
-359.881
-358.494
-357.083
-355.646
-354.184
-352.696
-351.18
-349.635
-348.061
-346.456
-344.82
-343.15
-341.447
-339.708
-337.932
-336.119
-363.08
-364.988
-366.836
-368.625
-370.359
-372.04
-373.671
-375.253
-376.789
-378.281
-379.73
-381.14
-382.511
-383.845
-385.145
-386.411
-387.645
-388.85
-390.025
-391.174
-392.296
-393.394
-394.469
-395.523
-396.556
-397.569
-398.566
-399.545
-400.51
-401.46
-402.398
-403.325
-404.241
-405.149
-406.049
-406.944
-407.833
-408.718
-409.599
-410.477
-411.35
-412.217
-413.071
-413.9
-414.684
-415.377
-415.898
-416.128
-415.988
-415.518
-414.828
-414.017
-413.144
-412.241
-411.325
-410.405
-409.484
-408.564
-407.646
-406.732
-405.819
-404.908
-403.997
-403.088
-402.178
-401.267
-400.355
-399.44
-398.523
-397.602
-396.677
-395.748
-394.814
-393.874
-392.929
-391.976
-391.017
-390.051
-389.077
-388.094
-387.103
-386.102
-385.092
-384.071
-383.041
-381.999
-380.946
-379.881
-378.803
-377.713
-376.609
-375.492
-374.36
-373.214
-372.052
-370.874
-369.68
-368.469
-367.24
-365.993
-364.727
-363.442
-362.136
-360.81
-359.463
-358.092
-356.7
-355.284
-353.842
-352.376
-350.883
-349.364
-347.815
-346.239
-344.631
-342.994
-341.323
-339.619
-337.879
-336.104
-334.291
-361.908
-363.814
-365.659
-367.446
-369.177
-370.854
-372.481
-374.058
-375.589
-377.076
-378.52
-379.923
-381.288
-382.616
-383.908
-385.167
-386.394
-387.591
-388.758
-389.898
-391.012
-392.102
-393.168
-394.212
-395.235
-396.239
-397.225
-398.195
-399.149
-400.089
-401.016
-401.932
-402.837
-403.733
-404.622
-405.504
-406.381
-407.254
-408.123
-408.989
-409.851
-410.706
-411.55
-412.374
-413.156
-413.858
-414.408
-414.69
-414.61
-414.182
-413.513
-412.706
-411.83
-410.919
-409.992
-409.059
-408.125
-407.193
-406.262
-405.334
-404.409
-403.485
-402.562
-401.639
-400.717
-399.794
-398.869
-397.942
-397.013
-396.08
-395.143
-394.202
-393.256
-392.305
-391.348
-390.384
-389.414
-388.436
-387.451
-386.457
-385.455
-384.443
-383.422
-382.391
-381.35
-380.298
-379.234
-378.159
-377.072
-375.972
-374.858
-373.731
-372.59
-371.435
-370.264
-369.077
-367.874
-366.655
-365.418
-364.163
-362.889
-361.597
-360.284
-358.951
-357.597
-356.22
-354.822
-353.4
-351.953
-350.482
-348.984
-347.461
-345.909
-344.329
-342.718
-341.077
-339.405
-337.699
-335.959
-334.183
-332.371
