-357.958
-359.44
-360.893
-362.316
-363.71
-365.078
-366.419
-367.734
-369.025
-370.291
-371.535
-372.756
-373.955
-375.133
-376.29
-377.427
-378.545
-379.643
-380.724
-381.786
-382.831
-383.859
-384.871
-385.866
-386.846
-387.811
-388.761
-389.697
-390.619
-391.527
-392.422
-393.305
-394.174
-395.032
-395.878
-396.712
-397.534
-398.346
-399.147
-399.938
-400.719
-401.489
-402.25
-403.001
-403.744
-404.477
-405.202
-405.918
-406.627
-407.327
-408.02
-408.705
-409.383
-410.055
-410.72
-411.379
-412.032
-412.68
-413.322
-413.96
-414.594
-415.224
-415.851
-416.475
-417.097
-417.718
-418.339
-418.959
-419.581
-420.204
-420.831
-421.46
-422.094
-422.731
-423.368
-424.002
-424.618
-425.188
-425.649
-425.889
-425.761
-425.19
-424.252
-423.098
-421.836
-420.526
-419.193
-417.851
-416.502
-415.149
-413.789
-412.421
-411.045
-409.657
-408.255
-406.838
-405.403
-403.949
-402.472
-400.973
-399.447
-397.893
-396.309
-394.693
-393.044
-391.357
-389.633
-387.867
-386.059
-384.206
-382.304
-380.352
-378.348
-376.288
-374.17
-371.989
-369.745
-367.433
-365.05
-362.592
-360.056
-359.12
-360.604
-362.057
-363.48
-364.875
-366.242
-367.583
-368.897
-370.187
-371.452
-372.694
-373.913
-375.11
-376.285
-377.439
-378.574
-379.688
-380.784
-381.86
-382.919
-383.96
-384.984
-385.991
-386.982
-387.958
-388.918
-389.863
-390.793
-391.71
-392.612
-393.502
-394.378
-395.242
-396.094
-396.933
-397.761
-398.577
-399.382
-400.177
-400.961
-401.734
-402.498
-403.251
-403.996
-404.731
-405.457
-406.174
-406.882
-407.583
-408.275
-408.96
-409.637
-410.307
-410.97
-411.627
-412.277
-412.922
-413.56
-414.194
-414.823
-415.447
-416.068
-416.685
-417.3
-417.912
-418.523
-419.134
-419.744
-420.355
-420.968
-421.583
-422.202
-422.824
-423.45
-424.078
-424.702
-425.313
-425.885
-426.363
-426.646
-426.587
-426.088
-425.198
-424.064
-422.807
-421.492
-420.152
-418.801
-417.443
-416.08
-414.711
-413.335
-411.95
-410.555
-409.145
-407.721
-406.279
-404.819
-403.337
-401.831
-400.301
-398.742
-397.153
-395.534
-393.881
-392.192
-390.465
-388.697
-386.887
-385.033
-383.131
-381.179
-379.175
-377.116
-374.999
-372.822
-370.581
-368.272
-365.894
-363.441
-360.91
-360.225
-361.71
-363.165
-364.589
-365.984
-367.351
-368.692
-370.006
-371.294
-372.559
-373.799
-375.016
-376.212
-377.385
-378.537
-379.669
-380.781
-381.873
-382.947
-384.002
-385.039
-386.059
-387.063
-388.049
-389.02
-389.976
-390.916
-391.842
-392.753
-393.65
-394.534
-395.405
-396.263
-397.109
-397.942
-398.764
-399.574
-400.373
-401.161
-401.938
-402.705
-403.462
-404.209
-404.946
-405.674
-406.393
-407.102
-407.804
-408.496
-409.181
-409.858
-410.527
-411.189
-411.844
-412.492
-413.134
-413.77
-414.4
-415.025
-415.645
-416.261
-416.872
-417.48
-418.085
-418.688
-419.289
-419.889
-420.489
-421.09
-421.692
-422.296
-422.904
-423.515
-424.13
-424.747
-425.363
-425.967
-426.539
-427.031
-427.351
-427.358
-426.933
-426.097
-424.988
-423.736
-422.419
-421.073
-419.713
-418.345
-416.973
-415.595
-414.211
-412.818
-411.413
-409.997
-408.566
-407.118
-405.651
-404.163
-402.652
-401.117
-399.554
-397.961
-396.339
-394.682
-392.99
-391.26
-389.492
-387.68
-385.824
-383.922
-381.97
-379.967
-377.909
-375.794
-373.618
-371.38
-369.075
-366.701
-364.253
-361.729
-361.275
-362.762
-364.218
-365.643
-367.04
-368.407
-369.748
-371.062
-372.35
-373.614
-374.853
-376.069
-377.263
-378.434
-379.585
-380.714
-381.824
-382.914
-383.984
-385.036
-386.071
-387.087
-388.087
-389.07
-390.036
-390.987
-391.923
-392.844
-393.751
-394.643
-395.522
-396.388
-397.24
-398.08
-398.908
-399.724
-400.528
-401.321
-402.102
-402.873
-403.634
-404.384
-405.124
-405.854
-406.575
-407.287
-407.99
-408.683
-409.369
-410.046
-410.715
-411.377
-412.031
-412.678
-413.318
-413.951
-414.579
-415.2
-415.817
-416.428
-417.034
-417.636
-418.235
-418.831
-419.424
-420.015
-420.605
-421.195
-421.785
-422.377
-422.971
-423.568
-424.168
-424.772
-425.379
-425.985
-426.582
-427.152
-427.654
-428.007
-428.074
-427.724
-426.947
-425.868
-424.626
-423.307
-421.954
-420.586
-419.21
-417.828
-416.441
-415.048
-413.646
-412.235
-410.811
-409.373
-407.918
-406.446
-404.952
-403.435
-401.895
-400.328
-398.731
-397.104
-395.444
-393.751
-392.019
-390.247
-388.435
-386.578
-384.676
-382.724
-380.721
-378.665
-376.551
-374.379
-372.142
-369.841
-367.471
-365.029
-362.511
-362.272
-363.762
-365.219
-366.646
-368.044
-369.412
-370.753
-372.068
-373.356
-374.619
-375.858
-377.073
-378.265
-379.436
-380.584
-381.712
-382.819
-383.907
-384.975
-386.025
-387.056
-388.069
-389.065
-390.045
-391.007
-391.954
-392.886
-393.803
-394.705
-395.592
-396.466
-397.327
-398.174
-399.009
-399.831
-400.641
-401.44
-402.227
-403.002
-403.767
-404.521
-405.265
-405.999
-406.722
-407.437
-408.141
-408.837
-409.524
-410.202
-410.872
-411.533
-412.187
-412.833
-413.472
-414.104
-414.73
-415.349
-415.962
-416.57
-417.172
-417.77
-418.363
-418.952
-419.538
-420.122
-420.704
-421.284
-421.863
-422.443
-423.025
-423.608
-424.194
-424.783
-425.376
-425.972
-426.568
-427.158
-427.725
-428.235
-428.614
-428.737
-428.462
-427.748
-426.704
-425.474
-424.156
-422.797
-421.421
-420.036
-418.645
-417.249
-415.848
-414.437
-413.018
-411.587
-410.141
-408.681
-407.202
-405.702
-404.18
-402.635
-401.063
-399.463
-397.833
-396.17
-394.472
-392.738
-390.965
-389.151
-387.294
-385.391
-383.44
-381.438
-379.383
-377.27
-375.1
-372.868
-370.571
-368.204
-365.767
-363.255
-363.218
-364.711
-366.171
-367.6
-368.998
-370.368
-371.71
-373.025
-374.313
-375.577
-376.815
-378.03
-379.222
-380.391
-381.538
-382.664
-383.77
-384.855
-385.921
-386.968
-387.997
-389.007
-390
-390.976
-391.936
-392.879
-393.807
-394.719
-395.617
-396.5
-397.369
-398.225
-399.067
-399.897
-400.714
-401.518
-402.311
-403.093
-403.862
-404.621
-405.369
-406.107
-406.834
-407.551
-408.259
-408.957
-409.646
-410.326
-410.997
-411.659
-412.313
-412.96
-413.598
-414.229
-414.854
-415.471
-416.082
-416.686
-417.285
-417.879
-418.468
-419.052
-419.632
-420.209
-420.783
-421.355
-421.925
-422.495
-423.064
-423.635
-424.207
-424.782
-425.361
-425.943
-426.528
-427.114
-427.695
-428.258
-428.772
-429.174
-429.347
-429.145
-428.5
-427.496
-426.282
-424.965
-423.602
-422.217
-420.823
-419.424
-418.019
-416.608
-415.19
-413.762
-412.324
-410.872
-409.404
-407.918
-406.413
-404.886
-403.337
-401.76
-400.156
-398.522
-396.856
-395.156
-393.42
-391.644
-389.829
-387.971
-386.068
-384.117
-382.116
-380.061
-377.951
-375.784
-373.553
-371.26
-368.9
-366.467
-363.961
-364.116
-365.611
-367.074
-368.505
-369.906
-371.277
-372.62
-373.936
-375.225
-376.488
-377.727
-378.942
-380.133
-381.301
-382.448
-383.573
-384.677
-385.761
-386.825
-387.87
-388.896
-389.904
-390.894
-391.867
-392.823
-393.762
-394.686
-395.595
-396.488
-397.367
-398.232
-399.083
-399.921
-400.745
-401.557
-402.357
-403.144
-403.92
-404.684
-405.437
-406.18
-406.911
-407.632
-408.343
-409.044
-409.736
-410.418
-411.091
-411.755
-412.41
-413.057
-413.696
-414.327
-414.95
-415.566
-416.176
-416.778
-417.375
-417.965
-418.55
-419.13
-419.705
-420.276
-420.844
-421.408
-421.97
-422.531
-423.09
-423.649
-424.209
-424.771
-425.335
-425.902
-426.472
-427.046
-427.622
-428.195
-428.752
-429.269
-429.689
-429.906
-429.774
-429.2
-428.242
-427.047
-425.734
-424.367
-422.975
-421.572
-420.163
-418.749
-417.33
-415.903
-414.468
-413.021
-411.562
-410.087
-408.595
-407.085
-405.553
-403.998
-402.417
-400.808
-399.17
-397.501
-395.798
-394.059
-392.283
-390.467
-388.607
-386.703
-384.753
-382.752
-380.699
-378.591
-376.425
-374.199
-371.909
-369.553
-367.125
-364.626
-364.967
-366.466
-367.931
-369.365
-370.768
-372.141
-373.485
-374.802
-376.092
-377.356
-378.595
-379.81
-381.001
-382.169
-383.315
-384.439
-385.542
-386.625
-387.687
-388.73
-389.754
-390.76
-391.747
-392.717
-393.67
-394.607
-395.527
-396.432
-397.322
-398.196
-399.057
-399.903
-400.737
-401.556
-402.363
-403.158
-403.94
-404.711
-405.47
-406.217
-406.954
-407.679
-408.394
-409.099
-409.794
-410.479
-411.154
-411.82
-412.477
-413.126
-413.765
-414.397
-415.02
-415.636
-416.244
-416.846
-417.44
-418.028
-418.61
-419.186
-419.757
-420.324
-420.885
-421.443
-421.998
-422.55
-423.101
-423.65
-424.198
-424.748
-425.298
-425.851
-426.407
-426.966
-427.529
-428.094
-428.656
-429.208
-429.724
-430.158
-430.414
-430.348
-429.848
-428.941
-427.77
-426.463
-425.092
-423.693
-422.281
-420.863
-419.44
-418.011
-416.577
-415.133
-413.679
-412.212
-410.73
-409.232
-407.715
-406.178
-404.617
-403.031
-401.418
-399.777
-398.104
-396.399
-394.657
-392.879
-391.061
-389.201
-387.296
-385.346
-383.345
-381.294
-379.188
-377.025
-374.801
-372.516
-370.163
-367.743
-365.248
-365.773
-367.275
-368.744
-370.18
-371.585
-372.961
-374.307
-375.626
-376.917
-378.182
-379.422
-380.637
-381.828
-382.996
-384.141
-385.265
-386.367
-387.449
-388.51
-389.552
-390.574
-391.577
-392.563
-393.53
-394.48
-395.414
-396.331
-397.232
-398.118
-398.989
-399.845
-400.688
-401.516
-402.332
-403.134
-403.924
-404.701
-405.466
-406.22
-406.962
-407.693
-408.413
-409.122
-409.821
-410.509
-411.188
-411.857
-412.516
-413.166
-413.807
-414.44
-415.064
-415.68
-416.288
-416.889
-417.482
-418.068
-418.648
-419.221
-419.789
-420.351
-420.908
-421.46
-422.009
-422.554
-423.096
-423.636
-424.174
-424.712
-425.251
-425.79
-426.331
-426.876
-427.423
-427.974
-428.528
-429.081
-429.624
-430.139
-430.583
-430.872
-430.868
-430.442
-429.592
-428.449
-427.149
-425.776
-424.37
-422.95
-421.522
-420.09
-418.651
-417.207
-415.755
-414.293
-412.819
-411.33
-409.826
-408.303
-406.759
-405.193
-403.602
-401.985
-400.34
-398.664
-396.954
-395.211
-393.431
-391.61
-389.75
-387.844
-385.894
-383.894
-381.844
-379.74
-377.58
-375.359
-373.077
-370.73
-368.314
-365.825
-366.536
-368.042
-369.514
-370.954
-372.362
-373.739
-375.088
-376.408
-377.701
-378.967
-380.208
-381.424
-382.615
-383.784
-384.929
-386.053
-387.154
-388.235
-389.296
-390.336
-391.356
-392.358
-393.341
-394.307
-395.254
-396.185
-397.099
-397.997
-398.879
-399.746
-400.599
-401.437
-402.262
-403.073
-403.871
-404.656
-405.428
-406.188
-406.937
-407.673
-408.399
-409.113
-409.816
-410.509
-411.192
-411.864
-412.526
-413.179
-413.823
-414.457
-415.082
-415.699
-416.308
-416.908
-417.501
-418.086
-418.664
-419.235
-419.8
-420.358
-420.911
-421.459
-422.002
-422.541
-423.076
-423.608
-424.137
-424.665
-425.192
-425.719
-426.247
-426.777
-427.309
-427.845
-428.384
-428.925
-429.467
-430.002
-430.513
-430.965
-431.28
-431.332
-430.98
-430.192
-429.081
-427.792
-426.418
-425.006
-423.576
-422.139
-420.697
-419.249
-417.796
-416.335
-414.864
-413.382
-411.886
-410.374
-408.844
-407.295
-405.724
-404.127
-402.506
-400.856
-399.175
-397.464
-395.717
-393.934
-392.112
-390.25
-388.344
-386.394
-384.395
-382.346
-380.243
-378.085
-375.868
-373.591
-371.248
-368.837
-366.355
-367.257
-368.768
-370.243
-371.686
-373.098
-374.478
-375.829
-377.151
-378.446
-379.714
-380.956
-382.173
-383.365
-384.534
-385.68
-386.803
-387.905
-388.985
-390.045
-391.084
-392.104
-393.104
-394.085
-395.048
-395.994
-396.922
-397.833
-398.728
-399.607
-400.471
-401.32
-402.154
-402.975
-403.781
-404.575
-405.355
-406.123
-406.878
-407.622
-408.353
-409.073
-409.782
-410.48
-411.167
-411.843
-412.509
-413.165
-413.811
-414.448
-415.075
-415.694
-416.303
-416.904
-417.497
-418.081
-418.658
-419.228
-419.791
-420.346
-420.896
-421.44
-421.978
-422.511
-423.04
-423.565
-424.086
-424.605
-425.122
-425.638
-426.153
-426.669
-427.187
-427.707
-428.23
-428.756
-429.286
-429.816
-430.341
-430.847
-431.302
-431.639
-431.741
-431.462
-430.739
-429.666
-428.39
-427.016
-425.597
-424.159
-422.711
-421.259
-419.801
-418.338
-416.868
-415.389
-413.898
-412.394
-410.875
-409.338
-407.782
-406.205
-404.603
-402.976
-401.321
-399.638
-397.921
-396.172
-394.386
-392.563
-390.699
-388.793
-386.842
-384.844
-382.795
-380.696
-378.54
-376.327
-374.053
-371.715
-369.31
-366.835
-367.939
-369.454
-370.934
-372.38
-373.795
-375.179
-376.532
-377.857
-379.154
-380.424
-381.667
-382.885
-384.079
-385.249
-386.395
-387.519
-388.621
-389.701
-390.76
-391.799
-392.817
-393.816
-394.796
-395.757
-396.7
-397.626
-398.535
-399.427
-400.303
-401.163
-402.009
-402.84
-403.656
-404.459
-405.248
-406.024
-406.787
-407.538
-408.277
-409.003
-409.718
-410.421
-411.113
-411.794
-412.465
-413.125
-413.774
-414.414
-415.044
-415.664
-416.275
-416.877
-417.471
-418.055
-418.632
-419.201
-419.762
-420.316
-420.863
-421.403
-421.937
-422.466
-422.989
-423.507
-424.022
-424.532
-425.04
-425.546
-426.05
-426.553
-427.057
-427.562
-428.069
-428.579
-429.092
-429.608
-430.126
-430.64
-431.138
-431.594
-431.949
-432.095
-431.884
-431.23
-430.199
-428.94
-427.567
-426.142
-424.695
-423.237
-421.773
-420.305
-418.832
-417.352
-415.863
-414.364
-412.852
-411.324
-409.78
-408.217
-406.633
-405.025
-403.393
-401.733
-400.045
-398.325
-396.572
-394.784
-392.958
-391.093
-389.186
-387.235
-385.237
-383.191
-381.092
-378.94
-376.731
-374.462
-372.13
-369.731
-367.263
-368.583
-370.103
-371.587
-373.037
-374.456
-375.842
-377.199
-378.527
-379.826
-381.098
-382.343
-383.563
-384.758
-385.929
-387.077
-388.201
-389.303
-390.383
-391.443
-392.481
-393.498
-394.496
-395.475
-396.435
-397.376
-398.3
-399.206
-400.095
-400.969
-401.826
-402.668
-403.495
-404.308
-405.107
-405.892
-406.664
-407.423
-408.169
-408.903
-409.624
-410.334
-411.032
-411.719
-412.394
-413.059
-413.712
-414.356
-414.989
-415.612
-416.225
-416.829
-417.424
-418.009
-418.586
-419.154
-419.715
-420.267
-420.812
-421.35
-421.88
-422.405
-422.923
-423.436
-423.944
-424.447
-424.947
-425.443
-425.936
-426.428
-426.919
-427.41
-427.901
-428.395
-428.891
-429.39
-429.892
-430.396
-430.898
-431.387
-431.841
-432.208
-432.391
-432.245
-431.661
-430.678
-429.438
-428.068
-426.637
-425.18
-423.711
-422.236
-420.757
-419.273
-417.782
-416.283
-414.774
-413.253
-411.717
-410.165
-408.594
-407.003
-405.389
-403.752
-402.086
-400.393
-398.669
-396.912
-395.121
-393.293
-391.427
-389.519
-387.568
-385.571
-383.527
-381.431
-379.282
-377.077
-374.813
-372.487
-370.096
-367.636
-369.191
-370.715
-372.204
-373.659
-375.081
-376.472
-377.832
-379.162
-380.464
-381.739
-382.986
-384.208
-385.405
-386.577
-387.726
-388.851
-389.954
-391.035
-392.094
-393.132
-394.149
-395.147
-396.124
-397.083
-398.022
-398.944
-399.848
-400.735
-401.606
-402.46
-403.299
-404.123
-404.933
-405.728
-406.509
-407.277
-408.032
-408.773
-409.502
-410.219
-410.924
-411.617
-412.298
-412.968
-413.626
-414.274
-414.911
-415.537
-416.153
-416.76
-417.356
-417.943
-418.521
-419.089
-419.649
-420.201
-420.744
-421.28
-421.808
-422.329
-422.844
-423.352
-423.854
-424.35
-424.842
-425.33
-425.814
-426.295
-426.773
-427.251
-427.728
-428.205
-428.684
-429.165
-429.649
-430.136
-430.626
-431.114
-431.592
-432.04
-432.415
-432.628
-432.541
-432.029
-431.097
-429.881
-428.514
-427.078
-425.611
-424.13
-422.643
-421.152
-419.655
-418.154
-416.644
-415.124
-413.593
-412.049
-410.487
-408.909
-407.31
-405.689
-404.045
-402.374
-400.675
-398.947
-397.186
-395.393
-393.563
-391.695
-389.787
-387.837
-385.842
-383.799
-381.708
-379.563
-377.364
-375.105
-372.787
-370.403
-367.953
-369.764
-371.293
-372.787
-374.247
-375.673
-377.067
-378.431
-379.765
-381.07
-382.347
-383.597
-384.822
-386.021
-387.195
-388.345
-389.471
-390.575
-391.657
-392.716
-393.754
-394.772
-395.768
-396.745
-397.703
-398.641
-399.561
-400.463
-401.348
-402.216
-403.068
-403.904
-404.725
-405.531
-406.323
-407.101
-407.865
-408.615
-409.353
-410.077
-410.789
-411.489
-412.177
-412.852
-413.517
-414.169
-414.811
-415.441
-416.061
-416.67
-417.269
-417.858
-418.438
-419.007
-419.568
-420.119
-420.662
-421.196
-421.722
-422.24
-422.751
-423.255
-423.752
-424.242
-424.727
-425.207
-425.682
-426.153
-426.62
-427.085
-427.548
-428.01
-428.473
-428.936
-429.401
-429.868
-430.339
-430.812
-431.285
-431.749
-432.19
-432.567
-432.804
-432.77
-432.327
-431.451
-430.262
-428.901
-427.459
-425.981
-424.488
-422.988
-421.483
-419.973
-418.459
-416.937
-415.407
-413.865
-412.31
-410.74
-409.153
-407.546
-405.917
-404.266
-402.59
-400.886
-399.154
-397.39
-395.593
-393.762
-391.893
-389.986
-388.037
-386.044
-384.006
-381.919
-379.779
-377.587
-375.337
-373.028
-370.653
-368.213
-370.304
-371.839
-373.338
-374.802
-376.233
-377.632
-378.999
-380.337
-381.645
-382.925
-384.179
-385.405
-386.607
-387.783
-388.935
-390.063
-391.168
-392.251
-393.311
-394.349
-395.367
-396.363
-397.34
-398.296
-399.234
-400.152
-401.053
-401.936
-402.802
-403.651
-404.485
-405.303
-406.106
-406.895
-407.669
-408.429
-409.176
-409.909
-410.629
-411.337
-412.032
-412.714
-413.385
-414.043
-414.69
-415.325
-415.949
-416.563
-417.165
-417.756
-418.338
-418.909
-419.47
-420.022
-420.565
-421.098
-421.622
-422.138
-422.646
-423.146
-423.639
-424.124
-424.603
-425.075
-425.542
-426.004
-426.461
-426.914
-427.364
-427.811
-428.257
-428.703
-429.149
-429.597
-430.046
-430.498
-430.953
-431.408
-431.857
-432.286
-432.661
-432.915
-432.927
-432.55
-431.733
-430.574
-429.22
-427.772
-426.283
-424.776
-423.261
-421.742
-420.218
-418.691
-417.156
-415.613
-414.059
-412.494
-410.914
-409.317
-407.702
-406.066
-404.408
-402.726
-401.017
-399.281
-397.514
-395.716
-393.884
-392.016
-390.11
-388.164
-386.176
-384.143
-382.061
-379.931
-377.747
-375.507
-373.208
-370.846
-368.418
-370.812
-372.353
-373.857
-375.327
-376.763
-378.166
-379.538
-380.879
-382.191
-383.475
-384.731
-385.961
-387.165
-388.344
-389.498
-390.628
-391.735
-392.818
-393.88
-394.919
-395.937
-396.933
-397.91
-398.866
-399.802
-400.72
-401.619
-402.501
-403.365
-404.212
-405.043
-405.859
-406.659
-407.444
-408.215
-408.972
-409.715
-410.445
-411.161
-411.864
-412.554
-413.231
-413.897
-414.55
-415.191
-415.82
-416.437
-417.044
-417.639
-418.223
-418.796
-419.359
-419.912
-420.455
-420.988
-421.511
-422.026
-422.531
-423.028
-423.517
-423.998
-424.471
-424.937
-425.396
-425.849
-426.296
-426.738
-427.175
-427.609
-428.04
-428.468
-428.895
-429.323
-429.75
-430.18
-430.612
-431.046
-431.48
-431.91
-432.323
-432.692
-432.956
-433.004
-432.69
-431.933
-430.807
-429.461
-428.008
-426.506
-424.984
-423.452
-421.917
-420.378
-418.835
-417.288
-415.732
-414.166
-412.59
-410.999
-409.393
-407.77
-406.127
-404.463
-402.776
-401.063
-399.324
-397.556
-395.758
-393.926
-392.061
-390.157
-388.216
-386.234
-384.208
-382.137
-380.016
-377.843
-375.616
-373.331
-370.982
-368.57
-371.29
-372.837
-374.348
-375.823
-377.264
-378.672
-380.048
-381.394
-382.71
-383.998
-385.258
-386.491
-387.698
-388.879
-390.035
-391.168
-392.276
-393.362
-394.424
-395.465
-396.483
-397.48
-398.457
-399.413
-400.349
-401.266
-402.164
-403.044
-403.907
-404.752
-405.581
-406.395
-407.192
-407.975
-408.743
-409.497
-410.236
-410.962
-411.674
-412.373
-413.058
-413.731
-414.391
-415.038
-415.673
-416.296
-416.907
-417.507
-418.094
-418.671
-419.236
-419.791
-420.334
-420.868
-421.391
-421.905
-422.408
-422.903
-423.388
-423.864
-424.332
-424.792
-425.244
-425.689
-426.127
-426.558
-426.984
-427.404
-427.82
-428.232
-428.641
-429.048
-429.454
-429.86
-430.267
-430.675
-431.085
-431.496
-431.903
-432.296
-432.652
-432.919
-432.995
-432.735
-432.038
-430.948
-429.612
-428.152
-426.636
-425.097
-423.548
-421.996
-420.44
-418.882
-417.319
-415.75
-414.172
-412.585
-410.985
-409.37
-407.74
-406.091
-404.422
-402.732
-401.017
-399.277
-397.51
-395.712
-393.884
-392.023
-390.126
-388.193
-386.22
-384.204
-382.145
-380.036
-377.879
-375.666
-373.397
-371.066
-368.671
-371.74
-373.294
-374.81
-376.291
-377.738
-379.151
-380.532
-381.883
-383.203
-384.495
-385.759
-386.996
-388.206
-389.39
-390.55
-391.685
-392.796
-393.883
-394.947
-395.989
-397.009
-398.007
-398.983
-399.939
-400.875
-401.792
-402.689
-403.569
-404.43
-405.274
-406.102
-406.913
-407.709
-408.489
-409.254
-410.005
-410.741
-411.464
-412.172
-412.866
-413.548
-414.216
-414.87
-415.512
-416.141
-416.758
-417.362
-417.954
-418.535
-419.103
-419.66
-420.206
-420.74
-421.264
-421.777
-422.279
-422.772
-423.254
-423.727
-424.19
-424.645
-425.09
-425.528
-425.957
-426.378
-426.792
-427.2
-427.601
-427.997
-428.388
-428.775
-429.159
-429.541
-429.922
-430.303
-430.684
-431.066
-431.449
-431.828
-432.196
-432.533
-432.793
-432.886
-432.673
-432.032
-430.981
-429.655
-428.188
-426.656
-425.098
-423.531
-421.96
-420.387
-418.813
-417.236
-415.654
-414.066
-412.468
-410.86
-409.24
-407.603
-405.951
-404.28
-402.588
-400.874
-399.136
-397.372
-395.58
-393.758
-391.905
-390.019
-388.095
-386.135
-384.133
-382.089
-379.997
-377.857
-375.664
-373.413
-371.103
-368.728
-372.164
-373.724
-375.247
-376.734
-378.186
-379.605
-380.992
-382.348
-383.673
-384.969
-386.238
-387.478
-388.692
-389.88
-391.043
-392.181
-393.294
-394.384
-395.45
-396.494
-397.515
-398.514
-399.491
-400.448
-401.384
-402.301
-403.198
-404.077
-404.938
-405.781
-406.607
-407.417
-408.211
-408.989
-409.752
-410.5
-411.234
-411.953
-412.658
-413.348
-414.025
-414.689
-415.338
-415.975
-416.598
-417.208
-417.806
-418.39
-418.963
-419.523
-420.071
-420.607
-421.132
-421.645
-422.147
-422.639
-423.119
-423.589
-424.048
-424.497
-424.937
-425.367
-425.788
-426.2
-426.603
-426.998
-427.385
-427.766
-428.139
-428.507
-428.869
-429.227
-429.581
-429.933
-430.283
-430.633
-430.982
-431.331
-431.676
-432.012
-432.32
-432.564
-432.662
-432.484
-431.895
-430.881
-429.566
-428.09
-426.542
-424.965
-423.378
-421.789
-420.199
-418.611
-417.021
-415.428
-413.831
-412.228
-410.615
-408.991
-407.354
-405.701
-404.031
-402.343
-400.633
-398.902
-397.145
-395.362
-393.551
-391.709
-389.836
-387.928
-385.984
-384
-381.975
-379.903
-377.784
-375.613
-373.385
-371.098
-368.746
-372.562
-374.13
-375.66
-377.153
-378.612
-380.037
-381.429
-382.79
-384.121
-385.422
-386.695
-387.94
-389.158
-390.35
-391.516
-392.658
-393.774
-394.867
-395.935
-396.981
-398.004
-399.005
-399.984
-400.941
-401.878
-402.795
-403.693
-404.572
-405.432
-406.275
-407.1
-407.909
-408.702
-409.478
-410.24
-410.986
-411.717
-412.433
-413.135
-413.822
-414.495
-415.154
-415.798
-416.429
-417.047
-417.651
-418.241
-418.818
-419.383
-419.934
-420.473
-421
-421.514
-422.016
-422.507
-422.985
-423.453
-423.909
-424.354
-424.788
-425.211
-425.624
-426.027
-426.42
-426.803
-427.177
-427.542
-427.898
-428.246
-428.587
-428.921
-429.249
-429.571
-429.889
-430.203
-430.515
-430.824
-431.132
-431.435
-431.729
-431.999
-432.213
-432.302
-432.143
-431.596
-430.618
-429.314
-427.83
-426.266
-424.67
-423.065
-421.46
-419.857
-418.257
-416.659
-415.061
-413.461
-411.856
-410.243
-408.621
-406.988
-405.341
-403.678
-401.999
-400.298
-398.578
-396.833
-395.065
-393.268
-391.444
-389.588
-387.699
-385.775
-383.813
-381.809
-379.763
-377.668
-375.522
-373.32
-371.059
-368.734
-372.938
-374.513
-376.05
-377.55
-379.016
-380.447
-381.846
-383.212
-384.549
-385.856
-387.133
-388.383
-389.606
-390.803
-391.973
-393.118
-394.238
-395.334
-396.406
-397.454
-398.479
-399.482
-400.463
-401.422
-402.36
-403.278
-404.177
-405.056
-405.917
-406.759
-407.585
-408.393
-409.185
-409.961
-410.721
-411.466
-412.195
-412.909
-413.607
-414.291
-414.961
-415.615
-416.255
-416.881
-417.492
-418.09
-418.673
-419.243
-419.798
-420.341
-420.87
-421.386
-421.89
-422.38
-422.858
-423.324
-423.777
-424.218
-424.648
-425.065
-425.471
-425.865
-426.248
-426.62
-426.98
-427.33
-427.669
-427.999
-428.318
-428.628
-428.929
-429.221
-429.506
-429.784
-430.056
-430.322
-430.583
-430.84
-431.09
-431.329
-431.547
-431.716
-431.776
-431.618
-431.099
-430.152
-428.859
-427.37
-425.793
-424.182
-422.565
-420.95
-419.342
-417.739
-416.141
-414.545
-412.948
-411.35
-409.746
-408.133
-406.511
-404.876
-403.227
-401.561
-399.878
-398.173
-396.447
-394.697
-392.922
-391.118
-389.284
-387.419
-385.519
-383.582
-381.605
-379.585
-377.519
-375.402
-373.229
-370.996
-368.699
-373.292
-374.875
-376.419
-377.927
-379.4
-380.838
-382.243
-383.616
-384.959
-386.271
-387.555
-388.81
-390.038
-391.24
-392.415
-393.564
-394.688
-395.788
-396.863
-397.914
-398.943
-399.948
-400.931
-401.892
-402.833
-403.753
-404.652
-405.533
-406.395
-407.238
-408.064
-408.873
-409.665
-410.441
-411.201
-411.944
-412.672
-413.384
-414.081
-414.762
-415.428
-416.079
-416.714
-417.335
-417.94
-418.531
-419.107
-419.669
-420.216
-420.749
-421.268
-421.773
-422.265
-422.743
-423.207
-423.659
-424.097
-424.522
-424.934
-425.333
-425.719
-426.093
-426.453
-426.801
-427.137
-427.459
-427.77
-428.068
-428.354
-428.628
-428.891
-429.143
-429.383
-429.614
-429.835
-430.046
-430.248
-430.441
-430.624
-430.794
-430.941
-431.043
-431.051
-430.868
-430.358
-429.435
-428.156
-426.669
-425.088
-423.474
-421.857
-420.245
-418.643
-417.05
-415.463
-413.88
-412.299
-410.717
-409.13
-407.536
-405.933
-404.319
-402.69
-401.045
-399.384
-397.702
-395.999
-394.274
-392.523
-390.745
-388.938
-387.1
-385.229
-383.321
-381.373
-379.383
-377.347
-375.259
-373.117
-370.915
-368.649
-373.626
-375.218
-376.77
-378.286
-379.766
-381.212
-382.624
-384.004
-385.353
-386.672
-387.962
-389.224
-390.457
-391.664
-392.844
-393.998
-395.127
-396.231
-397.31
-398.366
-399.397
-400.406
-401.392
-402.357
-403.3
-404.222
-405.124
-406.007
-406.871
-407.716
-408.544
-409.354
-410.147
-410.923
-411.683
-412.427
-413.154
-413.866
-414.561
-415.24
-415.903
-416.55
-417.182
-417.797
-418.397
-418.981
-419.55
-420.103
-420.641
-421.165
-421.673
-422.166
-422.645
-423.11
-423.56
-423.996
-424.418
-424.825
-425.218
-425.597
-425.961
-426.312
-426.647
-426.969
-427.275
-427.567
-427.845
-428.107
-428.355
-428.588
-428.806
-429.01
-429.199
-429.373
-429.532
-429.678
-429.808
-429.924
-430.023
-430.103
-430.157
-430.165
-430.09
-429.85
-429.324
-428.416
-427.16
-425.69
-424.125
-422.53
-420.932
-419.344
-417.766
-416.198
-414.638
-413.083
-411.528
-409.974
-408.414
-406.849
-405.273
-403.687
-402.086
-400.469
-398.836
-397.183
-395.509
-393.812
-392.09
-390.342
-388.566
-386.758
-384.917
-383.041
-381.125
-379.167
-377.163
-375.108
-372.998
-370.828
-368.592
-373.944
-375.544
-377.105
-378.629
-380.117
-381.571
-382.991
-384.378
-385.735
-387.061
-388.357
-389.625
-390.865
-392.078
-393.264
-394.424
-395.558
-396.667
-397.751
-398.811
-399.847
-400.86
-401.85
-402.818
-403.765
-404.691
-405.596
-406.482
-407.349
-408.197
-409.028
-409.84
-410.636
-411.414
-412.176
-412.92
-413.648
-414.36
-415.055
-415.732
-416.394
-417.038
-417.665
-418.276
-418.87
-419.448
-420.009
-420.554
-421.083
-421.595
-422.092
-422.573
-423.039
-423.489
-423.923
-424.342
-424.746
-425.134
-425.506
-425.862
-426.203
-426.527
-426.835
-427.126
-427.4
-427.657
-427.897
-428.118
-428.322
-428.507
-428.673
-428.821
-428.948
-429.056
-429.144
-429.21
-429.255
-429.277
-429.274
-429.244
-429.178
-429.064
-428.871
-428.538
-427.967
-427.066
-425.847
-424.423
-422.906
-421.359
-419.81
-418.268
-416.736
-415.212
-413.694
-412.18
-410.666
-409.149
-407.627
-406.097
-404.556
-403.005
-401.438
-399.855
-398.254
-396.634
-394.993
-393.329
-391.64
-389.925
-388.181
-386.407
-384.599
-382.756
-380.874
-378.949
-376.977
-374.954
-372.876
-370.739
-368.536
-374.246
-375.855
-377.425
-378.958
-380.455
-381.917
-383.345
-384.741
-386.105
-387.439
-388.743
-390.018
-391.265
-392.485
-393.677
-394.843
-395.984
-397.098
-398.188
-399.254
-400.295
-401.313
-402.308
-403.282
-404.233
-405.163
-406.073
-406.964
-407.835
-408.688
-409.522
-410.339
-411.138
-411.92
-412.684
-413.432
-414.162
-414.875
-415.57
-416.248
-416.908
-417.55
-418.174
-418.781
-419.37
-419.941
-420.494
-421.03
-421.549
-422.051
-422.535
-423.003
-423.454
-423.888
-424.305
-424.706
-425.089
-425.455
-425.805
-426.136
-426.449
-426.744
-427.021
-427.278
-427.515
-427.732
-427.928
-428.102
-428.255
-428.384
-428.49
-428.572
-428.629
-428.659
-428.662
-428.637
-428.582
-428.496
-428.374
-428.215
-428.011
-427.751
-427.413
-426.958
-426.315
-425.416
-424.254
-422.91
-421.477
-420.012
-418.539
-417.067
-415.6
-414.136
-412.674
-411.212
-409.747
-408.277
-406.799
-405.311
-403.812
-402.299
-400.77
-399.225
-397.66
-396.076
-394.471
-392.842
-391.188
-389.508
-387.8
-386.06
-384.287
-382.478
-380.63
-378.738
-376.799
-374.809
-372.763
-370.656
-368.486
-374.535
-376.154
-377.734
-379.276
-380.782
-382.253
-383.69
-385.095
-386.467
-387.81
-389.122
-390.405
-391.66
-392.887
-394.087
-395.26
-396.408
-397.529
-398.626
-399.698
-400.746
-401.77
-402.772
-403.751
-404.708
-405.645
-406.561
-407.458
-408.335
-409.194
-410.034
-410.857
-411.662
-412.449
-413.218
-413.97
-414.704
-415.42
-416.118
-416.797
-417.457
-418.098
-418.72
-419.323
-419.906
-420.471
-421.017
-421.544
-422.052
-422.541
-423.013
-423.466
-423.901
-424.317
-424.715
-425.095
-425.456
-425.798
-426.121
-426.424
-426.707
-426.969
-427.209
-427.427
-427.622
-427.792
-427.938
-428.058
-428.151
-428.216
-428.253
-428.259
-428.235
-428.177
-428.085
-427.958
-427.792
-427.587
-427.338
-427.043
-426.695
-426.286
-425.803
-425.221
-424.501
-423.599
-422.504
-421.263
-419.939
-418.577
-417.198
-415.811
-414.42
-413.025
-411.627
-410.224
-408.813
-407.394
-405.964
-404.522
-403.066
-401.595
-400.107
-398.601
-397.075
-395.529
-393.96
-392.368
-390.751
-389.107
-387.434
-385.73
-383.992
-382.217
-380.402
-378.543
-376.637
-374.678
-372.663
-370.588
-368.446
-374.813
-376.443
-378.033
-379.586
-381.101
-382.582
-384.029
-385.443
-386.825
-388.176
-389.497
-390.789
-392.053
-393.289
-394.497
-395.678
-396.834
-397.964
-399.068
-400.148
-401.203
-402.236
-403.245
-404.232
-405.197
-406.141
-407.066
-407.97
-408.856
-409.723
-410.571
-411.402
-412.215
-413.01
-413.787
-414.546
-415.287
-416.008
-416.71
-417.392
-418.054
-418.695
-419.315
-419.915
-420.494
-421.052
-421.589
-422.106
-422.603
-423.08
-423.536
-423.973
-424.389
-424.786
-425.162
-425.519
-425.854
-426.169
-426.462
-426.732
-426.98
-427.203
-427.402
-427.575
-427.72
-427.837
-427.924
-427.981
-428.006
-427.997
-427.955
-427.876
-427.761
-427.607
-427.413
-427.178
-426.9
-426.576
-426.206
-425.785
-425.31
-424.776
-424.175
-423.493
-422.71
-421.806
-420.771
-419.628
-418.413
-417.155
-415.872
-414.571
-413.258
-411.934
-410.601
-409.257
-407.901
-406.534
-405.152
-403.756
-402.344
-400.915
-399.468
-398.001
-396.514
-395.005
-393.474
-391.919
-390.338
-388.731
-387.094
-385.425
-383.722
-381.981
-380.199
-378.371
-376.496
-374.566
-372.581
-370.534
-368.422
-375.084
-376.725
-378.326
-379.889
-381.415
-382.907
-384.364
-385.788
-387.18
-388.541
-389.872
-391.174
-392.447
-393.693
-394.91
-396.101
-397.266
-398.405
-399.519
-400.608
-401.673
-402.714
-403.733
-404.73
-405.705
-406.659
-407.594
-408.509
-409.405
-410.282
-411.142
-411.984
-412.808
-413.614
-414.402
-415.171
-415.921
-416.651
-417.36
-418.048
-418.713
-419.356
-419.976
-420.573
-421.147
-421.698
-422.227
-422.733
-423.217
-423.678
-424.118
-424.535
-424.931
-425.304
-425.656
-425.984
-426.29
-426.572
-426.829
-427.062
-427.267
-427.446
-427.595
-427.715
-427.802
-427.856
-427.876
-427.86
-427.807
-427.716
-427.586
-427.416
-427.205
-426.953
-426.659
-426.321
-425.94
-425.513
-425.041
-424.521
-423.952
-423.329
-422.649
-421.904
-421.084
-420.181
-419.192
-418.125
-416.998
-415.829
-414.629
-413.406
-412.164
-410.905
-409.632
-408.343
-407.04
-405.721
-404.386
-403.033
-401.663
-400.274
-398.866
-397.438
-395.988
-394.516
-393.022
-391.503
-389.959
-388.386
-386.785
-385.151
-383.482
-381.774
-380.023
-378.226
-376.379
-374.478
-372.519
-370.5
-368.414
-375.35
-377.002
-378.615
-380.189
-381.727
-383.229
-384.698
-386.133
-387.536
-388.908
-390.25
-391.563
-392.847
-394.103
-395.332
-396.533
-397.709
-398.858
-399.983
-401.083
-402.159
-403.212
-404.242
-405.251
-406.238
-407.205
-408.152
-409.081
-409.99
-410.882
-411.756
-412.613
-413.452
-414.273
-415.076
-415.86
-416.623
-417.366
-418.086
-418.782
-419.454
-420.1
-420.72
-421.315
-421.884
-422.427
-422.946
-423.439
-423.907
-424.351
-424.77
-425.165
-425.535
-425.88
-426.2
-426.495
-426.764
-427.006
-427.22
-427.406
-427.562
-427.685
-427.776
-427.832
-427.852
-427.833
-427.776
-427.68
-427.542
-427.363
-427.144
-426.883
-426.581
-426.238
-425.855
-425.431
-424.967
-424.461
-423.914
-423.325
-422.693
-422.014
-421.288
-420.509
-419.674
-418.778
-417.821
-416.806
-415.744
-414.642
-413.509
-412.349
-411.167
-409.964
-408.743
-407.504
-406.247
-404.972
-403.678
-402.366
-401.034
-399.683
-398.311
-396.919
-395.505
-394.068
-392.608
-391.125
-389.615
-388.078
-386.51
-384.911
-383.274
-381.598
-379.877
-378.11
-376.289
-374.415
-372.48
-370.484
-368.423
-375.613
-377.278
-378.903
-380.489
-382.039
-383.554
-385.034
-386.481
-387.896
-389.281
-390.635
-391.959
-393.255
-394.524
-395.764
-396.978
-398.166
-399.328
-400.465
-401.578
-402.667
-403.734
-404.778
-405.801
-406.803
-407.786
-408.749
-409.694
-410.621
-411.531
-412.424
-413.3
-414.159
-415.001
-415.824
-416.627
-417.41
-418.17
-418.906
-419.615
-420.295
-420.947
-421.569
-422.161
-422.724
-423.258
-423.763
-424.24
-424.689
-425.11
-425.503
-425.869
-426.206
-426.515
-426.796
-427.048
-427.27
-427.462
-427.622
-427.75
-427.844
-427.902
-427.922
-427.904
-427.847
-427.748
-427.609
-427.428
-427.206
-426.943
-426.641
-426.299
-425.919
-425.503
-425.049
-424.56
-424.034
-423.473
-422.875
-422.241
-421.569
-420.858
-420.106
-419.312
-418.472
-417.585
-416.652
-415.675
-414.657
-413.604
-412.521
-411.411
-410.277
-409.12
-407.943
-406.746
-405.529
-404.291
-403.035
-401.758
-400.462
-399.144
-397.805
-396.446
-395.064
-393.661
-392.235
-390.784
-389.308
-387.804
-386.271
-384.703
-383.099
-381.453
-379.761
-378.021
-376.226
-374.374
-372.462
-370.489
-368.449
-375.876
-377.554
-379.193
-380.792
-382.355
-383.883
-385.376
-386.836
-388.264
-389.662
-391.029
-392.367
-393.676
-394.958
-396.212
-397.44
-398.642
-399.818
-400.97
-402.098
-403.203
-404.285
-405.346
-406.386
-407.407
-408.408
-409.391
-410.357
-411.306
-412.239
-413.156
-414.057
-414.941
-415.809
-416.659
-417.49
-418.299
-419.085
-419.842
-420.57
-421.264
-421.923
-422.546
-423.134
-423.688
-424.208
-424.695
-425.15
-425.572
-425.963
-426.321
-426.647
-426.941
-427.202
-427.431
-427.627
-427.79
-427.918
-428.011
-428.068
-428.088
-428.069
-428.01
-427.912
-427.772
-427.593
-427.373
-427.113
-426.815
-426.48
-426.108
-425.702
-425.262
-424.789
-424.284
-423.747
-423.179
-422.579
-421.948
-421.284
-420.588
-419.857
-419.092
-418.29
-417.451
-416.574
-415.66
-414.709
-413.723
-412.706
-411.66
-410.588
-409.492
-408.372
-407.231
-406.068
-404.885
-403.681
-402.456
-401.21
-399.944
-398.656
-397.348
-396.018
-394.667
-393.294
-391.898
-390.479
-389.035
-387.564
-386.062
-384.526
-382.953
-381.336
-379.672
-377.956
-376.186
-374.356
-372.464
-370.51
-368.491
-376.143
-377.835
-379.487
-381.101
-382.678
-384.219
-385.726
-387.201
-388.643
-390.055
-391.436
-392.789
-394.113
-395.409
-396.679
-397.922
-399.14
-400.332
-401.501
-402.646
-403.769
-404.87
-405.951
-407.012
-408.054
-409.078
-410.085
-411.076
-412.052
-413.013
-413.959
-414.892
-415.809
-416.712
-417.598
-418.465
-419.311
-420.131
-420.921
-421.674
-422.385
-423.053
-423.676
-424.256
-424.794
-425.292
-425.752
-426.174
-426.558
-426.905
-427.215
-427.487
-427.722
-427.921
-428.082
-428.207
-428.295
-428.346
-428.359
-428.334
-428.271
-428.17
-428.029
-427.85
-427.633
-427.379
-427.088
-426.762
-426.401
-426.007
-425.582
-425.126
-424.64
-424.126
-423.583
-423.013
-422.414
-421.788
-421.133
-420.45
-419.738
-418.996
-418.223
-417.419
-416.583
-415.714
-414.814
-413.882
-412.92
-411.929
-410.911
-409.868
-408.801
-407.711
-406.599
-405.465
-404.309
-403.132
-401.935
-400.716
-399.476
-398.216
-396.934
-395.632
-394.308
-392.963
-391.596
-390.206
-388.792
-387.351
-385.88
-384.375
-382.831
-381.242
-379.605
-377.914
-376.165
-374.356
-372.484
-370.548
-368.547
-376.416
-378.122
-379.789
-381.418
-383.009
-384.565
-386.087
-387.577
-389.035
-390.462
-391.859
-393.227
-394.567
-395.88
-397.167
-398.427
-399.663
-400.874
-402.061
-403.227
-404.37
-405.493
-406.596
-407.681
-408.748
-409.799
-410.835
-411.856
-412.863
-413.858
-414.841
-415.812
-416.771
-417.717
-418.649
-419.565
-420.461
-421.33
-422.165
-422.954
-423.69
-424.365
-424.982
-425.543
-426.053
-426.515
-426.931
-427.303
-427.631
-427.916
-428.158
-428.357
-428.516
-428.633
-428.711
-428.751
-428.752
-428.716
-428.643
-428.534
-428.388
-428.206
-427.99
-427.738
-427.453
-427.135
-426.785
-426.404
-425.994
-425.554
-425.087
-424.593
-424.073
-423.528
-422.957
-422.361
-421.74
-421.095
-420.423
-419.726
-419.003
-418.253
-417.476
-416.671
-415.838
-414.977
-414.087
-413.169
-412.224
-411.253
-410.257
-409.237
-408.193
-407.126
-406.037
-404.926
-403.794
-402.641
-401.466
-400.27
-399.053
-397.816
-396.558
-395.28
-393.981
-392.662
-391.322
-389.96
-388.574
-387.161
-385.72
-384.244
-382.728
-381.168
-379.556
-377.889
-376.161
-374.371
-372.516
-370.597
-368.612
-376.696
-378.418
-380.1
-381.744
-383.351
-384.923
-386.461
-387.967
-389.441
-390.884
-392.298
-393.684
-395.041
-396.372
-397.677
-398.956
-400.211
-401.443
-402.652
-403.839
-405.006
-406.153
-407.282
-408.394
-409.49
-410.571
-411.639
-412.695
-413.74
-414.774
-415.8
-416.817
-417.826
-418.826
-419.816
-420.795
-421.757
-422.693
-423.592
-424.435
-425.201
-425.881
-426.477
-427
-427.459
-427.86
-428.207
-428.504
-428.751
-428.95
-429.102
-429.21
-429.274
-429.298
-429.282
-429.23
-429.141
-429.018
-428.861
-428.672
-428.45
-428.197
-427.913
-427.6
-427.258
-426.887
-426.489
-426.064
-425.613
-425.137
-424.637
-424.113
-423.566
-422.996
-422.403
-421.788
-421.149
-420.488
-419.804
-419.097
-418.365
-417.61
-416.829
-416.024
-415.193
-414.337
-413.455
-412.548
-411.617
-410.661
-409.681
-408.678
-407.652
-406.604
-405.534
-404.443
-403.33
-402.196
-401.041
-399.865
-398.669
-397.452
-396.214
-394.958
-393.682
-392.385
-391.069
-389.733
-388.374
-386.989
-385.575
-384.127
-382.64
-381.106
-379.52
-377.876
-376.17
-374.398
-372.561
-370.657
-368.688
-376.985
-378.723
-380.422
-382.082
-383.706
-385.294
-386.849
-388.371
-389.862
-391.323
-392.755
-394.159
-395.535
-396.885
-398.209
-399.509
-400.785
-402.039
-403.271
-404.482
-405.674
-406.848
-408.004
-409.146
-410.274
-411.389
-412.492
-413.587
-414.673
-415.752
-416.826
-417.896
-418.962
-420.025
-421.085
-422.139
-423.183
-424.208
-425.195
-426.112
-426.92
-427.597
-428.149
-428.601
-428.974
-429.279
-429.524
-429.715
-429.855
-429.946
-429.992
-429.995
-429.958
-429.884
-429.775
-429.633
-429.459
-429.256
-429.023
-428.763
-428.475
-428.161
-427.821
-427.455
-427.065
-426.65
-426.212
-425.751
-425.267
-424.761
-424.234
-423.685
-423.115
-422.525
-421.914
-421.282
-420.629
-419.956
-419.261
-418.544
-417.806
-417.046
-416.262
-415.457
-414.628
-413.775
-412.9
-412.001
-411.079
-410.134
-409.167
-408.178
-407.167
-406.134
-405.08
-404.004
-402.908
-401.79
-400.651
-399.493
-398.314
-397.115
-395.896
-394.659
-393.402
-392.127
-390.834
-389.52
-388.185
-386.826
-385.439
-384.019
-382.558
-381.052
-379.492
-377.872
-376.187
-374.434
-372.613
-370.724
-368.77
-377.283
-379.038
-380.754
-382.431
-384.071
-385.677
-387.249
-388.789
-390.298
-391.777
-393.227
-394.65
-396.045
-397.415
-398.76
-400.082
-401.38
-402.657
-403.912
-405.149
-406.367
-407.569
-408.756
-409.929
-411.089
-412.24
-413.382
-414.517
-415.646
-416.773
-417.898
-419.023
-420.151
-421.282
-422.417
-423.555
-424.693
-425.82
-426.913
-427.925
-428.786
-429.45
-429.93
-430.273
-430.519
-430.692
-430.805
-430.867
-430.882
-430.855
-430.789
-430.686
-430.55
-430.383
-430.187
-429.964
-429.715
-429.441
-429.143
-428.822
-428.477
-428.111
-427.723
-427.313
-426.882
-426.43
-425.958
-425.466
-424.954
-424.422
-423.871
-423.301
-422.712
-422.104
-421.478
-420.832
-420.166
-419.482
-418.778
-418.053
-417.309
-416.544
-415.759
-414.952
-414.124
-413.274
-412.403
-411.51
-410.596
-409.66
-408.703
-407.725
-406.725
-405.705
-404.663
-403.601
-402.518
-401.415
-400.291
-399.147
-397.983
-396.799
-395.597
-394.377
-393.138
-391.882
-390.608
-389.316
-388.004
-386.669
-385.308
-383.914
-382.48
-381.001
-379.467
-377.872
-376.209
-374.476
-372.672
-370.798
-368.857
-377.59
-379.362
-381.095
-382.789
-384.447
-386.07
-387.66
-389.217
-390.744
-392.242
-393.711
-395.153
-396.568
-397.959
-399.325
-400.667
-401.988
-403.288
-404.569
-405.831
-407.076
-408.306
-409.522
-410.726
-411.92
-413.106
-414.286
-415.461
-416.634
-417.807
-418.982
-420.162
-421.35
-422.546
-423.754
-424.973
-426.201
-427.428
-428.625
-429.732
-430.649
-431.298
-431.688
-431.896
-431.991
-432.012
-431.98
-431.905
-431.795
-431.651
-431.478
-431.278
-431.051
-430.801
-430.528
-430.234
-429.919
-429.584
-429.23
-428.856
-428.464
-428.053
-427.623
-427.176
-426.71
-426.226
-425.725
-425.205
-424.669
-424.114
-423.543
-422.954
-422.348
-421.724
-421.083
-420.425
-419.748
-419.054
-418.341
-417.61
-416.86
-416.091
-415.303
-414.495
-413.667
-412.819
-411.951
-411.063
-410.154
-409.226
-408.277
-407.307
-406.318
-405.308
-404.277
-403.227
-402.156
-401.064
-399.952
-398.821
-397.671
-396.501
-395.313
-394.107
-392.884
-391.645
-390.389
-389.116
-387.824
-386.511
-385.174
-383.806
-382.401
-380.949
-379.443
-377.873
-376.235
-374.521
-372.735
-370.875
-368.948
-377.903
-379.693
-381.442
-383.154
-384.829
-386.47
-388.077
-389.653
-391.198
-392.713
-394.201
-395.662
-397.097
-398.507
-399.893
-401.257
-402.6
-403.922
-405.227
-406.513
-407.784
-409.041
-410.285
-411.519
-412.745
-413.964
-415.178
-416.39
-417.602
-418.817
-420.037
-421.265
-422.503
-423.756
-425.024
-426.308
-427.607
-428.91
-430.185
-431.364
-432.327
-432.963
-433.271
-433.351
-433.299
-433.174
-433.005
-432.804
-432.578
-432.33
-432.062
-431.774
-431.469
-431.146
-430.806
-430.451
-430.079
-429.691
-429.288
-428.87
-428.436
-427.986
-427.521
-427.04
-426.544
-426.032
-425.505
-424.962
-424.403
-423.829
-423.239
-422.633
-422.012
-421.374
-420.72
-420.05
-419.364
-418.66
-417.939
-417.202
-416.446
-415.673
-414.882
-414.072
-413.244
-412.397
-411.532
-410.647
-409.744
-408.821
-407.879
-406.917
-405.936
-404.935
-403.914
-402.874
-401.813
-400.732
-399.631
-398.511
-397.372
-396.214
-395.038
-393.845
-392.637
-391.411
-390.171
-388.915
-387.642
-386.35
-385.035
-383.692
-382.314
-380.891
-379.413
-377.872
-376.257
-374.567
-372.798
-370.954
-369.04
-378.219
-380.025
-381.792
-383.521
-385.213
-386.871
-388.495
-390.088
-391.65
-393.183
-394.689
-396.167
-397.62
-399.049
-400.455
-401.839
-403.202
-404.545
-405.871
-407.18
-408.474
-409.755
-411.025
-412.285
-413.537
-414.784
-416.028
-417.27
-418.514
-419.762
-421.017
-422.281
-423.558
-424.85
-426.159
-427.485
-428.827
-430.172
-431.489
-432.706
-433.697
-434.33
-434.585
-434.566
-434.396
-434.15
-433.865
-433.557
-433.232
-432.894
-432.544
-432.182
-431.809
-431.424
-431.027
-430.618
-430.197
-429.765
-429.319
-428.862
-428.392
-427.908
-427.412
-426.903
-426.38
-425.843
-425.293
-424.729
-424.151
-423.558
-422.952
-422.33
-421.695
-421.044
-420.379
-419.698
-419.002
-418.29
-417.562
-416.818
-416.057
-415.28
-414.486
-413.675
-412.846
-412
-411.136
-410.255
-409.355
-408.437
-407.501
-406.546
-405.573
-404.58
-403.568
-402.537
-401.485
-400.414
-399.323
-398.212
-397.083
-395.936
-394.771
-393.589
-392.393
-391.18
-389.953
-388.712
-387.456
-386.182
-384.888
-383.569
-382.216
-380.822
-379.373
-377.86
-376.272
-374.605
-372.856
-371.029
-369.13
-378.532
-380.355
-382.138
-383.883
-385.592
-387.265
-388.906
-390.515
-392.093
-393.642
-395.164
-396.659
-398.129
-399.574
-400.997
-402.398
-403.779
-405.14
-406.484
-407.813
-409.126
-410.427
-411.717
-412.998
-414.271
-415.54
-416.806
-418.071
-419.337
-420.608
-421.886
-423.172
-424.471
-425.784
-427.113
-428.457
-429.815
-431.172
-432.5
-433.729
-434.737
-435.38
-435.612
-435.533
-435.279
-434.941
-434.564
-434.169
-433.764
-433.352
-432.933
-432.508
-432.077
-431.639
-431.193
-430.739
-430.276
-429.804
-429.322
-428.831
-428.329
-427.816
-427.293
-426.758
-426.211
-425.653
-425.082
-424.498
-423.903
-423.294
-422.672
-422.037
-421.388
-420.726
-420.049
-419.359
-418.654
-417.934
-417.199
-416.449
-415.684
-414.903
-414.106
-413.293
-412.463
-411.618
-410.756
-409.877
-408.981
-408.068
-407.137
-406.189
-405.223
-404.238
-403.234
-402.211
-401.169
-400.107
-399.024
-397.923
-396.802
-395.664
-394.509
-393.337
-392.151
-390.949
-389.735
-388.506
-387.263
-386.005
-384.729
-383.431
-382.102
-380.735
-379.314
-377.83
-376.27
-374.627
-372.9
-371.091
-369.208
-378.837
-380.676
-382.474
-384.234
-385.957
-387.646
-389.3
-390.924
-392.516
-394.08
-395.616
-397.125
-398.609
-400.068
-401.505
-402.92
-404.316
-405.692
-407.05
-408.393
-409.721
-411.037
-412.341
-413.637
-414.925
-416.208
-417.487
-418.766
-420.045
-421.328
-422.616
-423.911
-425.217
-426.535
-427.866
-429.21
-430.563
-431.914
-433.233
-434.461
-435.481
-436.145
-436.382
-436.275
-435.967
-435.563
-435.117
-434.654
-434.184
-433.711
-433.236
-432.758
-432.279
-431.795
-431.307
-430.814
-430.315
-429.809
-429.296
-428.775
-428.245
-427.707
-427.159
-426.601
-426.033
-425.455
-424.866
-424.265
-423.653
-423.03
-422.394
-421.746
-421.085
-420.412
-419.725
-419.026
-418.312
-417.585
-416.844
-416.088
-415.318
-414.533
-413.734
-412.919
-412.089
-411.244
-410.383
-409.507
-408.614
-407.706
-406.781
-405.84
-404.881
-403.905
-402.91
-401.896
-400.862
-399.808
-398.734
-397.641
-396.529
-395.398
-394.251
-393.089
-391.911
-390.72
-389.515
-388.297
-387.066
-385.82
-384.559
-383.277
-381.969
-380.624
-379.229
-377.772
-376.239
-374.622
-372.919
-371.131
-369.267
-379.125
-380.978
-382.79
-384.564
-386.3
-388.002
-389.669
-391.305
-392.91
-394.485
-396.032
-397.553
-399.048
-400.518
-401.966
-403.392
-404.797
-406.184
-407.552
-408.905
-410.243
-411.568
-412.881
-414.185
-415.48
-416.77
-418.056
-419.339
-420.622
-421.906
-423.195
-424.489
-425.791
-427.102
-428.423
-429.755
-431.092
-432.425
-433.728
-434.949
-435.981
-436.675
-436.938
-436.828
-436.49
-436.04
-435.541
-435.025
-434.503
-433.981
-433.459
-432.939
-432.418
-431.896
-431.372
-430.845
-430.315
-429.78
-429.239
-428.692
-428.138
-427.576
-427.007
-426.429
-425.842
-425.246
-424.64
-424.024
-423.397
-422.76
-422.112
-421.452
-420.78
-420.097
-419.401
-418.692
-417.971
-417.237
-416.49
-415.729
-414.955
-414.166
-413.364
-412.548
-411.717
-410.873
-410.013
-409.14
-408.251
-407.348
-406.43
-405.495
-404.545
-403.577
-402.592
-401.588
-400.563
-399.518
-398.453
-397.367
-396.262
-395.139
-394
-392.845
-391.676
-390.493
-389.297
-388.087
-386.864
-385.628
-384.376
-383.107
-381.813
-380.485
-379.111
-377.678
-376.17
-374.579
-372.9
-371.137
-369.296
-379.388
-381.254
-383.079
-384.864
-386.612
-388.324
-390.002
-391.648
-393.262
-394.846
-396.402
-397.931
-399.434
-400.912
-402.367
-403.8
-405.212
-406.604
-407.979
-409.336
-410.679
-412.007
-413.324
-414.63
-415.927
-417.217
-418.502
-419.783
-421.063
-422.342
-423.623
-424.908
-426.199
-427.496
-428.801
-430.113
-431.43
-432.742
-434.027
-435.239
-436.283
-437.014
-437.318
-437.225
-436.874
-436.393
-435.857
-435.299
-434.735
-434.173
-433.612
-433.055
-432.499
-431.945
-431.39
-430.835
-430.277
-429.715
-429.15
-428.58
-428.005
-427.423
-426.834
-426.238
-425.634
-425.022
-424.401
-423.771
-423.131
-422.481
-421.82
-421.15
-420.468
-419.775
-419.07
-418.354
-417.626
-416.885
-416.132
-415.366
-414.588
-413.796
-412.991
-412.174
-411.343
-410.499
-409.641
-408.771
-407.887
-406.989
-406.078
-405.152
-404.211
-403.255
-402.28
-401.287
-400.273
-399.238
-398.181
-397.102
-396.004
-394.888
-393.755
-392.608
-391.447
-390.272
-389.082
-387.879
-386.662
-385.43
-384.183
-382.919
-381.633
-380.317
-378.958
-377.544
-376.059
-374.492
-372.84
-371.103
-369.289
-379.619
-381.496
-383.331
-385.126
-386.883
-388.604
-390.29
-391.943
-393.564
-395.155
-396.717
-398.251
-399.758
-401.241
-402.699
-404.135
-405.55
-406.944
-408.32
-409.678
-411.021
-412.349
-413.664
-414.968
-416.262
-417.547
-418.826
-420.1
-421.371
-422.64
-423.91
-425.181
-426.456
-427.736
-429.022
-430.314
-431.608
-432.899
-434.166
-435.37
-436.426
-437.197
-437.552
-437.491
-437.142
-436.643
-436.078
-435.488
-434.89
-434.294
-433.702
-433.113
-432.528
-431.945
-431.364
-430.783
-430.201
-429.617
-429.03
-428.44
-427.845
-427.245
-426.639
-426.027
-425.407
-424.78
-424.145
-423.502
-422.849
-422.188
-421.517
-420.836
-420.144
-419.442
-418.73
-418.006
-417.271
-416.524
-415.765
-414.995
-414.213
-413.418
-412.611
-411.792
-410.961
-410.118
-409.263
-408.396
-407.517
-406.626
-405.723
-404.808
-403.879
-402.935
-401.974
-400.995
-399.994
-398.97
-397.921
-396.85
-395.757
-394.646
-393.52
-392.379
-391.225
-390.057
-388.873
-387.674
-386.459
-385.228
-383.98
-382.716
-381.431
-380.12
-378.772
-377.371
-375.905
-374.361
-372.735
-371.026
-369.242
-379.81
-381.695
-383.539
-385.341
-387.105
-388.832
-390.524
-392.182
-393.807
-395.402
-396.967
-398.503
-400.013
-401.496
-402.955
-404.391
-405.805
-407.198
-408.572
-409.927
-411.267
-412.59
-413.9
-415.198
-416.485
-417.763
-419.033
-420.296
-421.556
-422.812
-424.068
-425.323
-426.582
-427.843
-429.11
-430.381
-431.655
-432.925
-434.176
-435.372
-436.44
-437.252
-437.664
-437.646
-437.312
-436.805
-436.219
-435.603
-434.978
-434.354
-433.734
-433.118
-432.507
-431.9
-431.295
-430.692
-430.089
-429.485
-428.879
-428.27
-427.658
-427.041
-426.419
-425.792
-425.158
-424.518
-423.87
-423.214
-422.551
-421.878
-421.197
-420.506
-419.806
-419.096
-418.376
-417.645
-416.903
-416.151
-415.387
-414.612
-413.826
-413.029
-412.22
-411.4
-410.569
-409.727
-408.875
-408.012
-407.139
-406.256
-405.364
-404.461
-403.546
-402.619
-401.675
-400.713
-399.727
-398.716
-397.677
-396.613
-395.524
-394.418
-393.296
-392.16
-391.011
-389.847
-388.667
-387.47
-386.254
-385.02
-383.768
-382.499
-381.21
-379.899
-378.555
-377.164
-375.713
-374.19
-372.588
-370.907
-369.154
-379.952
-381.845
-383.695
-385.503
-387.272
-389.003
-390.698
-392.359
-393.986
-395.582
-397.147
-398.683
-400.192
-401.674
-403.131
-404.564
-405.975
-407.364
-408.733
-410.084
-411.417
-412.734
-414.036
-415.326
-416.603
-417.871
-419.13
-420.382
-421.628
-422.871
-424.112
-425.352
-426.593
-427.837
-429.085
-430.337
-431.591
-432.843
-434.079
-435.269
-436.348
-437.198
-437.671
-437.706
-437.397
-436.889
-436.289
-435.653
-435.005
-434.357
-433.713
-433.074
-432.441
-431.812
-431.186
-430.563
-429.941
-429.318
-428.695
-428.07
-427.442
-426.81
-426.174
-425.533
-424.886
-424.233
-423.573
-422.907
-422.232
-421.55
-420.859
-420.159
-419.451
-418.733
-418.005
-417.267
-416.52
-415.762
-414.993
-414.214
-413.425
-412.625
-411.814
-410.993
-410.163
-409.322
-408.473
-407.615
-406.75
-405.876
-404.996
-404.109
-403.212
-402.305
-401.382
-400.441
-399.475
-398.479
-397.451
-396.392
-395.307
-394.201
-393.081
-391.947
-390.799
-389.636
-388.457
-387.26
-386.042
-384.803
-383.544
-382.267
-380.972
-379.657
-378.313
-376.93
-375.492
-373.987
-372.409
-370.755
-369.031
-380.042
-381.94
-383.794
-385.606
-387.378
-389.111
-390.808
-392.469
-394.096
-395.691
-397.255
-398.789
-400.295
-401.773
-403.226
-404.655
-406.06
-407.443
-408.806
-410.149
-411.475
-412.784
-414.077
-415.357
-416.625
-417.881
-419.129
-420.368
-421.602
-422.831
-424.056
-425.281
-426.506
-427.734
-428.964
-430.198
-431.435
-432.67
-433.893
-435.076
-436.165
-437.051
-437.586
-437.682
-437.406
-436.906
-436.297
-435.644
-434.977
-434.308
-433.643
-432.984
-432.331
-431.683
-431.039
-430.397
-429.758
-429.119
-428.48
-427.839
-427.196
-426.551
-425.901
-425.247
-424.589
-423.924
-423.253
-422.576
-421.892
-421.2
-420.5
-419.792
-419.075
-418.35
-417.615
-416.871
-416.118
-415.354
-414.581
-413.798
-413.005
-412.203
-411.391
-410.569
-409.739
-408.901
-408.055
-407.203
-406.346
-405.484
-404.618
-403.749
-402.875
-401.991
-401.094
-400.177
-399.233
-398.255
-397.237
-396.183
-395.097
-393.99
-392.866
-391.73
-390.579
-389.415
-388.235
-387.036
-385.816
-384.572
-383.306
-382.022
-380.719
-379.398
-378.054
-376.675
-375.247
-373.759
-372.203
-370.574
-368.875
-380.073
-381.975
-383.832
-385.647
-387.42
-389.154
-390.85
-392.51
-394.136
-395.728
-397.289
-398.819
-400.321
-401.795
-403.242
-404.665
-406.063
-407.44
-408.795
-410.13
-411.447
-412.747
-414.031
-415.301
-416.558
-417.803
-419.039
-420.266
-421.487
-422.703
-423.915
-425.125
-426.335
-427.547
-428.761
-429.979
-431.2
-432.42
-433.63
-434.808
-435.904
-436.823
-437.418
-437.58
-437.347
-436.861
-436.249
-435.583
-434.899
-434.212
-433.529
-432.852
-432.18
-431.514
-430.853
-430.195
-429.54
-428.886
-428.232
-427.578
-426.922
-426.263
-425.601
-424.935
-424.265
-423.59
-422.909
-422.221
-421.528
-420.827
-420.118
-419.402
-418.678
-417.945
-417.204
-416.454
-415.695
-414.926
-414.149
-413.362
-412.566
-411.761
-410.948
-410.126
-409.296
-408.46
-407.618
-406.772
-405.924
-405.075
-404.226
-403.378
-402.529
-401.672
-400.803
-399.912
-398.992
-398.032
-397.025
-395.972
-394.882
-393.768
-392.638
-391.494
-390.338
-389.17
-387.988
-386.788
-385.566
-384.319
-383.05
-381.76
-380.452
-379.126
-377.78
-376.405
-374.986
-373.512
-371.973
-370.365
-368.688
-380.044
-381.949
-383.807
-385.623
-387.396
-389.129
-390.824
-392.482
-394.104
-395.693
-397.25
-398.776
-400.272
-401.74
-403.181
-404.597
-405.989
-407.358
-408.705
-410.032
-411.34
-412.63
-413.905
-415.165
-416.411
-417.646
-418.871
-420.086
-421.295
-422.498
-423.697
-424.894
-426.09
-427.287
-428.487
-429.69
-430.896
-432.102
-433.3
-434.472
-435.574
-436.522
-437.176
-437.407
-437.224
-436.759
-436.148
-435.473
-434.775
-434.072
-433.372
-432.678
-431.99
-431.308
-430.631
-429.958
-429.288
-428.62
-427.953
-427.285
-426.616
-425.946
-425.272
-424.595
-423.914
-423.229
-422.538
-421.841
-421.138
-420.429
-419.712
-418.988
-418.257
-417.517
-416.769
-416.013
-415.249
-414.475
-413.693
-412.903
-412.104
-411.297
-410.482
-409.66
-408.831
-407.997
-407.159
-406.32
-405.481
-404.644
-403.813
-402.987
-402.163
-401.335
-400.493
-399.63
-398.733
-397.789
-396.79
-395.736
-394.641
-393.518
-392.378
-391.225
-390.063
-388.892
-387.71
-386.51
-385.287
-384.04
-382.769
-381.476
-380.166
-378.839
-377.492
-376.119
-374.707
-373.244
-371.719
-370.126
-368.467
-379.954
-381.859
-383.719
-385.534
-387.306
-389.037
-390.73
-392.385
-394.004
-395.589
-397.141
-398.661
-400.152
-401.614
-403.049
-404.457
-405.842
-407.203
-408.542
-409.86
-411.16
-412.441
-413.707
-414.957
-416.193
-417.418
-418.632
-419.836
-421.033
-422.225
-423.411
-424.596
-425.779
-426.963
-428.149
-429.338
-430.531
-431.724
-432.911
-434.076
-435.183
-436.156
-436.864
-437.167
-437.04
-436.603
-435.997
-435.316
-434.606
-433.889
-433.174
-432.464
-431.761
-431.064
-430.373
-429.686
-429.002
-428.321
-427.641
-426.961
-426.28
-425.598
-424.914
-424.226
-423.535
-422.84
-422.139
-421.433
-420.722
-420.004
-419.28
-418.548
-417.81
-417.064
-416.31
-415.548
-414.778
-414
-413.213
-412.419
-411.617
-410.808
-409.992
-409.169
-408.341
-407.51
-406.676
-405.842
-405.012
-404.188
-403.374
-402.568
-401.767
-400.963
-400.147
-399.307
-398.429
-397.498
-396.505
-395.452
-394.354
-393.223
-392.073
-390.91
-389.742
-388.571
-387.39
-386.192
-384.972
-383.726
-382.458
-381.168
-379.858
-378.532
-377.186
-375.815
-374.406
-372.95
-371.434
-369.853
-368.205
-379.801
-381.707
-383.566
-385.38
-387.151
-388.881
-390.57
-392.222
-393.837
-395.417
-396.964
-398.48
-399.964
-401.42
-402.848
-404.25
-405.627
-406.98
-408.312
-409.622
-410.913
-412.186
-413.442
-414.683
-415.911
-417.125
-418.329
-419.523
-420.71
-421.89
-423.066
-424.238
-425.41
-426.581
-427.755
-428.931
-430.11
-431.291
-432.468
-433.627
-434.737
-435.731
-436.488
-436.863
-436.799
-436.396
-435.801
-435.116
-434.396
-433.666
-432.936
-432.212
-431.495
-430.784
-430.079
-429.379
-428.683
-427.989
-427.296
-426.605
-425.913
-425.22
-424.525
-423.827
-423.126
-422.421
-421.712
-420.998
-420.278
-419.552
-418.82
-418.081
-417.336
-416.583
-415.823
-415.055
-414.28
-413.497
-412.707
-411.909
-411.104
-410.293
-409.475
-408.652
-407.825
-406.995
-406.165
-405.337
-404.515
-403.702
-402.901
-402.112
-401.33
-400.547
-399.75
-398.927
-398.062
-397.141
-396.155
-395.109
-394.011
-392.876
-391.717
-390.546
-389.373
-388.202
-387.026
-385.831
-384.614
-383.375
-382.112
-380.827
-379.523
-378.199
-376.855
-375.484
-374.077
-372.624
-371.113
-369.539
-367.899
-379.587
-381.494
-383.352
-385.165
-386.934
-388.661
-390.348
-391.996
-393.607
-395.183
-396.725
-398.235
-399.714
-401.163
-402.585
-403.98
-405.35
-406.696
-408.02
-409.323
-410.606
-411.871
-413.119
-414.351
-415.569
-416.775
-417.969
-419.153
-420.33
-421.5
-422.665
-423.826
-424.986
-426.146
-427.308
-428.472
-429.639
-430.808
-431.975
-433.127
-434.238
-435.25
-436.053
-436.497
-436.501
-436.139
-435.558
-434.873
-434.144
-433.403
-432.661
-431.923
-431.192
-430.468
-429.75
-429.037
-428.329
-427.623
-426.919
-426.216
-425.514
-424.81
-424.105
-423.398
-422.687
-421.973
-421.255
-420.532
-419.804
-419.071
-418.331
-417.585
-416.833
-416.074
-415.308
-414.535
-413.754
-412.967
-412.172
-411.37
-410.562
-409.749
-408.929
-408.106
-407.28
-406.452
-405.625
-404.803
-403.987
-403.183
-402.392
-401.616
-400.849
-400.08
-399.298
-398.486
-397.631
-396.719
-395.743
-394.705
-393.613
-392.478
-391.314
-390.137
-388.962
-387.791
-386.617
-385.426
-384.215
-382.982
-381.728
-380.451
-379.151
-377.831
-376.489
-375.118
-373.711
-372.259
-370.75
-369.179
-367.544
-379.314
-381.221
-383.079
-384.89
-386.657
-388.382
-390.065
-391.71
-393.317
-394.888
-396.426
-397.93
-399.404
-400.847
-402.263
-403.652
-405.015
-406.355
-407.671
-408.967
-410.242
-411.499
-412.739
-413.964
-415.173
-416.37
-417.556
-418.731
-419.898
-421.058
-422.213
-423.364
-424.514
-425.662
-426.813
-427.965
-429.121
-430.278
-431.435
-432.58
-433.691
-434.718
-435.56
-436.072
-436.148
-435.833
-435.272
-434.588
-433.853
-433.101
-432.347
-431.597
-430.853
-430.117
-429.386
-428.661
-427.941
-427.223
-426.508
-425.795
-425.082
-424.368
-423.653
-422.936
-422.217
-421.494
-420.767
-420.036
-419.3
-418.559
-417.812
-417.059
-416.3
-415.535
-414.763
-413.984
-413.198
-412.406
-411.607
-410.802
-409.991
-409.174
-408.354
-407.53
-406.704
-405.878
-405.055
-404.236
-403.427
-402.63
-401.848
-401.08
-400.322
-399.565
-398.792
-397.99
-397.143
-396.24
-395.274
-394.247
-393.163
-392.033
-390.871
-389.693
-388.517
-387.345
-386.171
-384.981
-383.774
-382.548
-381.301
-380.031
-378.738
-377.422
-376.082
-374.71
-373.301
-371.846
-370.337
-368.768
-367.138
-378.985
-380.891
-382.748
-384.559
-386.324
-388.046
-389.726
-391.367
-392.971
-394.538
-396.071
-397.57
-399.039
-400.477
-401.887
-403.27
-404.627
-405.96
-407.27
-408.559
-409.827
-411.077
-412.309
-413.526
-414.728
-415.916
-417.093
-418.26
-419.418
-420.569
-421.714
-422.855
-423.994
-425.133
-426.272
-427.413
-428.558
-429.705
-430.851
-431.989
-433.099
-434.136
-435.013
-435.589
-435.739
-435.478
-434.941
-434.263
-433.523
-432.762
-431.996
-431.234
-430.478
-429.729
-428.987
-428.25
-427.518
-426.79
-426.064
-425.34
-424.617
-423.893
-423.169
-422.443
-421.714
-420.983
-420.247
-419.508
-418.764
-418.016
-417.262
-416.502
-415.736
-414.964
-414.186
-413.402
-412.611
-411.814
-411.01
-410.201
-409.387
-408.568
-407.746
-406.921
-406.096
-405.272
-404.451
-403.638
-402.834
-402.044
-401.269
-400.508
-399.756
-399.005
-398.239
-397.444
-396.605
-395.711
-394.755
-393.738
-392.665
-391.545
-390.391
-389.22
-388.045
-386.87
-385.69
-384.498
-383.291
-382.07
-380.829
-379.565
-378.279
-376.968
-375.629
-374.255
-372.842
-371.383
-369.872
-368.304
-366.675
-378.601
-380.508
-382.364
-384.173
-385.936
-387.656
-389.334
-390.972
-392.572
-394.135
-395.664
-397.159
-398.622
-400.056
-401.46
-402.837
-404.189
-405.515
-406.819
-408.101
-409.363
-410.606
-411.831
-413.04
-414.235
-415.415
-416.584
-417.743
-418.892
-420.034
-421.17
-422.302
-423.431
-424.559
-425.688
-426.818
-427.952
-429.088
-430.225
-431.355
-432.462
-433.508
-434.415
-435.05
-435.275
-435.073
-434.567
-433.897
-433.155
-432.385
-431.608
-430.835
-430.067
-429.306
-428.552
-427.804
-427.061
-426.321
-425.585
-424.851
-424.118
-423.385
-422.651
-421.916
-421.178
-420.438
-419.695
-418.947
-418.196
-417.44
-416.678
-415.912
-415.139
-414.361
-413.577
-412.787
-411.99
-411.188
-410.38
-409.567
-408.75
-407.928
-407.104
-406.278
-405.453
-404.631
-403.813
-403.004
-402.207
-401.423
-400.656
-399.902
-399.155
-398.407
-397.645
-396.854
-396.02
-395.133
-394.187
-393.181
-392.121
-391.016
-389.876
-388.715
-387.542
-386.362
-385.174
-383.975
-382.766
-381.545
-380.309
-379.053
-377.773
-376.466
-375.127
-373.751
-372.332
-370.867
-369.352
-367.782
-366.154
-378.166
-380.073
-381.929
-383.737
-385.498
-387.216
-388.892
-390.527
-392.123
-393.683
-395.208
-396.698
-398.157
-399.586
-400.985
-402.357
-403.703
-405.024
-406.322
-407.598
-408.853
-410.09
-411.308
-412.51
-413.697
-414.87
-416.031
-417.182
-418.323
-419.456
-420.583
-421.706
-422.825
-423.943
-425.062
-426.182
-427.305
-428.431
-429.558
-430.68
-431.783
-432.835
-433.767
-434.456
-434.756
-434.619
-434.148
-433.491
-432.747
-431.97
-431.184
-430.399
-429.619
-428.847
-428.081
-427.322
-426.568
-425.818
-425.072
-424.327
-423.584
-422.842
-422.099
-421.354
-420.608
-419.86
-419.108
-418.353
-417.593
-416.83
-416.061
-415.287
-414.508
-413.724
-412.933
-412.137
-411.336
-410.528
-409.716
-408.899
-408.077
-407.253
-406.426
-405.599
-404.774
-403.953
-403.138
-402.334
-401.543
-400.767
-400.008
-399.262
-398.522
-397.776
-397.014
-396.223
-395.392
-394.509
-393.571
-392.577
-391.532
-390.442
-389.317
-388.166
-386.995
-385.809
-384.612
-383.406
-382.192
-380.971
-379.739
-378.49
-377.218
-375.916
-374.576
-373.196
-371.77
-370.298
-368.776
-367.203
-365.574
-377.683
-379.59
-381.445
-383.252
-385.012
-386.728
-388.402
-390.034
-391.628
-393.184
-394.705
-396.192
-397.647
-399.071
-400.465
-401.832
-403.173
-404.488
-405.781
-407.051
-408.3
-409.53
-410.742
-411.937
-413.117
-414.283
-415.436
-416.579
-417.711
-418.836
-419.955
-421.068
-422.178
-423.287
-424.395
-425.505
-426.618
-427.733
-428.85
-429.964
-431.063
-432.119
-433.072
-433.809
-434.181
-434.113
-433.685
-433.043
-432.301
-431.517
-430.722
-429.926
-429.135
-428.351
-427.574
-426.804
-426.039
-425.279
-424.522
-423.768
-423.015
-422.263
-421.511
-420.758
-420.003
-419.246
-418.486
-417.723
-416.956
-416.184
-415.409
-414.628
-413.842
-413.051
-412.254
-411.452
-410.645
-409.832
-409.015
-408.193
-407.368
-406.54
-405.711
-404.882
-404.056
-403.236
-402.424
-401.624
-400.839
-400.072
-399.323
-398.586
-397.853
-397.11
-396.346
-395.553
-394.72
-393.839
-392.907
-391.925
-390.895
-389.82
-388.706
-387.56
-386.388
-385.197
-383.993
-382.78
-381.563
-380.344
-379.118
-377.877
-376.612
-375.313
-373.973
-372.588
-371.156
-369.675
-368.145
-366.564
-364.93
-377.153
-379.06
-380.916
-382.722
-384.481
-386.195
-387.867
-389.497
-391.088
-392.641
-394.158
-395.642
-397.092
-398.512
-399.902
-401.264
-402.6
-403.91
-405.197
-406.461
-407.704
-408.928
-410.133
-411.322
-412.495
-413.654
-414.8
-415.934
-417.059
-418.176
-419.286
-420.39
-421.491
-422.59
-423.689
-424.789
-425.891
-426.996
-428.103
-429.209
-430.302
-431.36
-432.33
-433.11
-433.552
-433.557
-433.176
-432.554
-431.815
-431.027
-430.222
-429.416
-428.614
-427.819
-427.031
-426.25
-425.474
-424.703
-423.936
-423.172
-422.41
-421.648
-420.887
-420.125
-419.361
-418.596
-417.828
-417.057
-416.282
-415.503
-414.72
-413.932
-413.139
-412.341
-411.538
-410.73
-409.917
-409.099
-408.276
-407.449
-406.62
-405.788
-404.956
-404.125
-403.297
-402.477
-401.667
-400.871
-400.092
-399.334
-398.594
-397.866
-397.138
-396.397
-395.631
-394.833
-393.996
-393.117
-392.192
-391.221
-390.204
-389.139
-388.029
-386.883
-385.707
-384.511
-383.301
-382.087
-380.871
-379.657
-378.439
-377.207
-375.949
-374.654
-373.314
-371.924
-370.485
-368.994
-367.454
-365.864
-364.222
-376.58
-378.487
-380.342
-382.148
-383.906
-385.619
-387.289
-388.917
-390.505
-392.055
-393.57
-395.049
-396.496
-397.912
-399.297
-400.655
-401.986
-403.291
-404.572
-405.831
-407.068
-408.286
-409.485
-410.667
-411.833
-412.984
-414.123
-415.25
-416.367
-417.476
-418.577
-419.673
-420.765
-421.855
-422.943
-424.033
-425.125
-426.22
-427.318
-428.414
-429.502
-430.559
-431.542
-432.359
-432.867
-432.947
-432.619
-432.023
-431.29
-430.497
-429.684
-428.868
-428.055
-427.249
-426.45
-425.658
-424.872
-424.091
-423.313
-422.539
-421.767
-420.996
-420.226
-419.455
-418.683
-417.909
-417.132
-416.353
-415.57
-414.784
-413.993
-413.198
-412.398
-411.594
-410.784
-409.97
-409.15
-408.326
-407.498
-406.666
-405.831
-404.995
-404.159
-403.325
-402.495
-401.674
-400.864
-400.071
-399.297
-398.545
-397.813
-397.091
-396.365
-395.623
-394.853
-394.05
-393.211
-392.332
-391.412
-390.449
-389.439
-388.379
-387.27
-386.119
-384.938
-383.739
-382.529
-381.317
-380.108
-378.903
-377.695
-376.472
-375.222
-373.931
-372.591
-371.197
-369.75
-368.249
-366.698
-365.097
-363.446
-375.964
-377.872
-379.727
-381.533
-383.29
-385.002
-386.669
-388.295
-389.881
-391.429
-392.94
-394.416
-395.859
-397.271
-398.652
-400.005
-401.331
-402.631
-403.907
-405.16
-406.392
-407.604
-408.796
-409.972
-411.131
-412.276
-413.407
-414.527
-415.636
-416.737
-417.829
-418.917
-419.999
-421.08
-422.159
-423.239
-424.321
-425.405
-426.493
-427.58
-428.661
-429.717
-430.71
-431.558
-432.128
-432.283
-432.015
-431.448
-430.724
-429.929
-429.108
-428.282
-427.459
-426.641
-425.831
-425.028
-424.231
-423.44
-422.652
-421.868
-421.087
-420.306
-419.527
-418.747
-417.966
-417.183
-416.398
-415.611
-414.82
-414.026
-413.228
-412.425
-411.618
-410.807
-409.99
-409.169
-408.343
-407.513
-406.679
-405.841
-405.001
-404.16
-403.319
-402.481
-401.648
-400.824
-400.013
-399.219
-398.447
-397.698
-396.968
-396.247
-395.52
-394.773
-393.998
-393.191
-392.35
-391.471
-390.554
-389.594
-388.586
-387.525
-386.414
-385.26
-384.078
-382.879
-381.673
-380.469
-379.271
-378.077
-376.879
-375.665
-374.421
-373.133
-371.793
-370.395
-368.94
-367.429
-365.867
-364.257
-362.599
-375.308
-377.216
-379.072
-380.877
-382.634
-384.344
-386.01
-387.634
-389.218
-390.762
-392.271
-393.744
-395.183
-396.591
-397.968
-399.316
-400.638
-401.933
-403.203
-404.451
-405.677
-406.882
-408.069
-409.238
-410.391
-411.528
-412.652
-413.765
-414.866
-415.958
-417.043
-418.121
-419.195
-420.266
-421.336
-422.406
-423.477
-424.552
-425.629
-426.707
-427.78
-428.834
-429.833
-430.709
-431.334
-431.565
-431.36
-430.829
-430.116
-429.321
-428.493
-427.657
-426.823
-425.995
-425.174
-424.36
-423.552
-422.75
-421.953
-421.159
-420.367
-419.577
-418.788
-417.999
-417.209
-416.418
-415.625
-414.829
-414.03
-413.228
-412.422
-411.612
-410.797
-409.979
-409.155
-408.327
-407.495
-406.658
-405.817
-404.974
-404.128
-403.281
-402.434
-401.591
-400.753
-399.924
-399.109
-398.313
-397.538
-396.786
-396.052
-395.325
-394.591
-393.837
-393.057
-392.247
-391.405
-390.528
-389.611
-388.651
-387.64
-386.576
-385.463
-384.311
-383.131
-381.937
-380.74
-379.547
-378.36
-377.176
-375.987
-374.78
-373.539
-372.251
-370.909
-369.506
-368.044
-366.524
-364.954
-363.336
-361.675
-374.612
-376.522
-378.378
-380.182
-381.938
-383.647
-385.312
-386.934
-388.515
-390.057
-391.563
-393.032
-394.468
-395.872
-397.245
-398.589
-399.905
-401.195
-402.461
-403.703
-404.923
-406.123
-407.303
-408.465
-409.611
-410.742
-411.859
-412.963
-414.057
-415.141
-416.217
-417.287
-418.352
-419.413
-420.474
-421.534
-422.595
-423.659
-424.726
-425.795
-426.86
-427.909
-428.913
-429.81
-430.486
-430.79
-430.654
-430.164
-429.466
-428.672
-427.838
-426.993
-426.148
-425.309
-424.477
-423.652
-422.833
-422.021
-421.213
-420.408
-419.607
-418.808
-418.009
-417.211
-416.412
-415.612
-414.81
-414.006
-413.199
-412.388
-411.574
-410.757
-409.935
-409.108
-408.278
-407.442
-406.603
-405.759
-404.912
-404.062
-403.209
-402.355
-401.503
-400.652
-399.808
-398.973
-398.151
-397.347
-396.564
-395.803
-395.058
-394.319
-393.574
-392.811
-392.026
-391.216
-390.375
-389.501
-388.585
-387.623
-386.609
-385.544
-384.432
-383.284
-382.111
-380.926
-379.739
-378.555
-377.377
-376.2
-375.016
-373.811
-372.569
-371.279
-369.932
-368.523
-367.054
-365.528
-363.952
-362.331
-360.671
-373.879
-375.789
-377.645
-379.45
-381.205
-382.913
-384.576
-386.196
-387.775
-389.314
-390.817
-392.283
-393.715
-395.115
-396.484
-397.823
-399.135
-400.42
-401.68
-402.917
-404.131
-405.324
-406.498
-407.654
-408.793
-409.917
-411.026
-412.123
-413.209
-414.285
-415.353
-416.414
-417.469
-418.522
-419.572
-420.622
-421.674
-422.727
-423.784
-424.842
-425.899
-426.943
-427.949
-428.864
-429.584
-429.959
-429.895
-429.451
-428.773
-427.981
-427.142
-426.288
-425.433
-424.582
-423.739
-422.903
-422.073
-421.25
-420.432
-419.617
-418.806
-417.996
-417.188
-416.381
-415.573
-414.763
-413.953
-413.14
-412.324
-411.506
-410.684
-409.858
-409.028
-408.194
-407.356
-406.513
-405.666
-404.815
-403.961
-403.103
-402.244
-401.383
-400.523
-399.665
-398.813
-397.969
-397.137
-396.322
-395.526
-394.749
-393.987
-393.231
-392.471
-391.699
-390.911
-390.101
-389.264
-388.393
-387.48
-386.518
-385.504
-384.44
-383.333
-382.193
-381.03
-379.854
-378.675
-377.497
-376.324
-375.149
-373.964
-372.755
-371.51
-370.214
-368.861
-367.447
-365.971
-364.441
-362.863
-361.244
-359.587
-373.108
-375.019
-376.875
-378.679
-380.434
-382.141
-383.802
-385.42
-386.997
-388.534
-390.033
-391.496
-392.924
-394.32
-395.685
-397.019
-398.326
-399.606
-400.861
-402.092
-403.3
-404.487
-405.655
-406.804
-407.936
-409.053
-410.155
-411.244
-412.322
-413.39
-414.449
-415.501
-416.548
-417.591
-418.631
-419.671
-420.712
-421.755
-422.801
-423.85
-424.897
-425.935
-426.942
-427.87
-428.628
-429.07
-429.08
-428.688
-428.034
-427.247
-426.404
-425.541
-424.676
-423.814
-422.96
-422.112
-421.272
-420.437
-419.608
-418.783
-417.962
-417.143
-416.325
-415.507
-414.69
-413.872
-413.052
-412.23
-411.406
-410.579
-409.749
-408.915
-408.077
-407.235
-406.388
-405.538
-404.684
-403.825
-402.963
-402.098
-401.23
-400.361
-399.493
-398.626
-397.765
-396.91
-396.067
-395.237
-394.423
-393.626
-392.843
-392.067
-391.291
-390.509
-389.717
-388.908
-388.075
-387.208
-386.299
-385.341
-384.331
-383.273
-382.175
-381.044
-379.891
-378.724
-377.55
-376.374
-375.198
-374.018
-372.826
-371.61
-370.358
-369.058
-367.701
-366.282
-364.803
-363.271
-361.693
-360.076
-358.424
-372.301
-374.212
-376.069
-377.872
-379.626
-381.332
-382.992
-384.608
-386.182
-387.716
-389.212
-390.671
-392.096
-393.488
-394.848
-396.178
-397.48
-398.754
-400.004
-401.229
-402.431
-403.612
-404.773
-405.915
-407.04
-408.15
-409.244
-410.326
-411.395
-412.455
-413.505
-414.549
-415.586
-416.619
-417.65
-418.68
-419.711
-420.743
-421.779
-422.816
-423.855
-424.885
-425.89
-426.829
-427.619
-428.124
-428.209
-427.874
-427.248
-426.469
-425.623
-424.752
-423.876
-423.004
-422.138
-421.279
-420.427
-419.582
-418.742
-417.906
-417.074
-416.245
-415.417
-414.59
-413.763
-412.935
-412.106
-411.275
-410.442
-409.607
-408.767
-407.925
-407.079
-406.228
-405.374
-404.515
-403.653
-402.786
-401.916
-401.043
-400.167
-399.289
-398.412
-397.536
-396.663
-395.797
-394.939
-394.093
-393.26
-392.441
-391.634
-390.836
-390.042
-389.248
-388.45
-387.641
-386.812
-385.95
-385.047
-384.096
-383.095
-382.047
-380.959
-379.84
-378.696
-377.535
-376.362
-375.182
-373.997
-372.805
-371.6
-370.374
-369.116
-367.812
-366.453
-365.033
-363.553
-362.021
-360.445
-358.833
-357.187
-371.457
-373.369
-375.226
-377.029
-378.782
-380.486
-382.144
-383.758
-385.329
-386.86
-388.353
-389.809
-391.23
-392.617
-393.973
-395.298
-396.595
-397.864
-399.108
-400.327
-401.523
-402.698
-403.852
-404.987
-406.105
-407.207
-408.294
-409.368
-410.429
-411.48
-412.522
-413.556
-414.584
-415.608
-416.628
-417.648
-418.668
-419.69
-420.714
-421.741
-422.77
-423.792
-424.794
-425.74
-426.558
-427.118
-427.279
-427.006
-426.414
-425.645
-424.797
-423.919
-423.033
-422.149
-421.272
-420.401
-419.538
-418.681
-417.83
-416.984
-416.141
-415.301
-414.463
-413.626
-412.789
-411.952
-411.114
-410.274
-409.431
-408.587
-407.739
-406.887
-406.032
-405.173
-404.31
-403.443
-402.572
-401.697
-400.819
-399.937
-399.052
-398.165
-397.278
-396.392
-395.507
-394.628
-393.755
-392.891
-392.038
-391.197
-390.367
-389.546
-388.733
-387.925
-387.118
-386.305
-385.476
-384.618
-383.722
-382.78
-381.791
-380.757
-379.684
-378.576
-377.441
-376.282
-375.106
-373.917
-372.718
-371.509
-370.289
-369.051
-367.785
-366.478
-365.119
-363.701
-362.224
-360.694
-359.122
-357.514
-355.875
-370.578
-372.49
-374.346
-376.149
-377.901
-379.603
-381.259
-382.871
-384.44
-385.968
-387.457
-388.909
-390.326
-391.709
-393.06
-394.38
-395.671
-396.935
-398.173
-399.386
-400.576
-401.744
-402.891
-404.02
-405.13
-406.224
-407.304
-408.369
-409.422
-410.464
-411.497
-412.522
-413.541
-414.554
-415.565
-416.574
-417.584
-418.594
-419.608
-420.624
-421.642
-422.656
-423.653
-424.604
-425.444
-426.055
-426.289
-426.083
-425.529
-424.774
-423.926
-423.041
-422.145
-421.25
-420.36
-419.478
-418.603
-417.735
-416.873
-416.015
-415.162
-414.311
-413.463
-412.615
-411.769
-410.921
-410.073
-409.224
-408.372
-407.518
-406.66
-405.8
-404.936
-404.068
-403.196
-402.321
-401.441
-400.557
-399.669
-398.778
-397.884
-396.988
-396.09
-395.193
-394.296
-393.403
-392.515
-391.634
-390.761
-389.898
-389.045
-388.201
-387.368
-386.542
-385.722
-384.9
-384.066
-383.21
-382.32
-381.389
-380.415
-379.399
-378.341
-377.247
-376.119
-374.961
-373.779
-372.578
-371.361
-370.133
-368.896
-367.645
-366.371
-365.06
-363.701
-362.286
-360.812
-359.287
-357.721
-356.12
-354.488
-369.662
-371.575
-373.431
-375.233
-376.983
-378.684
-380.338
-381.947
-383.513
-385.038
-386.523
-387.971
-389.384
-390.762
-392.108
-393.423
-394.709
-395.967
-397.199
-398.406
-399.589
-400.75
-401.891
-403.012
-404.115
-405.201
-406.272
-407.329
-408.374
-409.407
-410.431
-411.446
-412.455
-413.459
-414.459
-415.458
-416.456
-417.456
-418.458
-419.463
-420.47
-421.475
-422.466
-423.419
-424.276
-424.932
-425.237
-425.102
-424.592
-423.855
-423.008
-422.116
-421.211
-420.304
-419.403
-418.508
-417.621
-416.742
-415.868
-414.999
-414.134
-413.273
-412.413
-411.556
-410.698
-409.841
-408.983
-408.123
-407.262
-406.398
-405.531
-404.661
-403.788
-402.911
-402.03
-401.145
-400.256
-399.363
-398.466
-397.565
-396.662
-395.755
-394.847
-393.938
-393.029
-392.122
-391.218
-390.32
-389.428
-388.544
-387.669
-386.803
-385.948
-385.102
-384.264
-383.427
-382.584
-381.724
-380.838
-379.919
-378.962
-377.964
-376.926
-375.845
-374.724
-373.567
-372.378
-371.164
-369.93
-368.684
-367.429
-366.163
-364.878
-363.561
-362.2
-360.786
-359.317
-357.8
-356.241
-354.649
-353.023
-368.711
-370.623
-372.478
-374.279
-376.029
-377.728
-379.379
-380.986
-382.548
-384.07
-385.551
-386.995
-388.403
-389.777
-391.118
-392.428
-393.708
-394.96
-396.185
-397.386
-398.562
-399.716
-400.85
-401.963
-403.058
-404.137
-405.199
-406.248
-407.284
-408.308
-409.322
-410.328
-411.327
-412.321
-413.311
-414.298
-415.286
-416.274
-417.265
-418.258
-419.254
-420.249
-421.233
-422.185
-423.056
-423.751
-424.122
-424.06
-423.6
-422.884
-422.041
-421.144
-420.228
-419.31
-418.397
-417.49
-416.591
-415.699
-414.813
-413.933
-413.057
-412.184
-411.314
-410.445
-409.577
-408.709
-407.841
-406.971
-406.099
-405.226
-404.349
-403.469
-402.587
-401.7
-400.809
-399.915
-399.016
-398.113
-397.207
-396.296
-395.382
-394.465
-393.546
-392.625
-391.704
-390.783
-389.864
-388.949
-388.038
-387.134
-386.238
-385.35
-384.472
-383.603
-382.743
-381.888
-381.03
-380.163
-379.278
-378.368
-377.427
-376.449
-375.43
-374.364
-373.251
-372.095
-370.901
-369.676
-368.427
-367.165
-365.893
-364.612
-363.314
-361.987
-360.619
-359.205
-357.74
-356.23
-354.681
-353.099
-351.482
-367.723
-369.635
-371.49
-373.29
-375.037
-376.734
-378.383
-379.986
-381.546
-383.063
-384.541
-385.981
-387.384
-388.752
-390.088
-391.392
-392.666
-393.912
-395.131
-396.325
-397.494
-398.641
-399.767
-400.873
-401.96
-403.03
-404.084
-405.124
-406.15
-407.165
-408.17
-409.166
-410.155
-411.138
-412.117
-413.094
-414.07
-415.047
-416.026
-417.007
-417.992
-418.976
-419.952
-420.902
-421.783
-422.51
-422.944
-422.955
-422.55
-421.86
-421.023
-420.122
-419.197
-418.267
-417.342
-416.423
-415.511
-414.606
-413.708
-412.816
-411.928
-411.044
-410.162
-409.282
-408.403
-407.524
-406.645
-405.765
-404.883
-403.999
-403.112
-402.222
-401.329
-400.433
-399.532
-398.628
-397.719
-396.807
-395.89
-394.969
-394.045
-393.117
-392.186
-391.253
-390.319
-389.384
-388.451
-387.519
-386.591
-385.667
-384.75
-383.84
-382.938
-382.045
-381.161
-380.283
-379.408
-378.529
-377.641
-376.737
-375.809
-374.849
-373.847
-372.796
-371.694
-370.542
-369.346
-368.115
-366.856
-365.581
-364.293
-362.995
-361.681
-360.341
-358.965
-357.547
-356.084
-354.581
-353.043
-351.469
-349.862
-366.698
-368.61
-370.464
-372.262
-374.008
-375.702
-377.349
-378.949
-380.505
-382.018
-383.492
-384.926
-386.325
-387.688
-389.018
-390.316
-391.584
-392.823
-394.036
-395.222
-396.384
-397.524
-398.642
-399.739
-400.818
-401.88
-402.925
-403.956
-404.973
-405.979
-406.974
-407.96
-408.938
-409.911
-410.879
-411.844
-412.809
-413.774
-414.74
-415.71
-416.682
-417.655
-418.623
-419.568
-420.456
-421.21
-421.7
-421.786
-421.44
-420.782
-419.953
-419.048
-418.114
-417.173
-416.235
-415.303
-414.379
-413.461
-412.551
-411.646
-410.746
-409.85
-408.956
-408.065
-407.175
-406.285
-405.394
-404.503
-403.61
-402.716
-401.818
-400.918
-400.015
-399.108
-398.197
-397.282
-396.363
-395.44
-394.513
-393.581
-392.646
-391.707
-390.765
-389.82
-388.873
-387.924
-386.976
-386.028
-385.082
-384.14
-383.202
-382.27
-381.345
-380.427
-379.517
-378.616
-377.72
-376.827
-375.931
-375.028
-374.108
-373.162
-372.175
-371.138
-370.048
-368.905
-367.713
-366.481
-365.216
-363.931
-362.63
-361.316
-359.983
-358.627
-357.239
-355.815
-354.353
-352.856
-351.327
-349.763
-348.164
-365.637
-367.548
-369.401
-371.198
-372.941
-374.633
-376.276
-377.872
-379.424
-380.934
-382.402
-383.832
-385.225
-386.583
-387.907
-389.199
-390.46
-391.693
-392.898
-394.077
-395.232
-396.363
-397.473
-398.562
-399.633
-400.685
-401.722
-402.743
-403.751
-404.747
-405.732
-406.707
-407.675
-408.637
-409.593
-410.547
-411.5
-412.453
-413.407
-414.364
-415.324
-416.285
-417.243
-418.183
-419.074
-419.85
-420.391
-420.549
-420.268
-419.645
-418.828
-417.921
-416.979
-416.027
-415.076
-414.131
-413.193
-412.263
-411.339
-410.421
-409.509
-408.6
-407.695
-406.792
-405.889
-404.988
-404.086
-403.184
-402.28
-401.374
-400.466
-399.555
-398.64
-397.723
-396.801
-395.876
-394.946
-394.012
-393.074
-392.131
-391.185
-390.234
-389.28
-388.323
-387.362
-386.4
-385.437
-384.473
-383.511
-382.55
-381.592
-380.639
-379.69
-378.748
-377.813
-376.887
-375.97
-375.059
-374.153
-373.244
-372.327
-371.387
-370.411
-369.388
-368.312
-367.183
-366.002
-364.774
-363.508
-362.216
-360.903
-359.571
-358.218
-356.844
-355.442
-354.01
-352.548
-351.056
-349.533
-347.977
-346.384
-364.539
-366.449
-368.3
-370.094
-371.835
-373.524
-375.163
-376.756
-378.304
-379.809
-381.272
-382.697
-384.084
-385.436
-386.754
-388.039
-389.294
-390.519
-391.717
-392.889
-394.035
-395.159
-396.26
-397.341
-398.402
-399.446
-400.473
-401.485
-402.483
-403.468
-404.442
-405.407
-406.364
-407.315
-408.26
-409.202
-410.142
-411.083
-412.024
-412.969
-413.916
-414.865
-415.812
-416.744
-417.636
-418.43
-419.015
-419.243
-419.03
-418.449
-417.647
-416.739
-415.789
-414.825
-413.861
-412.903
-411.952
-411.008
-410.071
-409.14
-408.215
-407.294
-406.375
-405.46
-404.546
-403.632
-402.718
-401.804
-400.889
-399.971
-399.052
-398.129
-397.204
-396.275
-395.342
-394.406
-393.465
-392.52
-391.57
-390.616
-389.658
-388.696
-387.729
-386.759
-385.786
-384.81
-383.832
-382.853
-381.873
-380.894
-379.917
-378.943
-377.972
-377.006
-376.047
-375.097
-374.157
-373.228
-372.306
-371.389
-370.467
-369.529
-368.56
-367.549
-366.489
-365.376
-364.208
-362.989
-361.725
-360.428
-359.104
-357.754
-356.381
-354.987
-353.57
-352.13
-350.665
-349.176
-347.659
-346.108
-344.522
-363.402
-365.311
-367.16
-368.952
-370.69
-372.375
-374.011
-375.6
-377.143
-378.643
-380.101
-381.52
-382.901
-384.247
-385.558
-386.836
-388.084
-389.302
-390.492
-391.656
-392.794
-393.909
-395.002
-396.073
-397.126
-398.16
-399.177
-400.179
-401.166
-402.141
-403.105
-404.059
-405.005
-405.943
-406.877
-407.807
-408.735
-409.662
-410.591
-411.522
-412.456
-413.393
-414.328
-415.252
-416.142
-416.949
-417.573
-417.867
-417.724
-417.19
-416.406
-415.5
-414.542
-413.567
-412.59
-411.618
-410.653
-409.695
-408.744
-407.8
-406.861
-405.927
-404.996
-404.068
-403.141
-402.215
-401.289
-400.363
-399.435
-398.506
-397.574
-396.64
-395.703
-394.762
-393.818
-392.87
-391.917
-390.961
-390
-389.034
-388.064
-387.089
-386.11
-385.127
-384.14
-383.15
-382.158
-381.163
-380.167
-379.17
-378.174
-377.18
-376.187
-375.2
-374.218
-373.244
-372.282
-371.331
-370.392
-369.461
-368.53
-367.589
-366.625
-365.624
-364.578
-363.479
-362.324
-361.114
-359.854
-358.554
-357.218
-355.853
-354.46
-353.047
-351.615
-350.167
-348.7
-347.212
-345.698
-344.152
-342.571
-362.226
-364.133
-365.98
-367.77
-369.504
-371.186
-372.818
-374.402
-375.94
-377.435
-378.887
-380.3
-381.675
-383.014
-384.318
-385.589
-386.829
-388.04
-389.222
-390.377
-391.507
-392.613
-393.696
-394.759
-395.801
-396.825
-397.833
-398.824
-399.801
-400.765
-401.718
-402.661
-403.595
-404.521
-405.443
-406.36
-407.275
-408.19
-409.105
-410.022
-410.943
-411.866
-412.789
-413.704
-414.59
-415.406
-416.062
-416.417
-416.347
-415.864
-415.104
-414.201
-413.237
-412.25
-411.26
-410.274
-409.294
-408.322
-407.357
-406.399
-405.447
-404.499
-403.554
-402.612
-401.673
-400.734
-399.795
-398.856
-397.916
-396.974
-396.031
-395.084
-394.135
-393.182
-392.226
-391.266
-390.301
-389.333
-388.359
-387.381
-386.399
-385.411
-384.42
-383.423
-382.423
-381.419
-380.412
-379.401
-378.389
-377.375
-376.361
-375.347
-374.334
-373.325
-372.321
-371.325
-370.34
-369.368
-368.408
-367.46
-366.517
-365.569
-364.604
-363.609
-362.572
-361.482
-360.336
-359.132
-357.875
-356.573
-355.228
-353.85
-352.442
-351.013
-349.57
-348.113
-346.643
-345.156
-343.645
-342.104
-340.527
