-357.925
-359.407
-360.859
-362.281
-363.674
-365.041
-366.381
-367.695
-368.985
-370.251
-371.493
-372.713
-373.911
-375.088
-376.245
-377.381
-378.498
-379.596
-380.675
-381.737
-382.781
-383.808
-384.819
-385.814
-386.793
-387.757
-388.706
-389.641
-390.562
-391.469
-392.363
-393.244
-394.112
-394.969
-395.813
-396.645
-397.466
-398.276
-399.075
-399.864
-400.643
-401.411
-402.17
-402.919
-403.659
-404.39
-405.113
-405.827
-406.533
-407.231
-407.922
-408.605
-409.281
-409.951
-410.614
-411.271
-411.922
-412.568
-413.209
-413.846
-414.478
-415.107
-415.733
-416.356
-416.978
-417.598
-418.218
-418.839
-419.46
-420.083
-420.709
-421.338
-421.97
-422.605
-423.24
-423.869
-424.479
-425.04
-425.489
-425.711
-425.565
-424.989
-424.064
-422.926
-421.679
-420.378
-419.051
-417.711
-416.362
-415.007
-413.644
-412.272
-410.892
-409.499
-408.092
-406.669
-405.229
-403.768
-402.285
-400.778
-399.246
-397.684
-396.093
-394.468
-392.811
-391.115
-389.382
-387.607
-385.789
-383.926
-382.014
-380.051
-378.036
-375.965
-373.834
-371.642
-369.384
-367.059
-364.662
-362.19
-359.64
-359.088
-360.571
-362.023
-363.445
-364.839
-366.205
-367.545
-368.858
-370.147
-371.411
-372.652
-373.869
-375.065
-376.24
-377.393
-378.526
-379.64
-380.734
-381.81
-382.868
-383.908
-384.931
-385.938
-386.928
-387.902
-388.861
-389.805
-390.735
-391.65
-392.552
-393.44
-394.315
-395.177
-396.027
-396.865
-397.691
-398.505
-399.309
-400.101
-400.883
-401.654
-402.415
-403.167
-403.908
-404.641
-405.364
-406.079
-406.785
-407.483
-408.173
-408.855
-409.53
-410.198
-410.858
-411.513
-412.161
-412.803
-413.44
-414.072
-414.699
-415.323
-415.942
-416.558
-417.172
-417.783
-418.394
-419.004
-419.613
-420.224
-420.837
-421.452
-422.07
-422.691
-423.315
-423.941
-424.562
-425.167
-425.73
-426.197
-426.463
-426.386
-425.879
-424.999
-423.882
-422.64
-421.337
-420.003
-418.654
-417.296
-415.932
-414.56
-413.181
-411.792
-410.391
-408.977
-407.547
-406.099
-404.632
-403.144
-401.631
-400.093
-398.527
-396.93
-395.303
-393.641
-391.943
-390.206
-388.429
-386.609
-384.745
-382.832
-380.868
-378.852
-376.781
-374.651
-372.462
-370.207
-367.884
-365.491
-363.024
-360.477
-360.193
-361.678
-363.131
-364.554
-365.948
-367.315
-368.654
-369.967
-371.254
-372.517
-373.756
-374.972
-376.166
-377.338
-378.489
-379.62
-380.731
-381.822
-382.894
-383.949
-384.985
-386.004
-387.006
-387.992
-388.962
-389.917
-390.856
-391.78
-392.691
-393.587
-394.47
-395.339
-396.196
-397.04
-397.871
-398.691
-399.499
-400.296
-401.082
-401.857
-402.621
-403.375
-404.119
-404.854
-405.579
-406.294
-407.001
-407.7
-408.39
-409.072
-409.746
-410.412
-411.071
-411.724
-412.37
-413.009
-413.643
-414.271
-414.893
-415.511
-416.125
-416.735
-417.342
-417.946
-418.548
-419.148
-419.748
-420.347
-420.948
-421.55
-422.154
-422.761
-423.372
-423.986
-424.601
-425.213
-425.813
-426.377
-426.859
-427.164
-427.151
-426.716
-425.886
-424.795
-423.56
-422.255
-420.915
-419.559
-418.192
-416.819
-415.439
-414.051
-412.654
-411.245
-409.824
-408.386
-406.933
-405.459
-403.965
-402.446
-400.903
-399.332
-397.732
-396.1
-394.435
-392.733
-390.993
-389.215
-387.393
-385.526
-383.612
-381.649
-379.633
-377.562
-375.433
-373.244
-370.992
-368.672
-366.282
-363.819
-361.279
-361.243
-362.73
-364.185
-365.609
-367.004
-368.371
-369.71
-371.022
-372.309
-373.571
-374.81
-376.024
-377.216
-378.387
-379.536
-380.664
-381.772
-382.86
-383.93
-384.981
-386.014
-387.029
-388.028
-389.01
-389.975
-390.926
-391.86
-392.78
-393.685
-394.577
-395.454
-396.318
-397.169
-398.008
-398.833
-399.647
-400.449
-401.24
-402.019
-402.787
-403.545
-404.292
-405.029
-405.756
-406.474
-407.183
-407.882
-408.573
-409.255
-409.929
-410.595
-411.253
-411.904
-412.548
-413.185
-413.816
-414.441
-415.06
-415.674
-416.283
-416.887
-417.488
-418.085
-418.68
-419.272
-419.862
-420.452
-421.041
-421.632
-422.223
-422.817
-423.413
-424.013
-424.616
-425.221
-425.825
-426.418
-426.982
-427.475
-427.813
-427.862
-427.499
-426.726
-425.663
-424.439
-423.134
-421.789
-420.425
-419.05
-417.668
-416.279
-414.883
-413.477
-412.061
-410.632
-409.188
-407.727
-406.248
-404.748
-403.224
-401.676
-400.1
-398.495
-396.859
-395.19
-393.486
-391.744
-389.962
-388.139
-386.27
-384.356
-382.392
-380.376
-378.306
-376.178
-373.991
-371.739
-369.422
-367.036
-364.577
-362.042
-362.241
-363.73
-365.186
-366.612
-368.008
-369.375
-370.715
-372.028
-373.315
-374.576
-375.813
-377.027
-378.218
-379.387
-380.534
-381.66
-382.766
-383.852
-384.918
-385.966
-386.996
-388.009
-389.004
-389.982
-390.944
-391.89
-392.82
-393.736
-394.636
-395.523
-396.395
-397.254
-398.1
-398.933
-399.753
-400.561
-401.357
-402.141
-402.914
-403.676
-404.427
-405.168
-405.898
-406.618
-407.329
-408.03
-408.722
-409.405
-410.079
-410.745
-411.403
-412.054
-412.697
-413.332
-413.961
-414.583
-415.199
-415.81
-416.415
-417.014
-417.61
-418.201
-418.789
-419.374
-419.956
-420.537
-421.117
-421.696
-422.276
-422.857
-423.44
-424.026
-424.615
-425.208
-425.803
-426.397
-426.983
-427.545
-428.046
-428.413
-428.518
-428.229
-427.516
-426.488
-425.276
-423.972
-422.623
-421.252
-419.869
-418.479
-417.081
-415.677
-414.263
-412.839
-411.403
-409.952
-408.485
-406.999
-405.493
-403.963
-402.411
-400.83
-399.221
-397.581
-395.908
-394.201
-392.456
-390.672
-388.846
-386.977
-385.061
-383.096
-381.081
-379.011
-376.884
-374.698
-372.45
-370.136
-367.752
-365.297
-362.766
-363.188
-364.679
-366.138
-367.566
-368.963
-370.331
-371.672
-372.985
-374.272
-375.533
-376.77
-377.983
-379.173
-380.34
-381.486
-382.61
-383.714
-384.798
-385.862
-386.908
-387.935
-388.944
-389.936
-390.91
-391.869
-392.811
-393.737
-394.648
-395.545
-396.427
-397.295
-398.149
-398.989
-399.817
-400.632
-401.434
-402.224
-403.003
-403.77
-404.525
-405.27
-406.004
-406.727
-407.441
-408.144
-408.838
-409.523
-410.198
-410.865
-411.523
-412.173
-412.816
-413.45
-414.078
-414.698
-415.312
-415.919
-416.521
-417.117
-417.707
-418.294
-418.876
-419.454
-420.029
-420.602
-421.173
-421.743
-422.312
-422.881
-423.452
-424.025
-424.6
-425.179
-425.76
-426.345
-426.93
-427.508
-428.067
-428.574
-428.965
-429.122
-428.904
-428.256
-427.267
-426.072
-424.771
-423.419
-422.041
-420.65
-419.251
-417.844
-416.432
-415.01
-413.578
-412.135
-410.677
-409.203
-407.711
-406.199
-404.664
-403.106
-401.521
-399.908
-398.264
-396.588
-394.877
-393.13
-391.342
-389.515
-387.644
-385.727
-383.762
-381.746
-379.676
-377.551
-375.366
-373.119
-370.808
-368.429
-365.976
-363.45
-364.086
-365.58
-367.042
-368.471
-369.871
-371.24
-372.582
-373.896
-375.183
-376.444
-377.681
-378.894
-380.083
-381.249
-382.393
-383.516
-384.618
-385.7
-386.763
-387.806
-388.83
-389.837
-390.825
-391.797
-392.752
-393.691
-394.613
-395.521
-396.413
-397.291
-398.154
-399.003
-399.839
-400.662
-401.471
-402.268
-403.053
-403.826
-404.586
-405.336
-406.074
-406.802
-407.519
-408.225
-408.922
-409.608
-410.286
-410.954
-411.613
-412.263
-412.906
-413.54
-414.166
-414.785
-415.397
-416.002
-416.601
-417.194
-417.781
-418.363
-418.94
-419.512
-420.081
-420.647
-421.21
-421.771
-422.33
-422.89
-423.449
-424.009
-424.571
-425.136
-425.703
-426.275
-426.849
-427.424
-427.994
-428.548
-429.059
-429.469
-429.672
-429.524
-428.945
-428
-426.825
-425.53
-424.174
-422.79
-421.391
-419.984
-418.569
-417.148
-415.719
-414.279
-412.828
-411.363
-409.882
-408.384
-406.867
-405.327
-403.763
-402.173
-400.554
-398.907
-397.227
-395.513
-393.763
-391.974
-390.144
-388.271
-386.353
-384.387
-382.371
-380.301
-378.177
-375.993
-373.748
-371.439
-369.062
-366.614
-364.093
-364.938
-366.435
-367.899
-369.332
-370.733
-372.104
-373.447
-374.762
-376.05
-377.312
-378.548
-379.761
-380.949
-382.115
-383.259
-384.38
-385.481
-386.561
-387.622
-388.663
-389.685
-390.689
-391.675
-392.644
-393.596
-394.531
-395.45
-396.354
-397.242
-398.116
-398.975
-399.82
-400.651
-401.469
-402.273
-403.065
-403.844
-404.611
-405.366
-406.11
-406.842
-407.563
-408.273
-408.973
-409.663
-410.342
-411.012
-411.673
-412.324
-412.967
-413.601
-414.228
-414.846
-415.456
-416.06
-416.656
-417.246
-417.83
-418.408
-418.981
-419.548
-420.112
-420.671
-421.227
-421.78
-422.331
-422.88
-423.429
-423.978
-424.528
-425.079
-425.633
-426.19
-426.75
-427.314
-427.879
-428.441
-428.99
-429.502
-429.928
-430.171
-430.089
-429.582
-428.686
-427.535
-426.247
-424.89
-423.5
-422.094
-420.678
-419.254
-417.824
-416.387
-414.94
-413.481
-412.009
-410.522
-409.017
-407.493
-405.948
-404.379
-402.783
-401.161
-399.509
-397.825
-396.108
-394.354
-392.563
-390.731
-388.857
-386.936
-384.97
-382.952
-380.884
-378.759
-376.577
-374.333
-372.027
-369.652
-367.209
-364.691
-365.745
-367.246
-368.713
-370.148
-371.551
-372.925
-374.269
-375.585
-376.874
-378.137
-379.374
-380.586
-381.775
-382.94
-384.083
-385.204
-386.304
-387.383
-388.441
-389.481
-390.501
-391.503
-392.486
-393.452
-394.401
-395.334
-396.25
-397.15
-398.035
-398.904
-399.759
-400.6
-401.427
-402.24
-403.039
-403.826
-404.6
-405.361
-406.111
-406.848
-407.574
-408.289
-408.993
-409.686
-410.368
-411.041
-411.704
-412.357
-413.001
-413.636
-414.262
-414.88
-415.49
-416.092
-416.687
-417.274
-417.855
-418.43
-418.999
-419.562
-420.12
-420.674
-421.224
-421.77
-422.313
-422.854
-423.393
-423.931
-424.469
-425.008
-425.549
-426.092
-426.638
-427.187
-427.74
-428.295
-428.848
-429.39
-429.902
-430.34
-430.618
-430.599
-430.164
-429.324
-428.201
-426.921
-425.564
-424.169
-422.755
-421.331
-419.899
-418.461
-417.014
-415.559
-414.093
-412.614
-411.119
-409.608
-408.078
-406.527
-404.952
-403.351
-401.724
-400.068
-398.381
-396.659
-394.903
-393.108
-391.273
-389.397
-387.475
-385.508
-383.49
-381.421
-379.296
-377.115
-374.873
-372.568
-370.198
-367.756
-365.242
-366.509
-368.014
-369.484
-370.922
-372.328
-373.704
-375.05
-376.368
-377.658
-378.922
-380.16
-381.372
-382.561
-383.726
-384.869
-385.989
-387.088
-388.166
-389.223
-390.261
-391.279
-392.279
-393.261
-394.224
-395.171
-396.1
-397.013
-397.91
-398.792
-399.658
-400.509
-401.345
-402.168
-402.976
-403.771
-404.553
-405.322
-406.078
-406.821
-407.553
-408.273
-408.981
-409.679
-410.365
-411.041
-411.706
-412.361
-413.007
-413.643
-414.27
-414.888
-415.498
-416.099
-416.693
-417.279
-417.858
-418.429
-418.995
-419.554
-420.108
-420.656
-421.2
-421.74
-422.276
-422.809
-423.339
-423.868
-424.395
-424.923
-425.451
-425.98
-426.512
-427.047
-427.585
-428.127
-428.671
-429.214
-429.749
-430.259
-430.706
-431.014
-431.053
-430.691
-429.91
-428.819
-427.552
-426.196
-424.796
-423.375
-421.943
-420.502
-419.055
-417.6
-416.137
-414.662
-413.176
-411.674
-410.155
-408.619
-407.061
-405.481
-403.875
-402.243
-400.582
-398.89
-397.165
-395.404
-393.607
-391.769
-389.891
-387.967
-385.998
-383.979
-381.91
-379.786
-377.604
-375.363
-373.061
-370.692
-368.254
-365.744
-367.232
-368.741
-370.215
-371.656
-373.065
-374.443
-375.792
-377.111
-378.403
-379.668
-380.907
-382.12
-383.309
-384.475
-385.617
-386.737
-387.835
-388.912
-389.969
-391.005
-392.022
-393.02
-394
-394.962
-395.906
-396.833
-397.743
-398.637
-399.515
-400.377
-401.225
-402.058
-402.876
-403.68
-404.47
-405.247
-406.011
-406.761
-407.5
-408.226
-408.939
-409.641
-410.332
-411.012
-411.68
-412.339
-412.986
-413.624
-414.253
-414.871
-415.481
-416.082
-416.675
-417.26
-417.837
-418.406
-418.969
-419.525
-420.074
-420.618
-421.157
-421.69
-422.22
-422.745
-423.268
-423.787
-424.305
-424.822
-425.338
-425.855
-426.373
-426.893
-427.416
-427.943
-428.473
-429.006
-429.539
-430.067
-430.573
-431.026
-431.358
-431.449
-431.16
-430.442
-429.39
-428.138
-426.784
-425.38
-423.952
-422.51
-421.061
-419.605
-418.141
-416.669
-415.187
-413.692
-412.183
-410.658
-409.113
-407.549
-405.963
-404.351
-402.714
-401.047
-399.351
-397.621
-395.858
-394.056
-392.216
-390.334
-388.408
-386.438
-384.418
-382.347
-380.223
-378.043
-375.803
-373.501
-371.134
-368.699
-366.193
-367.916
-369.428
-370.907
-372.351
-373.763
-375.144
-376.495
-377.817
-379.111
-380.377
-381.617
-382.832
-384.022
-385.187
-386.33
-387.45
-388.548
-389.624
-390.68
-391.715
-392.731
-393.728
-394.706
-395.666
-396.607
-397.532
-398.44
-399.331
-400.206
-401.065
-401.909
-402.738
-403.553
-404.353
-405.138
-405.91
-406.669
-407.415
-408.147
-408.867
-409.575
-410.271
-410.955
-411.628
-412.289
-412.94
-413.58
-414.21
-414.83
-415.441
-416.042
-416.635
-417.218
-417.794
-418.361
-418.921
-419.474
-420.02
-420.56
-421.094
-421.622
-422.145
-422.663
-423.178
-423.689
-424.198
-424.704
-425.21
-425.714
-426.219
-426.726
-427.234
-427.745
-428.259
-428.778
-429.3
-429.822
-430.341
-430.842
-431.298
-431.651
-431.789
-431.569
-430.919
-429.908
-428.675
-427.325
-425.918
-424.482
-423.032
-421.574
-420.108
-418.636
-417.155
-415.663
-414.16
-412.643
-411.11
-409.559
-407.987
-406.395
-404.777
-403.134
-401.462
-399.76
-398.026
-396.257
-394.453
-392.608
-390.724
-388.796
-386.823
-384.801
-382.729
-380.604
-378.424
-376.186
-373.886
-371.521
-369.089
-366.587
-368.562
-370.079
-371.561
-373.01
-374.425
-375.809
-377.163
-378.487
-379.783
-381.051
-382.293
-383.509
-384.699
-385.866
-387.009
-388.129
-389.227
-390.303
-391.358
-392.393
-393.408
-394.403
-395.38
-396.338
-397.278
-398.201
-399.106
-399.995
-400.867
-401.723
-402.564
-403.39
-404.2
-404.996
-405.777
-406.545
-407.298
-408.039
-408.766
-409.48
-410.182
-410.871
-411.548
-412.214
-412.868
-413.512
-414.144
-414.766
-415.378
-415.98
-416.572
-417.155
-417.73
-418.296
-418.854
-419.404
-419.946
-420.482
-421.011
-421.534
-422.051
-422.563
-423.071
-423.574
-424.074
-424.57
-425.065
-425.558
-426.051
-426.544
-427.037
-427.533
-428.032
-428.534
-429.04
-429.549
-430.061
-430.569
-431.064
-431.522
-431.89
-432.068
-431.916
-431.335
-430.372
-429.161
-427.816
-426.406
-424.964
-423.505
-422.037
-420.562
-419.08
-417.589
-416.089
-414.576
-413.051
-411.509
-409.951
-408.371
-406.772
-405.147
-403.498
-401.82
-400.112
-398.374
-396.6
-394.79
-392.943
-391.055
-389.125
-387.149
-385.126
-383.053
-380.927
-378.747
-376.509
-374.21
-371.848
-369.419
-366.92
-369.171
-370.694
-372.18
-373.633
-375.052
-376.44
-377.797
-379.123
-380.422
-381.692
-382.935
-384.153
-385.345
-386.512
-387.656
-388.776
-389.874
-390.951
-392.006
-393.04
-394.054
-395.049
-396.024
-396.981
-397.92
-398.84
-399.744
-400.63
-401.5
-402.353
-403.191
-404.013
-404.82
-405.612
-406.389
-407.152
-407.9
-408.636
-409.357
-410.066
-410.761
-411.444
-412.114
-412.773
-413.42
-414.055
-414.679
-415.293
-415.896
-416.489
-417.072
-417.646
-418.21
-418.766
-419.314
-419.853
-420.385
-420.91
-421.428
-421.939
-422.445
-422.946
-423.441
-423.932
-424.42
-424.904
-425.386
-425.867
-426.346
-426.826
-427.307
-427.789
-428.274
-428.763
-429.256
-429.753
-430.252
-430.75
-431.237
-431.693
-432.073
-432.287
-432.197
-431.688
-430.777
-429.591
-428.254
-426.842
-425.393
-423.926
-422.447
-420.962
-419.469
-417.968
-416.458
-414.936
-413.401
-411.851
-410.283
-408.697
-407.089
-405.457
-403.801
-402.117
-400.403
-398.658
-396.879
-395.066
-393.214
-391.323
-389.389
-387.411
-385.386
-383.312
-381.186
-379.006
-376.769
-374.471
-372.111
-369.685
-367.19
-369.747
-371.274
-372.766
-374.223
-375.646
-377.037
-378.397
-379.727
-381.028
-382.301
-383.546
-384.765
-385.959
-387.128
-388.272
-389.394
-390.492
-391.569
-392.624
-393.658
-394.672
-395.666
-396.641
-397.596
-398.533
-399.453
-400.354
-401.238
-402.106
-402.957
-403.791
-404.61
-405.414
-406.202
-406.975
-407.733
-408.477
-409.207
-409.923
-410.625
-411.315
-411.991
-412.654
-413.305
-413.944
-414.571
-415.187
-415.792
-416.386
-416.969
-417.542
-418.106
-418.66
-419.206
-419.742
-420.271
-420.791
-421.304
-421.81
-422.31
-422.803
-423.291
-423.774
-424.252
-424.726
-425.197
-425.666
-426.133
-426.599
-427.064
-427.531
-427.999
-428.47
-428.945
-429.424
-429.907
-430.393
-430.879
-431.358
-431.81
-432.198
-432.441
-432.408
-431.971
-431.117
-429.961
-428.634
-427.22
-425.765
-424.287
-422.799
-421.302
-419.798
-418.287
-416.765
-415.234
-413.688
-412.128
-410.552
-408.956
-407.34
-405.7
-404.036
-402.345
-400.625
-398.874
-397.09
-395.272
-393.416
-391.52
-389.584
-387.604
-385.577
-383.502
-381.376
-379.196
-376.96
-374.665
-372.309
-369.886
-367.396
-370.29
-371.823
-373.319
-374.781
-376.208
-377.604
-378.967
-380.3
-381.604
-382.88
-384.127
-385.349
-386.544
-387.714
-388.86
-389.983
-391.082
-392.16
-393.215
-394.249
-395.263
-396.257
-397.231
-398.185
-399.122
-400.04
-400.939
-401.822
-402.687
-403.536
-404.368
-405.184
-405.984
-406.768
-407.537
-408.291
-409.03
-409.755
-410.465
-411.162
-411.844
-412.514
-413.17
-413.813
-414.444
-415.062
-415.669
-416.264
-416.849
-417.422
-417.985
-418.538
-419.081
-419.615
-420.14
-420.656
-421.165
-421.665
-422.158
-422.645
-423.125
-423.599
-424.068
-424.532
-424.992
-425.449
-425.903
-426.355
-426.806
-427.256
-427.708
-428.161
-428.616
-429.075
-429.539
-430.007
-430.479
-430.952
-431.42
-431.867
-432.259
-432.526
-432.545
-432.178
-431.385
-430.263
-428.949
-427.535
-426.072
-424.585
-423.085
-421.576
-420.06
-418.537
-417.004
-415.46
-413.904
-412.334
-410.747
-409.142
-407.516
-405.869
-404.196
-402.498
-400.771
-399.014
-397.225
-395.402
-393.542
-391.643
-389.704
-387.722
-385.695
-383.62
-381.493
-379.315
-377.082
-374.789
-372.436
-370.02
-367.534
-370.802
-372.34
-373.842
-375.309
-376.741
-378.14
-379.508
-380.845
-382.152
-383.43
-384.681
-385.904
-387.102
-388.274
-389.422
-390.545
-391.646
-392.724
-393.78
-394.815
-395.829
-396.823
-397.796
-398.751
-399.686
-400.603
-401.502
-402.383
-403.246
-404.093
-404.922
-405.735
-406.532
-407.313
-408.078
-408.828
-409.562
-410.282
-410.986
-411.677
-412.353
-413.015
-413.663
-414.298
-414.92
-415.53
-416.127
-416.712
-417.286
-417.849
-418.4
-418.941
-419.473
-419.994
-420.507
-421.01
-421.505
-421.992
-422.472
-422.944
-423.409
-423.869
-424.323
-424.772
-425.216
-425.657
-426.094
-426.53
-426.964
-427.398
-427.832
-428.268
-428.707
-429.149
-429.596
-430.048
-430.504
-430.963
-431.418
-431.857
-432.25
-432.536
-432.601
-432.302
-431.573
-430.49
-429.19
-427.776
-426.306
-424.808
-423.296
-421.774
-420.245
-418.708
-417.163
-415.607
-414.04
-412.458
-410.861
-409.245
-407.611
-405.954
-404.274
-402.568
-400.835
-399.073
-397.279
-395.451
-393.588
-391.687
-389.745
-387.763
-385.735
-383.66
-381.536
-379.361
-377.13
-374.843
-372.495
-370.084
-367.607
-371.284
-372.829
-374.336
-375.808
-377.245
-378.649
-380.021
-381.362
-382.672
-383.954
-385.208
-386.434
-387.634
-388.808
-389.958
-391.084
-392.186
-393.265
-394.322
-395.358
-396.372
-397.366
-398.34
-399.294
-400.229
-401.146
-402.044
-402.923
-403.785
-404.63
-405.457
-406.268
-407.062
-407.839
-408.601
-409.346
-410.076
-410.79
-411.489
-412.173
-412.842
-413.496
-414.137
-414.763
-415.376
-415.976
-416.562
-417.137
-417.699
-418.25
-418.79
-419.318
-419.836
-420.345
-420.843
-421.332
-421.813
-422.285
-422.749
-423.206
-423.655
-424.099
-424.536
-424.968
-425.395
-425.818
-426.237
-426.655
-427.07
-427.486
-427.901
-428.318
-428.738
-429.161
-429.589
-430.022
-430.461
-430.903
-431.344
-431.772
-432.163
-432.462
-432.567
-432.333
-431.67
-430.629
-429.346
-427.934
-426.457
-424.947
-423.421
-421.885
-420.342
-418.791
-417.232
-415.663
-414.083
-412.489
-410.881
-409.256
-407.612
-405.947
-404.259
-402.547
-400.809
-399.041
-397.243
-395.412
-393.547
-391.645
-389.703
-387.721
-385.695
-383.623
-381.503
-379.331
-377.106
-374.824
-372.484
-370.08
-367.612
-371.739
-373.29
-374.804
-376.281
-377.723
-379.132
-380.509
-381.853
-383.168
-384.453
-385.71
-386.94
-388.143
-389.32
-390.472
-391.599
-392.703
-393.784
-394.843
-395.88
-396.895
-397.89
-398.864
-399.819
-400.754
-401.67
-402.567
-403.446
-404.307
-405.15
-405.975
-406.784
-407.575
-408.349
-409.107
-409.848
-410.573
-411.282
-411.975
-412.652
-413.314
-413.96
-414.592
-415.209
-415.812
-416.402
-416.977
-417.54
-418.09
-418.628
-419.154
-419.669
-420.173
-420.666
-421.15
-421.623
-422.088
-422.543
-422.991
-423.43
-423.862
-424.287
-424.705
-425.118
-425.526
-425.929
-426.328
-426.725
-427.12
-427.513
-427.907
-428.302
-428.7
-429.102
-429.508
-429.92
-430.338
-430.761
-431.185
-431.6
-431.985
-432.293
-432.43
-432.256
-431.661
-430.667
-429.404
-427.993
-426.508
-424.987
-423.446
-421.895
-420.336
-418.77
-417.196
-415.614
-414.021
-412.417
-410.798
-409.163
-407.51
-405.838
-404.145
-402.427
-400.685
-398.913
-397.114
-395.282
-393.416
-391.515
-389.577
-387.596
-385.575
-383.507
-381.393
-379.227
-377.01
-374.736
-372.404
-370.012
-367.554
-372.168
-373.726
-375.246
-376.729
-378.177
-379.591
-380.972
-382.322
-383.641
-384.93
-386.191
-387.424
-388.63
-389.81
-390.964
-392.095
-393.201
-394.284
-395.344
-396.383
-397.399
-398.395
-399.371
-400.326
-401.261
-402.177
-403.075
-403.953
-404.813
-405.655
-406.479
-407.286
-408.074
-408.846
-409.6
-410.337
-411.057
-411.761
-412.448
-413.118
-413.772
-414.411
-415.033
-415.641
-416.233
-416.811
-417.374
-417.924
-418.461
-418.984
-419.496
-419.995
-420.483
-420.96
-421.427
-421.883
-422.33
-422.767
-423.195
-423.615
-424.027
-424.431
-424.829
-425.22
-425.606
-425.986
-426.363
-426.736
-427.106
-427.476
-427.845
-428.214
-428.587
-428.963
-429.344
-429.731
-430.125
-430.525
-430.928
-431.327
-431.702
-432.013
-432.176
-432.056
-431.527
-430.584
-429.343
-427.936
-426.443
-424.907
-423.351
-421.783
-420.209
-418.628
-417.04
-415.444
-413.84
-412.225
-410.598
-408.956
-407.297
-405.619
-403.922
-402.203
-400.458
-398.687
-396.888
-395.058
-393.196
-391.298
-389.364
-387.39
-385.375
-383.315
-381.209
-379.053
-376.845
-374.584
-372.264
-369.883
-367.438
-372.574
-374.138
-375.665
-377.154
-378.608
-380.028
-381.415
-382.769
-384.093
-385.386
-386.651
-387.888
-389.097
-390.281
-391.439
-392.572
-393.681
-394.766
-395.829
-396.869
-397.888
-398.886
-399.862
-400.819
-401.755
-402.672
-403.569
-404.448
-405.308
-406.149
-406.972
-407.777
-408.564
-409.333
-410.084
-410.817
-411.533
-412.231
-412.912
-413.575
-414.221
-414.85
-415.463
-416.06
-416.64
-417.205
-417.756
-418.291
-418.813
-419.321
-419.816
-420.299
-420.769
-421.228
-421.676
-422.112
-422.539
-422.955
-423.362
-423.76
-424.15
-424.531
-424.905
-425.272
-425.632
-425.987
-426.337
-426.683
-427.025
-427.366
-427.706
-428.046
-428.388
-428.733
-429.084
-429.441
-429.806
-430.178
-430.556
-430.933
-431.293
-431.601
-431.782
-431.71
-431.245
-430.354
-429.14
-427.736
-426.235
-424.686
-423.114
-421.53
-419.94
-418.345
-416.745
-415.14
-413.527
-411.905
-410.271
-408.625
-406.964
-405.285
-403.588
-401.87
-400.128
-398.362
-396.567
-394.743
-392.887
-390.998
-389.072
-387.107
-385.102
-383.053
-380.958
-378.815
-376.62
-374.371
-372.066
-369.7
-367.273
-372.957
-374.529
-376.062
-377.559
-379.019
-380.445
-381.837
-383.197
-384.526
-385.824
-387.093
-388.335
-389.548
-390.736
-391.897
-393.033
-394.146
-395.234
-396.3
-397.343
-398.364
-399.364
-400.342
-401.3
-402.238
-403.156
-404.055
-404.934
-405.794
-406.636
-407.458
-408.262
-409.047
-409.814
-410.562
-411.292
-412.003
-412.696
-413.371
-414.026
-414.664
-415.284
-415.886
-416.471
-417.039
-417.59
-418.125
-418.645
-419.15
-419.641
-420.118
-420.582
-421.032
-421.471
-421.897
-422.312
-422.716
-423.11
-423.493
-423.866
-424.23
-424.585
-424.932
-425.271
-425.602
-425.927
-426.247
-426.561
-426.871
-427.178
-427.483
-427.789
-428.095
-428.404
-428.718
-429.038
-429.367
-429.704
-430.049
-430.398
-430.736
-431.033
-431.224
-431.189
-430.785
-429.948
-428.762
-427.364
-425.855
-424.294
-422.707
-421.11
-419.509
-417.904
-416.297
-414.686
-413.069
-411.446
-409.813
-408.168
-406.51
-404.836
-403.144
-401.432
-399.699
-397.94
-396.156
-394.342
-392.498
-390.619
-388.706
-386.755
-384.763
-382.728
-380.648
-378.52
-376.342
-374.11
-371.821
-369.473
-367.063
-373.32
-374.9
-376.441
-377.944
-379.411
-380.844
-382.242
-383.608
-384.942
-386.246
-387.52
-388.766
-389.985
-391.176
-392.342
-393.482
-394.598
-395.69
-396.759
-397.806
-398.83
-399.832
-400.814
-401.774
-402.715
-403.635
-404.535
-405.416
-406.277
-407.119
-407.942
-408.745
-409.53
-410.295
-411.041
-411.767
-412.475
-413.162
-413.83
-414.478
-415.107
-415.717
-416.308
-416.88
-417.433
-417.969
-418.488
-418.991
-419.477
-419.948
-420.405
-420.847
-421.276
-421.692
-422.095
-422.485
-422.864
-423.231
-423.587
-423.933
-424.268
-424.594
-424.91
-425.217
-425.515
-425.806
-426.09
-426.368
-426.641
-426.909
-427.174
-427.437
-427.701
-427.966
-428.235
-428.51
-428.793
-429.086
-429.389
-429.699
-430.005
-430.281
-430.469
-430.461
-430.109
-429.326
-428.17
-426.781
-425.269
-423.699
-422.104
-420.501
-418.895
-417.289
-415.683
-414.075
-412.464
-410.847
-409.222
-407.587
-405.939
-404.277
-402.597
-400.898
-399.178
-397.434
-395.664
-393.866
-392.037
-390.175
-388.277
-386.344
-384.369
-382.352
-380.29
-378.18
-376.02
-373.807
-371.538
-369.211
-366.821
-373.665
-375.253
-376.802
-378.313
-379.788
-381.227
-382.632
-384.004
-385.345
-386.654
-387.934
-389.186
-390.409
-391.606
-392.776
-393.921
-395.042
-396.138
-397.211
-398.262
-399.289
-400.296
-401.281
-402.244
-403.188
-404.111
-405.014
-405.897
-406.76
-407.603
-408.427
-409.232
-410.016
-410.781
-411.525
-412.249
-412.952
-413.635
-414.297
-414.937
-415.557
-416.156
-416.734
-417.292
-417.83
-418.35
-418.85
-419.333
-419.799
-420.248
-420.682
-421.101
-421.505
-421.895
-422.272
-422.635
-422.986
-423.324
-423.65
-423.964
-424.267
-424.559
-424.84
-425.112
-425.373
-425.625
-425.869
-426.105
-426.334
-426.558
-426.776
-426.991
-427.204
-427.417
-427.633
-427.853
-428.08
-428.317
-428.565
-428.822
-429.081
-429.319
-429.488
-429.488
-429.175
-428.44
-427.319
-425.945
-424.438
-422.872
-421.282
-419.686
-418.09
-416.497
-414.904
-413.311
-411.716
-410.116
-408.509
-406.893
-405.264
-403.621
-401.961
-400.282
-398.582
-396.857
-395.107
-393.329
-391.52
-389.679
-387.802
-385.888
-383.934
-381.937
-379.896
-377.808
-375.669
-373.477
-371.23
-368.924
-366.555
-373.994
-375.592
-377.149
-378.668
-380.15
-381.597
-383.009
-384.389
-385.736
-387.052
-388.338
-389.596
-390.825
-392.027
-393.203
-394.354
-395.479
-396.581
-397.659
-398.714
-399.747
-400.757
-401.747
-402.715
-403.662
-404.589
-405.496
-406.382
-407.249
-408.095
-408.921
-409.728
-410.513
-411.278
-412.022
-412.744
-413.445
-414.123
-414.779
-415.412
-416.022
-416.61
-417.174
-417.717
-418.238
-418.739
-419.219
-419.68
-420.123
-420.548
-420.956
-421.349
-421.725
-422.087
-422.434
-422.768
-423.087
-423.393
-423.685
-423.965
-424.232
-424.487
-424.73
-424.961
-425.181
-425.39
-425.589
-425.778
-425.959
-426.131
-426.297
-426.456
-426.612
-426.765
-426.918
-427.073
-427.233
-427.401
-427.579
-427.766
-427.959
-428.137
-428.261
-428.243
-427.945
-427.25
-426.167
-424.821
-423.339
-421.798
-420.235
-418.667
-417.101
-415.537
-413.974
-412.411
-410.845
-409.274
-407.696
-406.107
-404.506
-402.89
-401.256
-399.603
-397.927
-396.229
-394.503
-392.749
-390.964
-389.146
-387.293
-385.402
-383.471
-381.498
-379.48
-377.414
-375.298
-373.129
-370.905
-368.622
-366.278
-374.31
-375.917
-377.484
-379.011
-380.502
-381.957
-383.377
-384.764
-386.118
-387.442
-388.735
-389.999
-391.235
-392.444
-393.626
-394.783
-395.915
-397.022
-398.106
-399.167
-400.205
-401.222
-402.217
-403.19
-404.143
-405.075
-405.987
-406.879
-407.75
-408.6
-409.431
-410.24
-411.029
-411.796
-412.54
-413.263
-413.961
-414.636
-415.287
-415.913
-416.513
-417.088
-417.639
-418.165
-418.667
-419.147
-419.604
-420.041
-420.458
-420.856
-421.237
-421.6
-421.946
-422.277
-422.592
-422.891
-423.176
-423.447
-423.703
-423.945
-424.173
-424.387
-424.588
-424.775
-424.95
-425.112
-425.261
-425.399
-425.526
-425.643
-425.75
-425.849
-425.942
-426.028
-426.111
-426.193
-426.276
-426.364
-426.457
-426.558
-426.661
-426.753
-426.799
-426.724
-426.408
-425.734
-424.695
-423.402
-421.976
-420.492
-418.986
-417.472
-415.957
-414.442
-412.926
-411.406
-409.883
-408.352
-406.811
-405.258
-403.692
-402.109
-400.507
-398.885
-397.239
-395.569
-393.871
-392.145
-390.386
-388.595
-386.767
-384.901
-382.995
-381.047
-379.053
-377.012
-374.919
-372.774
-370.574
-368.315
-365.995
-374.616
-376.232
-377.809
-379.346
-380.846
-382.309
-383.738
-385.133
-386.496
-387.827
-389.128
-390.4
-391.644
-392.86
-394.05
-395.213
-396.352
-397.467
-398.558
-399.626
-400.671
-401.694
-402.696
-403.677
-404.637
-405.576
-406.494
-407.392
-408.27
-409.127
-409.963
-410.779
-411.572
-412.343
-413.091
-413.815
-414.514
-415.187
-415.833
-416.452
-417.043
-417.606
-418.141
-418.649
-419.13
-419.587
-420.019
-420.429
-420.817
-421.185
-421.534
-421.865
-422.178
-422.475
-422.754
-423.018
-423.266
-423.498
-423.715
-423.916
-424.102
-424.273
-424.428
-424.569
-424.695
-424.807
-424.904
-424.988
-425.058
-425.115
-425.161
-425.196
-425.221
-425.237
-425.246
-425.25
-425.25
-425.25
-425.25
-425.25
-425.248
-425.228
-425.162
-424.988
-424.611
-423.935
-422.95
-421.742
-420.41
-419.017
-417.595
-416.158
-414.714
-413.264
-411.807
-410.343
-408.87
-407.386
-405.89
-404.38
-402.852
-401.307
-399.741
-398.152
-396.539
-394.9
-393.233
-391.535
-389.805
-388.041
-386.239
-384.4
-382.52
-380.596
-378.627
-376.61
-374.542
-372.422
-370.246
-368.012
-365.715
-374.913
-376.54
-378.127
-379.674
-381.184
-382.657
-384.095
-385.5
-386.871
-388.212
-389.522
-390.802
-392.054
-393.279
-394.477
-395.649
-396.796
-397.919
-399.018
-400.095
-401.148
-402.18
-403.191
-404.18
-405.149
-406.097
-407.024
-407.932
-408.818
-409.684
-410.529
-411.352
-412.153
-412.931
-413.685
-414.414
-415.115
-415.789
-416.433
-417.046
-417.628
-418.179
-418.697
-419.185
-419.644
-420.074
-420.478
-420.858
-421.214
-421.549
-421.863
-422.159
-422.436
-422.695
-422.937
-423.162
-423.37
-423.561
-423.736
-423.894
-424.036
-424.161
-424.269
-424.361
-424.436
-424.496
-424.539
-424.567
-424.579
-424.576
-424.559
-424.528
-424.485
-424.43
-424.364
-424.289
-424.206
-424.116
-424.02
-423.916
-423.799
-423.654
-423.456
-423.158
-422.694
-422.003
-421.078
-419.973
-418.755
-417.471
-416.149
-414.803
-413.44
-412.062
-410.671
-409.268
-407.85
-406.418
-404.969
-403.503
-402.017
-400.51
-398.981
-397.428
-395.848
-394.241
-392.604
-390.935
-389.234
-387.497
-385.723
-383.909
-382.054
-380.156
-378.212
-376.219
-374.176
-372.079
-369.927
-367.716
-365.445
-375.205
-376.844
-378.441
-380
-381.52
-383.004
-384.452
-385.867
-387.249
-388.599
-389.918
-391.208
-392.47
-393.704
-394.912
-396.094
-397.251
-398.383
-399.493
-400.579
-401.643
-402.686
-403.707
-404.707
-405.687
-406.646
-407.585
-408.504
-409.403
-410.281
-411.138
-411.973
-412.786
-413.575
-414.338
-415.075
-415.783
-416.461
-417.105
-417.715
-418.289
-418.827
-419.328
-419.794
-420.227
-420.628
-421
-421.345
-421.666
-421.964
-422.24
-422.497
-422.734
-422.954
-423.155
-423.338
-423.504
-423.653
-423.783
-423.897
-423.992
-424.07
-424.13
-424.172
-424.196
-424.203
-424.192
-424.163
-424.118
-424.055
-423.976
-423.882
-423.772
-423.648
-423.51
-423.36
-423.197
-423.021
-422.833
-422.628
-422.4
-422.135
-421.811
-421.396
-420.85
-420.142
-419.268
-418.256
-417.145
-415.966
-414.742
-413.484
-412.2
-410.895
-409.569
-408.225
-406.863
-405.481
-404.079
-402.656
-401.211
-399.742
-398.249
-396.73
-395.183
-393.606
-391.998
-390.359
-388.685
-386.974
-385.226
-383.438
-381.607
-379.733
-377.812
-375.844
-373.823
-371.751
-369.622
-367.435
-365.186
-375.494
-377.145
-378.755
-380.325
-381.857
-383.352
-384.812
-386.238
-387.631
-388.992
-390.322
-391.623
-392.896
-394.141
-395.36
-396.553
-397.721
-398.866
-399.987
-401.085
-402.162
-403.217
-404.251
-405.265
-406.259
-407.232
-408.186
-409.12
-410.034
-410.928
-411.802
-412.653
-413.483
-414.288
-415.067
-415.818
-416.538
-417.224
-417.873
-418.483
-419.051
-419.576
-420.058
-420.499
-420.902
-421.27
-421.605
-421.912
-422.192
-422.448
-422.683
-422.897
-423.091
-423.267
-423.425
-423.565
-423.686
-423.79
-423.875
-423.941
-423.989
-424.019
-424.03
-424.022
-423.995
-423.949
-423.885
-423.802
-423.7
-423.581
-423.443
-423.288
-423.117
-422.928
-422.723
-422.503
-422.266
-422.013
-421.742
-421.447
-421.122
-420.755
-420.329
-419.824
-419.217
-418.494
-417.653
-416.708
-415.678
-414.584
-413.441
-412.26
-411.046
-409.805
-408.539
-407.249
-405.936
-404.6
-403.241
-401.859
-400.451
-399.018
-397.558
-396.07
-394.554
-393.006
-391.426
-389.813
-388.164
-386.479
-384.755
-382.991
-381.183
-379.333
-377.434
-375.488
-373.49
-371.44
-369.333
-367.168
-364.942
-375.784
-377.448
-379.071
-380.654
-382.198
-383.706
-385.178
-386.616
-388.021
-389.395
-390.737
-392.051
-393.336
-394.594
-395.825
-397.031
-398.213
-399.371
-400.506
-401.619
-402.71
-403.78
-404.83
-405.86
-406.871
-407.863
-408.835
-409.788
-410.723
-411.638
-412.533
-413.407
-414.259
-415.087
-415.889
-416.661
-417.401
-418.103
-418.764
-419.378
-419.942
-420.454
-420.915
-421.328
-421.696
-422.024
-422.316
-422.578
-422.812
-423.021
-423.208
-423.375
-423.523
-423.652
-423.763
-423.856
-423.931
-423.987
-424.025
-424.044
-424.044
-424.024
-423.986
-423.928
-423.85
-423.754
-423.637
-423.502
-423.347
-423.174
-422.981
-422.771
-422.541
-422.294
-422.029
-421.746
-421.444
-421.122
-420.778
-420.407
-420.003
-419.555
-419.054
-418.484
-417.836
-417.1
-416.277
-415.372
-414.398
-413.365
-412.283
-411.162
-410.005
-408.816
-407.6
-406.356
-405.086
-403.79
-402.469
-401.122
-399.748
-398.346
-396.916
-395.457
-393.967
-392.446
-390.891
-389.302
-387.678
-386.015
-384.314
-382.571
-380.786
-378.956
-377.079
-375.154
-373.177
-371.147
-369.061
-366.918
-364.714
-376.076
-377.755
-379.392
-380.989
-382.547
-384.068
-385.554
-387.005
-388.424
-389.811
-391.167
-392.494
-393.793
-395.066
-396.311
-397.532
-398.729
-399.903
-401.054
-402.184
-403.292
-404.381
-405.45
-406.5
-407.531
-408.544
-409.54
-410.517
-411.477
-412.419
-413.342
-414.245
-415.128
-415.988
-416.822
-417.626
-418.396
-419.125
-419.806
-420.432
-420.996
-421.496
-421.932
-422.309
-422.634
-422.914
-423.155
-423.363
-423.543
-423.699
-423.832
-423.947
-424.043
-424.121
-424.182
-424.225
-424.25
-424.257
-424.245
-424.215
-424.165
-424.096
-424.008
-423.901
-423.773
-423.627
-423.461
-423.275
-423.07
-422.845
-422.602
-422.339
-422.058
-421.757
-421.438
-421.099
-420.739
-420.358
-419.952
-419.518
-419.05
-418.541
-417.982
-417.367
-416.688
-415.941
-415.125
-414.244
-413.304
-412.312
-411.275
-410.197
-409.083
-407.936
-406.759
-405.553
-404.318
-403.056
-401.767
-400.449
-399.104
-397.729
-396.325
-394.891
-393.425
-391.927
-390.394
-388.828
-387.224
-385.582
-383.901
-382.178
-380.413
-378.603
-376.745
-374.839
-372.883
-370.872
-368.807
-366.683
-364.498
-376.374
-378.068
-379.72
-381.332
-382.905
-384.441
-385.941
-387.408
-388.841
-390.243
-391.614
-392.957
-394.272
-395.56
-396.822
-398.06
-399.274
-400.465
-401.635
-402.784
-403.913
-405.023
-406.114
-407.187
-408.243
-409.283
-410.305
-411.312
-412.303
-413.278
-414.237
-415.178
-416.101
-417.003
-417.881
-418.73
-419.545
-420.316
-421.032
-421.681
-422.252
-422.738
-423.141
-423.472
-423.741
-423.96
-424.138
-424.282
-424.399
-424.492
-424.565
-424.621
-424.659
-424.682
-424.688
-424.677
-424.649
-424.604
-424.54
-424.458
-424.358
-424.238
-424.1
-423.943
-423.767
-423.571
-423.356
-423.122
-422.869
-422.597
-422.305
-421.995
-421.665
-421.316
-420.947
-420.558
-420.148
-419.715
-419.257
-418.77
-418.25
-417.692
-417.091
-416.441
-415.738
-414.979
-414.165
-413.297
-412.377
-411.412
-410.404
-409.357
-408.275
-407.159
-406.013
-404.836
-403.63
-402.394
-401.131
-399.839
-398.516
-397.165
-395.783
-394.37
-392.925
-391.447
-389.934
-388.386
-386.802
-385.178
-383.515
-381.811
-380.064
-378.271
-376.432
-374.544
-372.605
-370.614
-368.566
-366.461
-364.296
-376.68
-378.39
-380.058
-381.686
-383.274
-384.826
-386.343
-387.825
-389.275
-390.693
-392.081
-393.441
-394.773
-396.078
-397.359
-398.615
-399.849
-401.061
-402.251
-403.422
-404.574
-405.708
-406.824
-407.925
-409.009
-410.079
-411.134
-412.176
-413.204
-414.218
-415.22
-416.207
-417.18
-418.136
-419.071
-419.982
-420.859
-421.693
-422.464
-423.154
-423.74
-424.211
-424.571
-424.837
-425.031
-425.172
-425.271
-425.339
-425.38
-425.402
-425.406
-425.395
-425.37
-425.331
-425.277
-425.208
-425.123
-425.022
-424.904
-424.769
-424.616
-424.445
-424.257
-424.05
-423.824
-423.581
-423.318
-423.037
-422.738
-422.42
-422.083
-421.728
-421.353
-420.96
-420.546
-420.112
-419.657
-419.179
-418.675
-418.144
-417.582
-416.985
-416.349
-415.671
-414.947
-414.177
-413.36
-412.497
-411.589
-410.64
-409.651
-408.626
-407.566
-406.474
-405.35
-404.196
-403.011
-401.798
-400.555
-399.283
-397.981
-396.649
-395.285
-393.891
-392.463
-391.002
-389.507
-387.975
-386.407
-384.8
-383.154
-381.466
-379.734
-377.958
-376.135
-374.264
-372.342
-370.366
-368.336
-366.249
-364.101
-376.995
-378.722
-380.406
-382.051
-383.657
-385.226
-386.759
-388.258
-389.725
-391.161
-392.567
-393.945
-395.296
-396.621
-397.921
-399.198
-400.453
-401.687
-402.901
-404.096
-405.273
-406.434
-407.579
-408.709
-409.825
-410.929
-412.021
-413.101
-414.171
-415.232
-416.282
-417.324
-418.355
-419.375
-420.381
-421.368
-422.327
-423.246
-424.1
-424.855
-425.473
-425.927
-426.225
-426.401
-426.495
-426.535
-426.539
-426.515
-426.47
-426.41
-426.338
-426.254
-426.159
-426.052
-425.934
-425.803
-425.658
-425.499
-425.324
-425.134
-424.927
-424.704
-424.464
-424.208
-423.934
-423.643
-423.334
-423.008
-422.664
-422.302
-421.923
-421.525
-421.109
-420.674
-420.219
-419.745
-419.249
-418.73
-418.188
-417.618
-417.02
-416.39
-415.725
-415.023
-414.282
-413.5
-412.678
-411.815
-410.913
-409.973
-408.996
-407.985
-406.941
-405.865
-404.758
-403.621
-402.454
-401.257
-400.031
-398.775
-397.49
-396.173
-394.825
-393.446
-392.033
-390.587
-389.106
-387.59
-386.036
-384.444
-382.811
-381.138
-379.421
-377.66
-375.852
-373.996
-372.089
-370.13
-368.116
-366.045
-363.915
-377.319
-379.063
-380.766
-382.428
-384.051
-385.638
-387.189
-388.707
-390.192
-391.647
-393.072
-394.469
-395.84
-397.185
-398.507
-399.806
-401.083
-402.341
-403.579
-404.8
-406.004
-407.194
-408.369
-409.531
-410.681
-411.821
-412.952
-414.075
-415.19
-416.299
-417.403
-418.503
-419.598
-420.689
-421.773
-422.846
-423.901
-424.923
-425.882
-426.731
-427.402
-427.84
-428.056
-428.115
-428.085
-428.005
-427.896
-427.769
-427.63
-427.482
-427.327
-427.165
-426.996
-426.819
-426.633
-426.437
-426.23
-426.01
-425.778
-425.532
-425.271
-424.996
-424.706
-424.4
-424.078
-423.741
-423.387
-423.018
-422.631
-422.228
-421.808
-421.37
-420.915
-420.441
-419.949
-419.437
-418.905
-418.351
-417.773
-417.171
-416.542
-415.883
-415.193
-414.47
-413.712
-412.919
-412.09
-411.224
-410.323
-409.388
-408.419
-407.417
-406.383
-405.319
-404.224
-403.1
-401.946
-400.762
-399.549
-398.307
-397.034
-395.73
-394.395
-393.029
-391.629
-390.196
-388.727
-387.223
-385.682
-384.103
-382.484
-380.824
-379.12
-377.373
-375.579
-373.736
-371.844
-369.9
-367.901
-365.844
-363.73
-377.651
-379.414
-381.134
-382.815
-384.457
-386.062
-387.632
-389.168
-390.672
-392.146
-393.591
-395.008
-396.399
-397.766
-399.11
-400.431
-401.732
-403.014
-404.278
-405.525
-406.757
-407.975
-409.181
-410.376
-411.561
-412.738
-413.908
-415.072
-416.233
-417.391
-418.548
-419.705
-420.863
-422.024
-423.185
-424.344
-425.495
-426.621
-427.691
-428.643
-429.378
-429.806
-429.936
-429.872
-429.709
-429.502
-429.276
-429.042
-428.806
-428.568
-428.328
-428.087
-427.844
-427.595
-427.341
-427.08
-426.81
-426.531
-426.241
-425.939
-425.625
-425.299
-424.959
-424.606
-424.239
-423.857
-423.46
-423.049
-422.622
-422.179
-421.721
-421.246
-420.755
-420.246
-419.719
-419.173
-418.608
-418.021
-417.413
-416.782
-416.125
-415.441
-414.729
-413.988
-413.215
-412.41
-411.573
-410.703
-409.801
-408.867
-407.901
-406.905
-405.878
-404.822
-403.736
-402.621
-401.476
-400.303
-399.101
-397.868
-396.606
-395.313
-393.989
-392.633
-391.244
-389.822
-388.365
-386.872
-385.343
-383.775
-382.167
-380.519
-378.827
-377.092
-375.311
-373.481
-371.603
-369.671
-367.686
-365.645
-363.545
-377.99
-379.771
-381.51
-383.209
-384.869
-386.493
-388.081
-389.637
-391.16
-392.653
-394.118
-395.556
-396.968
-398.355
-399.721
-401.065
-402.389
-403.694
-404.983
-406.256
-407.515
-408.762
-409.997
-411.223
-412.441
-413.652
-414.859
-416.062
-417.264
-418.466
-419.671
-420.88
-422.094
-423.314
-424.541
-425.773
-427.002
-428.214
-429.373
-430.409
-431.201
-431.63
-431.7
-431.534
-431.257
-430.936
-430.602
-430.269
-429.939
-429.614
-429.294
-428.977
-428.66
-428.343
-428.023
-427.699
-427.369
-427.032
-426.686
-426.332
-425.967
-425.592
-425.205
-424.807
-424.396
-423.972
-423.535
-423.085
-422.62
-422.141
-421.647
-421.138
-420.613
-420.071
-419.513
-418.936
-418.341
-417.726
-417.091
-416.433
-415.752
-415.047
-414.315
-413.556
-412.769
-411.953
-411.107
-410.232
-409.327
-408.392
-407.428
-406.435
-405.412
-404.361
-403.281
-402.173
-401.036
-399.871
-398.676
-397.452
-396.199
-394.915
-393.6
-392.253
-390.873
-389.461
-388.013
-386.531
-385.01
-383.453
-381.856
-380.218
-378.538
-376.814
-375.044
-373.227
-371.361
-369.442
-367.471
-365.443
-363.358
-378.331
-380.13
-381.888
-383.605
-385.284
-386.926
-388.533
-390.107
-391.649
-393.161
-394.645
-396.102
-397.534
-398.942
-400.328
-401.693
-403.039
-404.368
-405.679
-406.977
-408.26
-409.533
-410.794
-412.048
-413.294
-414.536
-415.773
-417.009
-418.246
-419.484
-420.727
-421.975
-423.231
-424.496
-425.77
-427.052
-428.333
-429.599
-430.813
-431.901
-432.734
-433.177
-433.223
-432.998
-432.639
-432.23
-431.808
-431.389
-430.978
-430.576
-430.182
-429.794
-429.411
-429.03
-428.649
-428.266
-427.88
-427.49
-427.093
-426.689
-426.277
-425.857
-425.427
-424.986
-424.535
-424.073
-423.598
-423.112
-422.612
-422.1
-421.573
-421.032
-420.476
-419.905
-419.318
-418.714
-418.092
-417.451
-416.792
-416.111
-415.409
-414.683
-413.934
-413.16
-412.36
-411.533
-410.679
-409.798
-408.888
-407.952
-406.987
-405.995
-404.975
-403.927
-402.851
-401.748
-400.617
-399.457
-398.269
-397.052
-395.805
-394.528
-393.221
-391.882
-390.511
-389.105
-387.667
-386.193
-384.682
-383.134
-381.546
-379.918
-378.249
-376.535
-374.776
-372.97
-371.115
-369.209
-367.249
-365.235
-363.163
-378.669
-380.487
-382.262
-383.997
-385.693
-387.353
-388.978
-390.569
-392.129
-393.659
-395.161
-396.637
-398.087
-399.514
-400.919
-402.303
-403.668
-405.016
-406.349
-407.666
-408.971
-410.265
-411.548
-412.824
-414.094
-415.358
-416.62
-417.88
-419.141
-420.405
-421.673
-422.947
-424.23
-425.521
-426.821
-428.128
-429.435
-430.725
-431.964
-433.078
-433.94
-434.411
-434.464
-434.215
-433.808
-433.338
-432.85
-432.363
-431.885
-431.418
-430.961
-430.512
-430.07
-429.632
-429.197
-428.762
-428.325
-427.886
-427.443
-426.995
-426.541
-426.079
-425.61
-425.131
-424.644
-424.146
-423.638
-423.118
-422.587
-422.044
-421.488
-420.918
-420.335
-419.737
-419.124
-418.495
-417.849
-417.186
-416.504
-415.803
-415.082
-414.339
-413.574
-412.786
-411.973
-411.137
-410.274
-409.387
-408.473
-407.533
-406.567
-405.575
-404.556
-403.51
-402.437
-401.337
-400.21
-399.055
-397.872
-396.66
-395.419
-394.149
-392.848
-391.515
-390.151
-388.753
-387.322
-385.856
-384.353
-382.813
-381.235
-379.616
-377.955
-376.251
-374.502
-372.707
-370.863
-368.968
-367.021
-365.019
-362.96
-378.999
-380.833
-382.625
-384.377
-386.09
-387.765
-389.407
-391.014
-392.591
-394.137
-395.655
-397.147
-398.613
-400.056
-401.477
-402.877
-404.259
-405.623
-406.972
-408.306
-409.627
-410.937
-412.237
-413.528
-414.814
-416.094
-417.371
-418.646
-419.922
-421.2
-422.481
-423.767
-425.06
-426.361
-427.669
-428.982
-430.293
-431.588
-432.831
-433.956
-434.844
-435.354
-435.436
-435.188
-434.758
-434.249
-433.713
-433.175
-432.645
-432.125
-431.615
-431.115
-430.623
-430.137
-429.654
-429.174
-428.694
-428.212
-427.729
-427.241
-426.749
-426.251
-425.746
-425.234
-424.713
-424.184
-423.646
-423.097
-422.537
-421.967
-421.384
-420.789
-420.181
-419.559
-418.923
-418.271
-417.604
-416.921
-416.22
-415.5
-414.762
-414.004
-413.224
-412.424
-411.6
-410.754
-409.884
-408.99
-408.072
-407.129
-406.161
-405.167
-404.148
-403.103
-402.032
-400.934
-399.81
-398.659
-397.48
-396.272
-395.036
-393.77
-392.475
-391.148
-389.79
-388.399
-386.974
-385.515
-384.02
-382.488
-380.916
-379.306
-377.654
-375.96
-374.22
-372.435
-370.601
-368.717
-366.781
-364.791
-362.744
-379.312
-381.162
-382.969
-384.736
-386.464
-388.154
-389.81
-391.432
-393.022
-394.582
-396.114
-397.619
-399.099
-400.555
-401.988
-403.402
-404.796
-406.172
-407.532
-408.878
-410.21
-411.53
-412.84
-414.141
-415.435
-416.724
-418.008
-419.29
-420.57
-421.852
-423.135
-424.422
-425.714
-427.012
-428.315
-429.621
-430.924
-432.21
-433.448
-434.578
-435.491
-436.047
-436.173
-435.944
-435.506
-434.973
-434.405
-433.829
-433.258
-432.696
-432.144
-431.602
-431.068
-430.54
-430.018
-429.499
-428.981
-428.463
-427.944
-427.422
-426.897
-426.367
-425.831
-425.289
-424.74
-424.183
-423.617
-423.042
-422.458
-421.862
-421.256
-420.638
-420.008
-419.365
-418.708
-418.037
-417.351
-416.649
-415.931
-415.196
-414.442
-413.67
-412.878
-412.066
-411.232
-410.377
-409.5
-408.6
-407.677
-406.73
-405.759
-404.764
-403.744
-402.7
-401.63
-400.534
-399.411
-398.262
-397.086
-395.883
-394.651
-393.389
-392.098
-390.777
-389.424
-388.038
-386.62
-385.167
-383.679
-382.153
-380.59
-378.987
-377.344
-375.657
-373.926
-372.151
-370.327
-368.453
-366.529
-364.55
-362.515
-379.601
-381.465
-383.286
-385.065
-386.806
-388.509
-390.177
-391.811
-393.412
-394.984
-396.526
-398.042
-399.531
-400.997
-402.44
-403.862
-405.264
-406.649
-408.016
-409.368
-410.706
-412.031
-413.346
-414.65
-415.947
-417.236
-418.521
-419.801
-421.079
-422.357
-423.635
-424.914
-426.197
-427.484
-428.774
-430.066
-431.354
-432.626
-433.855
-434.988
-435.927
-436.532
-436.712
-436.515
-436.081
-435.535
-434.943
-434.338
-433.735
-433.139
-432.553
-431.977
-431.408
-430.847
-430.291
-429.739
-429.189
-428.64
-428.09
-427.539
-426.985
-426.427
-425.864
-425.296
-424.721
-424.14
-423.55
-422.952
-422.345
-421.728
-421.101
-420.463
-419.813
-419.15
-418.475
-417.787
-417.084
-416.366
-415.633
-414.883
-414.116
-413.331
-412.528
-411.705
-410.863
-410
-409.115
-408.21
-407.282
-406.331
-405.358
-404.361
-403.34
-402.295
-401.225
-400.13
-399.009
-397.862
-396.689
-395.488
-394.259
-393.002
-391.714
-390.397
-389.049
-387.669
-386.255
-384.809
-383.326
-381.807
-380.251
-378.656
-377.019
-375.341
-373.619
-371.852
-370.038
-368.174
-366.259
-364.291
-362.268
-379.858
-381.733
-383.566
-385.356
-387.107
-388.821
-390.498
-392.141
-393.752
-395.331
-396.882
-398.404
-399.901
-401.373
-402.822
-404.248
-405.655
-407.043
-408.413
-409.767
-411.106
-412.432
-413.746
-415.049
-416.342
-417.628
-418.907
-420.181
-421.452
-422.72
-423.987
-425.255
-426.524
-427.796
-429.07
-430.344
-431.615
-432.872
-434.091
-435.227
-436.189
-436.846
-437.087
-436.93
-436.51
-435.957
-435.349
-434.721
-434.093
-433.47
-432.856
-432.251
-431.654
-431.064
-430.48
-429.9
-429.322
-428.746
-428.17
-427.593
-427.014
-426.432
-425.846
-425.255
-424.658
-424.054
-423.444
-422.825
-422.198
-421.562
-420.916
-420.26
-419.593
-418.914
-418.222
-417.518
-416.8
-416.068
-415.321
-414.558
-413.779
-412.983
-412.169
-411.338
-410.487
-409.616
-408.725
-407.814
-406.881
-405.927
-404.951
-403.952
-402.929
-401.884
-400.814
-399.719
-398.599
-397.454
-396.282
-395.084
-393.857
-392.603
-391.32
-390.007
-388.662
-387.287
-385.878
-384.437
-382.96
-381.447
-379.897
-378.308
-376.679
-375.009
-373.295
-371.537
-369.731
-367.877
-365.972
-364.015
-362.003
-380.074
-381.959
-383.801
-385.6
-387.36
-389.081
-390.765
-392.415
-394.032
-395.617
-397.172
-398.699
-400.199
-401.674
-403.125
-404.554
-405.961
-407.349
-408.718
-410.071
-411.407
-412.729
-414.039
-415.336
-416.624
-417.902
-419.172
-420.436
-421.696
-422.952
-424.206
-425.459
-426.713
-427.968
-429.224
-430.482
-431.736
-432.978
-434.187
-435.324
-436.31
-437.017
-437.322
-437.215
-436.816
-436.263
-435.642
-434.997
-434.348
-433.703
-433.065
-432.436
-431.815
-431.2
-430.592
-429.988
-429.387
-428.787
-428.189
-427.59
-426.989
-426.385
-425.778
-425.167
-424.55
-423.928
-423.299
-422.662
-422.017
-421.364
-420.702
-420.029
-419.346
-418.652
-417.946
-417.228
-416.496
-415.751
-414.992
-414.218
-413.428
-412.622
-411.799
-410.958
-410.1
-409.222
-408.325
-407.409
-406.472
-405.514
-404.534
-403.533
-402.509
-401.462
-400.392
-399.297
-398.178
-397.034
-395.864
-394.667
-393.444
-392.192
-390.912
-389.602
-388.261
-386.89
-385.486
-384.049
-382.578
-381.07
-379.526
-377.944
-376.321
-374.658
-372.953
-371.202
-369.405
-367.56
-365.665
-363.718
-361.717
-380.243
-382.136
-383.985
-385.791
-387.556
-389.282
-390.972
-392.626
-394.246
-395.834
-397.391
-398.92
-400.421
-401.896
-403.347
-404.774
-406.179
-407.564
-408.93
-410.278
-411.609
-412.925
-414.228
-415.517
-416.796
-418.064
-419.324
-420.577
-421.824
-423.066
-424.306
-425.544
-426.782
-428.021
-429.26
-430.501
-431.739
-432.967
-434.168
-435.306
-436.312
-437.067
-437.438
-437.388
-437.017
-436.469
-435.841
-435.181
-434.514
-433.85
-433.192
-432.542
-431.9
-431.264
-430.635
-430.01
-429.389
-428.769
-428.151
-427.532
-426.912
-426.29
-425.664
-425.035
-424.401
-423.761
-423.115
-422.463
-421.802
-421.134
-420.456
-419.769
-419.072
-418.364
-417.645
-416.914
-416.171
-415.414
-414.644
-413.859
-413.059
-412.244
-411.413
-410.564
-409.698
-408.814
-407.912
-406.99
-406.049
-405.087
-404.105
-403.101
-402.076
-401.028
-399.956
-398.862
-397.743
-396.6
-395.43
-394.236
-393.014
-391.765
-390.487
-389.18
-387.843
-386.475
-385.076
-383.643
-382.176
-380.674
-379.136
-377.56
-375.944
-374.288
-372.589
-370.846
-369.058
-367.222
-365.335
-363.398
-361.407
-380.358
-382.257
-384.111
-385.922
-387.691
-389.421
-391.113
-392.769
-394.39
-395.979
-397.536
-399.064
-400.564
-402.037
-403.485
-404.909
-406.31
-407.69
-409.05
-410.392
-411.716
-413.025
-414.318
-415.599
-416.867
-418.125
-419.373
-420.614
-421.848
-423.077
-424.302
-425.526
-426.748
-427.971
-429.196
-430.42
-431.643
-432.858
-434.051
-435.19
-436.214
-437.013
-437.451
-437.463
-437.128
-436.59
-435.957
-435.286
-434.604
-433.923
-433.247
-432.579
-431.918
-431.264
-430.616
-429.973
-429.333
-428.696
-428.06
-427.424
-426.787
-426.148
-425.506
-424.861
-424.211
-423.556
-422.895
-422.228
-421.553
-420.87
-420.179
-419.479
-418.77
-418.049
-417.318
-416.576
-415.822
-415.054
-414.274
-413.48
-412.671
-411.847
-411.008
-410.152
-409.28
-408.39
-407.482
-406.556
-405.61
-404.645
-403.66
-402.653
-401.626
-400.577
-399.505
-398.409
-397.291
-396.148
-394.98
-393.785
-392.566
-391.318
-390.043
-388.738
-387.404
-386.041
-384.645
-383.216
-381.754
-380.257
-378.724
-377.153
-375.544
-373.894
-372.202
-370.467
-368.687
-366.859
-364.982
-363.055
-361.074
-380.417
-382.32
-384.177
-385.991
-387.762
-389.493
-391.186
-392.842
-394.463
-396.05
-397.606
-399.132
-400.629
-402.098
-403.541
-404.96
-406.356
-407.73
-409.084
-410.418
-411.734
-413.034
-414.318
-415.589
-416.847
-418.093
-419.33
-420.559
-421.78
-422.996
-424.208
-425.418
-426.626
-427.835
-429.044
-430.255
-431.464
-432.667
-433.852
-434.991
-436.03
-436.87
-437.373
-437.451
-437.159
-436.636
-436.002
-435.322
-434.627
-433.931
-433.239
-432.554
-431.877
-431.206
-430.542
-429.882
-429.226
-428.572
-427.92
-427.269
-426.616
-425.962
-425.306
-424.646
-423.982
-423.313
-422.638
-421.958
-421.27
-420.575
-419.872
-419.16
-418.438
-417.707
-416.965
-416.212
-415.448
-414.671
-413.881
-413.078
-412.261
-411.43
-410.583
-409.721
-408.842
-407.946
-407.033
-406.102
-405.153
-404.184
-403.196
-402.187
-401.157
-400.107
-399.033
-397.938
-396.819
-395.676
-394.508
-393.316
-392.097
-390.851
-389.577
-388.276
-386.945
-385.584
-384.192
-382.767
-381.309
-379.817
-378.288
-376.723
-375.119
-373.476
-371.791
-370.063
-368.29
-366.47
-364.603
-362.685
-360.713
-380.415
-382.321
-384.18
-385.995
-387.767
-389.498
-391.19
-392.845
-394.464
-396.049
-397.602
-399.124
-400.617
-402.081
-403.52
-404.933
-406.322
-407.689
-409.035
-410.362
-411.669
-412.96
-414.235
-415.496
-416.744
-417.98
-419.206
-420.422
-421.632
-422.836
-424.035
-425.232
-426.427
-427.622
-428.818
-430.015
-431.212
-432.404
-433.581
-434.719
-435.771
-436.647
-437.213
-437.361
-437.117
-436.615
-435.984
-435.296
-434.59
-433.88
-433.174
-432.474
-431.781
-431.096
-430.416
-429.741
-429.07
-428.402
-427.735
-427.069
-426.403
-425.735
-425.065
-424.392
-423.715
-423.033
-422.346
-421.653
-420.954
-420.247
-419.533
-418.81
-418.077
-417.336
-416.584
-415.821
-415.047
-414.262
-413.463
-412.652
-411.828
-410.989
-410.135
-409.266
-408.382
-407.481
-406.563
-405.628
-404.674
-403.702
-402.711
-401.699
-400.668
-399.615
-398.541
-397.445
-396.325
-395.182
-394.015
-392.823
-391.605
-390.36
-389.089
-387.789
-386.461
-385.102
-383.713
-382.292
-380.838
-379.35
-377.827
-376.267
-374.669
-373.031
-371.353
-369.632
-367.866
-366.055
-364.196
-362.286
-360.325
-380.352
-382.259
-384.119
-385.934
-387.705
-389.435
-391.126
-392.779
-394.395
-395.977
-397.526
-399.044
-400.532
-401.991
-403.424
-404.831
-406.213
-407.573
-408.912
-410.23
-411.53
-412.812
-414.078
-415.329
-416.567
-417.793
-419.008
-420.214
-421.412
-422.605
-423.792
-424.977
-426.16
-427.342
-428.526
-429.711
-430.896
-432.077
-433.246
-434.383
-435.445
-436.353
-436.977
-437.197
-437.008
-436.533
-435.907
-435.215
-434.498
-433.776
-433.057
-432.343
-431.636
-430.937
-430.243
-429.554
-428.869
-428.188
-427.508
-426.828
-426.149
-425.468
-424.786
-424.1
-423.411
-422.718
-422.019
-421.315
-420.605
-419.887
-419.162
-418.429
-417.687
-416.935
-416.174
-415.402
-414.62
-413.826
-413.019
-412.201
-411.369
-410.523
-409.663
-408.788
-407.898
-406.992
-406.069
-405.13
-404.172
-403.197
-402.202
-401.189
-400.155
-399.1
-398.025
-396.927
-395.807
-394.664
-393.497
-392.306
-391.089
-389.846
-388.576
-387.278
-385.952
-384.595
-383.209
-381.792
-380.342
-378.858
-377.338
-375.783
-374.191
-372.559
-370.886
-369.172
-367.414
-365.61
-363.76
-361.859
-359.907
-380.228
-382.135
-383.995
-385.809
-387.579
-389.308
-390.996
-392.646
-394.259
-395.837
-397.382
-398.895
-400.378
-401.832
-403.258
-404.659
-406.035
-407.388
-408.719
-410.03
-411.321
-412.595
-413.852
-415.094
-416.323
-417.539
-418.745
-419.941
-421.129
-422.31
-423.487
-424.66
-425.832
-427.003
-428.175
-429.348
-430.521
-431.693
-432.854
-433.988
-435.059
-435.994
-436.673
-436.965
-436.836
-436.393
-435.777
-435.082
-434.357
-433.624
-432.892
-432.165
-431.445
-430.732
-430.025
-429.323
-428.626
-427.931
-427.239
-426.547
-425.855
-425.163
-424.469
-423.772
-423.071
-422.367
-421.658
-420.943
-420.222
-419.494
-418.759
-418.016
-417.265
-416.505
-415.735
-414.955
-414.164
-413.362
-412.548
-411.722
-410.883
-410.031
-409.165
-408.284
-407.389
-406.478
-405.55
-404.606
-403.645
-402.666
-401.669
-400.652
-399.616
-398.56
-397.483
-396.385
-395.264
-394.12
-392.953
-391.762
-390.545
-389.303
-388.035
-386.739
-385.415
-384.061
-382.677
-381.263
-379.816
-378.335
-376.821
-375.271
-373.682
-372.057
-370.39
-368.682
-366.931
-365.135
-363.291
-361.4
-359.457
-380.042
-381.95
-383.809
-385.622
-387.391
-389.117
-390.802
-392.449
-394.059
-395.633
-397.174
-398.682
-400.16
-401.608
-403.029
-404.423
-405.793
-407.139
-408.463
-409.766
-411.05
-412.316
-413.565
-414.799
-416.019
-417.226
-418.422
-419.609
-420.787
-421.958
-423.125
-424.288
-425.449
-426.609
-427.77
-428.932
-430.095
-431.256
-432.41
-433.541
-434.617
-435.576
-436.305
-436.668
-436.604
-436.199
-435.596
-434.901
-434.169
-433.425
-432.681
-431.942
-431.21
-430.484
-429.765
-429.051
-428.341
-427.634
-426.93
-426.227
-425.524
-424.82
-424.115
-423.407
-422.696
-421.981
-421.261
-420.537
-419.806
-419.069
-418.325
-417.573
-416.812
-416.043
-415.265
-414.477
-413.678
-412.869
-412.048
-411.215
-410.369
-409.511
-408.639
-407.753
-406.852
-405.936
-405.004
-404.056
-403.091
-402.109
-401.108
-400.089
-399.051
-397.993
-396.914
-395.814
-394.692
-393.548
-392.381
-391.19
-389.974
-388.732
-387.465
-386.17
-384.848
-383.496
-382.115
-380.704
-379.259
-377.783
-376.273
-374.726
-373.144
-371.522
-369.862
-368.16
-366.415
-364.627
-362.791
-360.907
-358.974
-379.798
-381.705
-383.564
-385.375
-387.142
-388.866
-390.549
-392.193
-393.799
-395.369
-396.905
-398.409
-399.882
-401.325
-402.74
-404.129
-405.492
-406.832
-408.149
-409.445
-410.722
-411.98
-413.222
-414.447
-415.659
-416.858
-418.045
-419.223
-420.392
-421.554
-422.711
-423.864
-425.015
-426.165
-427.315
-428.466
-429.619
-430.771
-431.917
-433.044
-434.125
-435.103
-435.877
-436.308
-436.314
-435.953
-435.368
-434.674
-433.936
-433.183
-432.428
-431.677
-430.933
-430.195
-429.464
-428.738
-428.016
-427.298
-426.583
-425.868
-425.154
-424.44
-423.724
-423.006
-422.285
-421.56
-420.831
-420.096
-419.356
-418.61
-417.857
-417.096
-416.328
-415.55
-414.764
-413.968
-413.162
-412.345
-411.517
-410.678
-409.826
-408.961
-408.084
-407.192
-406.286
-405.365
-404.429
-403.477
-402.508
-401.522
-400.519
-399.497
-398.456
-397.396
-396.316
-395.214
-394.091
-392.947
-391.779
-390.587
-389.372
-388.131
-386.864
-385.571
-384.25
-382.9
-381.522
-380.112
-378.672
-377.199
-375.691
-374.15
-372.571
-370.955
-369.3
-367.604
-365.866
-364.085
-362.256
-360.381
-358.455
-379.497
-381.404
-383.262
-385.072
-386.837
-388.559
-390.239
-391.879
-393.482
-395.049
-396.581
-398.08
-399.548
-400.986
-402.396
-403.779
-405.137
-406.47
-407.781
-409.071
-410.341
-411.592
-412.826
-414.044
-415.248
-416.439
-417.619
-418.788
-419.948
-421.101
-422.249
-423.393
-424.533
-425.673
-426.813
-427.955
-429.097
-430.24
-431.378
-432.501
-433.584
-434.578
-435.391
-435.889
-435.966
-435.655
-435.092
-434.403
-433.661
-432.899
-432.133
-431.371
-430.615
-429.866
-429.123
-428.386
-427.653
-426.924
-426.197
-425.472
-424.748
-424.023
-423.297
-422.569
-421.838
-421.104
-420.365
-419.622
-418.873
-418.118
-417.356
-416.587
-415.81
-415.025
-414.231
-413.427
-412.614
-411.79
-410.956
-410.11
-409.252
-408.381
-407.498
-406.601
-405.69
-404.764
-403.824
-402.867
-401.895
-400.906
-399.899
-398.874
-397.831
-396.768
-395.686
-394.583
-393.459
-392.313
-391.145
-389.953
-388.737
-387.497
-386.231
-384.939
-383.619
-382.271
-380.895
-379.487
-378.05
-376.579
-375.076
-373.538
-371.964
-370.353
-368.703
-367.013
-365.281
-363.506
-361.686
-359.818
-357.901
-379.143
-381.05
-382.906
-384.715
-386.478
-388.198
-389.875
-391.513
-393.113
-394.676
-396.204
-397.699
-399.162
-400.596
-402.001
-403.378
-404.73
-406.058
-407.363
-408.647
-409.91
-411.155
-412.382
-413.593
-414.79
-415.973
-417.145
-418.306
-419.458
-420.603
-421.741
-422.876
-424.007
-425.138
-426.268
-427.399
-428.532
-429.665
-430.795
-431.913
-432.997
-434.004
-434.852
-435.411
-435.562
-435.306
-434.771
-434.089
-433.344
-432.574
-431.799
-431.026
-430.259
-429.498
-428.744
-427.995
-427.251
-426.512
-425.774
-425.039
-424.304
-423.569
-422.834
-422.096
-421.356
-420.612
-419.864
-419.112
-418.354
-417.591
-416.821
-416.044
-415.259
-414.466
-413.664
-412.854
-412.033
-411.203
-410.362
-409.509
-408.645
-407.769
-406.88
-405.978
-405.062
-404.131
-403.186
-402.226
-401.249
-400.257
-399.247
-398.219
-397.173
-396.108
-395.024
-393.919
-392.794
-391.647
-390.478
-389.285
-388.07
-386.829
-385.564
-384.272
-382.954
-381.607
-380.233
-378.828
-377.392
-375.925
-374.425
-372.89
-371.321
-369.714
-368.069
-366.385
-364.659
-362.891
-361.077
-359.217
-357.308
-378.737
-380.644
-382.499
-384.307
-386.069
-387.786
-389.462
-391.097
-392.693
-394.253
-395.778
-397.269
-398.728
-400.157
-401.557
-402.93
-404.277
-405.599
-406.898
-408.176
-409.433
-410.672
-411.892
-413.097
-414.286
-415.462
-416.626
-417.78
-418.924
-420.06
-421.19
-422.316
-423.438
-424.559
-425.68
-426.802
-427.925
-429.049
-430.171
-431.282
-432.366
-433.383
-434.261
-434.878
-435.102
-434.907
-434.404
-433.733
-432.986
-432.209
-431.424
-430.641
-429.863
-429.091
-428.326
-427.566
-426.812
-426.061
-425.314
-424.568
-423.824
-423.079
-422.334
-421.587
-420.837
-420.085
-419.328
-418.567
-417.801
-417.029
-416.251
-415.466
-414.673
-413.873
-413.064
-412.246
-411.419
-410.581
-409.734
-408.875
-408.005
-407.123
-406.228
-405.321
-404.4
-403.465
-402.515
-401.551
-400.571
-399.574
-398.561
-397.53
-396.481
-395.414
-394.328
-393.221
-392.094
-390.946
-389.776
-388.583
-387.366
-386.126
-384.861
-383.57
-382.252
-380.907
-379.534
-378.131
-376.697
-375.233
-373.736
-372.205
-370.639
-369.037
-367.397
-365.718
-363.997
-362.236
-360.429
-358.576
-356.675
-378.283
-380.189
-382.045
-383.851
-385.612
-387.327
-389.001
-390.633
-392.227
-393.784
-395.305
-396.792
-398.248
-399.672
-401.068
-402.436
-403.778
-405.095
-406.389
-407.661
-408.913
-410.145
-411.359
-412.557
-413.74
-414.909
-416.065
-417.211
-418.347
-419.476
-420.598
-421.715
-422.828
-423.94
-425.051
-426.163
-427.277
-428.392
-429.505
-430.61
-431.692
-432.717
-433.621
-434.289
-434.586
-434.456
-433.992
-433.334
-432.587
-431.805
-431.011
-430.217
-429.428
-428.646
-427.87
-427.099
-426.335
-425.574
-424.816
-424.06
-423.306
-422.552
-421.797
-421.041
-420.282
-419.521
-418.755
-417.986
-417.211
-416.431
-415.645
-414.852
-414.052
-413.244
-412.428
-411.603
-410.769
-409.925
-409.071
-408.206
-407.33
-406.442
-405.542
-404.629
-403.703
-402.764
-401.81
-400.841
-399.856
-398.856
-397.839
-396.805
-395.754
-394.684
-393.595
-392.487
-391.358
-390.208
-389.037
-387.843
-386.626
-385.385
-384.12
-382.83
-381.512
-380.168
-378.797
-377.395
-375.964
-374.502
-373.007
-371.48
-369.917
-368.32
-366.685
-365.011
-363.296
-361.539
-359.739
-357.893
-356.001
-377.783
-379.689
-381.544
-383.35
-385.109
-386.823
-388.495
-390.125
-391.716
-393.27
-394.788
-396.272
-397.724
-399.144
-400.536
-401.899
-403.236
-404.549
-405.837
-407.104
-408.35
-409.576
-410.784
-411.976
-413.152
-414.314
-415.463
-416.602
-417.73
-418.851
-419.964
-421.073
-422.178
-423.28
-424.382
-425.485
-426.589
-427.695
-428.799
-429.898
-430.977
-432.008
-432.933
-433.648
-434.014
-433.954
-433.533
-432.893
-432.149
-431.361
-430.559
-429.755
-428.956
-428.162
-427.375
-426.595
-425.819
-425.048
-424.28
-423.515
-422.751
-421.987
-421.223
-420.457
-419.69
-418.92
-418.146
-417.368
-416.585
-415.797
-415.003
-414.202
-413.394
-412.579
-411.756
-410.924
-410.083
-409.233
-408.372
-407.501
-406.619
-405.725
-404.82
-403.902
-402.97
-402.026
-401.067
-400.094
-399.105
-398.101
-397.081
-396.044
-394.989
-393.916
-392.825
-391.714
-390.584
-389.432
-388.259
-387.065
-385.847
-384.606
-383.341
-382.05
-380.733
-379.39
-378.019
-376.619
-375.19
-373.73
-372.238
-370.714
-369.155
-367.561
-365.93
-364.26
-362.551
-360.8
-359.007
-357.168
-355.283
-377.238
-379.145
-381
-382.805
-384.563
-386.276
-387.946
-389.574
-391.163
-392.714
-394.229
-395.71
-397.158
-398.575
-399.962
-401.321
-402.654
-403.961
-405.245
-406.506
-407.746
-408.967
-410.169
-411.354
-412.523
-413.679
-414.821
-415.952
-417.073
-418.186
-419.291
-420.392
-421.488
-422.581
-423.674
-424.768
-425.862
-426.958
-428.054
-429.146
-430.221
-431.255
-432.197
-432.954
-433.388
-433.399
-433.027
-432.41
-431.67
-430.878
-430.068
-429.254
-428.444
-427.64
-426.843
-426.051
-425.266
-424.484
-423.706
-422.931
-422.157
-421.384
-420.611
-419.836
-419.06
-418.281
-417.498
-416.712
-415.921
-415.125
-414.323
-413.515
-412.699
-411.877
-411.046
-410.207
-409.36
-408.502
-407.635
-406.758
-405.87
-404.971
-404.059
-403.136
-402.2
-401.25
-400.287
-399.309
-398.316
-397.308
-396.284
-395.243
-394.185
-393.11
-392.016
-390.903
-389.77
-388.616
-387.442
-386.246
-385.027
-383.786
-382.519
-381.229
-379.912
-378.569
-377.199
-375.801
-374.374
-372.916
-371.426
-369.904
-368.348
-366.758
-365.131
-363.466
-361.762
-360.017
-358.229
-356.397
-354.52
-376.652
-378.559
-380.414
-382.219
-383.976
-385.688
-387.356
-388.982
-390.569
-392.117
-393.629
-395.107
-396.552
-397.965
-399.348
-400.703
-402.031
-403.334
-404.612
-405.868
-407.103
-408.318
-409.514
-410.693
-411.856
-413.004
-414.14
-415.264
-416.377
-417.482
-418.58
-419.671
-420.759
-421.844
-422.927
-424.011
-425.097
-426.183
-427.27
-428.354
-429.424
-430.46
-431.417
-432.209
-432.706
-432.791
-432.474
-431.883
-431.15
-430.355
-429.537
-428.715
-427.894
-427.08
-426.271
-425.469
-424.673
-423.882
-423.094
-422.309
-421.525
-420.743
-419.96
-419.177
-418.391
-417.604
-416.813
-416.018
-415.219
-414.414
-413.605
-412.788
-411.966
-411.136
-410.298
-409.452
-408.597
-407.734
-406.86
-405.976
-405.082
-404.177
-403.26
-402.331
-401.389
-400.435
-399.467
-398.484
-397.487
-396.475
-395.447
-394.403
-393.341
-392.262
-391.165
-390.05
-388.914
-387.759
-386.583
-385.385
-384.165
-382.922
-381.656
-380.365
-379.048
-377.706
-376.336
-374.939
-373.512
-372.056
-370.569
-369.05
-367.497
-365.91
-364.286
-362.626
-360.927
-359.186
-357.405
-355.58
-353.708
-376.025
-377.933
-379.788
-381.593
-383.349
-385.06
-386.727
-388.351
-389.935
-391.481
-392.991
-394.465
-395.906
-397.316
-398.695
-400.046
-401.369
-402.667
-403.941
-405.192
-406.421
-407.63
-408.82
-409.993
-411.149
-412.291
-413.42
-414.536
-415.642
-416.74
-417.829
-418.912
-419.991
-421.067
-422.142
-423.216
-424.292
-425.369
-426.447
-427.523
-428.588
-429.623
-430.591
-431.415
-431.97
-432.129
-431.871
-431.311
-430.588
-429.792
-428.968
-428.136
-427.305
-426.48
-425.661
-424.848
-424.042
-423.24
-422.442
-421.647
-420.854
-420.062
-419.27
-418.477
-417.683
-416.887
-416.087
-415.284
-414.477
-413.664
-412.846
-412.023
-411.192
-410.355
-409.51
-408.657
-407.795
-406.925
-406.045
-405.155
-404.254
-403.343
-402.42
-401.485
-400.538
-399.579
-398.605
-397.618
-396.617
-395.6
-394.568
-393.52
-392.455
-391.373
-390.273
-389.154
-388.016
-386.858
-385.68
-384.481
-383.26
-382.015
-380.748
-379.456
-378.14
-376.797
-375.427
-374.031
-372.606
-371.151
-369.666
-368.148
-366.598
-365.014
-363.395
-361.737
-360.043
-358.308
-356.532
-354.713
-352.848
-375.359
-377.268
-379.123
-380.928
-382.684
-384.393
-386.058
-387.681
-389.263
-390.807
-392.313
-393.785
-395.223
-396.628
-398.004
-399.35
-400.67
-401.963
-403.231
-404.477
-405.7
-406.904
-408.088
-409.254
-410.405
-411.54
-412.661
-413.771
-414.869
-415.959
-417.04
-418.115
-419.185
-420.252
-421.318
-422.383
-423.449
-424.516
-425.585
-426.652
-427.711
-428.745
-429.721
-430.571
-431.18
-431.411
-431.218
-430.695
-429.985
-429.189
-428.358
-427.517
-426.676
-425.84
-425.011
-424.188
-423.37
-422.558
-421.75
-420.945
-420.143
-419.341
-418.54
-417.738
-416.935
-416.129
-415.321
-414.51
-413.694
-412.873
-412.048
-411.216
-410.378
-409.533
-408.681
-407.82
-406.952
-406.074
-405.187
-404.291
-403.384
-402.467
-401.538
-400.597
-399.645
-398.68
-397.701
-396.709
-395.703
-394.682
-393.645
-392.593
-391.524
-390.439
-389.335
-388.213
-387.073
-385.913
-384.732
-383.531
-382.307
-381.062
-379.793
-378.501
-377.184
-375.841
-374.471
-373.075
-371.651
-370.197
-368.713
-367.198
-365.65
-364.068
-362.452
-360.799
-359.109
-357.378
-355.608
-353.794
-351.937
-374.656
-376.565
-378.421
-380.225
-381.98
-383.689
-385.353
-386.974
-388.554
-390.095
-391.599
-393.067
-394.501
-395.903
-397.275
-398.617
-399.932
-401.22
-402.484
-403.724
-404.942
-406.139
-407.318
-408.478
-409.622
-410.75
-411.865
-412.967
-414.058
-415.139
-416.212
-417.279
-418.341
-419.399
-420.455
-421.511
-422.567
-423.625
-424.684
-425.742
-426.794
-427.825
-428.807
-429.679
-430.335
-430.637
-430.512
-430.031
-429.338
-428.543
-427.707
-426.858
-426.007
-425.16
-424.32
-423.486
-422.658
-421.836
-421.018
-420.203
-419.39
-418.579
-417.768
-416.957
-416.145
-415.331
-414.514
-413.693
-412.869
-412.04
-411.207
-410.367
-409.521
-408.668
-407.809
-406.941
-406.065
-405.181
-404.287
-403.384
-402.471
-401.547
-400.612
-399.666
-398.707
-397.737
-396.753
-395.756
-394.744
-393.718
-392.678
-391.621
-390.548
-389.459
-388.352
-387.227
-386.083
-384.92
-383.737
-382.533
-381.308
-380.061
-378.79
-377.497
-376.179
-374.835
-373.466
-372.07
-370.646
-369.193
-367.71
-366.197
-364.651
-363.072
-361.458
-359.809
-358.122
-356.396
-354.631
-352.823
-350.972
-373.915
-375.825
-377.681
-379.485
-381.24
-382.948
-384.61
-386.229
-387.807
-389.346
-390.847
-392.312
-393.743
-395.141
-396.508
-397.846
-399.156
-400.44
-401.698
-402.933
-404.146
-405.337
-406.509
-407.663
-408.8
-409.922
-411.029
-412.124
-413.207
-414.281
-415.346
-416.404
-417.457
-418.506
-419.553
-420.599
-421.646
-422.693
-423.743
-424.792
-425.836
-426.864
-427.849
-428.739
-429.437
-429.807
-429.753
-429.319
-428.647
-427.856
-427.015
-426.157
-425.297
-424.439
-423.588
-422.743
-421.905
-421.072
-420.243
-419.418
-418.595
-417.774
-416.954
-416.134
-415.312
-414.489
-413.663
-412.834
-412.001
-411.164
-410.322
-409.474
-408.621
-407.76
-406.893
-406.018
-405.135
-404.243
-403.342
-402.432
-401.512
-400.582
-399.641
-398.688
-397.724
-396.748
-395.758
-394.756
-393.739
-392.708
-391.663
-390.602
-389.524
-388.431
-387.32
-386.191
-385.044
-383.878
-382.692
-381.486
-380.258
-379.009
-377.737
-376.442
-375.123
-373.779
-372.409
-371.012
-369.589
-368.136
-366.655
-365.142
-363.598
-362.021
-360.41
-358.764
-357.081
-355.359
-353.599
-351.796
-349.95
-373.138
-375.049
-376.905
-378.709
-380.463
-382.17
-383.83
-385.448
-387.023
-388.559
-390.058
-391.519
-392.947
-394.341
-395.705
-397.038
-398.344
-399.622
-400.875
-402.105
-403.312
-404.497
-405.663
-406.811
-407.941
-409.055
-410.156
-411.243
-412.318
-413.384
-414.441
-415.49
-416.534
-417.574
-418.612
-419.648
-420.685
-421.722
-422.762
-423.802
-424.838
-425.86
-426.846
-427.751
-428.486
-428.92
-428.938
-428.557
-427.91
-427.125
-426.281
-425.415
-424.544
-423.676
-422.814
-421.958
-421.109
-420.265
-419.426
-418.59
-417.758
-416.927
-416.097
-415.267
-414.436
-413.603
-412.768
-411.931
-411.089
-410.244
-409.393
-408.537
-407.675
-406.807
-405.931
-405.049
-404.158
-403.259
-402.351
-401.434
-400.507
-399.57
-398.623
-397.664
-396.693
-395.711
-394.716
-393.707
-392.685
-391.649
-390.599
-389.533
-388.451
-387.353
-386.238
-385.106
-383.955
-382.785
-381.596
-380.387
-379.157
-377.905
-376.631
-375.335
-374.014
-372.669
-371.298
-369.901
-368.477
-367.025
-365.544
-364.033
-362.49
-360.915
-359.307
-357.663
-355.983
-354.266
-352.509
-350.711
-348.871
-372.326
-374.237
-376.093
-377.897
-379.65
-381.355
-383.015
-384.63
-386.203
-387.737
-389.232
-390.69
-392.114
-393.505
-394.864
-396.193
-397.493
-398.767
-400.015
-401.238
-402.439
-403.619
-404.778
-405.919
-407.043
-408.15
-409.243
-410.323
-411.39
-412.448
-413.496
-414.537
-415.572
-416.603
-417.63
-418.657
-419.683
-420.711
-421.74
-422.77
-423.798
-424.814
-425.8
-426.715
-427.483
-427.975
-428.066
-427.743
-427.125
-426.349
-425.503
-424.629
-423.749
-422.87
-421.997
-421.13
-420.269
-419.414
-418.564
-417.718
-416.875
-416.034
-415.195
-414.355
-413.514
-412.672
-411.828
-410.981
-410.131
-409.277
-408.417
-407.553
-406.683
-405.806
-404.923
-404.032
-403.134
-402.228
-401.312
-400.388
-399.454
-398.51
-397.556
-396.59
-395.613
-394.624
-393.623
-392.609
-391.581
-390.54
-389.484
-388.413
-387.327
-386.224
-385.104
-383.968
-382.813
-381.64
-380.447
-379.235
-378.002
-376.748
-375.471
-374.172
-372.849
-371.503
-370.131
-368.734
-367.309
-365.857
-364.376
-362.865
-361.324
-359.75
-358.144
-356.503
-354.826
-353.112
-351.359
-349.566
-347.731
-371.478
-373.389
-375.246
-377.049
-378.801
-380.505
-382.163
-383.776
-385.347
-386.877
-388.369
-389.824
-391.244
-392.631
-393.985
-395.31
-396.605
-397.873
-399.116
-400.334
-401.529
-402.702
-403.855
-404.989
-406.105
-407.206
-408.291
-409.363
-410.422
-411.471
-412.511
-413.543
-414.569
-415.59
-416.608
-417.625
-418.641
-419.658
-420.677
-421.697
-422.715
-423.725
-424.709
-425.632
-426.426
-426.972
-427.135
-426.875
-426.292
-425.527
-424.68
-423.799
-422.909
-422.02
-421.135
-420.256
-419.385
-418.519
-417.658
-416.801
-415.948
-415.096
-414.246
-413.397
-412.546
-411.695
-410.841
-409.985
-409.126
-408.262
-407.394
-406.521
-405.642
-404.757
-403.866
-402.967
-402.061
-401.147
-400.224
-399.292
-398.351
-397.399
-396.438
-395.466
-394.482
-393.487
-392.479
-391.459
-390.425
-389.378
-388.316
-387.24
-386.148
-385.041
-383.917
-382.775
-381.616
-380.439
-379.243
-378.027
-376.79
-375.533
-374.254
-372.953
-371.628
-370.28
-368.906
-367.507
-366.082
-364.629
-363.149
-361.638
-360.097
-358.525
-356.92
-355.281
-353.607
-351.896
-350.147
-348.358
-346.528
-370.594
-372.506
-374.362
-376.165
-377.916
-379.619
-381.274
-382.885
-384.454
-385.981
-387.469
-388.921
-390.337
-391.719
-393.069
-394.389
-395.679
-396.942
-398.178
-399.391
-400.579
-401.746
-402.892
-404.019
-405.129
-406.221
-407.299
-408.363
-409.414
-410.455
-411.486
-412.509
-413.525
-414.537
-415.545
-416.551
-417.557
-418.564
-419.572
-420.581
-421.59
-422.592
-423.572
-424.501
-425.317
-425.911
-426.145
-425.951
-425.408
-424.658
-423.811
-422.924
-422.024
-421.124
-420.228
-419.338
-418.454
-417.577
-416.705
-415.837
-414.973
-414.111
-413.251
-412.391
-411.53
-410.669
-409.806
-408.94
-408.071
-407.199
-406.322
-405.44
-404.552
-403.659
-402.758
-401.851
-400.937
-400.015
-399.084
-398.144
-397.195
-396.237
-395.268
-394.288
-393.298
-392.295
-391.281
-390.254
-389.215
-388.161
-387.094
-386.012
-384.915
-383.802
-382.672
-381.526
-380.363
-379.181
-377.981
-376.761
-375.521
-374.26
-372.978
-371.674
-370.347
-368.996
-367.62
-366.22
-364.794
-363.34
-361.858
-360.348
-358.808
-357.236
-355.633
-353.995
-352.323
-350.615
-348.869
-347.084
-345.259
-369.675
-371.587
-373.443
-375.245
-376.995
-378.696
-380.349
-381.958
-383.523
-385.048
-386.533
-387.98
-389.392
-390.77
-392.115
-393.429
-394.714
-395.971
-397.202
-398.408
-399.59
-400.75
-401.89
-403.01
-404.111
-405.196
-406.266
-407.322
-408.365
-409.397
-410.419
-411.432
-412.439
-413.441
-414.439
-415.435
-416.43
-417.426
-418.423
-419.422
-420.421
-421.414
-422.39
-423.321
-424.155
-424.792
-425.093
-424.969
-424.47
-423.739
-422.894
-422.002
-421.093
-420.181
-419.273
-418.372
-417.476
-416.588
-415.704
-414.825
-413.95
-413.077
-412.206
-411.336
-410.465
-409.594
-408.72
-407.845
-406.966
-406.084
-405.198
-404.307
-403.41
-402.508
-401.599
-400.683
-399.76
-398.829
-397.89
-396.943
-395.986
-395.019
-394.043
-393.056
-392.058
-391.049
-390.028
-388.994
-387.947
-386.888
-385.814
-384.726
-383.623
-382.504
-381.37
-380.218
-379.05
-377.863
-376.658
-375.434
-374.19
-372.926
-371.641
-370.333
-369.003
-367.649
-366.272
-364.87
-363.442
-361.987
-360.504
-358.993
-357.453
-355.882
-354.279
-352.643
-350.972
-349.266
-347.524
-345.742
-343.92
-368.72
-370.632
-372.488
-374.289
-376.037
-377.736
-379.388
-380.993
-382.556
-384.077
-385.558
-387.001
-388.409
-389.782
-391.122
-392.431
-393.71
-394.962
-396.186
-397.386
-398.561
-399.715
-400.847
-401.959
-403.053
-404.131
-405.192
-406.239
-407.274
-408.296
-409.309
-410.314
-411.311
-412.303
-413.29
-414.276
-415.26
-416.245
-417.231
-418.219
-419.207
-420.191
-421.161
-422.093
-422.94
-423.614
-423.979
-423.925
-423.478
-422.769
-421.929
-421.031
-420.113
-419.19
-418.271
-417.357
-416.45
-415.549
-414.654
-413.763
-412.877
-411.993
-411.111
-410.229
-409.348
-408.467
-407.583
-406.698
-405.809
-404.917
-404.021
-403.121
-402.215
-401.303
-400.385
-399.46
-398.529
-397.589
-396.642
-395.686
-394.72
-393.746
-392.762
-391.767
-390.761
-389.744
-388.716
-387.675
-386.622
-385.555
-384.475
-383.38
-382.271
-381.146
-380.006
-378.849
-377.675
-376.483
-375.274
-374.045
-372.797
-371.528
-370.239
-368.927
-367.594
-366.238
-364.858
-363.453
-362.023
-360.566
-359.082
-357.571
-356.03
-354.458
-352.855
-351.22
-349.551
-347.847
-346.107
-344.328
-342.51
-367.729
-369.641
-371.496
-373.296
-375.043
-376.74
-378.389
-379.992
-381.551
-383.068
-384.545
-385.984
-387.387
-388.755
-390.09
-391.393
-392.667
-393.912
-395.13
-396.323
-397.492
-398.638
-399.763
-400.867
-401.953
-403.022
-404.075
-405.114
-406.14
-407.153
-408.157
-409.151
-410.138
-411.12
-412.097
-413.072
-414.045
-415.018
-415.993
-416.969
-417.946
-418.921
-419.883
-420.814
-421.672
-422.377
-422.801
-422.82
-422.427
-421.746
-420.912
-420.011
-419.084
-418.15
-417.219
-416.293
-415.373
-414.46
-413.553
-412.65
-411.752
-410.856
-409.963
-409.071
-408.179
-407.286
-406.392
-405.496
-404.598
-403.696
-402.79
-401.879
-400.964
-400.042
-399.115
-398.181
-397.24
-396.292
-395.335
-394.371
-393.397
-392.414
-391.421
-390.418
-389.405
-388.38
-387.344
-386.296
-385.235
-384.161
-383.074
-381.972
-380.856
-379.725
-378.579
-377.416
-376.236
-375.039
-373.824
-372.59
-371.337
-370.064
-368.77
-367.455
-366.118
-364.758
-363.375
-361.967
-360.534
-359.076
-357.59
-356.077
-354.535
-352.963
-351.36
-349.726
-348.057
-346.354
-344.616
-342.839
-341.024
-366.702
-368.614
-370.468
-372.266
-374.011
-375.706
-377.352
-378.952
-380.507
-382.021
-383.493
-384.928
-386.326
-387.688
-389.018
-390.315
-391.583
-392.821
-394.033
-395.219
-396.38
-397.519
-398.636
-399.733
-400.811
-401.871
-402.916
-403.945
-404.962
-405.966
-406.96
-407.944
-408.921
-409.892
-410.858
-411.822
-412.784
-413.745
-414.708
-415.673
-416.639
-417.602
-418.557
-419.485
-420.35
-421.082
-421.559
-421.649
-421.317
-420.668
-419.843
-418.939
-418.003
-417.059
-416.115
-415.176
-414.244
-413.318
-412.399
-411.484
-410.574
-409.666
-408.762
-407.858
-406.955
-406.051
-405.146
-404.24
-403.33
-402.418
-401.502
-400.581
-399.655
-398.724
-397.787
-396.843
-395.893
-394.935
-393.97
-392.996
-392.013
-391.021
-390.02
-389.008
-387.986
-386.953
-385.909
-384.853
-383.784
-382.703
-381.608
-380.5
-379.377
-378.239
-377.086
-375.916
-374.73
-373.527
-372.306
-371.067
-369.808
-368.53
-367.232
-365.912
-364.571
-363.207
-361.82
-360.409
-358.973
-357.512
-356.024
-354.509
-352.966
-351.393
-349.789
-348.155
-346.487
-344.785
-343.048
-341.273
-339.461
-365.639
-367.55
-369.403
-371.199
-372.942
-374.634
-376.277
-377.873
-379.425
-380.934
-382.402
-383.832
-385.224
-386.581
-387.905
-389.196
-390.457
-391.689
-392.894
-394.072
-395.226
-396.357
-397.466
-398.555
-399.624
-400.676
-401.712
-402.732
-403.739
-404.733
-405.717
-406.691
-407.658
-408.618
-409.573
-410.525
-411.475
-412.425
-413.376
-414.328
-415.282
-416.235
-417.181
-418.104
-418.974
-419.727
-420.252
-420.411
-420.143
-419.531
-418.719
-417.813
-416.87
-415.914
-414.958
-414.006
-413.061
-412.123
-411.19
-410.263
-409.34
-408.421
-407.504
-406.589
-405.674
-404.759
-403.843
-402.925
-402.004
-401.081
-400.154
-399.223
-398.287
-397.346
-396.398
-395.445
-394.484
-393.517
-392.542
-391.558
-390.566
-389.565
-388.555
-387.534
-386.504
-385.462
-384.409
-383.345
-382.268
-381.178
-380.076
-378.96
-377.829
-376.684
-375.524
-374.347
-373.155
-371.945
-370.718
-369.472
-368.208
-366.925
-365.621
-364.296
-362.95
-361.582
-360.191
-358.776
-357.337
-355.872
-354.382
-352.865
-351.319
-349.744
-348.14
-346.504
-344.837
-343.135
-341.399
-339.626
-337.816
-364.538
-366.448
-368.299
-370.094
-371.834
-373.523
-375.163
-376.755
-378.303
-379.807
-381.271
-382.695
-384.082
-385.433
-386.75
-388.035
-389.289
-390.514
-391.712
-392.883
-394.029
-395.152
-396.252
-397.332
-398.393
-399.436
-400.462
-401.473
-402.47
-403.454
-404.427
-405.391
-406.347
-407.296
-408.24
-409.18
-410.118
-411.056
-411.994
-412.934
-413.876
-414.817
-415.752
-416.67
-417.541
-418.311
-418.879
-419.105
-418.904
-418.334
-417.538
-416.633
-415.681
-414.715
-413.746
-412.781
-411.823
-410.871
-409.925
-408.985
-408.05
-407.118
-406.188
-405.261
-404.334
-403.407
-402.479
-401.55
-400.618
-399.684
-398.746
-397.804
-396.857
-395.905
-394.947
-393.983
-393.012
-392.035
-391.049
-390.056
-389.054
-388.043
-387.023
-385.994
-384.954
-383.903
-382.841
-381.768
-380.682
-379.585
-378.474
-377.349
-376.211
-375.058
-373.89
-372.706
-371.506
-370.29
-369.056
-367.804
-366.533
-365.244
-363.934
-362.604
-361.253
-359.88
-358.484
-357.065
-355.621
-354.153
-352.66
-351.139
-349.591
-348.014
-346.408
-344.772
-343.103
-341.401
-339.665
-337.893
-336.085
-363.4
-365.308
-367.158
-368.95
-370.687
-372.373
-374.009
-375.597
-377.14
-378.64
-380.098
-381.516
-382.897
-384.242
-385.553
-386.831
-388.078
-389.296
-390.485
-391.648
-392.786
-393.901
-394.993
-396.064
-397.115
-398.149
-399.165
-400.166
-401.153
-402.127
-403.09
-404.043
-404.987
-405.924
-406.856
-407.785
-408.711
-409.636
-410.561
-411.488
-412.417
-413.346
-414.271
-415.181
-416.052
-416.835
-417.439
-417.728
-417.596
-417.074
-416.298
-415.394
-414.436
-413.458
-412.477
-411.499
-410.527
-409.561
-408.602
-407.648
-406.7
-405.755
-404.813
-403.872
-402.933
-401.994
-401.054
-400.113
-399.169
-398.223
-397.274
-396.32
-395.362
-394.399
-393.43
-392.455
-391.474
-390.486
-389.49
-388.486
-387.474
-386.453
-385.423
-384.384
-383.334
-382.274
-381.202
-380.12
-379.025
-377.918
-376.799
-375.666
-374.519
-373.358
-372.181
-370.99
-369.782
-368.558
-367.317
-366.058
-364.781
-363.485
-362.169
-360.833
-359.476
-358.097
-356.696
-355.272
-353.824
-352.352
-350.853
-349.33
-347.778
-346.199
-344.59
-342.952
-341.282
-339.58
-337.843
-336.072
-334.264
-362.223
-364.13
-365.977
-367.766
-369.5
-371.182
-372.814
-374.398
-375.936
-377.43
-378.882
-380.295
-381.67
-383.008
-384.312
-385.583
-386.822
-388.032
-389.214
-390.369
-391.498
-392.604
-393.687
-394.748
-395.79
-396.814
-397.82
-398.811
-399.787
-400.751
-401.702
-402.644
-403.577
-404.502
-405.422
-406.338
-407.251
-408.164
-409.076
-409.99
-410.905
-411.822
-412.735
-413.636
-414.504
-415.297
-415.932
-416.279
-416.217
-415.747
-414.995
-414.096
-413.132
-412.144
-411.149
-410.157
-409.171
-408.191
-407.218
-406.251
-405.288
-404.33
-403.374
-402.421
-401.469
-400.517
-399.565
-398.611
-397.655
-396.697
-395.736
-394.77
-393.8
-392.826
-391.845
-390.859
-389.867
-388.867
-387.861
-386.846
-385.823
-384.792
-383.751
-382.701
-381.641
-380.571
-379.49
-378.397
-377.293
-376.177
-375.048
-373.906
-372.75
-371.58
-370.395
-369.195
-367.979
-366.747
-365.498
-364.231
-362.947
-361.643
-360.32
-358.978
-357.614
-356.229
-354.823
-353.393
-351.94
-350.463
-348.96
-347.433
-345.877
-344.295
-342.684
-341.042
-339.371
-337.667
-335.929
-334.157
-332.35
