-357.877
-359.352
-360.797
-362.213
-363.6
-364.96
-366.294
-367.602
-368.886
-370.145
-371.382
-372.596
-373.789
-374.96
-376.112
-377.243
-378.356
-379.45
-380.526
-381.584
-382.626
-383.651
-384.66
-385.654
-386.632
-387.596
-388.545
-389.48
-390.402
-391.31
-392.206
-393.089
-393.959
-394.818
-395.665
-396.501
-397.326
-398.14
-398.943
-399.736
-400.519
-401.292
-402.056
-402.811
-403.557
-404.294
-405.022
-405.743
-406.455
-407.16
-407.857
-408.548
-409.232
-409.909
-410.58
-411.245
-411.905
-412.56
-413.211
-413.857
-414.5
-415.139
-415.777
-416.412
-417.047
-417.681
-418.316
-418.953
-419.592
-420.235
-420.884
-421.538
-422.198
-422.865
-423.534
-424.197
-424.832
-425.398
-425.83
-426.025
-425.849
-425.219
-424.194
-422.937
-421.588
-420.214
-418.836
-417.459
-416.083
-414.709
-413.331
-411.948
-410.559
-409.16
-407.748
-406.321
-404.877
-403.415
-401.93
-400.423
-398.89
-397.329
-395.739
-394.116
-392.46
-390.767
-389.036
-387.264
-385.449
-383.59
-381.683
-379.724
-377.714
-375.648
-373.523
-371.337
-369.086
-366.767
-364.378
-361.914
-359.371
-359.036
-360.513
-361.958
-363.374
-364.761
-366.121
-367.454
-368.761
-370.044
-371.302
-372.537
-373.749
-374.939
-376.108
-377.257
-378.385
-379.495
-380.585
-381.657
-382.712
-383.75
-384.771
-385.775
-386.764
-387.738
-388.697
-389.641
-390.571
-391.488
-392.391
-393.281
-394.158
-395.023
-395.876
-396.717
-397.546
-398.364
-399.172
-399.969
-400.755
-401.531
-402.298
-403.054
-403.802
-404.54
-405.27
-405.991
-406.704
-407.408
-408.105
-408.795
-409.477
-410.153
-410.821
-411.484
-412.141
-412.792
-413.438
-414.08
-414.717
-415.35
-415.981
-416.608
-417.234
-417.859
-418.483
-419.107
-419.733
-420.362
-420.994
-421.631
-422.274
-422.923
-423.578
-424.236
-424.892
-425.524
-426.097
-426.55
-426.79
-426.683
-426.129
-425.157
-423.921
-422.572
-421.19
-419.801
-418.413
-417.027
-415.642
-414.254
-412.863
-411.465
-410.057
-408.637
-407.203
-405.752
-404.284
-402.794
-401.28
-399.742
-398.176
-396.581
-394.955
-393.295
-391.6
-389.866
-388.091
-386.275
-384.415
-382.506
-380.548
-378.537
-376.472
-374.348
-372.165
-369.917
-367.602
-365.216
-362.757
-360.219
-360.138
-361.616
-363.062
-364.479
-365.867
-367.226
-368.559
-369.866
-371.147
-372.404
-373.637
-374.848
-376.036
-377.203
-378.349
-379.475
-380.581
-381.669
-382.738
-383.789
-384.823
-385.84
-386.841
-387.826
-388.795
-389.749
-390.689
-391.614
-392.526
-393.424
-394.308
-395.18
-396.039
-396.887
-397.722
-398.545
-399.358
-400.159
-400.949
-401.729
-402.499
-403.258
-404.008
-404.749
-405.48
-406.203
-406.916
-407.622
-408.319
-409.008
-409.69
-410.364
-411.032
-411.692
-412.347
-412.995
-413.638
-414.275
-414.908
-415.536
-416.16
-416.781
-417.399
-418.016
-418.63
-419.244
-419.859
-420.474
-421.092
-421.713
-422.339
-422.97
-423.608
-424.252
-424.9
-425.546
-426.175
-426.753
-427.224
-427.503
-427.463
-426.985
-426.073
-424.863
-423.517
-422.127
-420.728
-419.33
-417.933
-416.538
-415.141
-413.74
-412.333
-410.917
-409.49
-408.048
-406.591
-405.115
-403.62
-402.101
-400.558
-398.987
-397.387
-395.758
-394.094
-392.395
-390.659
-388.884
-387.066
-385.203
-383.294
-381.336
-379.326
-377.261
-375.139
-372.957
-370.712
-368.4
-366.019
-363.564
-361.033
-361.184
-362.664
-364.112
-365.529
-366.918
-368.278
-369.611
-370.917
-372.198
-373.454
-374.686
-375.895
-377.082
-378.247
-379.391
-380.515
-381.618
-382.703
-383.769
-384.817
-385.848
-386.861
-387.858
-388.839
-389.805
-390.755
-391.69
-392.611
-393.517
-394.411
-395.29
-396.157
-397.011
-397.853
-398.682
-399.5
-400.307
-401.102
-401.886
-402.66
-403.423
-404.177
-404.92
-405.654
-406.378
-407.094
-407.8
-408.498
-409.188
-409.87
-410.544
-411.211
-411.87
-412.523
-413.169
-413.809
-414.443
-415.072
-415.696
-416.315
-416.931
-417.542
-418.151
-418.758
-419.363
-419.967
-420.572
-421.177
-421.784
-422.394
-423.009
-423.629
-424.255
-424.888
-425.525
-426.162
-426.786
-427.367
-427.853
-428.168
-428.188
-427.788
-426.94
-425.763
-424.422
-423.027
-421.619
-420.209
-418.802
-417.396
-415.99
-414.58
-413.164
-411.74
-410.305
-408.857
-407.392
-405.911
-404.409
-402.884
-401.336
-399.761
-398.158
-396.523
-394.857
-393.156
-391.417
-389.639
-387.82
-385.956
-384.047
-382.089
-380.079
-378.015
-375.895
-373.715
-371.472
-369.163
-366.786
-364.337
-361.811
-362.177
-363.659
-365.109
-366.528
-367.917
-369.278
-370.611
-371.918
-373.198
-374.454
-375.685
-376.893
-378.079
-379.242
-380.384
-381.506
-382.608
-383.69
-384.753
-385.798
-386.826
-387.836
-388.83
-389.807
-390.769
-391.715
-392.646
-393.563
-394.465
-395.354
-396.229
-397.09
-397.94
-398.776
-399.6
-400.413
-401.214
-402.003
-402.782
-403.55
-404.307
-405.054
-405.791
-406.518
-407.236
-407.944
-408.644
-409.335
-410.018
-410.692
-411.359
-412.018
-412.669
-413.314
-413.952
-414.584
-415.21
-415.831
-416.446
-417.056
-417.663
-418.266
-418.865
-419.462
-420.058
-420.652
-421.247
-421.842
-422.438
-423.038
-423.642
-424.25
-424.865
-425.486
-426.113
-426.74
-427.359
-427.94
-428.439
-428.784
-428.861
-428.537
-427.758
-426.62
-425.289
-423.889
-422.471
-421.052
-419.634
-418.218
-416.802
-415.383
-413.958
-412.526
-411.083
-409.627
-408.157
-406.669
-405.161
-403.631
-402.078
-400.499
-398.891
-397.253
-395.583
-393.879
-392.138
-390.358
-388.537
-386.673
-384.763
-382.805
-380.796
-378.734
-376.614
-374.436
-372.197
-369.892
-367.518
-365.073
-362.553
-363.119
-364.603
-366.055
-367.476
-368.867
-370.229
-371.563
-372.869
-374.15
-375.405
-376.636
-377.844
-379.028
-380.19
-381.331
-382.451
-383.55
-384.631
-385.692
-386.734
-387.759
-388.767
-389.757
-390.731
-391.689
-392.632
-393.559
-394.472
-395.37
-396.254
-397.125
-397.982
-398.826
-399.658
-400.477
-401.285
-402.08
-402.864
-403.637
-404.399
-405.151
-405.891
-406.622
-407.343
-408.055
-408.756
-409.449
-410.133
-410.809
-411.476
-412.135
-412.787
-413.431
-414.068
-414.698
-415.322
-415.94
-416.552
-417.158
-417.76
-418.358
-418.952
-419.542
-420.13
-420.716
-421.3
-421.885
-422.47
-423.056
-423.645
-424.237
-424.835
-425.438
-426.048
-426.663
-427.281
-427.892
-428.474
-428.983
-429.354
-429.481
-429.231
-428.526
-427.433
-426.116
-424.713
-423.287
-421.857
-420.429
-419.003
-417.577
-416.149
-414.715
-413.275
-411.825
-410.362
-408.884
-407.389
-405.876
-404.341
-402.783
-401.199
-399.588
-397.946
-396.273
-394.566
-392.823
-391.04
-389.218
-387.353
-385.443
-383.484
-381.476
-379.414
-377.297
-375.122
-372.884
-370.583
-368.214
-365.773
-363.259
-364.011
-365.498
-366.953
-368.376
-369.768
-371.132
-372.467
-373.774
-375.055
-376.311
-377.541
-378.748
-379.932
-381.093
-382.232
-383.351
-384.449
-385.527
-386.586
-387.627
-388.649
-389.654
-390.641
-391.613
-392.567
-393.507
-394.43
-395.339
-396.234
-397.114
-397.98
-398.833
-399.673
-400.5
-401.315
-402.117
-402.908
-403.687
-404.454
-405.211
-405.956
-406.691
-407.416
-408.131
-408.836
-409.531
-410.217
-410.895
-411.563
-412.223
-412.875
-413.52
-414.156
-414.785
-415.408
-416.023
-416.633
-417.237
-417.835
-418.428
-419.017
-419.602
-420.183
-420.761
-421.338
-421.913
-422.487
-423.061
-423.637
-424.216
-424.797
-425.384
-425.975
-426.574
-427.178
-427.785
-428.389
-428.968
-429.484
-429.878
-430.052
-429.872
-429.242
-428.201
-426.904
-425.5
-424.066
-422.626
-421.187
-419.75
-418.314
-416.877
-415.435
-413.986
-412.528
-411.057
-409.573
-408.072
-406.554
-405.013
-403.45
-401.862
-400.245
-398.6
-396.924
-395.214
-393.469
-391.685
-389.862
-387.995
-386.084
-384.126
-382.119
-380.058
-377.943
-375.768
-373.535
-371.236
-368.871
-366.435
-363.927
-364.857
-366.347
-367.804
-369.229
-370.624
-371.989
-373.325
-374.633
-375.915
-377.171
-378.402
-379.608
-380.792
-381.952
-383.091
-384.208
-385.305
-386.382
-387.439
-388.477
-389.497
-390.5
-391.485
-392.453
-393.405
-394.341
-395.262
-396.168
-397.058
-397.935
-398.797
-399.646
-400.482
-401.305
-402.115
-402.912
-403.698
-404.472
-405.234
-405.985
-406.725
-407.455
-408.173
-408.882
-409.581
-410.27
-410.95
-411.62
-412.282
-412.935
-413.58
-414.217
-414.846
-415.468
-416.082
-416.69
-417.291
-417.887
-418.477
-419.061
-419.641
-420.217
-420.789
-421.358
-421.925
-422.49
-423.054
-423.618
-424.184
-424.751
-425.322
-425.897
-426.477
-427.064
-427.657
-428.253
-428.848
-429.424
-429.946
-430.358
-430.573
-430.46
-429.907
-428.923
-427.651
-426.248
-424.807
-423.357
-421.907
-420.461
-419.014
-417.567
-416.117
-414.659
-413.193
-411.716
-410.225
-408.718
-407.193
-405.647
-404.079
-402.485
-400.865
-399.217
-397.537
-395.825
-394.076
-392.291
-390.466
-388.599
-386.687
-384.729
-382.721
-380.662
-378.548
-376.377
-374.145
-371.851
-369.49
-367.06
-364.555
-365.657
-367.15
-368.61
-370.038
-371.435
-372.802
-374.14
-375.449
-376.732
-377.988
-379.22
-380.426
-381.61
-382.77
-383.908
-385.024
-386.12
-387.195
-388.251
-389.288
-390.306
-391.306
-392.289
-393.255
-394.204
-395.138
-396.055
-396.958
-397.845
-398.718
-399.577
-400.422
-401.254
-402.072
-402.878
-403.671
-404.452
-405.221
-405.978
-406.724
-407.459
-408.183
-408.896
-409.599
-410.292
-410.975
-411.648
-412.312
-412.967
-413.613
-414.251
-414.88
-415.502
-416.116
-416.723
-417.322
-417.916
-418.503
-419.084
-419.66
-420.231
-420.798
-421.361
-421.92
-422.477
-423.032
-423.587
-424.141
-424.695
-425.252
-425.811
-426.375
-426.944
-427.519
-428.1
-428.686
-429.271
-429.842
-430.367
-430.795
-431.045
-430.994
-430.518
-429.597
-428.356
-426.958
-425.51
-424.05
-422.59
-421.132
-419.676
-418.219
-416.759
-415.293
-413.819
-412.335
-410.837
-409.323
-407.792
-406.241
-404.668
-403.069
-401.446
-399.794
-398.111
-396.395
-394.645
-392.858
-391.03
-389.163
-387.25
-385.292
-383.285
-381.227
-379.114
-376.945
-374.716
-372.424
-370.068
-367.641
-365.142
-366.413
-367.91
-369.373
-370.804
-372.203
-373.572
-374.912
-376.223
-377.507
-378.765
-379.997
-381.204
-382.387
-383.547
-384.685
-385.801
-386.896
-387.97
-389.025
-390.06
-391.076
-392.075
-393.056
-394.019
-394.966
-395.897
-396.812
-397.712
-398.596
-399.466
-400.321
-401.163
-401.991
-402.805
-403.607
-404.396
-405.172
-405.937
-406.689
-407.43
-408.159
-408.878
-409.585
-410.283
-410.969
-411.646
-412.313
-412.971
-413.619
-414.258
-414.889
-415.511
-416.125
-416.732
-417.331
-417.922
-418.507
-419.086
-419.659
-420.226
-420.788
-421.346
-421.899
-422.449
-422.996
-423.542
-424.085
-424.629
-425.173
-425.718
-426.267
-426.819
-427.376
-427.938
-428.508
-429.082
-429.657
-430.222
-430.748
-431.188
-431.47
-431.476
-431.076
-430.222
-429.017
-427.628
-426.174
-424.705
-423.234
-421.765
-420.299
-418.832
-417.363
-415.888
-414.406
-412.914
-411.409
-409.888
-408.351
-406.794
-405.216
-403.613
-401.985
-400.329
-398.642
-396.924
-395.171
-393.382
-391.553
-389.684
-387.771
-385.813
-383.806
-381.749
-379.637
-377.47
-375.243
-372.956
-370.602
-368.18
-365.686
-367.127
-368.628
-370.095
-371.529
-372.931
-374.302
-375.644
-376.957
-378.243
-379.501
-380.734
-381.942
-383.126
-384.286
-385.423
-386.539
-387.633
-388.707
-389.761
-390.795
-391.81
-392.807
-393.786
-394.748
-395.693
-396.621
-397.534
-398.431
-399.312
-400.179
-401.031
-401.87
-402.694
-403.505
-404.303
-405.087
-405.86
-406.619
-407.367
-408.103
-408.828
-409.541
-410.243
-410.935
-411.616
-412.286
-412.947
-413.598
-414.24
-414.872
-415.496
-416.111
-416.717
-417.316
-417.907
-418.491
-419.067
-419.638
-420.202
-420.76
-421.313
-421.861
-422.405
-422.945
-423.483
-424.018
-424.551
-425.084
-425.617
-426.151
-426.688
-427.228
-427.773
-428.323
-428.88
-429.443
-430.007
-430.564
-431.089
-431.539
-431.847
-431.905
-431.578
-430.796
-429.634
-428.257
-426.799
-425.32
-423.838
-422.358
-420.881
-419.404
-417.925
-416.442
-414.951
-413.451
-411.938
-410.412
-408.867
-407.305
-405.721
-404.114
-402.481
-400.821
-399.131
-397.409
-395.654
-393.862
-392.032
-390.161
-388.247
-386.289
-384.282
-382.225
-380.116
-377.95
-375.726
-373.44
-371.09
-368.672
-366.184
-367.801
-369.306
-370.777
-372.214
-373.619
-374.993
-376.337
-377.652
-378.94
-380.2
-381.434
-382.643
-383.827
-384.988
-386.126
-387.241
-388.335
-389.408
-390.461
-391.495
-392.509
-393.505
-394.482
-395.442
-396.385
-397.312
-398.222
-399.117
-399.996
-400.86
-401.709
-402.544
-403.365
-404.173
-404.967
-405.748
-406.516
-407.272
-408.015
-408.746
-409.466
-410.174
-410.871
-411.557
-412.232
-412.897
-413.551
-414.196
-414.831
-415.456
-416.073
-416.68
-417.279
-417.87
-418.453
-419.029
-419.597
-420.159
-420.714
-421.263
-421.807
-422.345
-422.88
-423.41
-423.937
-424.462
-424.984
-425.506
-426.028
-426.551
-427.075
-427.603
-428.136
-428.674
-429.218
-429.768
-430.32
-430.868
-431.39
-431.847
-432.177
-432.281
-432.025
-431.316
-430.203
-428.842
-427.382
-425.894
-424.401
-422.91
-421.421
-419.934
-418.445
-416.953
-415.453
-413.945
-412.425
-410.89
-409.34
-407.771
-406.182
-404.569
-402.932
-401.267
-399.574
-397.849
-396.09
-394.297
-392.464
-390.592
-388.678
-386.718
-384.711
-382.654
-380.545
-378.381
-376.16
-373.877
-371.531
-369.117
-366.633
-368.436
-369.945
-371.42
-372.861
-374.27
-375.647
-376.993
-378.311
-379.6
-380.862
-382.097
-383.307
-384.493
-385.654
-386.792
-387.908
-389.002
-390.075
-391.128
-392.161
-393.174
-394.169
-395.145
-396.104
-397.046
-397.97
-398.879
-399.771
-400.648
-401.509
-402.356
-403.188
-404.007
-404.811
-405.601
-406.379
-407.143
-407.894
-408.633
-409.36
-410.075
-410.778
-411.47
-412.15
-412.82
-413.479
-414.127
-414.765
-415.393
-416.012
-416.621
-417.221
-417.813
-418.396
-418.97
-419.538
-420.097
-420.65
-421.196
-421.736
-422.27
-422.799
-423.323
-423.843
-424.36
-424.873
-425.385
-425.896
-426.406
-426.916
-427.429
-427.944
-428.464
-428.989
-429.52
-430.056
-430.597
-431.134
-431.652
-432.112
-432.461
-432.605
-432.415
-431.781
-430.721
-429.383
-427.922
-426.425
-424.92
-423.418
-421.918
-420.419
-418.92
-417.417
-415.909
-414.392
-412.864
-411.322
-409.765
-408.19
-406.595
-404.977
-403.335
-401.666
-399.968
-398.24
-396.478
-394.681
-392.846
-390.973
-389.057
-387.096
-385.089
-383.033
-380.924
-378.761
-376.541
-374.261
-371.917
-369.507
-367.027
-369.033
-370.548
-372.027
-373.472
-374.884
-376.264
-377.614
-378.934
-380.225
-381.489
-382.726
-383.938
-385.124
-386.287
-387.426
-388.542
-389.636
-390.71
-391.762
-392.794
-393.807
-394.801
-395.777
-396.735
-397.675
-398.598
-399.505
-400.396
-401.27
-402.13
-402.974
-403.804
-404.619
-405.42
-406.208
-406.982
-407.742
-408.49
-409.225
-409.947
-410.657
-411.356
-412.042
-412.717
-413.381
-414.034
-414.676
-415.308
-415.929
-416.541
-417.142
-417.735
-418.319
-418.894
-419.46
-420.019
-420.569
-421.113
-421.65
-422.18
-422.704
-423.223
-423.737
-424.246
-424.752
-425.254
-425.754
-426.253
-426.751
-427.249
-427.749
-428.251
-428.758
-429.269
-429.785
-430.308
-430.835
-431.361
-431.872
-432.334
-432.696
-432.875
-432.746
-432.187
-431.187
-429.875
-428.416
-426.91
-425.394
-423.879
-422.367
-420.857
-419.347
-417.834
-416.317
-414.79
-413.254
-411.705
-410.14
-408.559
-406.957
-405.333
-403.686
-402.012
-400.31
-398.577
-396.812
-395.013
-393.176
-391.299
-389.381
-387.42
-385.412
-383.355
-381.247
-379.085
-376.866
-374.586
-372.245
-369.838
-367.363
-369.596
-371.115
-372.598
-374.047
-375.463
-376.847
-378.2
-379.523
-380.817
-382.083
-383.322
-384.535
-385.723
-386.887
-388.027
-389.144
-390.239
-391.313
-392.365
-393.398
-394.41
-395.404
-396.379
-397.336
-398.275
-399.197
-400.103
-400.992
-401.865
-402.723
-403.565
-404.392
-405.205
-406.003
-406.788
-407.559
-408.316
-409.06
-409.791
-410.509
-411.215
-411.908
-412.59
-413.259
-413.917
-414.564
-415.2
-415.825
-416.44
-417.044
-417.639
-418.223
-418.799
-419.366
-419.923
-420.473
-421.015
-421.549
-422.076
-422.596
-423.11
-423.618
-424.121
-424.619
-425.113
-425.604
-426.092
-426.578
-427.064
-427.549
-428.035
-428.524
-429.016
-429.513
-430.014
-430.523
-431.035
-431.548
-432.05
-432.511
-432.883
-433.092
-433.018
-432.532
-431.595
-430.316
-428.862
-427.348
-425.82
-424.291
-422.767
-421.245
-419.723
-418.2
-416.671
-415.136
-413.591
-412.033
-410.461
-408.872
-407.264
-405.634
-403.98
-402.302
-400.595
-398.858
-397.089
-395.285
-393.445
-391.566
-389.646
-387.683
-385.674
-383.617
-381.508
-379.345
-377.128
-374.851
-372.511
-370.106
-367.633
-370.123
-371.648
-373.136
-374.59
-376.01
-377.397
-378.753
-380.079
-381.376
-382.645
-383.886
-385.102
-386.291
-387.457
-388.598
-389.716
-390.812
-391.886
-392.939
-393.972
-394.985
-395.978
-396.953
-397.909
-398.848
-399.769
-400.674
-401.562
-402.433
-403.289
-404.13
-404.955
-405.766
-406.562
-407.344
-408.112
-408.866
-409.606
-410.333
-411.048
-411.749
-412.438
-413.114
-413.779
-414.431
-415.072
-415.701
-416.32
-416.927
-417.524
-418.111
-418.688
-419.255
-419.813
-420.362
-420.902
-421.434
-421.958
-422.475
-422.985
-423.488
-423.985
-424.476
-424.963
-425.445
-425.923
-426.399
-426.872
-427.344
-427.815
-428.288
-428.761
-429.238
-429.72
-430.206
-430.698
-431.195
-431.694
-432.184
-432.641
-433.02
-433.252
-433.228
-432.813
-431.942
-430.701
-429.254
-427.732
-426.192
-424.65
-423.112
-421.577
-420.043
-418.508
-416.969
-415.423
-413.868
-412.303
-410.722
-409.125
-407.51
-405.873
-404.213
-402.528
-400.816
-399.074
-397.301
-395.493
-393.65
-391.768
-389.845
-387.88
-385.869
-383.81
-381.7
-379.538
-377.321
-375.043
-372.706
-370.304
-367.832
-370.619
-372.149
-373.642
-375.1
-376.524
-377.916
-379.276
-380.605
-381.905
-383.176
-384.421
-385.638
-386.83
-387.997
-389.14
-390.259
-391.356
-392.432
-393.486
-394.519
-395.532
-396.526
-397.501
-398.457
-399.395
-400.316
-401.22
-402.107
-402.978
-403.833
-404.672
-405.495
-406.304
-407.098
-407.878
-408.643
-409.394
-410.131
-410.855
-411.565
-412.262
-412.947
-413.618
-414.277
-414.924
-415.559
-416.182
-416.794
-417.394
-417.983
-418.562
-419.131
-419.689
-420.238
-420.777
-421.308
-421.83
-422.343
-422.849
-423.348
-423.839
-424.325
-424.804
-425.278
-425.747
-426.213
-426.674
-427.134
-427.591
-428.048
-428.505
-428.963
-429.424
-429.889
-430.358
-430.833
-431.314
-431.796
-432.273
-432.722
-433.104
-433.355
-433.373
-433.025
-432.223
-431.023
-429.588
-428.059
-426.506
-424.949
-423.397
-421.848
-420.301
-418.753
-417.203
-415.647
-414.082
-412.506
-410.916
-409.311
-407.688
-406.044
-404.378
-402.687
-400.968
-399.221
-397.443
-395.63
-393.783
-391.897
-389.97
-388.002
-385.989
-383.927
-381.817
-379.654
-377.435
-375.159
-372.822
-370.42
-367.953
-371.083
-372.618
-374.117
-375.58
-377.009
-378.404
-379.768
-381.101
-382.405
-383.679
-384.926
-386.146
-387.341
-388.51
-389.655
-390.776
-391.874
-392.951
-394.006
-395.04
-396.054
-397.049
-398.024
-398.98
-399.919
-400.84
-401.743
-402.63
-403.5
-404.354
-405.192
-406.015
-406.822
-407.614
-408.391
-409.154
-409.903
-410.637
-411.358
-412.064
-412.757
-413.437
-414.104
-414.758
-415.399
-416.028
-416.644
-417.249
-417.842
-418.423
-418.994
-419.554
-420.103
-420.642
-421.172
-421.692
-422.203
-422.705
-423.2
-423.686
-424.166
-424.638
-425.105
-425.565
-426.021
-426.472
-426.919
-427.363
-427.806
-428.246
-428.687
-429.129
-429.572
-430.019
-430.47
-430.926
-431.388
-431.852
-432.313
-432.752
-433.132
-433.395
-433.45
-433.162
-432.429
-431.277
-429.856
-428.321
-426.754
-425.183
-423.614
-422.05
-420.489
-418.928
-417.365
-415.797
-414.221
-412.635
-411.036
-409.422
-407.79
-406.139
-404.465
-402.767
-401.042
-399.288
-397.504
-395.686
-393.833
-391.943
-390.012
-388.041
-386.024
-383.96
-381.848
-379.682
-377.463
-375.186
-372.849
-370.448
-367.981
-371.517
-373.059
-374.563
-376.031
-377.464
-378.865
-380.233
-381.57
-382.877
-384.155
-385.405
-386.628
-387.825
-388.997
-390.144
-391.267
-392.368
-393.446
-394.502
-395.538
-396.553
-397.548
-398.525
-399.482
-400.421
-401.342
-402.246
-403.132
-404.002
-404.856
-405.693
-406.515
-407.321
-408.112
-408.888
-409.649
-410.395
-411.127
-411.845
-412.548
-413.237
-413.913
-414.575
-415.223
-415.859
-416.481
-417.091
-417.688
-418.273
-418.847
-419.409
-419.959
-420.499
-421.028
-421.547
-422.056
-422.555
-423.046
-423.528
-424.002
-424.468
-424.927
-425.379
-425.825
-426.266
-426.701
-427.133
-427.561
-427.986
-428.41
-428.833
-429.256
-429.68
-430.107
-430.538
-430.974
-431.414
-431.858
-432.3
-432.725
-433.099
-433.37
-433.452
-433.22
-432.554
-431.453
-430.051
-428.511
-426.929
-425.341
-423.755
-422.175
-420.598
-419.023
-417.447
-415.866
-414.279
-412.682
-411.072
-409.448
-407.806
-406.146
-404.464
-402.758
-401.025
-399.264
-397.473
-395.65
-393.791
-391.896
-389.961
-387.984
-385.964
-383.896
-381.781
-379.613
-377.393
-375.114
-372.776
-370.376
-367.909
-371.923
-373.471
-374.981
-376.455
-377.893
-379.298
-380.671
-382.012
-383.323
-384.605
-385.859
-387.085
-388.285
-389.459
-390.609
-391.735
-392.838
-393.918
-394.976
-396.014
-397.031
-398.027
-399.005
-399.963
-400.903
-401.825
-402.73
-403.617
-404.487
-405.341
-406.179
-407
-407.806
-408.596
-409.371
-410.13
-410.875
-411.604
-412.319
-413.019
-413.705
-414.376
-415.034
-415.677
-416.307
-416.923
-417.525
-418.115
-418.692
-419.257
-419.81
-420.35
-420.879
-421.398
-421.905
-422.402
-422.889
-423.367
-423.835
-424.295
-424.747
-425.191
-425.628
-426.058
-426.482
-426.901
-427.316
-427.726
-428.133
-428.537
-428.941
-429.343
-429.747
-430.152
-430.56
-430.973
-431.39
-431.811
-432.23
-432.636
-433
-433.271
-433.375
-433.189
-432.588
-431.539
-430.16
-428.615
-427.018
-425.411
-423.807
-422.209
-420.616
-419.026
-417.435
-415.839
-414.239
-412.63
-411.009
-409.374
-407.723
-406.052
-404.361
-402.646
-400.905
-399.137
-397.339
-395.508
-393.643
-391.741
-389.801
-387.819
-385.794
-383.723
-381.604
-379.434
-377.21
-374.931
-372.592
-370.191
-367.726
-372.303
-373.857
-375.373
-376.852
-378.297
-379.707
-381.084
-382.43
-383.745
-385.031
-386.289
-387.519
-388.722
-389.9
-391.053
-392.181
-393.287
-394.369
-395.43
-396.47
-397.489
-398.488
-399.467
-400.427
-401.369
-402.292
-403.198
-404.086
-404.958
-405.812
-406.65
-407.472
-408.278
-409.068
-409.842
-410.601
-411.344
-412.072
-412.785
-413.483
-414.165
-414.832
-415.485
-416.123
-416.747
-417.356
-417.952
-418.534
-419.102
-419.658
-420.2
-420.73
-421.248
-421.755
-422.249
-422.733
-423.207
-423.67
-424.124
-424.568
-425.004
-425.432
-425.852
-426.265
-426.671
-427.072
-427.467
-427.857
-428.244
-428.627
-429.009
-429.389
-429.769
-430.149
-430.533
-430.919
-431.309
-431.703
-432.096
-432.479
-432.825
-433.091
-433.207
-433.059
-432.517
-431.522
-430.168
-428.62
-427.006
-425.379
-423.755
-422.137
-420.526
-418.918
-417.311
-415.702
-414.088
-412.466
-410.832
-409.185
-407.523
-405.842
-404.14
-402.416
-400.666
-398.89
-397.083
-395.245
-393.372
-391.465
-389.518
-387.531
-385.502
-383.426
-381.304
-379.132
-376.906
-374.626
-372.287
-369.888
-367.426
-372.657
-374.218
-375.74
-377.226
-378.676
-380.092
-381.474
-382.825
-384.145
-385.436
-386.697
-387.931
-389.138
-390.32
-391.476
-392.608
-393.717
-394.803
-395.866
-396.909
-397.93
-398.932
-399.913
-400.876
-401.82
-402.745
-403.653
-404.543
-405.416
-406.273
-407.112
-407.935
-408.742
-409.533
-410.307
-411.066
-411.809
-412.536
-413.247
-413.942
-414.622
-415.285
-415.934
-416.567
-417.184
-417.787
-418.375
-418.948
-419.508
-420.053
-420.585
-421.103
-421.609
-422.102
-422.584
-423.053
-423.512
-423.959
-424.396
-424.824
-425.242
-425.651
-426.052
-426.446
-426.832
-427.212
-427.586
-427.955
-428.318
-428.678
-429.035
-429.389
-429.743
-430.096
-430.45
-430.806
-431.165
-431.527
-431.889
-432.242
-432.566
-432.818
-432.935
-432.815
-432.324
-431.382
-430.054
-428.504
-426.872
-425.223
-423.577
-421.938
-420.307
-418.681
-417.057
-415.432
-413.803
-412.167
-410.52
-408.861
-407.187
-405.494
-403.783
-402.048
-400.289
-398.503
-396.689
-394.843
-392.964
-391.05
-389.098
-387.107
-385.074
-382.996
-380.872
-378.699
-376.476
-374.198
-371.864
-369.471
-367.016
-372.988
-374.556
-376.085
-377.577
-379.033
-380.455
-381.843
-383.199
-384.525
-385.82
-387.086
-388.325
-389.536
-390.722
-391.882
-393.018
-394.13
-395.22
-396.287
-397.333
-398.358
-399.362
-400.347
-401.313
-402.26
-403.188
-404.099
-404.992
-405.868
-406.726
-407.568
-408.393
-409.202
-409.995
-410.771
-411.53
-412.273
-413
-413.71
-414.404
-415.081
-415.742
-416.386
-417.013
-417.625
-418.221
-418.801
-419.365
-419.914
-420.449
-420.969
-421.475
-421.967
-422.446
-422.912
-423.365
-423.807
-424.237
-424.655
-425.064
-425.462
-425.851
-426.231
-426.602
-426.966
-427.323
-427.673
-428.016
-428.354
-428.687
-429.016
-429.342
-429.664
-429.985
-430.306
-430.627
-430.95
-431.275
-431.598
-431.915
-432.206
-432.434
-432.543
-432.438
-431.987
-431.093
-429.793
-428.241
-426.589
-424.916
-423.245
-421.584
-419.932
-418.287
-416.646
-415.004
-413.36
-411.709
-410.049
-408.378
-406.691
-404.989
-403.266
-401.522
-399.755
-397.961
-396.139
-394.288
-392.404
-390.487
-388.532
-386.541
-384.508
-382.433
-380.314
-378.147
-375.932
-373.665
-371.344
-368.966
-366.529
-373.298
-374.873
-376.409
-377.908
-379.371
-380.799
-382.193
-383.555
-384.886
-386.186
-387.458
-388.701
-389.918
-391.108
-392.273
-393.413
-394.53
-395.623
-396.695
-397.745
-398.774
-399.783
-400.771
-401.741
-402.692
-403.624
-404.539
-405.436
-406.315
-407.177
-408.023
-408.852
-409.664
-410.459
-411.238
-411.999
-412.744
-413.472
-414.182
-414.875
-415.551
-416.209
-416.849
-417.471
-418.077
-418.665
-419.236
-419.791
-420.329
-420.852
-421.359
-421.851
-422.328
-422.791
-423.239
-423.675
-424.097
-424.507
-424.904
-425.291
-425.666
-426.032
-426.388
-426.734
-427.073
-427.403
-427.725
-428.041
-428.349
-428.652
-428.949
-429.24
-429.528
-429.812
-430.093
-430.373
-430.653
-430.932
-431.209
-431.479
-431.727
-431.92
-432.005
-431.899
-431.474
-430.621
-429.346
-427.792
-426.119
-424.419
-422.724
-421.039
-419.367
-417.703
-416.043
-414.387
-412.727
-411.064
-409.392
-407.71
-406.013
-404.302
-402.572
-400.822
-399.05
-397.253
-395.429
-393.578
-391.696
-389.783
-387.835
-385.852
-383.83
-381.768
-379.664
-377.516
-375.321
-373.076
-370.78
-368.429
-366.019
-373.587
-375.17
-376.714
-378.22
-379.69
-381.125
-382.525
-383.894
-385.23
-386.537
-387.814
-389.063
-390.285
-391.481
-392.651
-393.796
-394.918
-396.017
-397.093
-398.148
-399.182
-400.196
-401.19
-402.164
-403.12
-404.058
-404.977
-405.879
-406.764
-407.632
-408.482
-409.316
-410.133
-410.933
-411.716
-412.482
-413.23
-413.96
-414.672
-415.365
-416.04
-416.696
-417.332
-417.95
-418.549
-419.129
-419.691
-420.235
-420.762
-421.271
-421.763
-422.239
-422.699
-423.144
-423.573
-423.988
-424.388
-424.775
-425.148
-425.509
-425.859
-426.197
-426.525
-426.843
-427.152
-427.452
-427.743
-428.026
-428.301
-428.568
-428.827
-429.08
-429.326
-429.566
-429.801
-430.032
-430.259
-430.483
-430.703
-430.914
-431.105
-431.245
-431.289
-431.161
-430.743
-429.917
-428.662
-427.106
-425.412
-423.687
-421.967
-420.261
-418.57
-416.89
-415.217
-413.549
-411.879
-410.206
-408.528
-406.84
-405.14
-403.428
-401.698
-399.951
-398.183
-396.395
-394.582
-392.743
-390.876
-388.98
-387.053
-385.091
-383.094
-381.059
-378.984
-376.866
-374.703
-372.491
-370.229
-367.913
-365.541
-373.859
-375.45
-377.002
-378.516
-379.993
-381.435
-382.843
-384.218
-385.561
-386.874
-388.158
-389.413
-390.641
-391.843
-393.019
-394.171
-395.299
-396.403
-397.486
-398.547
-399.587
-400.607
-401.607
-402.587
-403.55
-404.494
-405.42
-406.329
-407.22
-408.095
-408.953
-409.794
-410.618
-411.424
-412.214
-412.986
-413.74
-414.475
-415.19
-415.886
-416.561
-417.216
-417.849
-418.462
-419.054
-419.626
-420.178
-420.71
-421.223
-421.717
-422.193
-422.651
-423.091
-423.515
-423.921
-424.312
-424.687
-425.047
-425.392
-425.724
-426.043
-426.35
-426.645
-426.93
-427.204
-427.469
-427.724
-427.969
-428.204
-428.43
-428.646
-428.852
-429.049
-429.237
-429.417
-429.588
-429.752
-429.909
-430.057
-430.192
-430.306
-430.373
-430.351
-430.174
-429.736
-428.917
-427.675
-426.115
-424.405
-422.66
-420.923
-419.205
-417.504
-415.817
-414.14
-412.469
-410.802
-409.133
-407.46
-405.781
-404.094
-402.395
-400.682
-398.955
-397.21
-395.445
-393.659
-391.85
-390.014
-388.151
-386.258
-384.332
-382.372
-380.374
-378.337
-376.257
-374.131
-371.958
-369.734
-367.455
-365.12
-374.115
-375.715
-377.276
-378.798
-380.283
-381.733
-383.148
-384.531
-385.881
-387.202
-388.493
-389.755
-390.99
-392.199
-393.382
-394.54
-395.675
-396.787
-397.876
-398.945
-399.992
-401.019
-402.027
-403.016
-403.986
-404.938
-405.873
-406.791
-407.691
-408.575
-409.443
-410.293
-411.127
-411.944
-412.743
-413.525
-414.287
-415.03
-415.752
-416.452
-417.13
-417.785
-418.416
-419.024
-419.609
-420.172
-420.712
-421.231
-421.728
-422.205
-422.662
-423.099
-423.516
-423.915
-424.296
-424.658
-425.003
-425.331
-425.643
-425.94
-426.223
-426.492
-426.75
-426.995
-427.229
-427.453
-427.665
-427.866
-428.055
-428.232
-428.397
-428.548
-428.687
-428.813
-428.925
-429.025
-429.111
-429.184
-429.242
-429.281
-429.294
-429.259
-429.139
-428.877
-428.382
-427.541
-426.3
-424.745
-423.034
-421.289
-419.557
-417.847
-416.158
-414.486
-412.828
-411.178
-409.534
-407.891
-406.248
-404.601
-402.947
-401.284
-399.609
-397.921
-396.216
-394.493
-392.749
-390.982
-389.19
-387.369
-385.517
-383.634
-381.715
-379.757
-377.76
-375.718
-373.631
-371.495
-369.307
-367.065
-364.764
-374.357
-375.967
-377.537
-379.068
-380.562
-382.02
-383.444
-384.835
-386.194
-387.522
-388.821
-390.091
-391.334
-392.551
-393.742
-394.909
-396.052
-397.172
-398.27
-399.347
-400.403
-401.44
-402.457
-403.455
-404.436
-405.399
-406.344
-407.273
-408.186
-409.082
-409.962
-410.826
-411.674
-412.505
-413.318
-414.114
-414.889
-415.644
-416.376
-417.085
-417.768
-418.425
-419.055
-419.658
-420.236
-420.788
-421.315
-421.817
-422.297
-422.753
-423.187
-423.599
-423.99
-424.36
-424.709
-425.038
-425.348
-425.638
-425.91
-426.165
-426.405
-426.63
-426.841
-427.04
-427.227
-427.402
-427.564
-427.713
-427.848
-427.967
-428.071
-428.157
-428.226
-428.277
-428.308
-428.32
-428.312
-428.282
-428.229
-428.147
-428.031
-427.862
-427.606
-427.218
-426.624
-425.731
-424.488
-422.961
-421.29
-419.589
-417.902
-416.239
-414.599
-412.978
-411.37
-409.773
-408.181
-406.592
-405.002
-403.408
-401.808
-400.198
-398.576
-396.94
-395.286
-393.613
-391.917
-390.196
-388.449
-386.672
-384.864
-383.02
-381.14
-379.222
-377.261
-375.255
-373.204
-371.101
-368.947
-366.737
-364.47
-374.59
-376.209
-377.789
-379.33
-380.833
-382.301
-383.734
-385.134
-386.502
-387.839
-389.147
-390.427
-391.679
-392.905
-394.105
-395.281
-396.434
-397.564
-398.672
-399.76
-400.827
-401.874
-402.903
-403.914
-404.907
-405.883
-406.843
-407.787
-408.715
-409.627
-410.525
-411.407
-412.273
-413.124
-413.957
-414.772
-415.568
-416.341
-417.09
-417.812
-418.504
-419.166
-419.795
-420.394
-420.963
-421.501
-422.012
-422.496
-422.953
-423.385
-423.792
-424.174
-424.532
-424.867
-425.179
-425.467
-425.734
-425.979
-426.203
-426.407
-426.594
-426.765
-426.922
-427.066
-427.197
-427.314
-427.418
-427.506
-427.577
-427.628
-427.659
-427.668
-427.654
-427.615
-427.551
-427.459
-427.338
-427.187
-427.001
-426.778
-426.509
-426.179
-425.761
-425.22
-424.504
-423.547
-422.317
-420.863
-419.291
-417.691
-416.102
-414.531
-412.978
-411.44
-409.913
-408.391
-406.873
-405.355
-403.833
-402.304
-400.765
-399.214
-397.648
-396.065
-394.462
-392.836
-391.187
-389.511
-387.805
-386.068
-384.298
-382.492
-380.647
-378.762
-376.833
-374.861
-372.839
-370.768
-368.643
-366.463
-364.223
-374.814
-376.445
-378.035
-379.586
-381.1
-382.578
-384.021
-385.432
-386.81
-388.157
-389.476
-390.766
-392.028
-393.265
-394.476
-395.664
-396.828
-397.97
-399.09
-400.19
-401.27
-402.332
-403.375
-404.401
-405.41
-406.403
-407.381
-408.343
-409.291
-410.225
-411.145
-412.051
-412.943
-413.821
-414.683
-415.527
-416.352
-417.154
-417.929
-418.672
-419.379
-420.048
-420.679
-421.271
-421.828
-422.35
-422.839
-423.298
-423.728
-424.129
-424.501
-424.847
-425.165
-425.457
-425.722
-425.961
-426.175
-426.364
-426.529
-426.672
-426.796
-426.902
-426.994
-427.072
-427.137
-427.188
-427.224
-427.24
-427.236
-427.208
-427.155
-427.074
-426.964
-426.824
-426.651
-426.443
-426.199
-425.916
-425.592
-425.221
-424.797
-424.309
-423.737
-423.055
-422.233
-421.235
-420.048
-418.706
-417.277
-415.818
-414.358
-412.905
-411.46
-410.02
-408.583
-407.145
-405.705
-404.258
-402.802
-401.336
-399.854
-398.358
-396.843
-395.308
-393.75
-392.167
-390.557
-388.919
-387.25
-385.548
-383.81
-382.036
-380.222
-378.367
-376.467
-374.523
-372.528
-370.484
-368.385
-366.23
-364.016
-375.034
-376.677
-378.279
-379.842
-381.367
-382.856
-384.311
-385.733
-387.122
-388.482
-389.812
-391.114
-392.389
-393.638
-394.862
-396.062
-397.24
-398.396
-399.532
-400.647
-401.743
-402.822
-403.883
-404.928
-405.957
-406.971
-407.971
-408.958
-409.932
-410.894
-411.844
-412.782
-413.709
-414.624
-415.526
-416.413
-417.282
-418.127
-418.943
-419.719
-420.45
-421.13
-421.76
-422.341
-422.879
-423.377
-423.837
-424.263
-424.655
-425.014
-425.343
-425.64
-425.907
-426.143
-426.35
-426.527
-426.675
-426.795
-426.889
-426.959
-427.008
-427.039
-427.055
-427.059
-427.048
-427.023
-426.98
-426.915
-426.826
-426.709
-426.563
-426.385
-426.173
-425.926
-425.643
-425.321
-424.959
-424.555
-424.106
-423.609
-423.059
-422.447
-421.761
-420.985
-420.105
-419.104
-417.983
-416.761
-415.474
-414.156
-412.823
-411.483
-410.139
-408.79
-407.435
-406.073
-404.7
-403.316
-401.918
-400.505
-399.074
-397.622
-396.151
-394.656
-393.135
-391.589
-390.014
-388.407
-386.769
-385.096
-383.388
-381.64
-379.853
-378.024
-376.149
-374.229
-372.259
-370.238
-368.162
-366.032
-363.841
-375.255
-376.91
-378.525
-380.1
-381.638
-383.14
-384.608
-386.042
-387.445
-388.818
-390.162
-391.477
-392.767
-394.03
-395.27
-396.486
-397.68
-398.853
-400.007
-401.141
-402.257
-403.356
-404.439
-405.507
-406.562
-407.603
-408.631
-409.649
-410.657
-411.654
-412.644
-413.625
-414.599
-415.565
-416.523
-417.471
-418.405
-419.318
-420.198
-421.028
-421.793
-422.485
-423.107
-423.666
-424.171
-424.629
-425.044
-425.42
-425.758
-426.059
-426.326
-426.557
-426.755
-426.919
-427.051
-427.15
-427.219
-427.257
-427.269
-427.255
-427.22
-427.168
-427.103
-427.024
-426.931
-426.823
-426.695
-426.543
-426.364
-426.155
-425.915
-425.641
-425.333
-424.989
-424.608
-424.189
-423.731
-423.232
-422.691
-422.105
-421.471
-420.782
-420.032
-419.212
-418.316
-417.339
-416.281
-415.156
-413.981
-412.772
-411.54
-410.291
-409.029
-407.754
-406.466
-405.164
-403.847
-402.514
-401.163
-399.793
-398.402
-396.99
-395.553
-394.091
-392.603
-391.086
-389.539
-387.96
-386.348
-384.701
-383.016
-381.292
-379.528
-377.721
-375.868
-373.969
-372.021
-370.021
-367.967
-365.856
-363.687
-375.479
-377.148
-378.777
-380.367
-381.919
-383.436
-384.918
-386.367
-387.785
-389.173
-390.533
-391.865
-393.171
-394.452
-395.709
-396.944
-398.158
-399.352
-400.526
-401.683
-402.824
-403.949
-405.059
-406.156
-407.242
-408.316
-409.382
-410.439
-411.489
-412.533
-413.574
-414.611
-415.647
-416.683
-417.718
-418.752
-419.781
-420.796
-421.776
-422.688
-423.5
-424.195
-424.786
-425.294
-425.737
-426.125
-426.466
-426.763
-427.02
-427.237
-427.417
-427.561
-427.668
-427.742
-427.781
-427.789
-427.767
-427.716
-427.638
-427.538
-427.417
-427.281
-427.132
-426.97
-426.794
-426.6
-426.386
-426.149
-425.884
-425.59
-425.265
-424.908
-424.519
-424.096
-423.64
-423.148
-422.621
-422.058
-421.456
-420.815
-420.131
-419.4
-418.62
-417.785
-416.893
-415.942
-414.934
-413.876
-412.777
-411.643
-410.484
-409.303
-408.103
-406.884
-405.647
-404.393
-403.119
-401.826
-400.513
-399.178
-397.82
-396.438
-395.03
-393.597
-392.134
-390.642
-389.119
-387.563
-385.973
-384.347
-382.683
-380.98
-379.236
-377.448
-375.615
-373.735
-371.805
-369.825
-367.79
-365.699
-363.548
-375.713
-377.398
-379.042
-380.648
-382.216
-383.749
-385.248
-386.714
-388.15
-389.556
-390.933
-392.284
-393.61
-394.912
-396.191
-397.448
-398.685
-399.904
-401.105
-402.29
-403.46
-404.616
-405.76
-406.893
-408.018
-409.134
-410.245
-411.351
-412.455
-413.558
-414.663
-415.772
-416.888
-418.012
-419.147
-420.294
-421.452
-422.609
-423.733
-424.759
-425.619
-426.288
-426.798
-427.201
-427.531
-427.805
-428.031
-428.215
-428.358
-428.463
-428.533
-428.568
-428.57
-428.54
-428.48
-428.391
-428.276
-428.135
-427.971
-427.788
-427.587
-427.372
-427.144
-426.903
-426.647
-426.375
-426.083
-425.768
-425.428
-425.061
-424.667
-424.244
-423.792
-423.31
-422.797
-422.254
-421.679
-421.071
-420.43
-419.753
-419.04
-418.286
-417.492
-416.653
-415.769
-414.839
-413.865
-412.851
-411.801
-410.72
-409.611
-408.478
-407.323
-406.146
-404.949
-403.731
-402.491
-401.23
-399.946
-398.639
-397.307
-395.951
-394.567
-393.156
-391.715
-390.243
-388.741
-387.204
-385.633
-384.025
-382.38
-380.694
-378.967
-377.197
-375.381
-373.518
-371.606
-369.642
-367.624
-365.55
-363.418
-375.962
-377.665
-379.327
-380.951
-382.537
-384.089
-385.606
-387.092
-388.548
-389.974
-391.374
-392.747
-394.096
-395.422
-396.727
-398.011
-399.276
-400.525
-401.757
-402.976
-404.181
-405.376
-406.561
-407.738
-408.909
-410.077
-411.242
-412.408
-413.576
-414.75
-415.932
-417.125
-418.333
-419.561
-420.811
-422.087
-423.39
-424.71
-425.998
-427.147
-428.037
-428.632
-428.999
-429.237
-429.404
-429.521
-429.598
-429.64
-429.649
-429.627
-429.575
-429.495
-429.388
-429.256
-429.099
-428.919
-428.717
-428.495
-428.254
-427.996
-427.724
-427.438
-427.14
-426.829
-426.504
-426.163
-425.803
-425.424
-425.022
-424.596
-424.147
-423.671
-423.171
-422.643
-422.089
-421.507
-420.897
-420.257
-419.588
-418.887
-418.153
-417.386
-416.583
-415.743
-414.866
-413.951
-413
-412.015
-410.997
-409.951
-408.877
-407.778
-406.656
-405.511
-404.343
-403.153
-401.94
-400.703
-399.443
-398.158
-396.848
-395.511
-394.147
-392.755
-391.332
-389.878
-388.392
-386.873
-385.318
-383.726
-382.096
-380.426
-378.715
-376.96
-375.16
-373.313
-371.416
-369.468
-367.466
-365.408
-363.292
-376.234
-377.956
-379.639
-381.283
-382.89
-384.463
-386.002
-387.511
-388.99
-390.441
-391.865
-393.265
-394.641
-395.996
-397.33
-398.647
-399.946
-401.229
-402.499
-403.757
-405.005
-406.245
-407.477
-408.705
-409.931
-411.156
-412.383
-413.614
-414.853
-416.101
-417.362
-418.64
-419.939
-421.263
-422.618
-424.008
-425.436
-426.891
-428.313
-429.556
-430.451
-430.943
-431.138
-431.182
-431.162
-431.106
-431.024
-430.919
-430.794
-430.647
-430.481
-430.294
-430.088
-429.864
-429.621
-429.361
-429.084
-428.791
-428.483
-428.162
-427.827
-427.481
-427.123
-426.752
-426.369
-425.97
-425.555
-425.122
-424.67
-424.197
-423.702
-423.185
-422.645
-422.082
-421.495
-420.882
-420.245
-419.581
-418.89
-418.171
-417.423
-416.645
-415.836
-414.995
-414.122
-413.218
-412.282
-411.315
-410.32
-409.296
-408.247
-407.173
-406.075
-404.953
-403.807
-402.638
-401.446
-400.229
-398.988
-397.721
-396.428
-395.108
-393.76
-392.383
-390.976
-389.537
-388.065
-386.56
-385.019
-383.441
-381.825
-380.169
-378.472
-376.731
-374.945
-373.112
-371.229
-369.296
-367.309
-365.265
-363.164
-376.536
-378.281
-379.986
-381.653
-383.284
-384.881
-386.446
-387.981
-389.487
-390.966
-392.419
-393.849
-395.258
-396.646
-398.015
-399.368
-400.705
-402.03
-403.342
-404.645
-405.939
-407.227
-408.511
-409.792
-411.072
-412.354
-413.64
-414.932
-416.231
-417.542
-418.868
-420.21
-421.575
-422.966
-424.389
-425.849
-427.348
-428.876
-430.368
-431.659
-432.546
-432.951
-432.996
-432.864
-432.673
-432.46
-432.235
-432.001
-431.757
-431.502
-431.236
-430.958
-430.667
-430.364
-430.048
-429.72
-429.379
-429.027
-428.662
-428.286
-427.899
-427.501
-427.092
-426.672
-426.239
-425.793
-425.332
-424.856
-424.362
-423.849
-423.318
-422.767
-422.195
-421.602
-420.988
-420.351
-419.691
-419.007
-418.299
-417.565
-416.806
-416.019
-415.205
-414.364
-413.493
-412.595
-411.668
-410.714
-409.733
-408.727
-407.694
-406.638
-405.557
-404.452
-403.324
-402.171
-400.995
-399.794
-398.567
-397.315
-396.036
-394.73
-393.396
-392.032
-390.637
-389.211
-387.752
-386.259
-384.731
-383.166
-381.562
-379.919
-378.233
-376.505
-374.731
-372.911
-371.042
-369.121
-367.148
-365.119
-363.032
-376.878
-378.648
-380.378
-382.071
-383.73
-385.355
-386.948
-388.513
-390.049
-391.56
-393.047
-394.511
-395.955
-397.38
-398.788
-400.18
-401.558
-402.924
-404.28
-405.626
-406.965
-408.298
-409.626
-410.952
-412.276
-413.601
-414.929
-416.261
-417.6
-418.947
-420.307
-421.682
-423.077
-424.495
-425.943
-427.424
-428.941
-430.482
-431.988
-433.295
-434.183
-434.547
-434.497
-434.237
-433.911
-433.571
-433.229
-432.888
-432.545
-432.201
-431.852
-431.497
-431.136
-430.768
-430.391
-430.005
-429.61
-429.207
-428.793
-428.371
-427.939
-427.498
-427.046
-426.584
-426.111
-425.626
-425.127
-424.614
-424.085
-423.54
-422.978
-422.398
-421.8
-421.183
-420.545
-419.888
-419.209
-418.509
-417.786
-417.04
-416.271
-415.477
-414.659
-413.815
-412.946
-412.051
-411.13
-410.184
-409.213
-408.217
-407.197
-406.153
-405.085
-403.993
-402.878
-401.738
-400.574
-399.385
-398.171
-396.93
-395.664
-394.369
-393.046
-391.693
-390.309
-388.894
-387.446
-385.964
-384.446
-382.892
-381.3
-379.667
-377.994
-376.276
-374.515
-372.707
-370.85
-368.942
-366.982
-364.965
-362.893
-377.268
-379.066
-380.825
-382.547
-384.235
-385.891
-387.517
-389.113
-390.683
-392.228
-393.75
-395.25
-396.73
-398.191
-399.636
-401.065
-402.479
-403.881
-405.271
-406.651
-408.022
-409.385
-410.742
-412.094
-413.442
-414.788
-416.134
-417.481
-418.832
-420.189
-421.556
-422.935
-424.331
-425.747
-427.188
-428.66
-430.163
-431.686
-433.179
-434.491
-435.399
-435.765
-435.672
-435.329
-434.904
-434.466
-434.032
-433.604
-433.183
-432.765
-432.348
-431.93
-431.51
-431.086
-430.658
-430.224
-429.783
-429.336
-428.882
-428.42
-427.949
-427.471
-426.983
-426.486
-425.979
-425.46
-424.929
-424.386
-423.828
-423.256
-422.668
-422.064
-421.443
-420.804
-420.148
-419.472
-418.778
-418.063
-417.328
-416.572
-415.794
-414.993
-414.17
-413.324
-412.454
-411.561
-410.644
-409.703
-408.738
-407.75
-406.738
-405.703
-404.645
-403.563
-402.457
-401.327
-400.174
-398.995
-397.79
-396.559
-395.302
-394.017
-392.703
-391.36
-389.986
-388.58
-387.141
-385.669
-384.162
-382.617
-381.034
-379.412
-377.749
-376.043
-374.292
-372.495
-370.649
-368.754
-366.805
-364.802
-362.741
-377.713
-379.541
-381.331
-383.085
-384.804
-386.492
-388.15
-389.779
-391.382
-392.959
-394.512
-396.043
-397.553
-399.043
-400.515
-401.969
-403.408
-404.831
-406.24
-407.637
-409.022
-410.397
-411.762
-413.12
-414.472
-415.819
-417.164
-418.507
-419.853
-421.203
-422.56
-423.927
-425.308
-426.708
-428.13
-429.58
-431.056
-432.55
-434.021
-435.337
-436.279
-436.679
-436.581
-436.19
-435.695
-435.182
-434.675
-434.178
-433.692
-433.214
-432.74
-432.27
-431.801
-431.331
-430.859
-430.383
-429.904
-429.42
-428.93
-428.434
-427.931
-427.42
-426.902
-426.375
-425.838
-425.291
-424.733
-424.164
-423.581
-422.985
-422.375
-421.75
-421.11
-420.453
-419.78
-419.089
-418.381
-417.654
-416.908
-416.142
-415.356
-414.55
-413.722
-412.873
-412.002
-411.109
-410.193
-409.255
-408.295
-407.312
-406.306
-405.277
-404.226
-403.151
-402.053
-400.931
-399.784
-398.613
-397.417
-396.194
-394.945
-393.668
-392.362
-391.027
-389.662
-388.264
-386.834
-385.371
-383.872
-382.336
-380.763
-379.15
-377.496
-375.8
-374.059
-372.273
-370.437
-368.553
-366.616
-364.626
-362.578
-378.213
-380.071
-381.892
-383.675
-385.425
-387.141
-388.827
-390.482
-392.11
-393.71
-395.285
-396.836
-398.363
-399.869
-401.354
-402.819
-404.265
-405.694
-407.107
-408.504
-409.888
-411.26
-412.62
-413.972
-415.315
-416.653
-417.986
-419.318
-420.65
-421.985
-423.325
-424.675
-426.037
-427.415
-428.814
-430.236
-431.683
-433.146
-434.594
-435.914
-436.897
-437.351
-437.278
-436.866
-436.321
-435.751
-435.185
-434.633
-434.094
-433.565
-433.045
-432.531
-432.019
-431.51
-431.001
-430.49
-429.977
-429.461
-428.94
-428.414
-427.883
-427.345
-426.8
-426.246
-425.685
-425.114
-424.532
-423.94
-423.336
-422.72
-422.091
-421.448
-420.791
-420.118
-419.43
-418.726
-418.005
-417.267
-416.511
-415.737
-414.944
-414.132
-413.299
-412.447
-411.574
-410.68
-409.765
-408.829
-407.871
-406.891
-405.889
-404.865
-403.819
-402.75
-401.657
-400.541
-399.401
-398.236
-397.047
-395.831
-394.587
-393.317
-392.019
-390.691
-389.333
-387.942
-386.52
-385.064
-383.573
-382.046
-380.48
-378.877
-377.231
-375.545
-373.813
-372.037
-370.212
-368.338
-366.413
-364.433
-362.397
-378.752
-380.637
-382.481
-384.288
-386.059
-387.795
-389.498
-391.169
-392.809
-394.421
-396.005
-397.562
-399.094
-400.601
-402.086
-403.549
-404.992
-406.416
-407.822
-409.212
-410.587
-411.949
-413.299
-414.638
-415.969
-417.293
-418.612
-419.928
-421.244
-422.562
-423.884
-425.215
-426.556
-427.912
-429.286
-430.681
-432.099
-433.534
-434.959
-436.283
-437.309
-437.83
-437.802
-437.391
-436.814
-436.198
-435.586
-434.988
-434.404
-433.834
-433.274
-432.721
-432.174
-431.631
-431.09
-430.548
-430.006
-429.462
-428.914
-428.363
-427.806
-427.244
-426.676
-426.1
-425.516
-424.924
-424.322
-423.711
-423.088
-422.454
-421.808
-421.149
-420.477
-419.79
-419.089
-418.373
-417.641
-416.893
-416.129
-415.346
-414.547
-413.728
-412.892
-412.036
-411.16
-410.265
-409.35
-408.414
-407.457
-406.48
-405.481
-404.46
-403.417
-402.352
-401.264
-400.152
-399.017
-397.857
-396.673
-395.462
-394.225
-392.961
-391.668
-390.346
-388.994
-387.611
-386.196
-384.746
-383.263
-381.743
-380.186
-378.589
-376.953
-375.275
-373.552
-371.785
-369.97
-368.106
-366.192
-364.223
-362.199
-379.291
-381.192
-383.051
-384.87
-386.652
-388.396
-390.105
-391.78
-393.423
-395.035
-396.617
-398.171
-399.699
-401.201
-402.679
-404.134
-405.568
-406.983
-408.379
-409.758
-411.121
-412.47
-413.807
-415.134
-416.451
-417.76
-419.064
-420.365
-421.665
-422.966
-424.27
-425.582
-426.903
-428.237
-429.587
-430.957
-432.349
-433.756
-435.161
-436.486
-437.556
-438.15
-438.183
-437.791
-437.195
-436.544
-435.894
-435.257
-434.636
-434.03
-433.435
-432.851
-432.273
-431.7
-431.13
-430.562
-429.994
-429.425
-428.854
-428.28
-427.701
-427.118
-426.528
-425.933
-425.33
-424.719
-424.099
-423.47
-422.831
-422.181
-421.52
-420.847
-420.161
-419.463
-418.75
-418.023
-417.281
-416.524
-415.751
-414.962
-414.156
-413.332
-412.491
-411.631
-410.753
-409.856
-408.94
-408.003
-407.047
-406.071
-405.073
-404.054
-403.014
-401.952
-400.867
-399.76
-398.628
-397.473
-396.293
-395.086
-393.854
-392.595
-391.307
-389.991
-388.644
-387.267
-385.858
-384.415
-382.938
-381.425
-379.875
-378.287
-376.658
-374.987
-373.274
-371.516
-369.71
-367.856
-365.951
-363.993
-361.98
-379.778
-381.686
-383.55
-385.372
-387.155
-388.898
-390.606
-392.278
-393.916
-395.523
-397.099
-398.646
-400.166
-401.659
-403.128
-404.574
-405.998
-407.402
-408.787
-410.155
-411.506
-412.843
-414.168
-415.481
-416.784
-418.08
-419.37
-420.656
-421.94
-423.224
-424.512
-425.805
-427.107
-428.421
-429.75
-431.096
-432.463
-433.846
-435.231
-436.557
-437.666
-438.336
-438.442
-438.084
-437.481
-436.804
-436.122
-435.452
-434.799
-434.162
-433.538
-432.925
-432.32
-431.721
-431.126
-430.535
-429.944
-429.353
-428.76
-428.165
-427.567
-426.965
-426.357
-425.744
-425.123
-424.496
-423.86
-423.216
-422.562
-421.898
-421.224
-420.538
-419.84
-419.13
-418.406
-417.669
-416.919
-416.153
-415.373
-414.576
-413.764
-412.935
-412.09
-411.226
-410.345
-409.446
-408.528
-407.591
-406.634
-405.658
-404.661
-403.644
-402.606
-401.546
-400.463
-399.358
-398.23
-397.078
-395.901
-394.699
-393.471
-392.216
-390.933
-389.621
-388.28
-386.908
-385.504
-384.068
-382.596
-381.09
-379.547
-377.965
-376.344
-374.681
-372.975
-371.226
-369.429
-367.585
-365.689
-363.742
-361.74
-380.175
-382.082
-383.945
-385.765
-387.544
-389.283
-390.985
-392.652
-394.284
-395.883
-397.452
-398.991
-400.502
-401.987
-403.447
-404.883
-406.297
-407.69
-409.064
-410.421
-411.761
-413.087
-414.399
-415.7
-416.991
-418.274
-419.55
-420.822
-422.092
-423.361
-424.633
-425.909
-427.193
-428.488
-429.797
-431.122
-432.466
-433.827
-435.193
-436.517
-437.662
-438.407
-438.596
-438.285
-437.687
-436.99
-436.281
-435.583
-434.901
-434.237
-433.586
-432.948
-432.319
-431.697
-431.081
-430.467
-429.856
-429.245
-428.634
-428.021
-427.405
-426.785
-426.161
-425.531
-424.896
-424.253
-423.603
-422.945
-422.277
-421.601
-420.914
-420.216
-419.508
-418.787
-418.054
-417.308
-416.549
-415.775
-414.988
-414.185
-413.367
-412.533
-411.683
-410.816
-409.932
-409.03
-408.11
-407.172
-406.214
-405.238
-404.241
-403.225
-402.187
-401.129
-400.048
-398.945
-397.819
-396.67
-395.496
-394.297
-393.073
-391.821
-390.543
-389.235
-387.898
-386.531
-385.132
-383.701
-382.236
-380.735
-379.198
-377.623
-376.008
-374.353
-372.656
-370.914
-369.126
-367.291
-365.405
-363.468
-361.477
-380.463
-382.368
-384.227
-386.043
-387.817
-389.551
-391.248
-392.908
-394.533
-396.125
-397.686
-399.218
-400.721
-402.197
-403.648
-405.075
-406.48
-407.863
-409.228
-410.574
-411.904
-413.219
-414.52
-415.81
-417.089
-418.36
-419.624
-420.883
-422.139
-423.394
-424.651
-425.912
-427.18
-428.457
-429.747
-431.052
-432.376
-433.716
-435.064
-436.384
-437.559
-438.377
-438.654
-438.402
-437.82
-437.11
-436.379
-435.655
-434.949
-434.26
-433.586
-432.925
-432.275
-431.632
-430.995
-430.363
-429.733
-429.104
-428.476
-427.846
-427.213
-426.578
-425.939
-425.295
-424.645
-423.988
-423.325
-422.654
-421.975
-421.286
-420.588
-419.88
-419.161
-418.431
-417.689
-416.934
-416.167
-415.387
-414.592
-413.783
-412.96
-412.121
-411.266
-410.395
-409.508
-408.603
-407.681
-406.741
-405.783
-404.806
-403.809
-402.792
-401.755
-400.698
-399.618
-398.517
-397.393
-396.246
-395.074
-393.878
-392.656
-391.409
-390.133
-388.829
-387.497
-386.134
-384.74
-383.313
-381.853
-380.358
-378.827
-377.259
-375.651
-374.003
-372.313
-370.579
-368.799
-366.972
-365.095
-363.168
-361.187
-380.644
-382.546
-384.402
-386.213
-387.982
-389.712
-391.402
-393.056
-394.675
-396.261
-397.815
-399.339
-400.835
-402.303
-403.746
-405.165
-406.561
-407.937
-409.292
-410.629
-411.95
-413.255
-414.546
-415.825
-417.093
-418.353
-419.605
-420.852
-422.096
-423.338
-424.581
-425.828
-427.08
-428.341
-429.614
-430.901
-432.206
-433.527
-434.859
-436.172
-437.371
-438.257
-438.625
-438.444
-437.887
-437.171
-436.421
-435.676
-434.947
-434.236
-433.541
-432.859
-432.189
-431.527
-430.872
-430.222
-429.575
-428.93
-428.285
-427.64
-426.993
-426.343
-425.69
-425.032
-424.369
-423.701
-423.025
-422.342
-421.652
-420.952
-420.244
-419.526
-418.797
-418.058
-417.308
-416.545
-415.771
-414.983
-414.182
-413.368
-412.539
-411.695
-410.836
-409.961
-409.07
-408.163
-407.239
-406.297
-405.337
-404.358
-403.361
-402.344
-401.307
-400.25
-399.171
-398.071
-396.949
-395.803
-394.634
-393.439
-392.221
-390.975
-389.703
-388.403
-387.073
-385.715
-384.325
-382.903
-381.448
-379.958
-378.432
-376.87
-375.268
-373.627
-371.944
-370.218
-368.446
-366.627
-364.76
-362.842
-360.871
-380.727
-382.625
-384.478
-386.285
-388.05
-389.775
-391.461
-393.109
-394.723
-396.303
-397.851
-399.369
-400.857
-402.319
-403.755
-405.166
-406.555
-407.922
-409.269
-410.598
-411.91
-413.206
-414.488
-415.757
-417.016
-418.265
-419.506
-420.742
-421.974
-423.204
-424.434
-425.667
-426.906
-428.152
-429.408
-430.679
-431.965
-433.269
-434.585
-435.891
-437.109
-438.056
-438.516
-438.414
-437.894
-437.178
-436.412
-435.648
-434.898
-434.167
-433.452
-432.752
-432.063
-431.384
-430.712
-430.046
-429.383
-428.723
-428.063
-427.404
-426.743
-426.08
-425.414
-424.744
-424.069
-423.388
-422.701
-422.008
-421.306
-420.597
-419.879
-419.152
-418.414
-417.667
-416.908
-416.138
-415.357
-414.562
-413.755
-412.935
-412.101
-411.252
-410.389
-409.51
-408.616
-407.706
-406.779
-405.835
-404.873
-403.893
-402.895
-401.877
-400.84
-399.783
-398.705
-397.605
-396.483
-395.339
-394.171
-392.979
-391.762
-390.519
-389.25
-387.952
-386.626
-385.272
-383.886
-382.468
-381.017
-379.533
-378.012
-376.455
-374.859
-373.225
-371.548
-369.829
-368.065
-366.255
-364.396
-362.488
-360.526
-380.719
-382.616
-384.465
-386.269
-388.031
-389.752
-391.433
-393.078
-394.686
-396.261
-397.804
-399.316
-400.799
-402.254
-403.683
-405.088
-406.47
-407.83
-409.17
-410.491
-411.794
-413.082
-414.355
-415.616
-416.865
-418.105
-419.337
-420.562
-421.783
-423.001
-424.22
-425.44
-426.665
-427.897
-429.139
-430.393
-431.663
-432.951
-434.251
-435.548
-436.779
-437.781
-438.332
-438.317
-437.844
-437.135
-436.357
-435.575
-434.807
-434.057
-433.324
-432.605
-431.9
-431.204
-430.516
-429.835
-429.158
-428.483
-427.81
-427.137
-426.464
-425.788
-425.11
-424.428
-423.741
-423.05
-422.353
-421.649
-420.938
-420.219
-419.491
-418.755
-418.01
-417.254
-416.488
-415.711
-414.922
-414.122
-413.309
-412.483
-411.643
-410.79
-409.922
-409.04
-408.142
-407.229
-406.299
-405.352
-404.389
-403.407
-402.408
-401.389
-400.351
-399.294
-398.216
-397.116
-395.995
-394.852
-393.685
-392.495
-391.279
-390.039
-388.771
-387.477
-386.154
-384.802
-383.42
-382.006
-380.56
-379.079
-377.564
-376.013
-374.423
-372.794
-371.124
-369.413
-367.656
-365.854
-364.004
-362.103
-360.152
-380.631
-382.526
-384.373
-386.175
-387.934
-389.651
-391.329
-392.97
-394.575
-396.145
-397.683
-399.19
-400.668
-402.117
-403.541
-404.94
-406.315
-407.668
-409.001
-410.315
-411.611
-412.892
-414.157
-415.409
-416.65
-417.881
-419.103
-420.318
-421.529
-422.737
-423.944
-425.152
-426.364
-427.583
-428.811
-430.051
-431.305
-432.577
-433.862
-435.149
-436.389
-437.438
-438.077
-438.154
-437.738
-437.044
-436.257
-435.459
-434.674
-433.906
-433.156
-432.421
-431.7
-430.988
-430.286
-429.59
-428.899
-428.211
-427.525
-426.84
-426.154
-425.467
-424.777
-424.084
-423.387
-422.685
-421.977
-421.264
-420.543
-419.815
-419.079
-418.335
-417.581
-416.818
-416.045
-415.261
-414.466
-413.659
-412.84
-412.009
-411.164
-410.306
-409.434
-408.548
-407.646
-406.729
-405.797
-404.848
-403.882
-402.899
-401.897
-400.878
-399.839
-398.781
-397.703
-396.603
-395.483
-394.34
-393.174
-391.985
-390.771
-389.532
-388.267
-386.975
-385.655
-384.305
-382.926
-381.516
-380.074
-378.598
-377.087
-375.541
-373.957
-372.334
-370.67
-368.965
-367.216
-365.421
-363.58
-361.688
-359.746
-380.471
-382.365
-384.21
-386.01
-387.767
-389.482
-391.157
-392.794
-394.395
-395.962
-397.496
-398.998
-400.471
-401.916
-403.334
-404.728
-406.097
-407.444
-408.771
-410.078
-411.368
-412.641
-413.899
-415.143
-416.376
-417.598
-418.811
-420.017
-421.218
-422.416
-423.612
-424.809
-426.01
-427.216
-428.43
-429.656
-430.896
-432.152
-433.424
-434.7
-435.943
-437.032
-437.753
-437.927
-437.578
-436.906
-436.114
-435.303
-434.501
-433.717
-432.951
-432.2
-431.463
-430.738
-430.021
-429.311
-428.607
-427.907
-427.208
-426.511
-425.814
-425.115
-424.415
-423.711
-423.004
-422.292
-421.575
-420.852
-420.122
-419.386
-418.642
-417.889
-417.128
-416.357
-415.577
-414.786
-413.985
-413.172
-412.347
-411.51
-410.661
-409.798
-408.922
-408.031
-407.126
-406.206
-405.27
-404.319
-403.35
-402.365
-401.362
-400.341
-399.301
-398.242
-397.163
-396.064
-394.943
-393.801
-392.636
-391.447
-390.235
-388.997
-387.734
-386.444
-385.126
-383.779
-382.404
-380.997
-379.558
-378.086
-376.58
-375.039
-373.46
-371.843
-370.185
-368.486
-366.744
-364.957
-363.123
-361.241
-359.307
-380.245
-382.138
-383.983
-385.782
-387.537
-389.25
-390.922
-392.557
-394.155
-395.718
-397.248
-398.747
-400.216
-401.656
-403.069
-404.458
-405.822
-407.163
-408.484
-409.785
-411.068
-412.334
-413.585
-414.822
-416.047
-417.261
-418.466
-419.664
-420.855
-422.043
-423.229
-424.416
-425.605
-426.799
-428.001
-429.213
-430.439
-431.681
-432.938
-434.203
-435.447
-436.569
-437.366
-437.638
-437.363
-436.723
-435.931
-435.108
-434.29
-433.49
-432.708
-431.943
-431.191
-430.452
-429.722
-428.999
-428.282
-427.569
-426.859
-426.151
-425.442
-424.733
-424.022
-423.308
-422.591
-421.87
-421.144
-420.412
-419.674
-418.929
-418.177
-417.416
-416.648
-415.87
-415.082
-414.285
-413.477
-412.659
-411.828
-410.986
-410.132
-409.264
-408.383
-407.489
-406.58
-405.657
-404.718
-403.763
-402.792
-401.805
-400.8
-399.777
-398.736
-397.676
-396.596
-395.496
-394.375
-393.233
-392.068
-390.88
-389.669
-388.432
-387.17
-385.882
-384.567
-383.223
-381.85
-380.446
-379.01
-377.543
-376.041
-374.504
-372.93
-371.318
-369.667
-367.974
-366.238
-364.459
-362.632
-360.758
-358.834
-379.96
-381.853
-383.697
-385.495
-387.249
-388.96
-390.631
-392.263
-393.858
-395.419
-396.946
-398.441
-399.906
-401.342
-402.751
-404.134
-405.493
-406.83
-408.145
-409.44
-410.717
-411.977
-413.221
-414.451
-415.669
-416.875
-418.072
-419.261
-420.444
-421.622
-422.798
-423.974
-425.152
-426.335
-427.525
-428.725
-429.937
-431.165
-432.408
-433.662
-434.904
-436.05
-436.916
-437.286
-437.095
-436.495
-435.707
-434.874
-434.042
-433.227
-432.43
-431.65
-430.884
-430.131
-429.388
-428.653
-427.924
-427.2
-426.478
-425.759
-425.039
-424.32
-423.599
-422.875
-422.149
-421.418
-420.683
-419.943
-419.196
-418.443
-417.683
-416.915
-416.139
-415.354
-414.56
-413.756
-412.942
-412.118
-411.282
-410.434
-409.575
-408.703
-407.818
-406.919
-406.006
-405.079
-404.137
-403.179
-402.206
-401.216
-400.209
-399.184
-398.142
-397.08
-395.999
-394.899
-393.777
-392.635
-391.47
-390.282
-389.072
-387.836
-386.575
-385.289
-383.975
-382.633
-381.263
-379.862
-378.43
-376.966
-375.468
-373.935
-372.366
-370.759
-369.114
-367.427
-365.698
-363.925
-362.107
-360.24
-358.324
-379.62
-381.513
-383.357
-385.155
-386.908
-388.618
-390.287
-391.917
-393.51
-395.068
-396.592
-398.084
-399.545
-400.977
-402.382
-403.761
-405.116
-406.447
-407.757
-409.047
-410.318
-411.571
-412.809
-414.032
-415.243
-416.442
-417.631
-418.811
-419.986
-421.155
-422.322
-423.488
-424.656
-425.827
-427.005
-428.193
-429.392
-430.606
-431.837
-433.079
-434.316
-435.481
-436.407
-436.873
-436.772
-436.221
-435.444
-434.602
-433.758
-432.927
-432.116
-431.322
-430.543
-429.776
-429.02
-428.273
-427.532
-426.796
-426.064
-425.334
-424.604
-423.875
-423.144
-422.411
-421.675
-420.936
-420.192
-419.443
-418.688
-417.927
-417.159
-416.384
-415.601
-414.809
-414.008
-413.198
-412.378
-411.548
-410.706
-409.854
-408.989
-408.112
-407.222
-406.319
-405.403
-404.472
-403.526
-402.566
-401.589
-400.597
-399.587
-398.561
-397.516
-396.453
-395.371
-394.269
-393.147
-392.004
-390.839
-389.652
-388.441
-387.207
-385.948
-384.662
-383.35
-382.01
-380.642
-379.243
-377.815
-376.353
-374.86
-373.331
-371.766
-370.165
-368.524
-366.843
-365.12
-363.355
-361.544
-359.685
-357.777
-379.229
-381.123
-382.968
-384.765
-386.517
-388.226
-389.894
-391.523
-393.114
-394.669
-396.19
-397.679
-399.137
-400.566
-401.967
-403.342
-404.692
-406.018
-407.323
-408.608
-409.873
-411.121
-412.352
-413.569
-414.772
-415.964
-417.145
-418.318
-419.484
-420.645
-421.803
-422.959
-424.117
-425.277
-426.444
-427.619
-428.806
-430.007
-431.225
-432.455
-433.685
-434.863
-435.842
-436.4
-436.394
-435.901
-435.141
-434.293
-433.436
-432.592
-431.766
-430.958
-430.166
-429.387
-428.618
-427.859
-427.107
-426.36
-425.617
-424.876
-424.136
-423.397
-422.656
-421.914
-421.169
-420.421
-419.669
-418.911
-418.149
-417.38
-416.605
-415.822
-415.032
-414.233
-413.426
-412.609
-411.783
-410.947
-410.1
-409.242
-408.372
-407.49
-406.596
-405.689
-404.768
-403.833
-402.884
-401.92
-400.941
-399.945
-398.934
-397.905
-396.858
-395.793
-394.71
-393.607
-392.484
-391.34
-390.175
-388.987
-387.777
-386.543
-385.284
-384
-382.689
-381.351
-379.985
-378.589
-377.162
-375.705
-374.214
-372.689
-371.129
-369.532
-367.897
-366.221
-364.505
-362.746
-360.942
-359.091
-357.192
-378.791
-380.686
-382.531
-384.329
-386.08
-387.789
-389.456
-391.083
-392.672
-394.225
-395.744
-397.23
-398.685
-400.11
-401.507
-402.878
-404.224
-405.546
-406.846
-408.125
-409.385
-410.627
-411.852
-413.062
-414.259
-415.444
-416.618
-417.783
-418.941
-420.093
-421.242
-422.389
-423.536
-424.687
-425.842
-427.006
-428.181
-429.369
-430.573
-431.791
-433.014
-434.199
-435.222
-435.867
-435.959
-435.534
-434.797
-433.947
-433.079
-432.221
-431.381
-430.56
-429.754
-428.962
-428.182
-427.411
-426.647
-425.889
-425.135
-424.384
-423.635
-422.886
-422.136
-421.384
-420.631
-419.874
-419.113
-418.347
-417.577
-416.8
-416.018
-415.228
-414.43
-413.625
-412.811
-411.988
-411.156
-410.314
-409.461
-408.598
-407.723
-406.836
-405.937
-405.025
-404.101
-403.162
-402.209
-401.242
-400.259
-399.261
-398.246
-397.215
-396.166
-395.099
-394.014
-392.91
-391.786
-390.641
-389.475
-388.287
-387.077
-385.843
-384.585
-383.301
-381.992
-380.655
-379.291
-377.897
-376.473
-375.018
-373.531
-372.009
-370.453
-368.86
-367.23
-365.56
-363.849
-362.097
-360.3
-358.456
-356.564
-378.309
-380.205
-382.051
-383.848
-385.6
-387.308
-388.974
-390.599
-392.187
-393.738
-395.254
-396.738
-398.189
-399.612
-401.005
-402.372
-403.713
-405.031
-406.326
-407.6
-408.855
-410.091
-411.31
-412.514
-413.705
-414.882
-416.049
-417.207
-418.357
-419.501
-420.641
-421.778
-422.916
-424.056
-425.201
-426.353
-427.516
-428.692
-429.883
-431.089
-432.302
-433.491
-434.55
-435.275
-435.467
-435.118
-434.413
-433.563
-432.685
-431.814
-430.961
-430.126
-429.307
-428.502
-427.71
-426.927
-426.153
-425.384
-424.62
-423.858
-423.099
-422.34
-421.581
-420.821
-420.058
-419.293
-418.523
-417.75
-416.971
-416.187
-415.397
-414.6
-413.796
-412.983
-412.163
-411.334
-410.495
-409.647
-408.789
-407.92
-407.04
-406.148
-405.244
-404.328
-403.399
-402.456
-401.499
-400.528
-399.542
-398.541
-397.523
-396.489
-395.438
-394.369
-393.282
-392.176
-391.051
-389.905
-388.738
-387.55
-386.339
-385.105
-383.847
-382.564
-381.255
-379.92
-378.557
-377.165
-375.744
-374.291
-372.806
-371.289
-369.736
-368.148
-366.523
-364.858
-363.153
-361.406
-359.615
-357.779
-355.896
-377.784
-379.682
-381.528
-383.326
-385.078
-386.785
-388.45
-390.075
-391.661
-393.21
-394.724
-396.205
-397.654
-399.072
-400.462
-401.825
-403.163
-404.476
-405.766
-407.035
-408.285
-409.515
-410.729
-411.927
-413.11
-414.281
-415.441
-416.591
-417.733
-418.869
-420
-421.129
-422.257
-423.387
-424.521
-425.662
-426.813
-427.977
-429.155
-430.349
-431.552
-432.741
-433.829
-434.625
-434.918
-434.651
-433.986
-433.141
-432.255
-431.371
-430.504
-429.656
-428.824
-428.007
-427.203
-426.409
-425.623
-424.843
-424.069
-423.297
-422.528
-421.76
-420.991
-420.222
-419.451
-418.677
-417.899
-417.118
-416.331
-415.539
-414.742
-413.937
-413.126
-412.307
-411.48
-410.644
-409.8
-408.946
-408.081
-407.207
-406.321
-405.424
-404.516
-403.595
-402.661
-401.714
-400.753
-399.778
-398.789
-397.784
-396.763
-395.727
-394.673
-393.602
-392.512
-391.404
-390.277
-389.13
-387.962
-386.773
-385.562
-384.327
-383.07
-381.787
-380.479
-379.144
-377.783
-376.393
-374.973
-373.523
-372.041
-370.526
-368.978
-367.393
-365.772
-364.113
-362.413
-360.671
-358.887
-357.058
-355.182
-377.219
-379.118
-380.966
-382.764
-384.516
-386.223
-387.887
-389.51
-391.095
-392.642
-394.154
-395.632
-397.078
-398.494
-399.88
-401.239
-402.573
-403.881
-405.167
-406.431
-407.675
-408.9
-410.108
-411.299
-412.477
-413.641
-414.793
-415.936
-417.07
-418.198
-419.32
-420.44
-421.559
-422.679
-423.803
-424.933
-426.073
-427.224
-428.389
-429.571
-430.764
-431.949
-433.058
-433.918
-434.309
-434.133
-433.516
-432.682
-431.787
-430.892
-430.012
-429.15
-428.305
-427.476
-426.66
-425.854
-425.057
-424.267
-423.482
-422.7
-421.921
-421.143
-420.366
-419.587
-418.807
-418.025
-417.239
-416.449
-415.655
-414.855
-414.05
-413.239
-412.42
-411.594
-410.761
-409.919
-409.068
-408.207
-407.337
-406.457
-405.566
-404.664
-403.75
-402.824
-401.886
-400.935
-399.97
-398.991
-397.997
-396.989
-395.965
-394.925
-393.868
-392.795
-391.703
-390.593
-389.464
-388.315
-387.146
-385.956
-384.744
-383.509
-382.25
-380.968
-379.66
-378.326
-376.966
-375.578
-374.16
-372.712
-371.232
-369.72
-368.174
-366.594
-364.977
-363.322
-361.628
-359.892
-358.114
-356.292
-354.423
-376.616
-378.516
-380.364
-382.163
-383.915
-385.622
-387.285
-388.907
-390.49
-392.036
-393.545
-395.021
-396.464
-397.876
-399.259
-400.615
-401.944
-403.248
-404.529
-405.788
-407.027
-408.247
-409.448
-410.634
-411.805
-412.962
-414.108
-415.243
-416.369
-417.489
-418.603
-419.714
-420.823
-421.933
-423.047
-424.166
-425.294
-426.433
-427.586
-428.755
-429.937
-431.117
-432.241
-433.157
-433.641
-433.56
-433
-432.182
-431.283
-430.376
-429.482
-428.607
-427.75
-426.908
-426.08
-425.262
-424.454
-423.653
-422.858
-422.066
-421.278
-420.49
-419.703
-418.916
-418.127
-417.336
-416.542
-415.744
-414.942
-414.135
-413.322
-412.503
-411.677
-410.844
-410.004
-409.155
-408.298
-407.431
-406.555
-405.669
-404.773
-403.865
-402.946
-402.015
-401.072
-400.116
-399.147
-398.164
-397.166
-396.154
-395.127
-394.083
-393.024
-391.947
-390.853
-389.74
-388.609
-387.458
-386.288
-385.096
-383.883
-382.647
-381.388
-380.105
-378.798
-377.465
-376.105
-374.717
-373.301
-371.855
-370.378
-368.869
-367.326
-365.749
-364.136
-362.485
-360.796
-359.065
-357.293
-355.478
-353.616
-375.975
-377.876
-379.726
-381.525
-383.277
-384.983
-386.646
-388.267
-389.848
-391.392
-392.899
-394.372
-395.812
-397.221
-398.601
-399.952
-401.277
-402.577
-403.854
-405.108
-406.341
-407.555
-408.751
-409.93
-411.094
-412.245
-413.384
-414.511
-415.63
-416.741
-417.847
-418.949
-420.049
-421.15
-422.253
-423.361
-424.478
-425.605
-426.746
-427.902
-429.073
-430.246
-431.379
-432.341
-432.914
-432.931
-432.438
-431.642
-430.74
-429.822
-428.916
-428.027
-427.157
-426.303
-425.462
-424.633
-423.814
-423.002
-422.196
-421.395
-420.596
-419.799
-419.003
-418.207
-417.409
-416.609
-415.807
-415
-414.19
-413.375
-412.555
-411.728
-410.895
-410.055
-409.208
-408.353
-407.489
-406.616
-405.734
-404.842
-403.939
-403.026
-402.102
-401.166
-400.217
-399.257
-398.283
-397.295
-396.294
-395.277
-394.246
-393.199
-392.136
-391.057
-389.96
-388.844
-387.711
-386.558
-385.385
-384.192
-382.978
-381.741
-380.482
-379.199
-377.891
-376.558
-375.198
-373.811
-372.396
-370.952
-369.477
-367.969
-366.43
-364.856
-363.247
-361.6
-359.915
-358.19
-356.424
-354.614
-352.759
-375.297
-377.2
-379.05
-380.85
-382.602
-384.308
-385.969
-387.589
-389.169
-390.711
-392.216
-393.686
-395.123
-396.529
-397.905
-399.253
-400.574
-401.869
-403.14
-404.389
-405.617
-406.826
-408.016
-409.189
-410.347
-411.49
-412.622
-413.742
-414.853
-415.956
-417.053
-418.146
-419.237
-420.328
-421.421
-422.519
-423.624
-424.739
-425.867
-427.011
-428.17
-429.334
-430.472
-431.472
-432.127
-432.245
-431.826
-431.06
-430.158
-429.231
-428.311
-427.41
-426.526
-425.659
-424.807
-423.966
-423.135
-422.313
-421.496
-420.684
-419.876
-419.069
-418.264
-417.458
-416.651
-415.843
-415.032
-414.217
-413.399
-412.576
-411.748
-410.914
-410.073
-409.226
-408.372
-407.51
-406.639
-405.76
-404.871
-403.973
-403.064
-402.145
-401.216
-400.274
-399.321
-398.355
-397.376
-396.384
-395.378
-394.358
-393.322
-392.272
-391.205
-390.122
-389.022
-387.904
-386.768
-385.612
-384.438
-383.242
-382.026
-380.788
-379.528
-378.244
-376.936
-375.603
-374.243
-372.857
-371.443
-370
-368.526
-367.021
-365.484
-363.913
-362.307
-360.664
-358.983
-357.263
-355.502
-353.698
-351.85
-374.583
-376.488
-378.339
-380.139
-381.891
-383.596
-385.257
-386.876
-388.454
-389.993
-391.496
-392.963
-394.398
-395.8
-397.172
-398.516
-399.833
-401.123
-402.39
-403.634
-404.856
-406.059
-407.243
-408.41
-409.561
-410.698
-411.822
-412.935
-414.038
-415.133
-416.221
-417.305
-418.387
-419.468
-420.551
-421.638
-422.731
-423.835
-424.951
-426.082
-427.228
-428.383
-429.521
-430.552
-431.281
-431.499
-431.162
-430.435
-429.537
-428.6
-427.668
-426.753
-425.856
-424.977
-424.112
-423.259
-422.417
-421.584
-420.757
-419.934
-419.116
-418.299
-417.484
-416.669
-415.854
-415.036
-414.216
-413.394
-412.567
-411.736
-410.9
-410.058
-409.21
-408.356
-407.494
-406.625
-405.747
-404.861
-403.966
-403.061
-402.147
-401.222
-400.286
-399.339
-398.38
-397.409
-396.425
-395.428
-394.418
-393.393
-392.353
-391.299
-390.228
-389.141
-388.038
-386.917
-385.777
-384.62
-383.442
-382.245
-381.027
-379.788
-378.525
-377.24
-375.932
-374.598
-373.238
-371.853
-370.439
-368.996
-367.524
-366.022
-364.486
-362.918
-361.315
-359.676
-357.999
-356.283
-354.528
-352.729
-350.888
-373.834
-375.74
-377.592
-379.392
-381.144
-382.849
-384.509
-386.126
-387.702
-389.239
-390.74
-392.204
-393.636
-395.034
-396.403
-397.742
-399.054
-400.341
-401.602
-402.841
-404.058
-405.254
-406.432
-407.593
-408.737
-409.867
-410.984
-412.089
-413.184
-414.271
-415.351
-416.426
-417.498
-418.569
-419.642
-420.718
-421.801
-422.892
-423.996
-425.114
-426.248
-427.392
-428.528
-429.581
-430.376
-430.693
-430.444
-429.763
-428.874
-427.93
-426.986
-426.057
-425.147
-424.254
-423.377
-422.513
-421.659
-420.814
-419.976
-419.143
-418.315
-417.488
-416.664
-415.839
-415.014
-414.188
-413.359
-412.528
-411.693
-410.853
-410.009
-409.159
-408.304
-407.442
-406.573
-405.696
-404.811
-403.918
-403.017
-402.106
-401.185
-400.253
-399.312
-398.359
-397.394
-396.417
-395.428
-394.426
-393.411
-392.381
-391.337
-390.278
-389.203
-388.113
-387.005
-385.881
-384.739
-383.578
-382.398
-381.198
-379.978
-378.736
-377.473
-376.186
-374.876
-373.542
-372.182
-370.796
-369.383
-367.941
-366.47
-364.968
-363.435
-361.869
-360.268
-358.633
-356.96
-355.248
-353.497
-351.704
-349.868
-373.05
-374.957
-376.81
-378.61
-380.362
-382.066
-383.724
-385.34
-386.915
-388.45
-389.947
-391.409
-392.837
-394.232
-395.597
-396.932
-398.239
-399.521
-400.777
-402.01
-403.222
-404.412
-405.584
-406.738
-407.875
-408.998
-410.108
-411.205
-412.292
-413.371
-414.442
-415.508
-416.571
-417.632
-418.694
-419.76
-420.831
-421.91
-423.002
-424.107
-425.228
-426.361
-427.491
-428.561
-429.413
-429.825
-429.669
-429.043
-428.169
-427.218
-426.262
-425.32
-424.397
-423.491
-422.601
-421.724
-420.859
-420.003
-419.154
-418.31
-417.471
-416.635
-415.8
-414.966
-414.132
-413.296
-412.459
-411.618
-410.774
-409.927
-409.074
-408.216
-407.353
-406.483
-405.606
-404.722
-403.83
-402.93
-402.022
-401.104
-400.176
-399.238
-398.29
-397.331
-396.361
-395.378
-394.384
-393.376
-392.355
-391.321
-390.272
-389.208
-388.129
-387.034
-385.923
-384.795
-383.649
-382.485
-381.302
-380.099
-378.876
-377.632
-376.367
-375.079
-373.768
-372.432
-371.072
-369.685
-368.272
-366.831
-365.36
-363.86
-362.328
-360.763
-359.166
-357.533
-355.863
-354.156
-352.409
-350.621
-348.79
-372.232
-374.139
-375.992
-377.793
-379.544
-381.247
-382.905
-384.519
-386.091
-387.624
-389.119
-390.577
-392.002
-393.393
-394.754
-396.084
-397.387
-398.663
-399.915
-401.142
-402.348
-403.532
-404.697
-405.845
-406.975
-408.091
-409.193
-410.282
-411.361
-412.431
-413.494
-414.551
-415.604
-416.655
-417.707
-418.761
-419.821
-420.889
-421.967
-423.06
-424.167
-425.289
-426.412
-427.492
-428.392
-428.893
-428.835
-428.273
-427.419
-426.465
-425.498
-424.542
-423.605
-422.686
-421.783
-420.894
-420.016
-419.148
-418.288
-417.434
-416.584
-415.737
-414.893
-414.049
-413.205
-412.36
-411.513
-410.664
-409.811
-408.955
-408.094
-407.228
-406.356
-405.478
-404.593
-403.702
-402.802
-401.895
-400.979
-400.054
-399.12
-398.175
-397.221
-396.255
-395.278
-394.29
-393.289
-392.276
-391.25
-390.21
-389.156
-388.087
-387.004
-385.904
-384.789
-383.656
-382.507
-381.339
-380.153
-378.947
-377.721
-376.475
-375.207
-373.917
-372.604
-371.267
-369.905
-368.518
-367.104
-365.663
-364.193
-362.693
-361.163
-359.6
-358.004
-356.373
-354.707
-353.004
-351.261
-349.477
-347.652
-371.378
-373.287
-375.14
-376.941
-378.691
-380.393
-382.05
-383.662
-385.232
-386.762
-388.254
-389.709
-391.13
-392.517
-393.873
-395.199
-396.497
-397.769
-399.014
-400.236
-401.435
-402.614
-403.772
-404.913
-406.036
-407.144
-408.238
-409.32
-410.391
-411.452
-412.506
-413.553
-414.597
-415.638
-416.679
-417.723
-418.771
-419.826
-420.893
-421.972
-423.066
-424.175
-425.29
-426.374
-427.314
-427.898
-427.94
-427.449
-426.623
-425.668
-424.69
-423.721
-422.77
-421.837
-420.921
-420.019
-419.13
-418.25
-417.378
-416.513
-415.652
-414.795
-413.94
-413.086
-412.232
-411.378
-410.521
-409.663
-408.801
-407.936
-407.066
-406.191
-405.311
-404.425
-403.532
-402.633
-401.726
-400.811
-399.887
-398.955
-398.013
-397.062
-396.1
-395.128
-394.145
-393.15
-392.144
-391.124
-390.092
-389.047
-387.987
-386.913
-385.825
-384.72
-383.6
-382.464
-381.31
-380.138
-378.948
-377.739
-376.51
-375.26
-373.99
-372.697
-371.383
-370.044
-368.68
-367.292
-365.878
-364.436
-362.966
-361.467
-359.937
-358.375
-356.781
-355.153
-353.489
-351.789
-350.049
-348.271
-346.45
-370.49
-372.399
-374.253
-376.053
-377.803
-379.504
-381.158
-382.768
-384.336
-385.863
-387.352
-388.804
-390.22
-391.604
-392.956
-394.277
-395.57
-396.835
-398.076
-399.291
-400.485
-401.656
-402.808
-403.941
-405.058
-406.158
-407.244
-408.318
-409.38
-410.433
-411.477
-412.515
-413.549
-414.58
-415.61
-416.643
-417.679
-418.723
-419.776
-420.842
-421.923
-423.019
-424.123
-425.209
-426.18
-426.84
-426.981
-426.569
-425.779
-424.826
-423.838
-422.856
-421.891
-420.944
-420.015
-419.1
-418.198
-417.306
-416.422
-415.546
-414.674
-413.806
-412.94
-412.076
-411.212
-410.348
-409.482
-408.614
-407.743
-406.868
-405.989
-405.106
-404.217
-403.323
-402.421
-401.514
-400.598
-399.676
-398.744
-397.804
-396.855
-395.897
-394.928
-393.949
-392.959
-391.957
-390.944
-389.919
-388.88
-387.829
-386.764
-385.684
-384.59
-383.481
-382.355
-381.214
-380.055
-378.879
-377.685
-376.472
-375.24
-373.987
-372.713
-371.419
-370.101
-368.76
-367.395
-366.005
-364.59
-363.147
-361.676
-360.177
-358.648
-357.087
-355.494
-353.868
-352.206
-350.508
-348.773
-346.998
-345.182
-369.567
-371.477
-373.331
-375.131
-376.879
-378.578
-380.231
-381.839
-383.404
-384.928
-386.413
-387.861
-389.274
-390.653
-392
-393.316
-394.604
-395.864
-397.098
-398.308
-399.494
-400.659
-401.804
-402.93
-404.039
-405.132
-406.21
-407.275
-408.328
-409.372
-410.407
-411.436
-412.459
-413.48
-414.499
-415.521
-416.546
-417.577
-418.617
-419.67
-420.737
-421.82
-422.913
-423.996
-424.991
-425.717
-425.956
-425.631
-424.884
-423.938
-422.941
-421.946
-420.966
-420.006
-419.062
-418.134
-417.219
-416.315
-415.419
-414.531
-413.648
-412.769
-411.892
-411.017
-410.143
-409.268
-408.393
-407.515
-406.634
-405.75
-404.862
-403.97
-403.072
-402.168
-401.259
-400.342
-399.419
-398.487
-397.548
-396.6
-395.644
-394.677
-393.701
-392.715
-391.717
-390.709
-389.689
-388.657
-387.612
-386.554
-385.483
-384.397
-383.298
-382.183
-381.052
-379.905
-378.742
-377.561
-376.363
-375.145
-373.909
-372.653
-371.376
-370.077
-368.757
-367.413
-366.046
-364.655
-363.237
-361.793
-360.322
-358.822
-357.293
-355.733
-354.141
-352.515
-350.856
-349.16
-347.428
-345.656
-343.844
-368.609
-370.519
-372.373
-374.172
-375.919
-377.617
-379.267
-380.873
-382.435
-383.956
-385.437
-386.881
-388.29
-389.664
-391.006
-392.317
-393.599
-394.853
-396.081
-397.284
-398.464
-399.622
-400.76
-401.879
-402.979
-404.064
-405.134
-406.19
-407.235
-408.269
-409.295
-410.314
-411.327
-412.337
-413.346
-414.355
-415.368
-416.387
-417.415
-418.454
-419.507
-420.576
-421.657
-422.734
-423.746
-424.53
-424.864
-424.63
-423.935
-423.002
-421.997
-420.989
-419.995
-419.02
-418.062
-417.121
-416.192
-415.275
-414.367
-413.467
-412.572
-411.682
-410.794
-409.908
-409.023
-408.138
-407.252
-406.364
-405.474
-404.58
-403.682
-402.78
-401.873
-400.961
-400.042
-399.117
-398.185
-397.245
-396.297
-395.341
-394.376
-393.402
-392.418
-391.424
-390.419
-389.403
-388.376
-387.337
-386.285
-385.221
-384.143
-383.051
-381.945
-380.824
-379.688
-378.536
-377.367
-376.181
-374.977
-373.755
-372.515
-371.254
-369.973
-368.671
-367.347
-366.001
-364.632
-363.238
-361.818
-360.373
-358.9
-357.4
-355.87
-354.31
-352.717
-351.093
-349.435
-347.742
-346.011
-344.243
-342.434
-367.616
-369.526
-371.379
-373.177
-374.923
-376.618
-378.267
-379.869
-381.428
-382.945
-384.423
-385.863
-387.267
-388.636
-389.973
-391.278
-392.554
-393.802
-395.024
-396.221
-397.394
-398.545
-399.675
-400.785
-401.878
-402.955
-404.016
-405.063
-406.099
-407.124
-408.14
-409.148
-410.151
-411.15
-412.148
-413.146
-414.147
-415.153
-416.167
-417.193
-418.232
-419.287
-420.355
-421.424
-422.446
-423.279
-423.703
-423.565
-422.93
-422.015
-421.005
-419.984
-418.975
-417.985
-417.013
-416.057
-415.116
-414.186
-413.265
-412.352
-411.445
-410.543
-409.644
-408.747
-407.851
-406.955
-406.059
-405.16
-404.259
-403.356
-402.448
-401.536
-400.62
-399.698
-398.77
-397.835
-396.894
-395.945
-394.989
-394.024
-393.051
-392.068
-391.076
-390.074
-389.061
-388.037
-387.003
-385.956
-384.897
-383.825
-382.741
-381.642
-380.53
-379.402
-378.26
-377.102
-375.927
-374.736
-373.527
-372.3
-371.054
-369.789
-368.504
-367.198
-365.871
-364.521
-363.148
-361.751
-360.33
-358.882
-357.407
-355.905
-354.375
-352.814
-351.223
-349.599
-347.941
-346.249
-344.521
-342.754
-340.95
-366.587
-368.497
-370.349
-372.145
-373.889
-375.583
-377.228
-378.828
-380.383
-381.897
-383.37
-384.805
-386.204
-387.568
-388.9
-390.199
-391.469
-392.711
-393.926
-395.116
-396.281
-397.425
-398.547
-399.65
-400.734
-401.802
-402.854
-403.893
-404.919
-405.934
-406.94
-407.938
-408.93
-409.919
-410.905
-411.891
-412.879
-413.873
-414.874
-415.886
-416.91
-417.95
-419.005
-420.064
-421.091
-421.965
-422.472
-422.432
-421.866
-420.975
-419.962
-418.929
-417.905
-416.9
-415.914
-414.943
-413.988
-413.044
-412.11
-411.185
-410.266
-409.351
-408.44
-407.532
-406.625
-405.718
-404.81
-403.901
-402.989
-402.075
-401.157
-400.235
-399.309
-398.377
-397.439
-396.495
-395.544
-394.586
-393.621
-392.647
-391.665
-390.673
-389.673
-388.662
-387.641
-386.61
-385.567
-384.512
-383.446
-382.367
-381.274
-380.169
-379.049
-377.915
-376.766
-375.601
-374.421
-373.223
-372.009
-370.776
-369.525
-368.255
-366.965
-365.655
-364.323
-362.97
-361.593
-360.193
-358.768
-357.318
-355.841
-354.338
-352.806
-351.244
-349.651
-348.028
-346.371
-344.679
-342.953
-341.188
-339.386
-365.522
-367.431
-369.281
-371.077
-372.818
-374.51
-376.152
-377.748
-379.3
-380.809
-382.278
-383.708
-385.102
-386.461
-387.786
-389.08
-390.343
-391.578
-392.786
-393.968
-395.126
-396.262
-397.376
-398.471
-399.547
-400.605
-401.649
-402.678
-403.694
-404.699
-405.695
-406.683
-407.664
-408.641
-409.615
-410.589
-411.565
-412.546
-413.533
-414.53
-415.541
-416.566
-417.606
-418.654
-419.681
-420.587
-421.17
-421.228
-420.738
-419.879
-418.866
-417.822
-416.784
-415.763
-414.761
-413.776
-412.806
-411.849
-410.902
-409.963
-409.031
-408.104
-407.181
-406.261
-405.342
-404.423
-403.504
-402.584
-401.661
-400.736
-399.808
-398.875
-397.938
-396.996
-396.048
-395.094
-394.134
-393.166
-392.191
-391.208
-390.216
-389.216
-388.206
-387.187
-386.157
-385.117
-384.066
-383.003
-381.928
-380.841
-379.741
-378.628
-377.501
-376.36
-375.204
-374.032
-372.845
-371.641
-370.42
-369.181
-367.925
-366.649
-365.354
-364.038
-362.702
-361.344
-359.963
-358.559
-357.131
-355.678
-354.199
-352.693
-351.158
-349.595
-348.002
-346.377
-344.72
-343.029
-341.304
-339.541
-337.741
-364.419
-366.327
-368.177
-369.97
-371.709
-373.397
-375.037
-376.629
-378.176
-379.681
-381.145
-382.571
-383.959
-385.311
-386.631
-387.918
-389.174
-390.402
-391.603
-392.778
-393.928
-395.055
-396.161
-397.247
-398.314
-399.364
-400.398
-401.417
-402.423
-403.418
-404.403
-405.38
-406.35
-407.315
-408.278
-409.239
-410.202
-411.17
-412.143
-413.126
-414.122
-415.131
-416.157
-417.192
-418.216
-419.145
-419.796
-419.952
-419.544
-418.726
-417.717
-416.662
-415.609
-414.572
-413.555
-412.555
-411.57
-410.598
-409.637
-408.685
-407.74
-406.8
-405.864
-404.931
-404
-403.07
-402.139
-401.207
-400.273
-399.337
-398.397
-397.454
-396.506
-395.553
-394.595
-393.631
-392.66
-391.682
-390.697
-389.704
-388.703
-387.693
-386.674
-385.645
-384.606
-383.557
-382.497
-381.425
-380.342
-379.246
-378.138
-377.017
-375.882
-374.733
-373.569
-372.39
-371.196
-369.985
-368.757
-367.512
-366.249
-364.968
-363.667
-362.346
-361.004
-359.641
-358.256
-356.848
-355.415
-353.958
-352.476
-350.967
-349.43
-347.865
-346.27
-344.645
-342.987
-341.296
-339.57
-337.808
-336.01
-363.279
-365.186
-367.034
-368.824
-370.561
-372.246
-373.881
-375.47
-377.013
-378.513
-379.972
-381.391
-382.774
-384.12
-385.433
-386.713
-387.963
-389.183
-390.376
-391.543
-392.685
-393.804
-394.901
-395.978
-397.035
-398.075
-399.099
-400.109
-401.105
-402.089
-403.063
-404.029
-404.987
-405.941
-406.891
-407.84
-408.79
-409.743
-410.703
-411.671
-412.651
-413.646
-414.656
-415.678
-416.694
-417.64
-418.35
-418.6
-418.281
-417.51
-416.511
-415.446
-414.379
-413.326
-412.292
-411.276
-410.276
-409.29
-408.314
-407.348
-406.389
-405.436
-404.487
-403.542
-402.598
-401.655
-400.712
-399.768
-398.823
-397.875
-396.924
-395.969
-395.01
-394.046
-393.077
-392.102
-391.12
-390.132
-389.136
-388.133
-387.122
-386.102
-385.072
-384.034
-382.985
-381.927
-380.857
-379.776
-378.684
-377.58
-376.463
-375.333
-374.189
-373.032
-371.86
-370.673
-369.471
-368.253
-367.018
-365.766
-364.496
-363.208
-361.901
-360.574
-359.226
-357.857
-356.467
-355.054
-353.617
-352.156
-350.669
-349.157
-347.617
-346.049
-344.452
-342.825
-341.165
-339.474
-337.748
-335.987
-334.19
-362.101
-364.006
-365.851
-367.64
-369.373
-371.054
-372.686
-374.27
-375.808
-377.302
-378.756
-380.169
-381.545
-382.885
-384.191
-385.464
-386.706
-387.919
-389.104
-390.262
-391.396
-392.506
-393.594
-394.661
-395.709
-396.739
-397.753
-398.752
-399.737
-400.711
-401.674
-402.627
-403.574
-404.515
-405.453
-406.389
-407.326
-408.265
-409.21
-410.164
-411.128
-412.107
-413.101
-414.108
-415.116
-416.072
-416.83
-417.17
-416.944
-416.23
-415.245
-414.172
-413.09
-412.021
-410.971
-409.939
-408.923
-407.921
-406.931
-405.95
-404.977
-404.011
-403.048
-402.089
-401.133
-400.177
-399.221
-398.265
-397.307
-396.347
-395.384
-394.418
-393.447
-392.471
-391.491
-390.504
-389.512
-388.512
-387.506
-386.492
-385.47
-384.439
-383.4
-382.351
-381.292
-380.223
-379.144
-378.053
-376.952
-375.838
-374.711
-373.572
-372.42
-371.254
-370.073
-368.878
-367.668
-366.441
-365.199
-363.939
-362.662
-361.366
-360.052
-358.718
-357.364
-355.989
-354.593
-353.175
-351.732
-350.267
-348.775
-347.259
-345.715
-344.145
-342.544
-340.914
-339.254
-337.561
-335.834
-334.072
-332.276
