97.5186
97.5947
97.6446
97.6701
97.6729
97.6542
97.6154
97.5577
97.4822
97.39
97.2819
97.1588
97.0215
96.8707
96.7072
96.5314
96.3441
96.1458
95.9368
95.7178
95.4891
95.251
95.004
94.7484
94.4845
94.2126
93.9329
93.6456
93.351
93.0493
92.7406
92.4251
92.103
91.7743
91.4392
91.0978
90.7502
90.3964
90.0366
89.6707
89.2989
88.9211
88.5374
88.1478
87.7524
87.3511
86.9439
86.5309
86.112
85.6873
85.2567
84.8201
84.3777
83.9293
83.4749
83.0145
82.548
82.0754
81.5967
81.1118
80.6207
80.1232
79.6194
79.1092
78.5925
78.0693
77.5395
77.003
76.4597
75.9095
75.3525
74.7884
74.2173
73.6389
73.0532
72.4602
71.8595
71.2513
70.6352
70.0113
69.3794
68.7392
68.0907
67.4338
66.7682
66.0937
65.4102
64.7175
64.0154
63.3036
62.582
61.8502
61.1081
60.3552
59.5915
58.8165
58.0299
57.2313
56.4204
55.5968
54.76
53.9096
53.0452
52.1661
51.2719
50.3619
49.4356
48.4923
47.5308
46.5518
45.5528
44.5338
43.4939
42.433
41.3492
40.2432
39.1135
37.9619
36.7882
35.597
34.3935
33.1898
32.0076
30.891
29.9164
29.2067
28.9088
29.0912
29.659
30.4428
31.3174
32.2178
33.1111
33.982
34.8207
35.6216
36.3824
37.1024
37.7793
38.4135
97.436
97.5093
97.5571
97.5809
97.5825
97.5631
97.524
97.4663
97.3913
97.2998
97.1928
97.071
96.9354
96.7865
96.6251
96.4517
96.267
96.0714
95.8655
95.6496
95.4242
95.1897
94.9464
94.6946
94.4347
94.1668
93.8914
93.6085
93.3183
93.0212
92.7172
92.4065
92.0892
91.7654
91.4353
91.099
90.7565
90.4078
90.0532
89.6925
89.3259
88.9534
88.5749
88.1906
87.8004
87.4043
87.0023
86.5945
86.1808
85.7611
85.3355
84.9039
84.4664
84.0228
83.5732
83.1175
82.6556
82.1876
81.7133
81.2327
80.7458
80.2526
79.7528
79.2465
78.7337
78.2142
77.6879
77.1549
76.615
76.0681
75.5141
74.9531
74.3847
73.8091
73.2259
72.6353
72.0369
71.4308
70.8167
70.1946
69.5643
68.9256
68.2784
67.6226
66.9579
66.2843
65.6013
64.9091
64.2071
63.4954
62.7735
62.0413
61.2984
60.5447
59.7798
59.0034
58.2151
57.4146
56.6015
55.7754
54.9358
54.0823
53.2144
52.3316
51.4332
50.5188
49.5876
48.639
47.6722
46.6867
45.6816
44.656
43.6093
42.5406
41.4494
40.3352
39.1981
38.0395
36.8598
35.6634
34.4589
33.2591
32.0931
31.0109
30.104
29.5074
29.359
29.6818
30.3431
31.1781
32.0824
33.0034
33.9147
34.8025
35.6593
36.4808
37.264
38.0088
38.7138
39.3783
97.3144
97.3849
97.4305
97.4527
97.4531
97.4329
97.3935
97.336
97.2614
97.1707
97.0647
96.9444
96.8104
96.6635
96.5043
96.3333
96.1513
95.9585
95.7557
95.543
95.3211
95.0902
94.8507
94.6028
94.347
94.0834
93.8123
93.5339
93.2485
92.9561
92.6569
92.3512
92.0389
91.7203
91.3954
91.0643
90.7272
90.3839
90.0347
89.6794
89.3183
88.9512
88.5782
88.1994
87.8146
87.4239
87.0274
86.6249
86.2164
85.802
85.3816
84.9552
84.5227
84.0842
83.6394
83.1885
82.7314
82.2679
81.7982
81.322
80.8394
80.3504
79.8547
79.3524
78.8433
78.3276
77.8049
77.2753
76.7387
76.195
75.6441
75.0859
74.5204
73.9473
73.3667
72.7783
72.1821
71.5779
70.9657
70.3452
69.7163
69.079
68.4329
67.7781
67.1142
66.441
65.7585
65.0664
64.3644
63.6523
62.93
62.1971
61.4533
60.6985
59.9321
59.154
58.3638
57.5611
56.7455
55.9166
55.0739
54.217
53.3454
52.4585
51.5558
50.6366
49.7004
48.7463
47.7741
46.782
45.7706
44.7377
43.6841
42.6082
41.5097
40.3882
39.2433
38.0774
36.8921
35.6924
34.4882
33.2958
32.1492
31.11
30.2829
29.8121
29.8155
30.265
31.0034
31.8789
32.8061
33.743
34.6667
35.5666
36.4361
37.2718
38.0721
38.8348
39.5593
40.2465
97.1523
97.2201
97.2635
97.2841
97.2833
97.2625
97.2229
97.1655
97.0914
97.0015
96.8967
96.7778
96.6456
96.5007
96.3438
96.1754
95.996
95.8063
95.6066
95.3974
95.179
94.9519
94.7163
94.4726
94.2211
93.9619
93.6954
93.4218
93.1412
92.8538
92.5597
92.2592
91.9523
91.6391
91.3197
90.9942
90.6626
90.325
89.9815
89.632
89.2766
88.9153
88.5481
88.175
87.7959
87.411
87.0201
86.6232
86.2204
85.8115
85.3965
84.9755
84.5483
84.1149
83.6753
83.2294
82.7771
82.3185
81.8534
81.3819
80.9037
80.4189
79.9275
79.4292
78.9241
78.4121
77.8931
77.367
76.8338
76.2933
75.7455
75.1902
74.6274
74.0569
73.4787
72.8926
72.2985
71.6962
71.0857
70.4668
69.8394
69.2033
68.5582
67.9042
67.2409
66.5682
65.8859
65.1938
64.4916
63.7792
63.0562
62.3224
61.5776
60.8213
60.0534
59.2734
58.4811
57.676
56.8577
56.0259
55.18
54.3195
53.444
52.553
51.6457
50.7218
49.7803
48.8207
47.8422
46.8441
45.8264
44.7869
43.7256
42.6427
41.5363
40.4078
39.2567
38.0839
36.8938
35.6917
34.4882
33.3062
32.1852
31.1981
30.4635
30.13
30.2823
30.8428
31.6431
32.5509
33.4961
34.4435
35.3766
36.2847
37.1635
38.0089
38.8204
39.5958
40.3352
41.0383
96.9477
97.0129
97.0543
97.0734
97.0716
97.0501
97.0103
96.9531
96.8796
96.7907
96.6872
96.5699
96.4395
96.2967
96.1422
95.9764
95.8
95.6134
95.4171
95.2114
94.9969
94.7737
94.5423
94.303
94.056
93.8015
93.5399
93.2713
92.9958
92.7137
92.4252
92.1302
91.8289
91.5215
91.2079
90.8884
90.5628
90.2313
89.8938
89.5505
89.2012
88.846
88.485
88.118
87.7451
87.3662
86.9813
86.5905
86.1935
85.7905
85.3813
84.966
84.5443
84.1164
83.6822
83.2416
82.7945
82.3409
81.8808
81.414
80.9405
80.4602
79.9731
79.4791
78.9781
78.4701
77.9549
77.4324
76.9026
76.3655
75.8208
75.2685
74.7085
74.1406
73.5649
72.9811
72.3891
71.7888
71.1801
70.5627
69.9367
69.3017
68.6577
68.0044
67.3417
66.6694
65.9873
65.2951
64.5927
63.8798
63.1561
62.4213
61.6753
60.9176
60.148
59.3661
58.5715
57.7639
56.9429
56.108
55.2587
54.3946
53.5152
52.6199
51.7081
50.7791
49.8325
48.8673
47.8831
46.8791
45.8544
44.8083
43.7402
42.6497
41.5363
40.4
39.2425
38.064
36.8691
35.6658
34.4664
33.2984
32.2092
31.284
30.6559
30.4674
30.7604
31.4164
32.2662
33.1986
34.1568
35.1127
36.0515
36.9648
37.8492
38.7015
39.5198
40.3044
41.0543
41.7687
96.6986
96.7613
96.8007
96.8184
96.8156
96.7937
96.7538
96.697
96.6242
96.5363
96.4342
96.3186
96.1903
96.0498
95.8978
95.7349
95.5616
95.3783
95.1855
94.9837
94.7731
94.5542
94.3272
94.0926
93.8504
93.601
93.3445
93.0813
92.8114
92.535
92.2522
91.9632
91.6681
91.3668
91.0596
90.7464
90.4273
90.1023
89.7714
89.4346
89.092
88.7435
88.3891
88.0287
87.6623
87.29
86.9116
86.5272
86.1366
85.7398
85.3368
84.9275
84.5119
84.0899
83.6614
83.2264
82.7848
82.3366
81.8817
81.42
80.9514
80.4759
79.9935
79.5039
79.0072
78.5034
77.9921
77.4735
76.9474
76.4137
75.8723
75.3231
74.7661
74.201
73.6278
73.0464
72.4566
71.8583
71.2514
70.6357
70.011
69.3773
68.7343
68.0819
67.4197
66.7478
66.0659
65.3737
64.671
63.9575
63.233
62.4973
61.75
60.9909
60.2195
59.4356
58.6388
57.8287
57.0049
56.1668
55.3142
54.4464
53.563
52.6634
51.7469
50.8131
49.8609
48.8905
47.9
46.89
45.859
44.8057
43.731
42.6335
41.5133
40.3704
39.206
38.0223
36.824
35.6201
34.4272
33.2773
32.2267
31.3758
30.8673
30.8282
31.2504
31.9849
32.8737
33.8256
34.7932
35.7542
36.6964
37.6131
38.5005
39.3565
40.1799
40.97
41.7264
42.449
96.4022
96.4625
96.5002
96.5165
96.513
96.4908
96.451
96.3946
96.3227
96.2361
96.1355
96.0218
95.8956
95.7576
95.6085
95.4486
95.2785
95.0988
94.9099
94.7121
94.5058
94.2915
94.0693
93.8396
93.6026
93.3586
93.1078
92.8503
92.5864
92.3161
92.0397
91.7571
91.4686
91.1741
90.8737
90.5674
90.2553
89.9374
89.6137
89.2841
88.9486
88.6073
88.2601
87.9069
87.5477
87.1824
86.8111
86.4336
86.0499
85.6599
85.2636
84.8609
84.4517
84.036
83.6137
83.1847
82.7491
82.3066
81.8573
81.4011
80.9378
80.4674
79.9899
79.5051
79.0131
78.5136
78.0066
77.492
76.9698
76.4398
75.9019
75.3561
74.8021
74.24
73.6696
73.0907
72.5032
71.9071
71.3021
70.6881
70.065
69.4326
68.7907
68.1391
67.4777
66.8062
66.1245
65.4322
64.7293
64.0154
63.2902
62.5535
61.805
61.0444
60.2713
59.4854
58.6863
57.8737
57.047
56.2059
55.3499
54.4784
53.591
52.6871
51.7661
50.8273
49.8704
48.894
47.8979
46.8812
45.844
44.7843
43.703
42.5981
41.4712
40.3211
39.1509
37.9625
36.7619
35.5589
34.3752
33.2477
32.2451
31.4811
31.1042
31.2135
31.7506
32.5489
33.4689
34.4342
35.409
36.3728
37.3171
38.2346
39.1237
39.9812
40.8067
41.6003
42.3605
43.0878
96.0555
96.1136
96.1496
96.1649
96.1607
96.1383
96.0988
96.0431
95.9722
95.887
95.7882
95.6766
95.5528
95.4175
95.2713
95.1147
94.9483
94.7724
94.5876
94.3942
94.1926
93.9831
93.766
93.5417
93.3103
93.0722
92.8274
92.5763
92.3188
92.0553
91.7857
91.5102
91.2288
90.9417
90.6488
90.3501
90.0457
89.7355
89.4196
89.0979
88.7703
88.4369
88.0975
87.7522
87.4008
87.0433
86.6796
86.3097
85.9335
85.5509
85.1619
84.7663
84.3641
83.9553
83.5397
83.1174
82.6881
82.2519
81.8086
81.3582
80.9007
80.4358
79.9636
79.4841
78.9969
78.5022
77.9998
77.4896
76.9716
76.4455
75.9114
75.3691
74.8186
74.2596
73.6921
73.116
72.5311
71.9373
71.3344
70.7223
70.1008
69.4699
68.8292
68.1786
67.518
66.847
66.1656
65.4735
64.7703
64.056
63.3302
62.5926
61.8429
61.0809
60.3062
59.5183
58.717
57.9018
57.0724
56.2282
55.3689
54.4937
53.6024
52.6942
51.7686
50.8249
49.8627
48.881
47.8793
46.8567
45.8127
44.7467
43.6581
42.5466
41.4132
40.257
39.0805
37.8882
36.6853
35.4866
34.3145
33.216
32.2711
31.6069
31.3713
31.6234
32.2592
33.1086
34.0521
35.0284
36.0072
36.9728
37.9167
38.8336
39.722
40.5799
41.4057
42.2002
42.9619
43.692
95.6549
95.711
95.7455
95.7599
95.7553
95.7329
95.6938
95.639
95.5693
95.4857
95.3889
95.2796
95.1585
95.0261
94.8832
94.7302
94.5676
94.3959
94.2156
94.0269
93.8303
93.6261
93.4146
93.1961
92.9708
92.739
92.5009
92.2566
92.0062
91.75
91.488
91.2202
90.9468
90.6677
90.383
90.0927
89.7968
89.4952
89.1879
88.8748
88.5559
88.2312
87.9005
87.5638
87.221
86.8721
86.5168
86.1553
85.7873
85.4128
85.0317
84.6439
84.2495
83.8481
83.4399
83.0247
82.6024
82.1729
81.7363
81.2923
80.841
80.3821
79.9157
79.4417
78.96
78.4705
77.973
77.4676
76.9541
76.4324
75.9023
75.364
74.817
74.2615
73.6972
73.1241
72.542
71.9507
71.3501
70.7401
70.1205
69.4912
68.8519
68.2025
67.5428
66.8725
66.1915
65.4996
64.7964
64.0818
63.3554
62.617
61.8663
61.1029
60.3266
59.5369
58.7334
57.9158
57.0837
56.2365
55.3738
54.4951
53.5998
52.6874
51.7573
50.8091
49.8412
48.8543
47.8464
46.818
45.7679
44.6956
43.5998
42.4819
41.3414
40.1792
38.9977
37.802
36.599
35.4049
34.2492
33.1866
32.3101
31.7598
31.6712
32.0562
32.7744
33.6642
34.6263
35.6097
36.5905
37.5556
38.4978
39.4133
40.2997
41.1559
41.981
42.7747
43.5368
44.2672
95.1961
95.2504
95.2837
95.2973
95.2925
95.2704
95.2319
95.1782
95.11
95.0283
94.9337
94.8269
94.7087
94.5796
94.4402
94.2911
94.1327
93.9656
93.79
93.6064
93.4153
93.2168
93.0114
92.7992
92.5806
92.3557
92.1249
91.8881
91.6455
91.3973
91.1436
90.8844
90.6197
90.3496
90.074
89.793
89.5064
89.2143
88.9166
88.6131
88.3039
87.9888
87.6678
87.3406
87.0074
86.6678
86.3219
85.9696
85.6107
85.2451
84.8728
84.4937
84.1076
83.7145
83.3143
82.907
82.4923
82.0703
81.6409
81.2039
80.7593
80.3071
79.847
79.3791
78.9033
78.4194
77.9273
77.4271
76.9185
76.4015
75.876
75.3418
74.7989
74.2472
73.6864
73.1166
72.5375
71.949
71.3511
70.7434
70.1259
69.4984
68.8607
68.2127
67.5541
66.8847
66.2043
65.5127
64.8097
64.0949
63.3681
62.629
61.8773
61.1127
60.3349
59.5434
58.7379
57.918
57.0832
56.233
55.3671
54.4848
53.5858
52.6692
51.7346
50.7812
49.8085
48.8164
47.8029
46.7681
45.712
44.6327
43.5314
42.4071
41.2597
40.0919
38.9058
37.7059
36.504
35.318
34.1831
33.1639
32.3687
31.945
32.0046
32.5086
33.2949
34.2167
35.1914
36.1801
37.1611
38.125
39.0644
39.9767
40.8606
41.7138
42.5363
43.3278
44.0882
44.8178
94.6744
94.7271
94.7594
94.7725
94.7677
94.746
94.7085
94.6561
94.5896
94.51
94.4178
94.3139
94.1989
94.0733
93.9378
93.7929
93.6391
93.4768
93.3064
93.1284
92.9432
92.751
92.5521
92.3469
92.1355
91.9183
91.6953
91.4668
91.2329
90.9936
90.749
90.4993
90.2443
89.9841
89.7187
89.448
89.1719
88.8904
88.6034
88.3107
88.0122
87.7079
87.3976
87.0811
86.7584
86.4294
86.0938
85.7517
85.4029
85.0472
84.6846
84.315
83.9382
83.5542
83.1629
82.7642
82.358
81.9442
81.5227
81.0934
80.6563
80.2112
79.7581
79.2969
78.8275
78.3498
77.8637
77.3691
76.866
76.3542
75.8335
75.304
74.7656
74.2179
73.6611
73.0949
72.5192
71.9339
71.3388
70.7338
70.1187
69.4933
68.8574
68.211
67.5537
66.8854
66.2059
65.5148
64.812
64.0972
63.3702
62.6306
61.8781
61.1124
60.3332
59.54
58.7326
57.9104
57.0731
56.2201
55.3511
54.4653
53.5625
52.6418
51.7028
50.745
49.7674
48.7695
47.7506
46.71
45.6473
44.5619
43.4535
42.323
41.1696
39.9957
38.8055
37.6039
36.4047
35.2297
34.1204
33.1545
32.4536
32.1669
32.3712
32.9788
33.8193
34.7653
35.7502
36.7405
37.721
38.6819
39.6181
40.5263
41.4061
42.2559
43.0747
43.8634
44.6207
45.3471
94.0843
94.1356
94.1671
94.18
94.1754
94.1544
94.118
94.0672
94.0027
93.9253
93.8359
93.7351
93.6235
93.5018
93.3706
93.2302
93.0813
92.9243
92.7596
92.5876
92.4088
92.2233
92.0317
91.834
91.6306
91.4217
91.2075
90.9881
90.7637
90.5343
90.3
90.0607
89.8166
89.5676
89.3135
89.0544
88.7901
88.5204
88.2454
87.9647
87.6783
87.3861
87.0878
86.7833
86.4724
86.1551
85.8311
85.5004
85.1628
84.8181
84.4663
84.1072
83.7408
83.3669
82.9854
82.5962
82.1993
81.7945
81.3818
80.961
80.532
80.0949
79.6494
79.1956
78.7333
78.2624
77.7828
77.2945
76.7973
76.2912
75.776
75.2517
74.718
74.175
73.6225
73.0604
72.4884
71.9066
71.3148
70.7127
70.1003
69.4773
68.8436
68.199
67.5434
66.8764
66.1979
65.5076
64.8053
64.0907
63.3636
62.6237
61.8705
61.1039
60.3234
59.5288
58.7195
57.8952
57.0554
56.1998
55.3276
54.4386
53.532
52.6073
51.664
50.7011
49.7187
48.7157
47.6907
46.6445
45.5758
44.4842
43.3697
42.2324
41.0732
39.8942
38.6997
37.4975
36.3029
35.1416
34.0651
33.1632
32.5698
32.4277
32.7681
33.4631
34.3471
35.3113
36.3025
37.2941
38.2721
39.229
40.1605
41.0643
41.9391
42.7841
43.5988
44.3831
45.1369
45.8594
93.4195
93.4697
93.5006
93.5134
93.5093
93.4892
93.4542
93.4051
93.3428
93.2681
93.1817
93.0842
92.9765
92.8589
92.7321
92.5967
92.4531
92.3018
92.1432
91.9778
91.8058
91.6278
91.4439
91.2545
91.0598
90.8601
90.6556
90.4463
90.2324
90.0139
89.791
89.5636
89.3317
89.0951
88.8539
88.6078
88.3567
88.1005
87.839
87.5719
87.2992
87.0205
86.7357
86.4446
86.1471
85.843
85.532
85.214
84.8889
84.5565
84.2167
83.8695
83.5145
83.1518
82.7812
82.4026
82.016
81.6212
81.2181
80.8067
80.3868
79.9584
79.5214
79.0757
78.6212
78.1578
77.6854
77.204
76.7134
76.2136
75.7044
75.1857
74.6575
74.1196
73.5719
73.0142
72.4465
71.8686
71.2803
70.6816
70.0722
69.452
68.8208
68.1784
67.5246
66.8592
66.182
65.4928
64.7912
64.0771
63.3501
62.61
61.8564
61.0891
60.3076
59.5116
58.7006
57.8743
57.0322
56.1739
55.2988
54.4064
53.4962
52.5677
51.6202
50.6528
49.665
48.6569
47.6265
46.5747
45.4994
44.4018
43.2804
42.1371
40.9724
39.7888
38.5907
37.389
36.2004
35.0579
34.0218
33.1951
32.7231
32.7286
33.1928
33.9604
34.877
35.8554
36.8504
37.8416
38.816
39.7687
40.6947
41.5928
42.4624
43.3017
44.111
44.89
45.6387
46.3569
92.673
92.7223
92.7528
92.7658
92.7622
92.7433
92.7098
92.6627
92.6029
92.531
92.4478
92.354
92.2503
92.1372
92.0152
91.885
91.7472
91.602
91.4499
91.2915
91.127
90.957
90.7816
90.6012
90.416
90.2264
90.0324
89.8344
89.6322
89.426
89.2159
89.0017
88.7835
88.5611
88.3343
88.103
87.867
87.626
87.3798
87.1282
86.8709
86.6076
86.3382
86.0623
85.7798
85.4904
85.194
84.8904
84.5794
84.2608
83.9345
83.6003
83.2582
82.9079
82.5495
82.1827
81.8075
81.4238
81.0314
80.6304
80.2205
79.8018
79.3741
78.9374
78.4915
78.0364
77.572
77.0982
76.6149
76.122
75.6194
75.1071
74.5848
74.0526
73.5102
72.9575
72.3945
71.8209
71.2368
70.6418
70.0359
69.4188
68.7904
68.1505
67.499
66.8355
66.1599
65.472
64.7714
64.058
63.3314
62.5914
61.8376
61.0696
60.2873
59.49
58.6776
57.8494
57.0052
56.1444
55.2664
54.3709
53.4571
52.5247
51.5731
50.6013
49.6088
48.595
47.5593
46.5012
45.42
44.3157
43.189
42.0391
40.869
39.6805
38.481
37.2805
36.1016
34.9828
33.9951
33.257
32.9176
33.0689
33.6419
34.4676
35.4105
36.3983
37.3956
38.3844
39.3542
40.3013
41.2218
42.1135
42.9767
43.8097
44.6133
45.3863
46.1291
46.8421
91.8368
91.8853
91.9156
91.9288
91.9261
91.9084
91.8766
91.8317
91.7745
91.7056
91.6259
91.536
91.4365
91.328
91.2112
91.0866
90.9547
90.8161
90.671
90.5201
90.3637
90.2022
90.036
89.8653
89.6906
89.5121
89.3298
89.1441
88.955
88.7626
88.5668
88.3676
88.1649
87.9585
87.7483
87.5338
87.315
87.0914
86.8627
86.6287
86.389
86.1432
85.8912
85.6326
85.3671
85.0945
84.8146
84.5272
84.232
83.9289
83.6176
83.2982
82.9704
82.6341
82.2892
81.9355
81.573
81.2016
80.8212
80.4317
80.033
79.625
79.2076
78.7808
78.3446
77.8986
77.443
76.9776
76.5024
76.0172
75.522
75.0166
74.5009
73.9749
73.4385
72.8914
72.3336
71.7649
71.1853
70.5946
69.9925
69.379
68.7539
68.1169
67.468
66.8068
66.1331
65.4468
64.7475
64.0351
63.3091
62.5694
61.8156
61.0473
60.2643
59.4661
58.6523
57.8224
56.9762
56.1129
55.2323
54.3337
53.4165
52.4802
51.5246
50.5478
49.5506
48.5319
47.4902
46.4264
45.3395
44.2292
43.0958
41.9402
40.7642
39.5727
38.3713
37.1745
36.0076
34.9186
33.9901
33.3541
33.156
33.4466
34.1125
34.9849
35.9471
36.9411
37.9381
38.9233
39.8884
40.8291
41.7428
42.6282
43.4844
44.3109
45.1077
45.8739
46.6106
47.317
90.9021
90.9499
90.98
90.9936
90.9917
90.9753
90.9453
90.9027
90.8481
90.7824
90.7062
90.6203
90.5253
90.4217
90.3103
90.1915
90.0659
89.934
89.7963
89.6533
89.5054
89.3531
89.1968
89.0367
88.8733
88.7068
88.5375
88.3655
88.191
88.0139
87.8344
87.6522
87.4671
87.2791
87.0877
86.8926
86.6935
86.4899
86.2813
86.0675
85.848
85.6223
85.3902
85.1513
84.9052
84.6517
84.3904
84.1213
83.844
83.5583
83.2641
82.9612
82.6494
82.3287
81.9989
81.6599
81.3117
80.954
80.5868
80.2101
79.8238
79.4277
79.0218
78.6061
78.1803
77.7446
77.2987
76.8427
76.3764
75.8997
75.4126
74.9149
74.4066
73.8876
73.3577
72.8168
72.2648
71.7017
71.1272
70.5412
69.9435
69.3341
68.7126
68.079
67.433
66.7745
66.1031
65.4188
64.7211
64.0099
63.285
62.5458
61.7923
61.0239
60.2404
59.4414
58.6264
57.7951
56.947
56.0815
55.1983
54.2967
53.3762
52.4361
51.4758
50.4954
49.493
48.4692
47.4222
46.3529
45.2594
44.1432
43.004
41.8428
40.6613
39.4658
38.2644
37.0733
35.9231
34.8702
34.0123
33.4916
33.4398
33.8589
34.6025
35.5101
36.487
37.4846
38.4805
39.4609
40.4199
41.3543
42.2606
43.1384
43.987
44.806
45.5953
46.3547
47.084
47.7831
89.8596
89.9064
89.9362
89.9501
89.9489
89.9338
89.9055
89.865
89.8131
89.7505
89.6779
89.596
89.5054
89.4068
89.3007
89.1879
89.0688
88.9439
88.8138
88.6791
88.5402
88.3976
88.2517
88.103
87.9517
87.7985
87.6433
87.4865
87.3282
87.1685
87.0072
86.8443
86.6795
86.5125
86.3429
86.1702
85.9938
85.8133
85.6281
85.4376
85.2413
85.0388
84.8296
84.6132
84.3893
84.1575
83.9176
83.6692
83.4121
83.1461
82.8711
82.5868
82.2932
81.9899
81.6771
81.3545
81.0221
80.6798
80.3274
79.9649
79.5923
79.2095
78.8163
78.4128
77.9989
77.5744
77.1394
76.6937
76.2373
75.7701
75.2919
74.8028
74.3027
73.7914
73.2688
72.7348
72.1894
71.6323
71.0635
70.4828
69.8901
69.2852
68.6679
68.0381
67.3956
66.7401
66.0715
65.3895
64.6939
63.9843
63.2605
62.5223
61.7693
61.0011
60.2174
59.4178
58.6019
57.7693
56.9194
56.0519
55.1662
54.2617
53.338
52.394
51.4299
50.4447
49.4383
48.4089
47.3567
46.281
45.1818
44.0597
42.9139
41.7473
40.5614
39.3635
38.1625
36.9795
35.8506
34.8428
34.0672
33.674
33.769
34.3023
35.1085
36.0443
37.0304
38.0299
39.0226
39.9981
40.9502
41.877
42.7761
43.6458
44.4868
45.2977
46.0789
46.8308
47.5521
48.2433
88.6992
88.7447
88.7737
88.7874
88.7867
88.7725
88.7456
88.7071
88.6575
88.5977
88.5284
88.4503
88.364
88.2702
88.1695
88.0625
87.9498
87.832
87.7096
87.5833
87.4536
87.321
87.1861
87.0494
86.9112
86.7721
86.6323
86.4923
86.352
86.2117
86.0713
85.9304
85.7889
85.6463
85.502
85.3552
85.2055
85.0519
84.8938
84.7306
84.5613
84.3856
84.2028
84.0124
83.814
83.607
83.3914
83.1667
82.9326
82.689
82.4357
82.1724
81.8991
81.6155
81.3217
81.0175
80.7028
80.3776
80.0418
79.6952
79.3379
78.9698
78.5908
78.2009
77.8
77.3881
76.9651
76.5309
76.0854
75.6287
75.1606
74.681
74.1899
73.6871
73.1727
72.6464
72.1082
71.5579
70.9955
70.4207
69.8336
69.2338
68.6213
67.9958
67.3573
66.7053
66.0399
65.3606
64.6673
63.9598
63.2377
62.5006
61.7484
60.9807
60.197
59.3971
58.5805
57.7467
56.8954
56.0259
55.1379
54.2307
53.3038
52.3567
51.3882
50.3988
49.3872
48.3529
47.2953
46.2141
45.1091
43.9805
42.829
41.6564
40.4665
39.2661
38.0686
36.896
35.794
34.84
34.1609
33.9052
34.1417
34.7739
35.6298
36.5862
37.5794
38.5781
39.5664
40.5355
41.4807
42.3994
43.29
44.1517
44.9841
45.7864
46.5595
47.3028
48.0156
48.6987
87.4115
87.4547
87.4821
87.4948
87.4936
87.4795
87.4535
87.4161
87.3683
87.3108
87.2442
87.1694
87.0868
86.9974
86.9015
86.8
86.6934
86.5823
86.4674
86.3494
86.2288
86.1064
85.9826
85.8582
85.7338
85.6097
85.4866
85.3648
85.2446
85.126
85.0092
84.8937
84.7792
84.665
84.5503
84.4342
84.3157
84.1939
84.0677
83.9363
83.7987
83.6542
83.502
83.3417
83.1726
82.9944
82.8066
82.6089
82.4011
82.1829
81.9541
81.7146
81.4642
81.2028
80.9304
80.6468
80.3521
80.046
79.7286
79.3998
79.0596
78.7079
78.3447
77.9699
77.5836
77.1855
76.7758
76.3544
75.9211
75.476
75.019
74.55
74.0688
73.5756
73.0702
72.5525
72.0223
71.4796
70.9243
70.3563
69.7753
69.1813
68.5741
67.9536
67.3194
66.6716
66.0097
65.3337
64.6433
63.9381
63.218
62.4826
61.7315
60.9645
60.1812
59.3812
58.5641
57.7294
56.8768
56.0055
55.1153
54.2055
53.2755
52.3249
51.3526
50.3591
49.3423
48.303
47.2395
46.1527
45.0419
43.9075
42.7496
41.5721
40.3787
39.1775
37.9838
36.8259
35.7565
34.8679
34.2983
34.187
34.5561
35.2702
36.1654
37.1375
38.1342
39.1305
40.1139
41.0758
42.0129
42.9235
43.8052
44.6578
45.4811
46.2748
47.0388
47.7729
48.477
49.1504
85.99
86.0288
86.0526
86.0625
86.0593
86.0439
86.017
85.9796
85.9322
85.8757
85.8108
85.7381
85.6584
85.5722
85.4802
85.3832
85.2818
85.1767
85.0686
84.9582
84.8463
84.7335
84.6207
84.5086
84.398
84.2896
84.184
84.0819
83.9837
83.8896
83.7995
83.7133
83.6302
83.5495
83.4699
83.3902
83.309
83.2249
83.1366
83.0428
82.9424
82.8346
82.7183
82.5929
82.4579
82.3127
82.1569
81.9902
81.8123
81.623
81.4221
81.2095
80.9851
80.7488
80.5004
80.2401
79.9676
79.683
79.3863
79.0773
78.7562
78.4228
78.0772
77.7192
77.349
76.9665
76.5716
76.1643
75.7446
75.3124
74.8677
74.4103
73.9404
73.4578
72.9624
72.4541
71.9329
71.3987
70.8513
70.2907
69.7167
69.1291
68.5279
67.9129
67.2839
66.6407
65.983
65.3107
64.6235
63.9212
63.2035
62.47
61.7205
60.9547
60.172
59.3722
58.5549
57.7195
56.8657
55.9929
55.1006
54.1884
53.2553
52.3013
51.3254
50.327
49.3064
48.2615
47.1927
46.1003
44.983
43.842
42.6794
41.4965
40.3001
39.0993
37.9116
36.7726
35.7443
34.9326
34.485
34.52
35.0083
35.7903
36.7151
37.6976
38.696
39.6884
40.6653
41.6199
42.5482
43.4496
44.3218
45.1655
45.9792
46.7632
47.5181
48.2425
48.9369
49.601
84.4361
84.4661
84.4824
84.4859
84.4773
84.4575
84.427
84.3868
84.3375
84.2798
84.2142
84.1416
84.0626
83.9778
83.888
83.7938
83.6959
83.5952
83.4923
83.3881
83.2833
83.1791
83.0762
82.9757
82.8784
82.7854
82.6978
82.6164
82.5419
82.4748
82.4152
82.3627
82.3167
82.2758
82.2384
82.2026
82.1663
82.1276
82.0847
82.0358
81.9797
81.915
81.8408
81.7563
81.6609
81.5539
81.435
81.3039
81.1603
81.004
80.8349
80.6529
80.4579
80.2498
80.0286
79.7944
79.547
79.2865
79.0128
78.7261
78.4263
78.1133
77.7873
77.4482
77.096
76.7307
76.3523
75.9607
75.556
75.1381
74.7071
74.2628
73.8052
73.3343
72.85
72.3523
71.8411
71.3162
70.7777
70.2254
69.6591
69.0789
68.4844
67.8756
67.2523
66.6143
65.9614
65.2934
64.61
63.9111
63.1962
62.4652
61.7176
60.9531
60.1715
59.3723
58.555
57.7192
56.8645
55.9903
55.0962
54.1816
53.246
52.2888
51.3086
50.3062
49.2804
48.2306
47.1564
46.0577
44.9346
43.7879
42.6191
41.4326
40.2332
39.0333
37.8558
36.74
35.7616
35.0394
34.7252
34.9039
35.4964
36.3321
37.2791
38.2682
39.2653
40.2533
41.2228
42.1687
43.0883
43.98
44.8428
45.6764
46.4799
47.2544
47.9985
48.7132
49.3973
50.0515
82.7729
82.7848
82.7851
82.7744
82.7534
82.7227
82.683
82.6347
82.5785
82.5149
82.4446
82.3682
82.2862
82.1993
82.1082
82.0136
81.9162
81.8168
81.7162
81.6154
81.5153
81.417
81.3216
81.2304
81.1447
81.0658
80.9954
80.9346
80.8849
80.8471
80.8217
80.8085
80.8065
80.8138
80.8278
80.8456
80.8644
80.881
80.8931
80.8984
80.8951
80.8818
80.8573
80.8208
80.7715
80.7089
80.6327
80.5426
80.4383
80.3198
80.1869
80.0396
79.8779
79.7018
79.5113
79.3064
79.0873
78.8538
78.6062
78.3443
78.0683
77.7782
77.4741
77.1559
76.8238
76.4776
76.1175
75.7435
75.3555
74.9536
74.5377
74.1079
73.664
73.2062
72.7342
72.2482
71.7481
71.2337
70.705
70.1619
69.6043
69.0321
68.4452
67.8434
67.2265
66.5944
65.947
65.2838
64.6049
63.9098
63.1983
62.4701
61.7249
60.9624
60.1821
59.3837
58.5668
57.7309
56.8755
56.0002
55.1044
54.1876
53.2489
52.2886
51.3049
50.2985
49.2674
48.2127
47.1332
46.0281
44.8992
43.7467
42.5728
41.3816
40.1806
38.9841
37.8184
36.7326
35.8136
35.1952
35.022
35.3365
36.0167
36.8948
37.8579
38.851
39.8452
40.8267
41.7885
42.7251
43.6348
44.5161
45.3685
46.1915
46.9849
47.7487
48.4826
49.1865
49.8603
50.503
81.0612
81.04
81.0095
80.9704
80.9234
80.8691
80.8081
80.7407
80.6675
80.5889
80.5053
80.4172
80.3249
80.2292
80.1305
80.0295
79.9268
79.8233
79.7198
79.6173
79.5168
79.4196
79.3271
79.2408
79.1625
79.0941
79.0378
78.9956
78.97
78.9627
78.9751
79.0074
79.0582
79.1246
79.2028
79.2877
79.3749
79.46
79.5396
79.6106
79.671
79.7191
79.7535
79.7735
79.7782
79.7674
79.7406
79.6977
79.6386
79.5633
79.4717
79.364
79.2401
79.1002
78.9443
78.7727
78.5852
78.3822
78.1637
77.9297
77.6804
77.4159
77.1362
76.8414
76.5317
76.2069
75.8672
75.5127
75.1433
74.759
74.36
73.9462
73.5177
73.0743
72.6161
72.1431
71.6552
71.1524
70.6346
70.1018
69.5539
68.9907
68.4122
67.8182
67.2086
66.5832
65.9419
65.2843
64.6104
63.9197
63.2122
62.4874
61.745
60.9848
60.2064
59.4092
58.593
57.7572
56.9015
56.0253
55.128
54.2091
53.268
52.3042
51.317
50.3065
49.271
48.2106
47.1256
46.0149
44.8794
43.7213
42.5424
41.3468
40.1453
38.9541
37.8041
36.7553
35.9075
35.4051
35.3772
35.8155
36.5685
37.4786
38.4525
39.4463
40.4364
41.4104
42.3631
43.2903
44.1893
45.0598
45.9017
46.7136
47.4958
48.2488
48.9714
49.664
50.3263
50.9579
79.3803
79.3135
79.2381
79.1551
79.0655
78.9703
78.8702
78.7659
78.6582
78.5474
78.4341
78.3188
78.2019
78.0837
77.9648
77.8456
77.7266
77.6086
77.4923
77.3785
77.2686
77.1637
77.0654
76.9756
76.8965
76.8306
76.7811
76.7515
76.7454
76.7668
76.8188
76.9029
77.0178
77.1589
77.3189
77.4899
77.6641
77.8352
77.9984
78.15
78.2876
78.4091
78.5135
78.6001
78.6682
78.7175
78.748
78.7597
78.7525
78.7266
78.6823
78.6195
78.5386
78.4397
78.323
78.1888
78.0372
77.8684
77.6825
77.4799
77.2605
77.0246
76.7722
76.5036
76.2187
75.9178
75.6009
75.2681
74.9193
74.5548
74.1746
73.7786
73.367
72.9397
72.4967
72.0382
71.5639
71.074
70.5683
70.047
69.5098
68.9567
68.3876
67.8024
67.2009
66.583
65.9485
65.2973
64.6291
63.9436
63.2405
62.5197
61.7808
61.0234
60.2471
59.4516
58.6365
57.8013
56.9454
56.0685
55.17
54.2493
53.3059
52.3392
51.348
50.3328
49.2927
48.2273
47.1362
46.0197
44.8791
43.7146
42.5301
41.3315
40.1305
38.9462
37.8179
36.8136
36.0494
35.675
35.7912
36.3387
37.1493
38.083
39.0643
40.0563
41.0402
42.0063
42.949
43.8654
44.7539
45.6135
46.4432
47.2439
48.0149
48.7555
49.4667
50.1473
50.7975
51.4174
77.7824
77.6657
77.5395
77.4051
77.2636
77.1159
76.9633
76.8066
76.6467
76.4847
76.3214
76.1576
75.9939
75.8313
75.6701
75.5113
75.3552
75.2027
75.0545
74.9114
74.7745
74.6451
74.5247
74.4154
74.3198
74.2411
74.1834
74.1519
74.1527
74.1934
74.2815
74.4223
74.6158
74.8537
75.1223
75.4064
75.6934
75.9738
76.2413
76.4918
76.7228
76.9325
77.12
77.285
77.4272
77.5466
77.6434
77.7179
77.7704
77.8012
77.8106
77.7991
77.7669
77.7145
77.6421
77.5501
77.4389
77.3086
77.1595
76.9919
76.8061
76.6022
76.3804
76.141
75.884
75.6097
75.3182
75.0095
74.6839
74.3413
73.9819
73.6057
73.2129
72.8035
72.3775
71.9349
71.4758
71.0002
70.5081
69.9994
69.4741
68.9322
68.3736
67.7982
67.2058
66.5963
65.9697
65.3256
64.6638
63.9842
63.2864
62.5702
61.8352
61.0811
60.3076
59.5143
58.7006
57.8662
57.0107
56.1334
55.2338
54.3114
53.3653
52.3959
51.4012
50.3821
49.3375
48.2662
47.1696
46.0473
44.9001
43.73
42.5409
41.3399
40.1401
38.9661
37.8635
36.9139
36.2463
36.009
36.2635
36.9041
37.7602
38.7108
39.6951
40.6838
41.6601
42.6165
43.5491
44.454
45.3305
46.178
46.996
47.7843
48.5428
49.2715
49.9697
50.6381
51.276
51.8826
76.2864
76.1208
75.9444
75.7583
75.5635
75.3611
75.1521
74.9375
74.7183
74.4955
74.27
74.043
73.8155
73.5883
73.3626
73.1395
72.9199
72.7051
72.4961
72.2941
72.1004
71.9167
71.7446
71.5864
71.4449
71.324
71.2285
71.1653
71.1439
71.1775
71.2829
71.4773
71.7666
72.1355
72.5532
72.9897
73.4239
73.8431
74.2403
74.6116
74.955
75.2697
75.5554
75.8122
76.0407
76.2413
76.4146
76.5613
76.6821
76.7775
76.8483
76.895
76.9181
76.9183
76.896
76.8517
76.7858
76.6988
76.5911
76.4629
76.3146
76.1466
75.9591
75.7523
75.5265
75.2819
75.0186
74.7369
74.4369
74.1188
73.7826
73.4285
73.0566
72.667
72.2597
71.8349
71.3927
70.9329
70.4558
69.9612
69.4492
68.9198
68.3729
67.8084
67.2262
66.6262
66.0083
65.3721
64.7177
64.0448
63.353
62.6421
61.9117
61.1617
60.3915
59.6007
58.7891
57.956
57.101
56.2235
55.3232
54.3994
53.4514
52.4787
51.4807
50.4576
49.4077
48.3319
47.2291
46.1008
44.9469
43.7713
42.5772
41.3745
40.1782
39.018
37.9481
37.0636
36.505
36.4104
36.7924
37.5102
38.4003
39.3627
40.3476
41.3297
42.2977
43.2433
44.1642
45.0568
45.9213
46.7559
47.5609
48.3368
49.0822
49.7977
50.4832
51.1383
51.7627
52.3561
74.8944
74.6828
74.4591
74.224
73.9786
73.7238
73.4604
73.1893
72.9114
72.6276
72.3387
72.0457
71.7494
71.4509
71.1512
70.8512
70.5524
70.2558
69.9628
69.6748
69.3937
69.1213
68.8597
68.6118
68.3807
68.1708
67.9878
67.8401
67.7402
67.7084
67.7786
67.9986
68.3987
68.9472
69.571
70.2095
70.8312
71.422
71.976
72.4912
72.9673
73.4047
73.8044
74.1675
74.4953
74.789
75.0499
75.279
75.4775
75.6465
75.7868
75.8993
75.985
76.0445
76.0786
76.088
76.0732
76.0348
75.9734
75.8894
75.7833
75.6554
75.5062
75.3359
75.1449
74.9335
74.7018
74.4502
74.1787
73.8878
73.5774
73.2479
72.8992
72.5316
72.1453
71.7402
71.3166
70.8745
70.414
69.9351
69.4379
68.9223
68.3884
67.836
67.2652
66.6758
66.0677
65.4406
64.7945
64.1291
63.4441
62.7393
62.0144
61.269
60.5027
59.7152
58.906
58.0747
57.2207
56.3435
55.4427
54.5177
53.5679
52.5927
51.5914
50.5637
49.5092
48.4275
47.3189
46.1839
45.024
43.843
42.6448
41.4405
40.2498
39.1066
38.077
37.2694
36.8327
36.8815
37.3773
38.1566
39.0717
40.041
41.0229
41.998
42.955
43.8895
44.7976
45.6777
46.5287
47.3497
48.1415
48.903
49.6351
50.3367
51.0087
51.6497
52.2599
52.8394
73.6016
73.3478
73.0804
72.8002
72.5081
72.2047
71.8909
71.5673
71.2346
70.8935
70.5448
70.189
69.827
69.4594
69.087
68.7107
68.3312
67.9495
67.5667
67.1841
66.8028
66.4248
66.0517
65.6862
65.3312
64.9909
64.6711
64.3803
64.1326
63.9552
63.9067
64.0932
64.5985
65.363
66.2353
67.1093
67.9442
68.728
69.4578
70.1341
70.7587
71.3336
71.8612
72.3436
72.783
73.1814
73.5407
73.8624
74.1484
74.3999
74.6183
74.8048
74.9607
75.0868
75.1842
75.2537
75.2962
75.3123
75.3028
75.2683
75.2093
75.1263
75.0198
74.8903
74.7382
74.5637
74.3673
74.1492
73.9096
73.649
73.3674
73.0651
72.7422
72.3992
72.036
71.6528
71.2499
70.8273
70.3853
69.9238
69.443
68.9428
68.4234
67.8846
67.3265
66.7489
66.1518
65.535
64.8982
64.2413
63.5641
62.8664
62.1476
61.4077
60.646
59.8624
59.0563
58.2272
57.3747
56.4983
55.5971
54.6713
53.7193
52.7417
51.7373
50.705
49.6457
48.5587
47.4443
46.3031
45.1371
43.9499
42.7481
41.5441
40.3605
39.2397
38.2584
37.5402
37.2354
37.4232
38.017
38.844
39.7769
40.7476
41.7248
42.6903
43.6363
44.5578
45.4522
46.3182
47.1548
47.9619
48.7391
49.4865
50.2039
50.8912
51.5478
52.1744
52.7701
53.3339
72.401
72.1086
71.8014
71.48
71.1453
70.7976
70.4379
70.0664
69.6838
69.2905
68.8871
68.474
68.0517
67.6207
67.1814
66.7343
66.2799
65.8187
65.3514
64.8785
64.401
63.9195
63.4355
62.9505
62.4664
61.9862
61.5147
61.0593
60.6351
60.2772
60.076
60.2048
60.7924
61.7379
62.8177
63.892
64.9143
65.8735
66.7682
67.6003
68.3721
69.0865
69.7461
70.3536
70.9115
71.4222
71.8878
72.3104
72.6919
73.0341
73.3386
73.6069
73.8404
74.0405
74.2081
74.3446
74.4507
74.5275
74.5758
74.5963
74.5898
74.5568
74.4981
74.414
74.3052
74.172
74.0148
73.8341
73.63
73.4031
73.1535
72.8815
72.5874
72.2715
71.934
71.5752
71.1953
70.7944
70.3728
69.9306
69.468
68.985
68.4817
67.9581
67.4141
66.8498
66.265
65.6596
65.0334
64.3863
63.718
63.0281
62.3166
61.5829
60.8267
60.0477
59.2453
58.4192
57.5687
56.6934
55.7929
54.8661
53.9128
52.9323
51.9247
50.8885
49.8238
48.7314
47.6109
46.4627
45.2906
44.098
42.8923
41.6897
40.5167
39.4241
38.5013
37.8847
37.7185
38.0366
38.7114
39.5747
40.5176
41.4873
42.4565
43.4108
44.3443
45.2516
46.1318
46.9825
47.8037
48.5953
49.3575
50.0892
50.791
51.4627
52.104
52.7148
53.2944
53.8425
71.2849
70.9573
70.6138
70.2551
69.8816
69.494
69.0926
68.6778
68.2502
67.8099
67.3573
66.8926
66.4162
65.9283
65.4289
64.9184
64.3968
63.8644
63.3212
62.7675
62.2035
61.6294
61.0457
60.4532
59.853
59.2472
58.6395
58.038
57.4607
56.957
56.6564
56.7786
57.4426
58.4944
59.685
60.8731
62.0113
63.0873
64.0992
65.0482
65.9364
66.7663
67.5402
68.2602
68.9284
69.5469
70.1173
70.6414
71.121
71.5577
71.953
72.3084
72.6254
72.9053
73.1494
73.3588
73.5348
73.6783
73.7902
73.8715
73.9231
73.9456
73.9397
73.9061
73.8453
73.758
73.6445
73.5052
73.3407
73.1512
72.9372
72.6989
72.4368
72.1511
71.8421
71.5102
71.1558
70.779
70.3801
69.9593
69.5169
69.053
68.5676
68.0609
67.5328
66.9833
66.4123
65.8198
65.2055
64.5694
63.9112
63.2305
62.5271
61.8007
61.051
60.2774
59.4796
58.657
57.8092
56.9355
56.0356
55.1088
54.1544
53.1719
52.1607
51.1205
50.0511
48.9524
47.825
46.6711
45.4918
44.2932
43.0857
41.8852
40.7261
39.6683
38.8143
38.312
38.2867
38.7216
39.4615
40.3502
41.2987
42.2632
43.2221
44.1633
45.0821
45.9744
46.8385
47.6728
48.4781
49.2536
49.9986
50.7142
51.3992
52.0542
52.6792
53.2731
53.8358
54.3668
70.2453
69.8857
69.5094
69.1167
68.7083
68.2845
67.8456
67.3919
66.9238
66.4413
65.9447
65.434
64.9093
64.3707
63.8181
63.2514
62.6706
62.0754
61.4658
60.8414
60.2022
59.5479
58.8785
58.1943
57.496
56.7855
56.067
55.3506
54.6614
54.0695
53.7448
53.9241
54.6721
55.7835
57.0178
58.2526
59.4448
60.5811
61.6582
62.6762
63.637
64.5425
65.3947
66.1957
66.947
67.6504
68.3072
68.9185
69.4856
70.0094
70.4911
70.9317
71.3321
71.6933
72.0164
72.3025
72.5524
72.7671
72.9476
73.0948
73.2095
73.2926
73.3447
73.3666
73.3588
73.3221
73.2569
73.1637
73.0429
72.895
72.7205
72.5196
72.2929
72.0406
71.7632
71.4612
71.1349
70.7848
70.4111
70.0141
69.5942
69.1515
68.6861
68.1982
67.6878
67.1549
66.5995
66.0215
65.4207
64.797
64.1501
63.4799
62.786
62.0681
61.3258
60.5587
59.7663
58.9482
58.1037
57.2326
56.3336
55.4072
54.4515
53.4672
52.4532
51.4092
50.3342
49.2298
48.096
46.9346
45.7489
44.5451
43.3354
42.1396
40.9978
39.9816
39.2091
38.8313
38.944
39.4802
40.2691
41.1748
42.1231
43.0793
44.0262
44.953
45.8553
46.7305
47.577
48.3941
49.1816
49.9391
50.6668
51.3639
52.0316
52.6692
53.2758
53.8522
54.3968
54.9099
69.2749
68.8862
68.4799
68.0566
67.6166
67.16
66.6873
66.1987
65.6943
65.1741
64.6381
64.0864
63.519
62.9355
62.3358
61.7197
61.087
60.4371
59.7697
59.0842
58.3804
57.6577
56.916
56.1552
55.3762
54.5814
53.7764
52.9749
52.212
51.5833
51.2956
51.5742
52.4086
53.5575
54.8058
56.0544
57.2668
58.4298
59.5391
60.5941
61.5957
62.5456
63.4454
64.297
65.102
65.8619
66.5781
67.2516
67.8835
68.4745
69.0255
69.5371
70.0097
70.444
70.8405
71.1996
71.522
71.8081
72.0585
72.2739
72.455
72.6023
72.7164
72.7981
72.8479
72.8663
72.8539
72.8113
72.7387
72.6368
72.5058
72.3463
72.1587
71.9434
71.701
71.432
71.1369
70.8162
70.4704
70.0998
69.7049
69.2857
68.8426
68.3758
67.8852
67.3709
66.833
66.2713
65.6857
65.0762
64.4424
63.7841
63.1011
62.393
61.6594
60.8999
60.114
59.3013
58.4611
57.5929
56.6965
55.7705
54.8146
53.8288
52.8116
51.7631
50.6839
49.5737
48.4326
47.2642
46.0718
44.8622
43.6504
42.4614
41.3421
40.3768
39.6969
39.4514
39.6946
40.314
41.1394
42.0536
42.9971
43.9423
44.8739
45.7835
46.6675
47.5244
48.3517
49.1495
49.9181
50.6563
51.3646
52.0431
52.6916
53.3099
53.8978
54.4549
54.9806
55.4739
68.3668
67.9515
67.5181
67.0669
66.5981
66.1121
65.609
65.0889
64.5518
63.9978
63.4269
62.8386
62.2332
61.61
60.9689
60.3095
59.6313
58.9337
58.2162
57.4784
56.7193
55.9387
55.1362
54.3121
53.4675
52.6058
51.7347
50.8725
50.0674
49.4446
49.2395
49.6396
50.5551
51.7294
52.9797
54.2279
55.4441
56.6164
57.7401
58.8141
59.8385
60.8145
61.7435
62.627
63.4666
64.2636
65.0192
65.7347
66.411
67.0489
67.6492
68.2126
68.7395
69.2303
69.6854
70.105
70.4895
70.8388
71.1533
71.433
71.6783
71.8893
72.0663
72.2095
72.3194
72.3962
72.4403
72.452
72.4318
72.3799
72.2967
72.1826
72.038
71.8634
71.6594
71.4268
71.1662
70.8781
70.5631
70.2218
69.8546
69.4618
69.0436
68.6002
68.1319
67.6386
67.1203
66.577
66.0088
65.4152
64.7963
64.1518
63.4813
62.7846
62.0611
61.3107
60.5326
59.7265
58.8917
58.0277
57.1338
56.2094
55.2539
54.2666
53.2471
52.195
51.1103
49.994
48.8461
47.6697
46.4704
45.2557
44.0435
42.8635
41.7715
40.8666
40.2912
40.1812
40.542
41.2277
42.077
42.9928
43.9276
44.8578
45.7707
46.6614
47.5256
48.3616
49.1677
49.9449
50.6918
51.4095
52.097
52.7551
53.3828
53.9804
54.5477
55.0846
55.5895
56.0623
67.5146
67.0751
66.6169
66.1404
65.6457
65.1329
64.6023
64.0539
63.4875
62.9033
62.3008
61.6802
61.0408
60.3825
59.7049
59.0073
58.2894
57.5503
56.7896
56.0064
55.2002
54.3706
53.5173
52.6409
51.7432
50.8287
49.9076
49.0048
48.184
47.6038
47.5147
48.0437
49.0303
50.2221
51.4693
52.7114
53.9241
55.0969
56.2254
57.3081
58.3448
59.3363
60.2837
61.1882
62.0512
62.8738
63.6572
64.4025
65.1106
65.7824
66.4187
67.0199
67.5868
68.1196
68.6189
69.0848
69.5175
69.9172
70.284
70.6177
70.9185
71.1862
71.4208
71.6222
71.7903
71.9251
72.0264
72.0944
72.129
72.1303
72.0983
72.0333
71.9354
71.8052
71.6434
71.4506
71.2278
70.9757
70.6949
70.3861
70.0498
69.6862
69.2959
68.8789
68.4355
67.9658
67.4697
66.9474
66.3987
65.8235
65.2217
64.5928
63.9369
63.2534
62.542
61.8021
61.0334
60.2354
59.4073
58.5488
57.6585
56.7367
55.7823
54.7942
53.7728
52.7174
51.6279
50.5049
49.3499
48.1659
46.9587
45.739
44.5273
43.3586
42.3009
41.4665
41.0056
41.0292
41.4915
42.2262
43.0892
43.9999
44.9207
45.8324
46.7249
47.5933
48.4351
49.2472
50.0306
50.7846
51.5089
52.2037
52.8688
53.5038
54.1095
54.6852
55.2302
55.7447
56.2274
56.6778
66.7126
66.251
65.7702
65.2706
64.7522
64.2153
63.6598
63.0857
62.493
61.8815
61.251
60.6012
59.9319
59.2424
58.5324
57.8012
57.0484
56.2731
55.4748
54.6526
53.8062
52.9349
52.039
51.1193
50.1785
49.2225
48.2647
47.3376
46.5255
46.0207
46.0703
46.725
47.7705
48.974
50.2163
51.4502
52.6562
53.8252
54.9534
56.039
57.0819
58.0824
59.0414
59.9601
60.8394
61.6804
62.4843
63.2519
63.9841
64.6819
65.3458
65.9765
66.5745
67.1403
67.6742
68.1766
68.6475
69.0873
69.4959
69.8733
70.2196
70.5346
70.8181
71.0699
71.2897
71.4773
71.6323
71.7543
71.843
71.8978
71.9186
71.905
71.8568
71.7742
71.6579
71.5085
71.3272
71.1146
70.8716
70.5989
70.2969
69.9661
69.607
69.2197
68.8044
68.3613
67.8905
67.392
66.8656
66.3115
65.7292
65.1186
64.4795
63.8115
63.1141
62.3871
61.6297
60.8415
60.0218
59.1698
58.2855
57.3672
56.4145
55.4274
54.4044
53.3461
52.2522
51.1225
49.9603
48.7684
47.5539
46.3286
45.1177
43.9643
42.9477
42.1943
41.8554
42.0054
42.5506
43.3188
44.1842
45.0841
45.9861
46.8759
47.744
48.5875
49.4028
50.1894
50.9475
51.6757
52.3745
53.044
53.6842
54.295
54.8763
55.4277
55.949
56.4391
56.8981
57.3248
65.9555
65.4736
64.9722
64.4515
63.9116
63.3526
62.7746
62.1774
61.5608
60.9249
60.2691
59.5933
58.897
58.1798
57.4411
56.6803
55.8967
55.0896
54.2586
53.4027
52.5215
51.6148
50.683
49.7273
48.7515
47.7632
46.7796
45.8432
45.0632
44.6631
44.8644
45.6342
46.7266
47.9376
49.174
50.3994
51.5975
52.7608
53.8859
54.9713
56.0165
57.0219
57.9883
58.9165
59.8075
60.6621
61.4814
62.2663
63.0175
63.7359
64.422
65.0765
65.6999
66.2926
66.855
67.3874
67.89
68.363
68.8065
69.2204
69.6049
69.9596
70.2846
70.5795
70.8441
71.0779
71.2806
71.4516
71.5903
71.6961
71.7682
71.8058
71.8084
71.7755
71.7075
71.6049
71.4687
71.2997
71.0985
70.8658
70.6023
70.3084
69.9843
69.6305
69.2471
68.8344
68.3923
67.921
67.4204
66.8904
66.3309
65.7416
65.1222
64.4724
63.7919
63.08
62.3364
61.5603
60.7512
59.9083
59.0309
58.1181
57.1693
56.1836
55.1605
54.1003
53.0018
51.8664
50.697
49.4964
48.2741
47.0441
45.836
44.7018
43.7336
43.0705
42.8571
43.1206
43.7286
44.5149
45.3746
46.2563
47.1349
47.9968
48.8371
49.6513
50.4379
51.1953
51.9244
52.624
53.2952
53.9369
54.5497
55.1339
55.6884
56.2134
56.7084
57.1728
57.6058
58.0064
65.2386
64.7381
64.2177
63.6777
63.1182
62.5391
61.9405
61.3223
60.6842
60.0261
59.3476
58.6484
57.928
57.186
56.4217
55.6345
54.8238
53.989
53.1291
52.2439
51.3327
50.3956
49.4333
48.4477
47.4435
46.4304
45.4305
44.4992
43.7754
43.5051
43.8613
44.7315
45.8598
47.0753
48.3059
49.5227
50.7127
51.8696
52.9903
54.0735
55.1189
56.1267
57.0976
58.0323
58.9316
59.7965
60.6277
61.4262
62.1926
62.9276
63.632
64.3061
64.9506
65.5659
66.1524
66.7103
67.2398
67.7412
68.2145
68.6599
69.0772
69.4664
69.8274
70.1598
70.4636
70.7382
70.9832
71.1981
71.3823
71.5349
71.6551
71.742
71.7945
71.8121
71.7944
71.7417
71.6544
71.5331
71.3782
71.1905
70.9702
70.7178
70.4337
70.1181
69.7712
69.3933
68.9844
68.5446
68.0738
67.572
67.0391
66.4747
65.8788
65.2507
64.5903
63.897
63.1702
62.4092
61.6137
60.7826
59.9146
59.0099
58.067
57.0853
56.0639
55.0025
53.9013
52.761
51.584
50.3754
49.1447
47.9109
46.7064
45.5948
44.6829
44.1194
44.0287
44.3881
45.0386
45.8286
46.6732
47.5294
48.3777
49.208
50.0148
50.7954
51.5486
52.2735
52.9701
53.6383
54.2776
54.889
55.472
56.026
56.5516
57.0477
57.5144
57.9504
58.3552
58.728
64.5576
64.04
63.5022
62.9445
62.367
61.7696
61.1523
60.5149
59.8572
59.179
58.48
57.7596
57.0176
56.2533
55.4661
54.6554
53.8206
52.961
52.076
51.1649
50.2276
49.2643
48.276
47.2655
46.2383
45.207
44.1997
43.2886
42.6455
42.5246
43.0308
43.9849
45.1399
46.3577
47.5824
48.7913
49.9734
51.1236
52.2393
53.3193
54.3635
55.372
56.3455
57.2846
58.19
59.0626
59.9032
60.7125
61.4912
62.2401
62.9595
63.6502
64.3126
64.9471
65.5541
66.1339
66.6867
67.2127
67.712
68.1847
68.6308
69.0502
69.4429
69.8086
70.1471
70.4579
70.7409
70.9953
71.2206
71.4161
71.5809
71.7141
71.8147
71.882
71.9154
71.9145
71.8793
71.8099
71.7064
71.5689
71.3977
71.193
70.955
70.6837
70.3795
70.0423
69.6724
69.2697
68.8342
68.366
67.8648
67.3304
66.7626
66.161
65.5252
64.8547
64.149
63.4075
62.6291
61.8131
60.9591
60.0654
59.1317
58.1564
57.1394
56.0794
54.9772
53.8335
52.6507
51.4346
50.1966
48.958
47.7596
46.6755
45.827
45.3682
45.3918
45.8245
46.4975
47.2778
48.0954
48.9185
49.7296
50.5218
51.2895
52.0313
52.7467
53.4341
54.0939
54.7262
55.3309
55.9081
56.4575
56.9791
57.4725
57.9368
58.3722
58.7776
59.1519
59.4937
63.9087
63.3752
62.8214
62.2475
61.6534
61.0392
60.4047
59.7499
59.0744
58.3779
57.6602
56.9207
56.159
55.3746
54.5668
53.7351
52.8788
51.9972
51.0897
50.156
49.1959
48.2098
47.1993
46.1678
45.1224
44.0787
43.073
42.1988
41.6607
41.7018
42.3466
43.3681
44.5427
45.7612
46.9802
48.1815
49.3561
50.4997
51.6102
52.6865
53.7287
54.7369
55.7117
56.6536
57.5635
58.4421
59.29
60.1081
60.8969
61.6572
62.3894
63.0941
63.7717
64.4228
65.0475
65.6462
66.2193
66.7668
67.2889
67.7857
68.2572
68.7033
69.1241
69.5194
69.8888
70.2322
70.5492
70.8392
71.1019
71.3365
71.5423
71.7185
71.8644
71.9791
72.062
72.1125
72.1303
72.115
72.0664
71.9842
71.8681
71.718
71.5336
71.3149
71.0616
70.7737
70.4512
70.0939
69.7018
69.2748
68.8127
68.3155
67.7828
67.2142
66.6095
65.9681
65.2894
64.5728
63.8174
63.0224
62.1868
61.3095
60.3895
59.4261
58.4174
57.3632
56.2638
55.1191
53.9329
52.7104
51.466
50.2244
49.0336
47.9817
47.2034
46.8495
46.9708
47.4526
48.1267
48.8815
49.6618
50.4415
51.2076
51.9527
52.6752
53.3718
54.0432
54.6883
55.3064
55.8982
56.4641
57.0029
57.515
58.0002
58.4583
58.888
59.289
59.6604
60.0011
60.3099
63.2883
62.7401
62.1715
61.5826
60.9733
60.3437
59.6935
59.0226
58.3307
57.6176
56.8828
56.126
55.3465
54.5439
53.7176
52.8669
51.9912
51.0898
50.1624
49.2085
48.2283
47.2224
46.1928
45.1438
44.0844
43.0339
42.0394
41.2205
40.8105
41.0188
41.7859
42.8602
44.0488
45.2668
46.4803
47.6744
48.8419
49.9791
51.0843
52.1568
53.1964
54.2036
55.1787
56.1225
57.0356
57.9187
58.7725
59.5977
60.3949
61.1648
61.9078
62.6244
63.3152
63.9805
64.6207
65.236
65.8268
66.3932
66.9354
67.4534
67.9474
68.4174
68.8632
69.2848
69.682
70.0546
70.4022
70.7245
71.021
71.2912
71.5345
71.7503
71.9378
72.0965
72.2258
72.325
72.3936
72.4313
72.4375
72.4116
72.3534
72.2621
72.1373
71.9783
71.7848
71.5561
71.2918
70.9913
70.6543
70.2805
69.8694
69.4207
68.9341
68.4093
67.8458
67.2431
66.6008
65.9181
65.1943
64.4285
63.6194
62.7663
61.868
60.9229
59.9301
58.8884
57.7975
56.658
55.4733
54.2491
53.0007
51.7585
50.5787
49.5629
48.858
48.6019
48.7978
49.2998
49.9524
50.6648
51.3942
52.1187
52.8288
53.5192
54.1874
54.832
55.4525
56.0478
56.6191
57.1656
57.6866
58.183
58.6539
59.0985
59.5166
59.9081
60.2712
60.6057
60.9096
61.1819
62.6931
62.1314
61.5491
60.9464
60.3231
59.6791
59.0145
58.3289
57.622
56.8936
56.1432
55.3705
54.5749
53.7557
52.9125
52.0446
51.1514
50.2323
49.2869
48.315
47.3168
46.2936
45.2476
44.1842
43.1145
42.063
41.0905
40.3474
40.0856
40.4583
41.3293
42.4438
43.6422
44.8588
46.0669
47.2543
48.415
49.5461
50.6461
51.7146
52.7514
53.7571
54.732
55.6768
56.5921
57.4788
58.3372
59.1683
59.9725
60.7504
61.5026
62.2295
62.9316
63.6093
64.263
64.8929
65.4992
66.0823
66.6423
67.1793
67.6933
68.1844
68.6527
69.0979
69.52
69.9188
70.294
70.6454
70.9725
71.2751
71.5525
71.8043
72.0299
72.2289
72.4006
72.5446
72.6604
72.7474
72.8053
72.8334
72.8312
72.798
72.7333
72.6363
72.5062
72.3424
72.1439
71.9099
71.6395
71.3319
70.9862
70.6016
70.1774
69.7127
69.2069
68.6592
68.069
67.4353
66.7577
66.0349
65.2663
64.4502
63.5859
62.6719
61.7063
60.6888
59.618
58.4944
57.3204
56.103
54.8583
53.6204
52.4559
51.4794
50.8471
50.6721
50.9099
51.4002
52.006
52.6568
53.3175
53.9733
54.6149
55.239
55.8437
56.4269
56.9884
57.5279
58.045
58.5395
59.011
59.459
59.8833
60.2831
60.6573
61.006
61.3276
61.6207
61.8846
62.1171
62.1203
61.546
60.9511
60.3355
59.6992
59.0421
58.3641
57.6649
56.9443
56.2018
55.4371
54.6498
53.8393
53.005
52.1463
51.2627
50.3536
49.4185
48.4569
47.4688
46.4547
45.4161
44.356
43.281
42.2047
41.1583
40.2207
39.5755
39.4765
40.004
40.9602
42.1049
43.3099
44.5244
45.7272
46.9082
48.0626
49.1878
50.2828
51.3472
52.3811
53.3849
54.3591
55.3043
56.2212
57.1105
57.9727
58.8085
59.6185
60.4033
61.1633
61.8991
62.6111
63.2996
63.965
64.6077
65.2278
65.8257
66.4014
66.9552
67.4872
67.9972
68.4855
68.9519
69.3964
69.8188
70.219
70.5966
70.9515
71.2833
71.5917
71.8761
72.1363
72.3718
72.5822
72.7669
72.9256
73.0578
73.1631
73.2409
73.2908
73.312
73.3041
73.2663
73.1979
73.0981
72.9659
72.8005
72.6008
72.3658
72.0943
71.7852
71.4372
71.049
70.6194
70.147
69.6306
69.0688
68.4604
67.804
67.0983
66.342
65.5339
64.6721
63.7555
62.7822
61.7518
60.6634
59.5197
58.3265
57.1014
55.8812
54.7408
53.8071
53.2383
53.1153
53.3532
53.7925
54.3224
54.887
55.4603
56.0298
56.5884
57.1337
57.6624
58.1744
58.6678
59.1429
59.5982
60.0335
60.4489
60.8426
61.2146
61.564
61.8897
62.1909
62.4663
62.7145
62.934
63.1231
61.5671
60.9812
60.3745
59.747
59.0987
58.4294
57.7391
57.0273
56.2939
55.5385
54.7606
53.9598
53.1356
52.2874
51.4146
50.5166
49.593
48.6431
47.6668
46.6641
45.6357
44.5835
43.5114
42.4274
41.3484
40.3141
39.4266
38.9014
38.9737
39.6408
40.6649
41.8319
43.0411
44.2529
45.4504
46.6254
47.7737
48.8933
49.9834
51.0438
52.0746
53.0764
54.0495
54.9947
55.9125
56.8038
57.6689
58.5087
59.3236
60.1141
60.8809
61.6243
62.3448
63.0428
63.7186
64.3726
65.0049
65.6158
66.2057
66.7744
67.3223
67.8493
68.3556
68.8411
69.3057
69.7494
70.172
70.5734
70.9534
71.3117
71.648
71.962
72.2535
72.522
72.7672
72.9888
73.1863
73.3594
73.5077
73.6307
73.728
73.799
73.8432
73.86
73.8488
73.8087
73.739
73.6389
73.5073
73.3434
73.1459
72.9137
72.6456
72.34
71.9956
71.6108
71.1839
70.7131
70.1965
69.6323
69.0184
68.3528
67.6334
66.8581
66.0248
65.1317
64.1773
63.1607
62.0838
60.9514
59.78
58.6078
57.5123
56.6274
56.1033
55.9871
56.1716
56.5165
56.9349
57.3854
57.8484
58.3122
58.771
59.2224
59.6633
60.0921
60.5075
60.9083
61.2932
61.662
62.0131
62.3463
62.6597
62.953
63.2244
63.4729
63.6975
63.8958
64.0664
64.2075
61.0312
60.4344
59.8167
59.1782
58.5187
57.8381
57.1363
56.4129
55.6677
54.9003
54.1102
53.297
52.4601
51.5991
50.7132
49.802
48.8649
47.9015
46.9118
45.8958
44.8546
43.7905
42.7083
41.6178
40.54
39.5264
38.7066
38.322
38.5668
39.3551
40.4319
41.6151
42.8266
44.0354
45.2277
46.3968
47.5393
48.6535
49.7388
50.7952
51.8229
52.8225
53.7943
54.739
55.6574
56.55
57.4175
58.2604
59.0794
59.8749
60.6474
61.3974
62.1253
62.8316
63.5166
64.1805
64.8236
65.4462
66.0485
66.6307
67.1929
67.7351
68.2575
68.7601
69.2429
69.7057
70.1487
70.5715
70.9741
71.3563
71.7179
72.0587
72.3784
72.6767
72.9534
73.2082
73.4407
73.6507
73.8377
74.0015
74.1416
74.2575
74.349
74.4153
74.456
74.4703
74.4578
74.4176
74.3489
74.2509
74.1225
73.9629
73.7708
73.545
73.2842
72.987
72.6517
72.2767
71.8603
71.4002
70.8945
70.3409
69.7367
69.0798
68.3674
67.5969
66.7663
65.874
64.9205
63.9103
62.8571
61.7947
60.7948
59.9796
59.4776
59.3121
59.3848
59.5889
59.8607
60.1697
60.4982
60.8369
61.1802
61.5228
61.8621
62.1958
62.5218
62.8384
63.1442
63.4376
63.7174
63.9823
64.2307
64.4609
64.6723
64.8627
65.0304
65.174
65.291
65.3794
60.5101
59.9032
59.2753
58.6265
57.9567
57.2656
56.5531
55.819
55.0628
54.2841
53.4828
52.658
51.8094
50.9364
50.0385
49.115
48.1656
47.1898
46.1876
45.1595
44.1067
43.0322
41.9417
40.8472
39.7753
38.7926
38.0603
37.8338
38.2447
39.1347
40.2515
41.4463
42.6587
43.8642
45.0514
46.2147
47.3516
48.4606
49.5413
50.5938
51.6183
52.6154
53.5857
54.5298
55.4483
56.3418
57.2111
58.0566
58.8789
59.6785
60.456
61.2118
61.9462
62.6597
63.3527
64.0254
64.6781
65.3111
65.9246
66.5187
67.0937
67.6496
68.1865
68.7045
69.2036
69.6837
70.1449
70.5872
71.0102
71.4141
71.7985
72.1634
72.5086
72.8338
73.1388
73.4235
73.6875
73.9306
74.1525
74.3529
74.5315
74.6879
74.8218
74.9327
75.0201
75.0836
75.1227
75.1366
75.1247
75.0864
75.0209
74.9273
74.8047
74.6522
74.4685
74.2527
74.0034
73.7192
73.3987
73.0402
72.6421
72.2024
71.7192
71.1904
70.614
69.9879
69.3103
68.5804
67.7988
66.9696
66.1045
65.2304
64.4011
63.7038
63.2256
62.9821
62.9141
62.9556
63.0644
63.2172
63.3993
63.6006
63.8154
64.038
64.2655
64.4938
64.7211
64.9444
65.162
65.3719
65.5727
65.7618
65.9379
66.0992
66.2439
66.37
66.4755
66.5586
66.6169
66.6479
60.0017
59.3854
58.7481
58.0898
57.4102
56.7094
55.987
55.2428
54.4764
53.6874
52.8754
52.0399
51.1804
50.2963
49.3871
48.4522
47.4912
46.5039
45.4904
44.4512
43.388
42.3043
41.2073
40.1116
39.0512
38.1119
37.4885
37.432
37.9966
38.969
40.1159
41.3189
42.531
43.7327
44.9148
46.0727
47.2041
48.3081
49.3842
50.4328
51.4541
52.4487
53.4173
54.3604
55.2787
56.1728
57.0433
57.8909
58.7159
59.5191
60.3008
61.0615
61.8015
62.5214
63.2215
63.9019
64.5631
65.2054
65.8288
66.4337
67.0201
67.5883
68.1382
68.6701
69.1839
69.6797
70.1574
70.6171
71.0587
71.4821
71.8871
72.2738
72.6419
72.9913
73.3219
73.6334
73.9257
74.1986
74.4518
74.6852
74.8983
75.0911
75.263
75.4139
75.5433
75.6508
75.7361
75.7985
75.8376
75.8529
75.8437
75.8094
75.7492
75.6624
75.5482
75.4057
75.2339
75.0318
74.7984
74.5325
74.2329
73.8983
73.5275
73.1192
72.6722
72.1858
71.6594
71.0933
70.49
69.8542
69.197
68.5383
67.9126
67.3679
66.9487
66.6669
66.5006
66.4183
66.3955
66.4154
66.4667
66.5413
66.6335
66.7387
66.8533
66.9737
67.0982
67.2237
67.3476
67.4685
67.5835
67.6912
67.789
67.875
67.9475
68.0037
68.0416
68.0589
68.053
68.0212
59.5041
58.8791
58.233
57.5657
56.8772
56.1673
55.4357
54.682
53.9061
53.1074
52.2856
51.4401
50.5703
49.6758
48.756
47.8105
46.8389
45.8408
44.8167
43.7673
42.6947
41.6033
40.5016
39.4079
38.3655
37.4849
36.9914
37.1104
37.8117
38.8492
40.0184
41.2268
42.4377
43.6355
44.8126
45.965
47.0912
48.1901
49.2618
50.3065
51.3246
52.3167
53.2834
54.2254
55.1432
56.0375
56.9089
57.758
58.5853
59.3914
60.1766
60.9416
61.6865
62.412
63.1182
63.8056
64.4743
65.1248
65.7571
66.3716
66.9683
67.5474
68.1091
68.6535
69.1806
69.6904
70.1831
70.6585
71.1168
71.5578
71.9815
72.3878
72.7766
73.1479
73.5014
73.8372
74.1549
74.4546
74.7359
74.9988
75.2429
75.4682
75.6743
75.8609
76.0279
76.1748
76.3013
76.4071
76.4917
76.5548
76.5958
76.6142
76.6096
76.5814
76.5288
76.4514
76.3484
76.2191
76.0629
75.8789
75.6665
75.4248
75.1533
74.8514
74.5188
74.1555
73.7622
73.3402
72.8928
72.4252
71.9467
71.4714
71.0195
70.6148
70.2776
70.0162
69.8243
69.69
69.5998
69.5438
69.5131
69.5019
69.5055
69.5203
69.5435
69.5726
69.6056
69.6406
69.6757
69.7092
69.7392
69.7636
69.7809
69.7887
69.7847
69.767
69.7327
69.6798
69.6051
69.5059
59.0155
58.3823
57.728
57.0525
56.3556
55.6372
54.8969
54.1345
53.3497
52.542
51.7109
50.8559
49.9766
49.0724
48.1428
47.1872
46.2055
45.1974
44.1635
43.1048
42.0238
40.9259
39.8214
38.7333
37.7173
36.9132
36.5691
36.8616
37.68
38.7678
39.9534
41.1651
42.3742
43.5678
44.7398
45.8869
47.0078
48.1019
49.1692
50.2101
51.2249
52.2144
53.1791
54.1197
55.0368
55.931
56.8029
57.6532
58.4823
59.2908
60.079
60.8476
61.5968
62.3271
63.0388
63.7322
64.4077
65.0654
65.7057
66.3287
66.9346
67.5237
68.0959
68.6515
69.1906
69.7131
70.2192
70.7089
71.1823
71.6392
72.0796
72.5037
72.9112
73.3021
73.6764
74.0339
74.3746
74.6983
75.0049
75.2943
75.5662
75.8206
76.0573
76.276
76.4765
76.6585
76.8219
76.9664
77.0915
77.1971
77.2827
77.348
77.3926
77.4161
77.4181
77.398
77.3556
77.2902
77.2016
77.0891
76.9526
76.7916
76.6059
76.3955
76.1607
75.9018
75.6202
75.3178
74.9977
74.6646
74.3255
73.9898
73.6689
73.375
73.1182
72.9033
72.7296
72.5925
72.4853
72.4024
72.3376
72.2869
72.2459
72.2119
72.1818
72.1541
72.1262
72.0971
72.0651
72.0291
71.9878
71.9398
71.8836
71.8177
71.7403
71.6494
71.5428
71.4179
71.2723
71.1029
58.5338
57.8931
57.2312
56.548
55.8434
55.117
54.3688
53.5982
52.8051
51.9888
51.149
50.2853
49.397
48.4836
47.5447
46.5797
45.5885
44.5711
43.528
42.4607
41.3724
40.2693
39.1643
38.0861
37.107
36.3993
36.2198
36.6771
37.5926
38.7185
39.916
41.1294
42.336
43.5253
44.6922
45.8341
46.9499
48.0392
49.1022
50.1392
51.1508
52.1376
53.1001
54.0392
54.9553
55.8491
56.7213
57.5724
58.4028
59.2132
60.0041
60.7757
61.5286
62.2631
62.9796
63.6783
64.3597
65.0239
65.6712
66.3019
66.9161
67.514
68.0957
68.6614
69.2113
69.7453
70.2635
70.7661
71.253
71.7243
72.18
72.62
73.0444
73.453
73.846
74.2231
74.5844
74.9297
75.259
75.5722
75.8691
76.1496
76.4136
76.661
76.8915
77.105
77.3013
77.4801
77.6414
77.7847
77.9099
78.0167
78.1048
78.174
78.2239
78.2544
78.265
78.2556
78.2257
78.1755
78.1045
78.0128
77.9005
77.7678
77.6152
77.4436
77.2541
77.049
76.8306
76.6029
76.3707
76.14
75.9176
75.7102
75.523
75.3592
75.2193
75.1015
75.0029
74.92
74.8492
74.7872
74.7309
74.6775
74.6251
74.5713
74.5139
74.4519
74.3832
74.3069
74.221
74.1247
74.0165
73.8953
73.7594
73.6073
73.4373
73.2473
73.0351
72.7979
58.0574
57.4098
56.7409
56.0506
55.3387
54.6051
53.8493
53.0712
52.2702
51.446
50.5982
49.7261
48.8293
47.9073
46.9595
45.9857
44.9857
43.9595
42.9079
41.8328
40.7381
39.6312
38.528
37.4652
36.536
35.9458
35.9406
36.5481
37.5417
38.6963
39.902
41.1158
42.3195
43.5043
44.6662
45.8029
46.9136
47.9983
49.0569
50.0902
51.0984
52.0824
53.0427
53.98
54.895
55.7883
56.6604
57.5119
58.3434
59.1553
59.9482
60.7224
61.4784
62.2165
62.9372
63.6407
64.3272
64.9972
65.6508
66.2883
66.9099
67.5157
68.106
68.6808
69.2404
69.7847
70.3139
70.8281
71.3273
71.8115
72.2809
72.7354
73.175
73.5996
74.0094
74.4042
74.784
75.1488
75.4985
75.8331
76.1524
76.4563
76.7449
77.0179
77.2752
77.5168
77.7424
77.9519
78.1453
78.3222
78.4825
78.626
78.7526
78.8621
78.9542
79.029
79.086
79.1252
79.1467
79.1501
79.1356
79.1034
79.0535
78.9865
78.9029
78.8037
78.69
78.5635
78.4264
78.2815
78.1321
77.9822
77.8358
77.6968
77.5683
77.4522
77.3492
77.259
77.1796
77.1093
77.0458
76.987
76.9302
76.8735
76.8148
76.7523
76.684
76.6085
76.5241
76.4291
76.3219
76.2012
76.0653
75.9125
75.7414
75.55
75.3367
75.0995
74.8361
74.5441
57.5847
56.9307
56.2554
55.5585
54.84
54.0995
53.3368
52.5515
51.7433
50.9117
50.0562
49.1763
48.2715
47.3414
46.3853
45.4031
44.3947
43.3602
42.3007
41.2187
40.1184
39.0093
37.911
36.8704
36.0069
35.5545
35.7264
36.4659
37.5208
38.6966
39.908
41.1212
42.3214
43.5016
44.6583
45.7899
46.8958
47.9757
49.0301
50.0595
51.0644
52.0455
53.0035
53.939
54.8526
55.745
56.6168
57.4685
58.3007
59.1138
59.9083
60.6847
61.4433
62.1846
62.9088
63.6164
64.3076
64.9827
65.6418
66.2854
66.9136
67.5266
68.1245
68.7075
69.2758
69.8294
70.3685
70.8932
71.4035
71.8994
72.3811
72.8487
73.3019
73.7411
74.166
74.5767
74.9733
75.3556
75.7237
76.0774
76.4168
76.7418
77.0523
77.3483
77.6297
77.8963
78.1481
78.3851
78.6069
78.8137
79.0051
79.1813
79.3419
79.4869
79.6162
79.7297
79.8273
79.909
79.9749
80.0248
80.059
80.0775
80.0809
80.0695
80.0437
80.0045
79.9531
79.8907
79.8189
79.7399
79.656
79.5696
79.4834
79.3996
79.3201
79.2464
79.179
79.1173
79.061
79.0088
78.9589
78.9099
78.8602
78.8078
78.7512
78.6888
78.6188
78.5396
78.4497
78.3475
78.2313
78.0995
77.9504
77.7821
77.5928
77.3805
77.1431
76.8782
76.5833
76.2556
57.1138
56.4541
55.7729
55.07
54.3454
53.5986
52.8295
52.0376
51.2226
50.3841
49.5214
48.6342
47.7218
46.784
45.8201
44.8299
43.8136
42.7714
41.7047
40.6162
39.5116
38.402
37.3121
36.3024
35.5228
35.2264
35.5709
36.4223
37.5242
38.7158
39.9306
41.1423
42.3389
43.5144
44.666
45.7924
46.8932
47.9685
49.0188
50.0442
51.0458
52.024
52.9795
53.913
54.8252
55.7165
56.5878
57.4394
58.2719
59.0859
59.8816
60.6598
61.4206
62.1645
62.8919
63.603
64.2982
64.9778
65.6419
66.2909
66.925
67.5443
68.1491
68.7395
69.3156
69.8776
70.4256
70.9597
71.48
71.9866
72.4795
72.9587
73.4244
73.8766
74.3152
74.7403
75.1519
75.55
75.9346
76.3056
76.6631
77.007
77.3373
77.6539
77.9567
78.2458
78.521
78.7823
79.0297
79.2629
79.4821
79.6871
79.8777
80.054
80.216
80.3636
80.4969
80.6155
80.7199
80.8101
80.8862
80.9484
80.9971
81.0325
81.0555
81.0665
81.0666
81.0566
81.0382
81.0124
80.981
80.9457
80.908
80.8695
80.8314
80.7944
80.759
80.7251
80.692
80.6592
80.6255
80.5896
80.5503
80.5063
80.4558
80.3979
80.3306
80.2527
80.1625
80.0585
79.9392
79.8027
79.6473
79.4711
79.2721
79.0482
78.797
78.5159
78.2022
77.8527
56.6433
55.9783
55.2918
54.5835
53.8533
53.1008
52.3257
51.5277
50.7064
49.8614
48.992
48.0979
47.1784
46.2333
45.262
44.2643
43.2405
42.1911
41.1177
40.0237
38.9158
37.8078
36.7307
35.7629
35.0874
34.9605
35.4668
36.4099
37.5476
38.7504
39.9671
41.1766
42.3691
43.5398
44.6863
45.8077
46.9036
47.9743
49.0201
50.0419
51.0399
52.0152
52.9681
53.8995
54.81
55.7002
56.5706
57.4219
58.2545
59.0689
59.8657
60.6452
61.4079
62.154
62.884
63.5983
64.2969
64.9804
65.649
66.3027
66.9421
67.5671
68.178
68.775
69.3581
69.9277
70.4837
71.0263
71.5556
72.0718
72.5747
73.0646
73.5415
74.0054
74.4564
74.8944
75.3196
75.732
76.1315
76.5181
76.8918
77.2527
77.6007
77.9358
78.2579
78.5671
78.8632
79.1464
79.4164
79.6733
79.917
80.1475
80.3648
80.569
80.7597
80.9371
81.1015
81.2526
81.3906
81.5156
81.6279
81.7276
81.8149
81.8903
81.9543
82.0073
82.0503
82.084
82.1094
82.1271
82.1387
82.1451
82.1474
82.1464
82.1432
82.138
82.1309
82.1223
82.1113
82.0976
82.0804
82.0586
82.0313
81.9971
81.9549
81.9034
81.8411
81.7668
81.679
81.576
81.4563
81.3183
81.1599
80.9793
80.7746
80.5432
80.2829
79.9908
79.6639
79.299
56.1713
55.5017
54.8105
54.0973
53.362
52.6043
51.8239
51.0203
50.1931
49.342
48.4664
47.5658
46.6397
45.6876
44.7094
43.7047
42.6737
41.6175
40.5381
39.4394
38.3295
37.2255
36.1669
35.2547
34.7041
34.7541
35.4061
36.4225
37.5869
38.7977
40.0149
41.2217
42.4099
43.5756
44.717
45.8333
46.9243
47.9904
49.032
50.0498
51.0444
52.0166
52.9669
53.896
54.8047
55.6935
56.563
57.4136
58.2461
59.0608
59.8582
60.6387
61.4028
62.1508
62.883
63.5999
64.3017
64.9886
65.6609
66.319
66.9629
67.593
68.2094
68.8123
69.4018
69.9781
70.5414
71.0917
71.6291
72.1538
72.6659
73.1654
73.6524
74.1269
74.5891
75.0388
75.4763
75.9015
76.3144
76.715
77.1034
77.4796
77.8435
78.1952
78.5346
78.8618
79.1767
79.4792
79.7695
80.0475
80.3131
80.5664
80.8072
81.0358
81.2521
81.4558
81.6475
81.827
81.9942
82.1496
82.293
82.4248
82.5454
82.6549
82.7537
82.8423
82.9214
82.9914
83.0531
83.1071
83.1543
83.1953
83.2309
83.2616
83.2877
83.3099
83.3279
83.3417
83.3511
83.3553
83.3539
83.3461
83.3307
83.3069
83.2735
83.2295
83.1733
83.1037
83.0193
82.9185
82.7998
82.6616
82.5018
82.3185
82.1096
81.8727
81.6053
81.3044
80.9669
80.5893
55.6961
55.0226
54.3272
53.6097
52.87
52.1076
51.3223
50.5136
49.6811
48.8244
47.943
47.0363
46.1039
45.1454
44.1605
43.1491
42.1116
41.0492
39.9643
38.8617
37.7513
36.6543
35.6214
34.7811
34.3753
34.6025
35.3811
36.4546
37.6389
38.855
40.0717
41.2752
42.459
43.6197
44.7559
45.867
46.9532
48.0146
49.052
50.0659
51.057
52.026
52.9735
53.9004
54.8071
55.6943
56.5625
57.4125
58.2445
59.0592
59.8569
60.6383
61.4034
62.1529
62.887
63.6061
64.3104
65.0003
65.676
66.3378
66.9859
67.6205
68.2417
68.8499
69.4451
70.0275
70.5973
71.1544
71.6993
72.2318
72.7521
73.2602
73.7563
74.2404
74.7126
75.173
75.6215
76.0583
76.4833
76.8966
77.2982
77.6881
78.0664
78.433
78.788
79.1313
79.463
79.783
80.0914
80.3881
80.6732
80.9467
81.2085
81.4587
81.6974
81.9245
82.1401
82.3444
82.5372
82.719
82.8894
83.0493
83.1984
83.337
83.4657
83.5845
83.6942
83.7948
83.887
83.9715
84.0485
84.1185
84.182
84.2393
84.2908
84.3365
84.3763
84.4102
84.4378
84.4583
84.4717
84.477
84.4731
84.4595
84.4348
84.3981
84.3481
84.2835
84.2029
84.1049
83.9877
83.8498
83.6891
83.5038
83.2915
83.0498
82.776
82.4671
82.1199
81.7307
55.2159
54.539
53.8402
53.1191
52.3754
51.609
50.8193
50.006
49.1687
48.3069
47.4201
46.5079
45.5696
44.605
43.6139
42.5963
41.5526
40.4845
39.3947
38.2893
37.1801
36.0938
35.0958
34.3463
34.1019
34.4999
35.3845
36.5018
37.7007
38.9201
40.1354
41.3352
42.5143
43.6699
44.8009
45.9069
46.9881
48.045
49.0781
50.088
51.0755
52.0413
52.9861
53.9104
54.815
55.7005
56.5674
57.4163
58.2478
59.0622
59.86
60.6418
61.4078
62.1584
62.894
63.6149
64.3215
65.0139
65.6925
66.3576
67.0093
67.6478
68.2735
68.8863
69.4866
70.0745
70.6501
71.2135
71.7649
72.3044
72.8321
73.3481
73.8525
74.3453
74.8266
75.2965
75.7551
76.2023
76.6382
77.0629
77.4764
77.8788
78.2699
78.65
79.0189
79.3767
79.7235
80.0592
80.3837
80.6973
80.9998
81.2913
81.5716
81.8413
82.0997
82.3473
82.5842
82.8102
83.0255
83.2301
83.4244
83.6083
83.7821
83.946
84.1
84.2447
84.3803
84.5071
84.6253
84.7354
84.8375
84.9321
85.0194
85.0995
85.1726
85.2386
85.2974
85.3489
85.3925
85.4281
85.4548
85.472
85.4789
85.4747
85.4583
85.4287
85.3846
85.3248
85.248
85.1526
85.037
84.8994
84.7379
84.5506
84.3349
84.0886
83.8086
83.492
83.1352
82.7344
54.7287
54.0493
53.3476
52.6235
51.8766
51.1067
50.3133
49.4959
48.6543
47.788
46.8963
45.9788
45.0351
44.0649
43.068
42.0445
40.9952
39.9218
38.8279
37.7208
36.6149
35.5439
34.5926
33.9543
33.8831
34.4389
35.4099
36.5603
37.7697
38.9908
40.2039
41.3998
42.574
43.7244
44.8502
45.9511
47.0274
48.0796
49.1083
50.1143
51.0982
52.0607
53.0024
53.9242
54.8266
55.7102
56.5756
57.4234
58.254
59.0679
59.8656
60.6475
61.4139
62.1655
62.9022
63.6247
64.3331
65.0277
65.7089
66.3768
67.0316
67.6737
68.3032
68.9203
69.5251
70.1178
70.6987
71.2677
71.825
72.3709
72.9053
73.4283
73.9401
74.4408
74.9303
75.4089
75.8764
76.3331
76.779
77.214
77.6382
78.0518
78.4546
78.8467
79.2282
79.5991
79.9594
80.3091
80.6482
80.9768
81.2948
81.6024
81.8993
82.186
82.4623
82.7279
82.9835
83.2286
83.4637
83.6885
83.9033
84.1084
84.3035
84.4891
84.6653
84.8322
84.9901
85.1391
85.2795
85.4114
85.5351
85.6506
85.7583
85.8579
85.9495
86.0333
86.1086
86.1755
86.2335
86.2822
86.3208
86.3489
86.3655
86.3699
86.361
86.3379
86.2992
86.2438
86.1703
86.0772
85.9628
85.8254
85.663
85.4733
85.2541
85.0028
84.7165
84.3917
84.0252
83.6124
54.2324
53.5512
52.8475
52.1211
51.3717
50.5989
49.8024
48.9817
48.1363
47.2659
46.3698
45.4477
44.499
43.5236
42.5212
41.4923
40.4378
39.3598
38.2626
37.155
36.055
35.0053
34.115
33.6086
33.7158
34.4122
35.4516
36.6268
37.8436
39.0651
40.2753
41.467
42.6362
43.7813
44.9018
45.9975
47.069
48.1165
49.1409
50.1428
51.123
52.082
53.0208
53.9399
54.8399
55.7215
56.5852
57.4316
58.2612
59.0744
59.8717
60.6535
61.4203
62.1724
62.9101
63.6338
64.3436
65.0401
65.7234
66.3937
67.0514
67.6965
68.3294
68.9502
69.5591
70.1562
70.7417
71.3158
71.8785
72.43
72.9705
73.4999
74.0184
74.5262
75.0232
75.5096
75.9853
76.4506
76.9053
77.3497
77.7837
78.2073
78.6206
79.0237
79.4165
79.7992
80.1716
80.5339
80.8861
81.2282
81.5601
81.8819
82.1938
82.4956
82.7875
83.0694
83.3414
83.6036
83.856
84.0985
84.3315
84.5548
84.7688
84.9732
85.1686
85.3546
85.5317
85.7
85.8594
86.0101
86.1523
86.2859
86.4109
86.5274
86.6352
86.7341
86.824
86.9043
86.9749
87.0351
87.0844
87.1221
87.1473
87.1595
87.1573
87.1398
87.106
87.0545
86.9838
86.8925
86.7788
86.6411
86.4772
86.2849
86.0618
85.8051
85.5119
85.1787
84.8018
84.3768
53.7247
53.0426
52.3378
51.6099
50.8587
50.0838
49.2848
48.4613
47.6128
46.7389
45.839
44.9127
43.9596
42.9794
41.9721
40.9382
39.879
38.797
37.6974
36.5908
35.4998
34.4792
33.667
33.3115
33.5953
34.4125
35.505
36.6986
37.9202
39.141
40.3479
41.535
42.6991
43.839
44.9541
46.0446
47.111
48.1539
49.1739
50.1717
51.148
52.1037
53.0394
53.9556
54.8531
55.7326
56.5945
57.4394
58.2677
59.08
59.8768
60.6583
61.4251
62.1775
62.9158
63.6404
64.3515
65.0495
65.7346
66.407
67.0671
67.715
68.3508
68.9749
69.5874
70.1884
70.7781
71.3567
71.9243
72.4809
73.0268
73.562
74.0866
74.6008
75.1045
75.598
76.0812
76.5541
77.017
77.4698
77.9126
78.3454
78.7682
79.1812
79.5842
79.9775
80.3609
80.7346
81.0984
81.4526
81.797
82.1318
82.4568
82.7724
83.0781
83.3743
83.661
83.9381
84.2058
84.4641
84.7129
84.9525
85.1828
85.4039
85.6156
85.8185
86.0124
86.1972
86.3731
86.5401
86.6983
86.8474
86.9875
87.1185
87.2403
87.3525
87.4549
87.5471
87.6287
87.6991
87.7577
87.8039
87.8368
87.8556
87.8594
87.8469
87.8171
87.7687
87.7003
87.6102
87.4968
87.3582
87.1923
86.9968
86.7692
86.5067
86.2061
85.8639
85.4761
85.0382
53.203
52.521
51.8159
51.0875
50.3354
49.5592
48.7586
47.933
47.0821
46.2053
45.3021
44.3722
43.4151
42.4307
41.4189
40.3806
39.3172
38.232
37.1311
36.0274
34.9492
33.9676
33.2529
33.0636
33.5153
34.4329
35.5659
36.7729
37.9975
39.2167
40.4199
41.6022
42.761
43.8954
45.0052
46.0906
47.1519
48.1901
49.2056
50.1992
51.1717
52.1238
53.0562
53.9696
54.8646
55.7417
56.6016
57.4448
58.2717
59.083
59.8789
60.66
61.4266
62.1791
62.9177
63.643
64.3551
65.0543
65.7409
66.4151
67.0772
67.7274
68.3659
68.9929
69.6086
70.2131
70.8066
71.3892
71.9611
72.5224
73.0732
73.6136
74.1438
74.6637
75.1736
75.6735
76.1634
76.6434
77.1136
77.574
78.0248
78.4659
78.8973
79.3192
79.7315
80.1344
80.5277
80.9116
81.2861
81.6511
82.0068
82.3531
82.6899
83.0176
83.3361
83.645
83.9446
84.2353
84.5165
84.7885
85.0516
85.3053
85.5499
85.7854
86.0119
86.2293
86.4377
86.637
86.8273
87.0083
87.1803
87.3431
87.4962
87.64
87.7738
87.8977
88.011
88.1134
88.2047
88.284
88.3508
88.4044
88.444
88.4686
88.4774
88.4692
88.4428
88.3969
88.33
88.2406
88.1268
87.9868
87.8184
87.6192
87.3866
87.1176
86.809
86.4572
86.0577
85.6063
52.6643
51.9836
51.2794
50.5514
49.7994
49.0228
48.2215
47.3946
46.542
45.6631
44.7573
43.8244
42.8639
41.8758
40.8601
39.8179
38.751
37.6633
36.5623
35.4636
34.4034
33.4732
32.8767
32.8634
33.4687
34.4673
35.6309
36.8476
38.0735
39.2903
40.4895
41.6667
42.8202
43.9491
45.0534
46.1335
47.1898
48.2231
49.2341
50.2235
51.1921
52.1406
53.0697
53.98
54.8722
55.747
56.6047
57.4461
58.2715
59.0815
59.8765
60.6569
61.4231
62.1754
62.9143
63.6399
64.3527
65.0528
65.7406
66.4164
67.0803
67.7325
68.3734
69.0029
69.6214
70.229
70.8259
71.4122
71.988
72.5534
73.1087
73.6538
74.189
74.7142
75.2296
75.7353
76.2313
76.7177
77.1946
77.662
78.12
78.5686
79.0079
79.4379
79.8586
80.2701
80.6724
81.0656
81.4496
81.8245
82.1902
82.5471
82.8944
83.233
83.5626
83.8831
84.1945
84.4968
84.7903
85.0747
85.35
85.6164
85.8737
86.1219
86.3613
86.5915
86.8126
87.0246
87.2273
87.4208
87.6048
87.7793
87.9441
88.0989
88.2434
88.3773
88.5001
88.6117
88.7112
88.7984
88.8723
88.9323
88.9776
89.0073
89.0203
89.0156
88.9918
88.9478
88.8818
88.7924
88.6777
88.5357
88.3642
88.1607
87.9224
87.6464
87.3294
86.9671
86.5555
86.0899
52.1054
51.4272
50.7251
49.9988
49.2479
48.4721
47.6709
46.8438
45.9904
45.1101
44.2026
43.2673
42.3041
41.3129
40.294
39.2485
38.1788
37.0895
35.9897
34.8989
33.8631
32.9995
32.5415
32.7075
33.448
34.5103
35.6968
36.9202
38.1462
39.36
40.5546
41.7267
42.8747
43.9981
45.0969
46.1716
47.2228
48.2512
49.2576
50.2427
51.2073
52.152
53.0777
53.985
54.8744
55.7465
56.602
57.4414
58.2652
59.0738
59.8676
60.6472
61.4128
62.1648
62.9036
63.6294
64.3426
65.0435
65.7324
66.4094
67.0748
67.7288
68.3716
69.0034
69.6244
70.2348
70.8346
71.4242
72.0035
72.5728
73.132
73.6815
74.2211
74.7512
75.2716
75.7826
76.2842
76.7764
77.2594
77.7331
78.1977
78.6532
79.0996
79.5369
79.9653
80.3847
80.7952
81.1967
81.5894
81.9732
82.3481
82.7141
83.0713
83.4199
83.7594
84.0901
84.412
84.725
85.0292
85.3246
85.6108
85.8884
86.1571
86.4168
86.6673
86.9089
87.1412
87.3644
87.5781
87.7824
87.9772
88.1619
88.3367
88.5011
88.6548
88.7976
88.9289
89.0483
89.1552
89.2491
89.3292
89.3948
89.4449
89.4788
89.4954
89.4934
89.4717
89.4288
89.3632
89.2732
89.157
89.0124
88.8372
88.6289
88.3844
88.1008
87.7745
87.4016
86.9772
86.4964
51.5222
50.8481
50.1495
49.4263
48.6779
47.904
47.1041
46.2779
45.4246
44.544
43.6355
42.6988
41.7336
40.74
39.7185
38.6705
37.5989
36.509
35.4122
34.3326
33.3295
32.5505
32.249
32.5903
33.4458
34.5574
35.7609
36.9886
38.2135
39.4238
40.6137
41.7804
42.9227
44.0404
45.1336
46.2029
47.249
48.2724
49.2742
50.2549
51.2153
52.1563
53.0785
53.9824
54.8689
55.7385
56.5916
57.4289
58.2508
59.0579
59.8504
60.6289
61.3938
62.1453
62.8839
63.6097
64.3233
65.0247
65.7143
66.3923
67.0589
67.7145
68.359
68.9928
69.6161
70.2289
70.8315
71.424
72.0065
72.5791
73.1421
73.6954
74.2392
74.7736
75.2987
75.8145
76.3212
76.8187
77.3072
77.7868
78.2574
78.7191
79.172
79.6161
80.0514
80.478
80.8959
81.3051
81.7056
82.0975
82.4806
82.8553
83.2211
83.5785
83.927
84.2671
84.5984
84.9209
85.235
85.5401
85.8364
86.1239
86.4025
86.6722
86.9329
87.1845
87.4267
87.6598
87.8833
88.0973
88.3012
88.4952
88.6787
88.8517
89.0136
89.164
89.3027
89.429
89.5423
89.642
89.7274
89.7977
89.8521
89.8895
89.9088
89.909
89.8887
89.8464
89.7806
89.6895
89.5712
89.4235
89.2441
89.0303
88.7793
88.4876
88.1514
87.7668
87.329
86.8327
50.9102
50.2418
49.5486
48.8299
48.0856
47.3151
46.518
45.6938
44.842
43.9621
43.0537
42.1164
41.1502
40.1551
39.1317
38.0821
37.0093
35.9202
34.8283
33.7642
32.8046
32.1299
31.999
32.505
33.4553
34.6045
35.8202
37.0503
38.2735
39.4798
40.6646
41.8257
42.9622
44.0741
45.1616
46.2255
47.2662
48.2847
49.2817
50.2579
51.2142
52.1512
53.0698
53.9705
54.8539
55.7206
56.5713
57.4064
58.2264
59.0318
59.8229
60.6003
61.3642
62.1151
62.8533
63.579
64.2926
64.9944
65.6846
66.3634
67.0311
67.6879
68.334
68.9696
69.5948
70.2098
70.8149
71.41
71.9954
72.5712
73.1375
73.6944
74.2419
74.7804
75.3096
75.8299
76.3412
76.8437
77.3373
77.8221
78.2982
78.7657
79.2246
79.6748
80.1165
80.5497
80.9744
81.3906
81.7982
82.1975
82.5883
82.9707
83.3443
83.7097
84.0666
84.4151
84.7547
85.086
85.4086
85.7226
86.0278
86.3244
86.612
86.8906
87.1603
87.4207
87.6721
87.9139
88.1461
88.3684
88.5806
88.7826
88.974
89.1545
89.3236
89.4809
89.626
89.7582
89.8772
89.9819
90.072
90.1463
90.2041
90.2444
90.266
90.2678
90.2482
90.206
90.1395
90.0467
89.9258
89.7746
89.5905
89.3708
89.1124
88.812
88.4656
88.069
87.617
87.1044
50.2635
49.6032
48.9172
48.2052
47.4667
46.7014
45.9086
45.088
44.239
43.3612
42.4541
41.5174
40.5511
39.5555
38.5313
37.4809
36.4081
35.3212
34.2368
33.1938
32.2909
31.7414
31.789
32.4439
33.4702
34.6476
35.8722
37.1032
38.3236
39.5255
40.7049
41.8603
42.991
44.0969
45.1787
46.237
47.2723
48.2857
49.2778
50.2495
51.2015
52.1346
53.0494
53.9467
54.8269
55.6908
56.5389
57.3717
58.1897
58.9932
59.7829
60.559
61.3219
62.072
62.8097
63.5352
64.2487
64.9507
65.6413
66.3208
66.9894
67.6473
68.2947
68.9319
69.5589
70.1759
70.7831
71.3807
71.9688
72.5474
73.1167
73.6769
74.2279
74.7701
75.3032
75.8276
76.3432
76.8502
77.3485
77.8382
78.3195
78.7922
79.2566
79.7125
80.1601
80.5993
81.0302
81.4528
81.8671
82.2731
82.6707
83.0601
83.4411
83.8138
84.1784
84.5341
84.8817
85.2208
85.5514
85.8734
86.1868
86.4912
86.787
87.0737
87.3515
87.62
87.8793
88.1288
88.3687
88.5987
88.8184
89.0275
89.2258
89.4129
89.5884
89.7518
89.9025
90.0401
90.1639
90.273
90.367
90.4448
90.5055
90.5481
90.5713
90.5741
90.5549
90.5123
90.4444
90.3496
90.2257
90.0704
89.8811
89.655
89.3889
89.0793
88.7221
88.3127
87.8461
87.3166
49.5753
48.9256
48.2494
47.5463
46.8159
46.0578
45.2714
44.4562
43.6118
42.7376
41.8333
40.8986
39.9335
38.9384
37.9146
36.8645
35.793
34.7101
33.6363
32.6215
31.7914
31.387
31.6141
32.399
33.4848
34.6834
35.9138
37.1445
38.3616
39.5586
40.7325
41.8819
43.0064
44.1064
45.1822
46.2348
47.2647
48.2729
49.2601
50.2272
51.1748
52.1038
53.0148
53.9086
54.7856
55.6466
56.492
57.3224
58.1382
58.94
59.728
60.5027
61.2646
62.0138
62.7508
63.4759
64.1893
64.8914
65.5823
66.2623
66.9317
67.5906
68.2392
68.8777
69.5064
70.1252
70.7345
71.3343
71.9248
72.506
73.0782
73.6414
74.1957
74.7412
75.278
75.8062
76.3258
76.8369
77.3396
77.8339
78.3199
78.7976
79.267
79.7282
80.1812
80.6261
81.0627
81.4912
81.9116
82.3239
82.7278
83.1238
83.5114
83.891
84.2622
84.6251
84.9799
85.3261
85.6638
85.993
86.3137
86.6256
86.9287
87.2228
87.5077
87.7835
88.05
88.3067
88.5535
88.7903
89.0165
89.2322
89.4367
89.6297
89.8109
89.9796
90.1353
90.2775
90.4055
90.5186
90.6159
90.6966
90.7596
90.804
90.8285
90.8318
90.8125
90.769
90.6996
90.6022
90.4748
90.315
90.1201
89.8873
89.6129
89.2937
88.9252
88.5027
88.021
87.4737
48.8371
48.2011
47.5376
46.8464
46.1268
45.3783
44.6008
43.7932
42.9555
42.0869
41.1872
40.2561
39.2938
38.3007
37.2785
36.2301
35.1615
34.0846
33.0254
32.0479
31.3092
31.0672
31.4679
32.3623
33.4939
34.708
35.9422
37.1714
38.3845
39.5763
40.7443
41.8874
43.0058
44.0996
45.1695
46.2162
47.2406
48.2435
49.2256
50.1879
51.1311
52.056
52.9632
53.8534
54.7271
55.5851
56.4278
57.2557
58.0694
58.8692
59.6555
60.4288
61.1895
61.9379
62.6742
63.3988
64.112
64.8141
65.5053
66.1857
66.8557
67.5155
68.1652
68.805
69.4352
70.0557
70.6669
71.2688
71.8615
72.4453
73.0201
73.5862
74.1435
74.6922
75.2324
75.7642
76.2876
76.8026
77.3094
77.808
78.2984
78.7807
79.2549
79.721
80.1791
80.6291
81.0712
81.5052
81.9312
82.3492
82.7593
83.1612
83.5549
83.9407
84.3184
84.6877
85.0489
85.4016
85.7461
86.082
86.4092
86.728
87.0378
87.3386
87.6303
87.9126
88.1855
88.4487
88.7018
88.9448
89.1771
89.3984
89.6085
89.807
89.9931
90.1666
90.3268
90.4732
90.6049
90.7213
90.8216
90.9046
90.9696
91.0154
91.0406
91.0441
91.0243
90.9796
90.9081
90.8078
90.6766
90.512
90.3111
90.0709
89.7882
89.4587
89.0785
88.6422
88.1448
87.5794
48.0378
47.4195
46.7725
46.0965
45.3911
44.6557
43.8897
43.0928
42.2642
41.4037
40.5108
39.5854
38.6277
37.6384
36.6194
35.5744
34.5105
33.4423
32.4025
31.474
30.8473
30.7799
31.3421
32.326
33.4924
34.7178
35.9538
37.1806
38.3892
39.5754
40.7372
41.874
42.9858
44.0733
45.1371
46.1778
47.1965
48.194
49.1711
50.1286
51.0674
51.988
52.8913
53.7778
54.6483
55.5032
56.3431
57.1686
57.98
58.7779
59.5626
60.3345
61.094
61.8414
62.577
63.3011
64.0141
64.7161
65.4075
66.0883
66.759
67.4195
68.0703
68.7113
69.3429
69.965
70.578
71.1819
71.7769
72.363
72.9404
73.5091
74.0694
74.6212
75.1646
75.6998
76.2267
76.7455
77.2561
77.7588
78.2534
78.74
79.2187
79.6895
80.1524
80.6074
81.0545
81.4937
81.925
82.3484
82.7639
83.1715
83.5711
83.9626
84.3462
84.7216
85.0888
85.4478
85.7982
86.1404
86.474
86.7987
87.1148
87.4217
87.7196
88.008
88.2868
88.5558
88.8149
89.0633
89.3011
89.5278
89.743
89.9462
90.137
90.3148
90.479
90.629
90.7641
90.8834
90.9861
91.0712
91.1378
91.1846
91.2103
91.2136
91.193
91.1467
91.0728
90.9693
90.834
90.6641
90.4569
90.2092
89.9174
89.5775
89.1852
88.7349
88.2209
87.637
47.1635
46.5677
45.9419
45.2857
44.5986
43.8801
43.1297
42.3467
41.5307
40.6812
39.798
38.8808
37.93
36.9467
35.933
34.8933
33.8364
32.7801
31.7662
30.9009
30.4071
30.5206
31.2273
32.2826
33.4752
34.7084
35.9447
37.1682
38.3718
39.5519
40.7073
41.8375
42.9427
44.0237
45.0812
46.1159
47.1288
48.1208
49.0928
50.0454
50.9795
51.8959
52.7953
53.6783
54.5454
55.3973
56.2345
57.0575
57.8667
58.6627
59.4457
60.2162
60.9745
61.721
62.4559
63.1796
63.8924
64.5944
65.2859
65.9672
66.6385
67.2999
67.9516
68.5939
69.2269
69.8506
70.4654
71.0712
71.6683
72.2567
72.8366
73.408
73.9711
74.5259
75.0724
75.6109
76.1413
76.6636
77.1781
77.6846
78.1833
78.6741
79.1571
79.6323
80.0997
80.5594
81.0113
81.4555
81.8919
82.3204
82.741
83.1541
83.559
83.956
84.3453
84.7263
85.0991
85.4637
85.8201
86.168
86.5073
86.8379
87.1598
87.4723
87.7759
88.0701
88.3544
88.6289
88.8931
89.1469
89.3896
89.6211
89.8411
90.0487
90.2437
90.4254
90.5933
90.7466
90.8847
91.0066
91.1115
91.1984
91.2662
91.3137
91.3396
91.3424
91.3207
91.2725
91.1961
91.0891
90.9493
90.7739
90.5601
90.3046
90.0036
89.6529
89.2478
88.7831
88.2525
87.649
