99.3282
99.3143
99.278
99.221
99.1446
99.0504
98.9395
98.8129
98.6717
98.5168
98.3489
98.1688
97.9771
97.7744
97.5613
97.3382
97.1055
96.8638
96.6133
96.3543
96.0873
95.8124
95.53
95.2403
94.9435
94.6398
94.3295
94.0127
93.6895
93.3602
93.0249
92.6838
92.3369
91.9845
91.6265
91.2632
90.8947
90.5209
90.1421
89.7583
89.3695
88.9759
88.5775
88.1742
87.7663
87.3537
86.9363
86.5144
86.0878
85.6565
85.2206
84.7801
84.3348
83.8849
83.4302
82.9708
82.5066
82.0374
81.5634
81.0844
80.6003
80.1112
79.6169
79.1173
78.6124
78.1021
77.5864
77.065
76.538
76.0052
75.4666
74.9221
74.3715
73.8149
73.2519
72.6827
72.107
71.5247
70.9358
70.3401
69.7375
69.1278
68.5109
67.8867
67.255
66.6156
65.9684
65.3133
64.6499
63.9782
63.2979
62.6087
61.9105
61.203
60.4859
59.759
59.0218
58.2742
57.5158
56.7462
55.965
55.1718
54.3663
53.548
52.7163
51.8709
51.0113
50.137
49.2472
48.3425
47.4212
46.4835
45.5291
44.5588
43.5716
42.5697
41.5534
40.5266
39.4926
38.4598
37.4388
36.4476
35.5132
34.6781
34.0008
33.5521
33.3907
33.5286
33.9222
34.5029
35.205
35.9786
36.7885
37.6125
38.4339
39.2416
40.0287
40.7909
41.5235
42.2246
99.185
99.1675
99.1282
99.0688
98.9907
98.8952
98.7834
98.6565
98.5154
98.3609
98.1938
98.0149
97.8246
97.6237
97.4125
97.1917
96.9616
96.7226
96.475
96.2193
95.9556
95.6843
95.4056
95.1198
94.8271
94.5276
94.2217
93.9093
93.5908
93.2663
92.9359
92.5997
92.2579
91.9107
91.558
91.2
90.8369
90.4686
90.0954
89.7171
89.334
88.9461
88.5533
88.1558
87.7536
87.3468
86.9352
86.519
86.0981
85.6726
85.2424
84.8075
84.368
83.9236
83.4745
83.0206
82.5619
82.0981
81.6295
81.1558
80.6769
80.1929
79.7037
79.2091
78.7091
78.2037
77.6926
77.1759
76.6534
76.1251
75.5908
75.0506
74.5041
73.9515
73.3925
72.827
72.255
71.6763
71.0908
70.4984
69.8989
69.2922
68.6782
68.0567
67.4276
66.7907
66.1457
65.4927
64.8312
64.1613
63.4825
62.7947
62.0976
61.3911
60.6747
59.9483
59.2114
58.4638
57.7052
56.9351
56.1532
55.3591
54.5523
53.7324
52.8989
52.0514
51.1894
50.3124
49.4199
48.5116
47.587
46.6459
45.6881
44.7137
43.7233
42.7179
41.6995
40.6719
39.6392
38.6102
37.5988
36.624
35.7186
34.9282
34.3175
33.9572
33.8955
34.1273
34.5979
35.2369
35.9832
36.7921
37.6326
38.484
39.3322
40.1676
40.9832
41.7755
42.5409
43.2766
98.9979
98.9767
98.9343
98.8724
98.7924
98.6956
98.583
98.4557
98.3146
98.1605
97.9942
97.8164
97.6276
97.4284
97.2194
97.0009
96.7734
96.5372
96.2927
96.0402
95.7801
95.5124
95.2377
94.9559
94.6674
94.3723
94.0709
93.7633
93.4496
93.13
92.8047
92.4738
92.1373
91.7954
91.4483
91.0959
90.7384
90.3759
90.0084
89.636
89.2587
88.8767
88.4899
88.0984
87.7022
87.3012
86.8957
86.4854
86.0705
85.651
85.2267
84.7977
84.364
83.9255
83.4821
83.0339
82.5807
82.1226
81.6594
81.1911
80.7177
80.2389
79.7549
79.2654
78.7704
78.2698
77.7636
77.2516
76.7338
76.2099
75.6801
75.1441
74.6018
74.0532
73.4981
72.9364
72.3681
71.7929
71.2108
70.6216
70.0253
69.4216
68.8104
68.1916
67.5649
66.9303
66.2876
65.6364
64.9768
64.3084
63.6311
62.9445
62.2484
61.5426
60.8268
60.1007
59.364
58.6163
57.8573
57.0865
56.3037
55.5084
54.7002
53.8785
53.0431
52.1933
51.3287
50.4488
49.5536
48.6416
47.7138
46.7686
45.8074
44.8296
43.8362
42.8283
41.8076
40.7793
39.7488
38.7257
37.7257
36.7709
35.8976
35.158
34.6203
34.3525
34.3897
34.7095
35.2496
35.9398
36.7243
37.5636
38.429
39.3027
40.1723
41.0292
41.8682
42.6841
43.474
44.237
98.766
98.7409
98.6953
98.6309
98.549
98.4507
98.3372
98.2095
98.0684
97.9147
97.7492
97.5726
97.3853
97.188
96.981
96.7649
96.5401
96.3069
96.0656
95.8165
95.56
95.2963
95.0255
94.748
94.464
94.1735
93.8769
93.5742
93.2656
92.9512
92.6312
92.3058
91.9749
91.6387
91.2973
90.9508
90.5993
90.2428
89.8814
89.5151
89.144
88.7682
88.3876
88.0024
87.6124
87.2178
86.8185
86.4146
86.0059
85.5925
85.1745
84.7516
84.324
83.8915
83.4542
83.0119
82.5646
82.1123
81.6548
81.1922
80.7243
80.251
79.7723
79.2882
78.7984
78.3029
77.8016
77.2945
76.7814
76.2622
75.7369
75.2053
74.6673
74.1228
73.5717
73.0139
72.4493
71.8778
71.2991
70.7132
70.12
69.5193
68.9109
68.2948
67.6706
67.0384
66.3977
65.7486
65.0907
64.4239
63.7479
63.0625
62.3674
61.6624
60.9471
60.2212
59.4845
58.7366
57.9771
57.2057
56.4219
55.6253
54.8155
53.9922
53.1546
52.3025
51.4353
50.5527
49.654
48.7389
47.8078
46.8594
45.8942
44.9134
43.9165
42.9065
41.8854
40.8571
39.8298
38.8141
37.8265
36.8949
36.059
35.3762
34.9175
34.7455
34.879
35.2804
35.8822
36.6179
37.436
38.3
39.1868
40.0789
40.9663
41.8403
42.697
43.5313
44.3414
45.1255
98.4883
98.4592
98.4104
98.3433
98.2593
98.1595
98.0451
97.9169
97.7757
97.6225
97.4578
97.2823
97.0966
96.9011
96.6964
96.4828
96.2607
96.0306
95.7926
95.5472
95.2945
95.0348
94.7683
94.4953
94.2159
93.9303
93.6387
93.3412
93.038
92.7292
92.4149
92.0952
91.7702
91.44
91.1048
90.7645
90.4193
90.0691
89.7142
89.3544
88.9899
88.6206
88.2467
87.868
87.4847
87.0967
86.7041
86.3067
85.9047
85.4979
85.0863
84.67
84.2488
83.8227
83.3917
82.9557
82.5146
82.0684
81.6169
81.1602
80.6982
80.2307
79.7576
79.279
78.7946
78.3045
77.8084
77.3064
76.7982
76.2839
75.7633
75.2363
74.7028
74.1626
73.6157
73.062
72.5013
71.9334
71.3584
70.7759
70.186
69.5884
68.983
68.3696
67.748
67.1181
66.4798
65.8327
65.1766
64.5114
63.8368
63.1526
62.4585
61.7542
61.0395
60.3139
59.5772
58.8291
58.0692
57.2971
56.5123
55.7145
54.9032
54.078
53.2385
52.3841
51.5144
50.6289
49.7274
48.8094
47.8746
46.923
45.9547
44.9704
43.971
42.9586
41.937
40.9101
39.8867
38.8799
37.9084
37.0037
36.2102
35.5901
35.2162
35.1413
35.367
35.8439
36.501
37.276
38.1226
39.0088
39.9131
40.8202
41.7216
42.6099
43.4798
44.3294
45.1556
45.9563
98.1638
98.1305
98.0782
98.0084
97.9222
97.8209
97.7054
97.5766
97.4354
97.2825
97.1186
96.9443
96.7602
96.5666
96.3642
96.1532
95.934
95.7071
95.4726
95.2309
94.9822
94.7268
94.4648
94.1965
93.9221
93.6417
93.3554
93.0635
92.7659
92.463
92.1546
91.8411
91.5225
91.1987
90.87
90.5363
90.1978
89.8545
89.5064
89.1535
88.796
88.4338
88.0668
87.6953
87.319
86.9381
86.5525
86.1622
85.7672
85.3674
84.9627
84.5533
84.1389
83.7196
83.2953
82.8659
82.4314
81.9917
81.5466
81.0962
80.6404
80.1789
79.7119
79.2391
78.7605
78.276
77.7855
77.2888
76.786
76.2768
75.7611
75.239
74.7102
74.1746
73.6321
73.0827
72.5261
71.9622
71.391
70.8122
70.2257
69.6314
69.0291
68.4187
67.7998
67.1725
66.5365
65.8916
65.2375
64.574
63.901
63.2181
62.5251
61.8217
61.1075
60.3823
59.6458
58.8976
58.1373
57.3645
56.5788
55.7798
54.9671
54.1403
53.2987
52.4421
51.5697
50.6818
49.777
48.8561
47.9184
46.9632
45.992
45.005
44.0036
42.9899
41.9678
40.9432
39.9254
38.9289
37.9763
37.1023
36.3562
35.8058
35.5216
35.5438
35.857
36.4019
37.1078
37.9178
38.7891
39.6937
40.6125
41.5327
42.4454
43.3446
44.2262
45.0873
45.9256
46.7399
97.7914
97.7537
97.6978
97.625
97.5365
97.4335
97.3168
97.1873
97.046
96.8934
96.7303
96.5572
96.3746
96.1831
95.9829
95.7746
95.5585
95.3349
95.1041
94.8663
94.6219
94.3709
94.1137
93.8504
93.5812
93.3063
93.0257
92.7396
92.4482
92.1514
91.8496
91.5426
91.2307
90.9138
90.592
90.2655
89.9341
89.5981
89.2573
88.9119
88.5618
88.2071
87.8477
87.4837
87.115
86.7416
86.3635
85.9808
85.5932
85.2009
84.8037
84.4016
83.9946
83.5825
83.1654
82.7431
82.3155
81.8827
81.4445
81.0008
80.5515
80.0966
79.636
79.1695
78.697
78.2185
77.7339
77.243
76.7458
76.242
75.7318
75.2148
74.6911
74.1604
73.6227
73.0778
72.5256
71.966
71.3988
70.8239
70.2412
69.6504
69.0515
68.4442
67.8284
67.2039
66.5704
65.9279
65.2759
64.6145
63.9431
63.2617
62.5699
61.8675
61.1542
60.4295
59.6933
58.9451
58.1845
57.4112
56.6248
55.8248
55.0107
54.1823
53.3389
52.4802
51.6059
50.7151
49.8077
48.8834
47.9429
46.9849
46.0111
45.0212
44.018
43.0029
41.9817
40.9603
39.9495
38.9653
38.0345
37.1952
36.5031
36.0287
35.8377
35.9553
36.3504
36.9566
37.7062
38.5457
39.4389
40.3591
41.2908
42.2211
43.1436
44.0515
44.9418
45.8125
46.6604
47.4848
97.37
97.3278
97.268
97.192
97.101
96.996
96.8779
96.7477
96.6061
96.4538
96.2913
96.1194
95.9384
95.7488
95.551
95.3455
95.1325
94.9123
94.6853
94.4517
94.2117
93.9655
93.7133
93.4553
93.1916
92.9225
92.6479
92.3681
92.0832
91.7931
91.4981
91.1982
90.8935
90.5839
90.2697
89.9507
89.6271
89.2989
88.966
88.6285
88.2864
87.9398
87.5885
87.2326
86.872
86.5067
86.1368
85.7621
85.3826
84.9983
84.609
84.2149
83.8156
83.4114
83.0019
82.5872
82.1672
81.7418
81.3109
80.8744
80.4322
79.9843
79.5305
79.0707
78.6049
78.1328
77.6546
77.1698
76.6786
76.1809
75.6763
75.165
74.6467
74.1213
73.5887
73.0487
72.5013
71.9463
71.3836
70.8129
70.2343
69.6474
69.0521
68.4483
67.8358
67.2143
66.5837
65.9438
65.2943
64.635
63.9656
63.2859
62.5956
61.8944
61.1821
60.4582
59.7224
58.9744
58.2138
57.4401
56.6531
55.8521
55.037
54.2071
53.362
52.5013
51.6247
50.7317
49.8219
48.8951
47.9514
46.9908
46.014
45.0221
44.0175
43.0022
41.9818
40.9648
39.962
38.9936
38.0874
37.2882
36.6561
36.2633
36.1678
36.3779
36.8483
37.5094
38.2971
39.1633
40.0748
41.009
41.9508
42.8894
43.8191
44.7345
45.6315
46.5091
47.3644
48.1973
96.8987
96.8515
96.7875
96.708
96.6142
96.507
96.3874
96.2562
96.1141
95.9619
95.8
95.6291
95.4496
95.262
95.0666
94.8639
94.6541
94.4375
94.2145
93.9851
93.7497
93.5085
93.2616
93.0092
92.7515
92.4885
92.2204
91.9472
91.6692
91.3863
91.0987
90.8063
90.5093
90.2077
89.9014
89.5907
89.2754
88.9555
88.6311
88.3022
87.9688
87.6308
87.2882
86.941
86.5892
86.2327
85.8715
85.5055
85.1347
84.7589
84.3783
83.9926
83.6019
83.2059
82.8047
82.3982
81.9863
81.5689
81.1459
80.7171
80.2826
79.8422
79.3958
78.9433
78.4845
78.0195
77.548
77.07
76.5854
76.094
75.5957
75.0904
74.578
74.0583
73.5312
72.9967
72.4545
71.9045
71.3466
70.7806
70.2064
69.6237
69.0325
68.4325
67.8236
67.2056
66.5782
65.9412
65.2944
64.6376
63.9705
63.2928
62.6043
61.9047
61.1935
60.4706
59.7355
58.9879
58.2275
57.4537
56.6663
55.8646
55.0485
54.2174
53.3708
52.5086
51.6296
50.7345
49.8218
48.8927
47.9466
46.9837
46.0041
45.0105
44.0044
42.9894
41.9713
40.9597
39.9672
39.0159
38.1389
37.385
36.8191
36.5134
36.514
36.8123
37.3514
38.0614
38.8831
39.7721
40.6993
41.6447
42.5948
43.5407
44.4761
45.3967
46.2994
47.1823
48.0437
48.8826
96.3764
96.3238
96.2553
96.1719
96.0749
95.9652
95.8437
95.7112
95.5685
95.4161
95.2547
95.0846
94.9066
94.7208
94.5278
94.3278
94.1213
93.9084
93.6893
93.4645
93.2339
92.9979
92.7566
92.5101
92.2585
92.0021
91.7408
91.4748
91.2042
90.9289
90.6492
90.3649
90.0762
89.7831
89.4856
89.1836
88.8772
88.5665
88.2513
87.9316
87.6075
87.2788
86.9457
86.6079
86.2655
85.9185
85.5666
85.2101
84.8486
84.4822
84.1108
83.7343
83.3526
82.9657
82.5735
82.1758
81.7726
81.3638
80.9493
80.529
80.1027
79.6704
79.232
78.7873
78.3363
77.8788
77.4148
76.944
76.4665
75.982
75.4904
74.9917
74.4857
73.9723
73.4513
72.9227
72.3861
71.8416
71.2891
70.7282
70.1588
69.5808
68.9941
68.3984
67.7935
67.1793
66.5555
65.9218
65.2782
64.6242
63.9597
63.2844
62.5979
61.9001
61.1905
60.4688
59.7347
58.9879
58.2278
57.4542
56.6666
55.8645
55.0477
54.2154
53.3676
52.5035
51.6228
50.7258
49.8112
48.8793
47.931
46.9654
45.9846
44.9896
43.9824
42.9684
41.9535
40.9473
39.967
39.0364
38.1926
37.4894
36.9965
36.7821
36.8779
37.2587
37.8604
38.6142
39.4646
40.3739
41.3144
42.2698
43.2267
44.1778
45.1181
46.0426
46.949
47.8356
48.701
49.5448
95.8024
95.7439
95.6702
95.5825
95.4819
95.3693
95.2455
95.1114
94.9676
94.8148
94.6534
94.4841
94.3073
94.1233
93.9325
93.7352
93.5318
93.3226
93.1077
92.8874
92.6618
92.4312
92.1957
91.9554
91.7104
91.4609
91.2069
90.9486
90.6858
90.4187
90.1475
89.8719
89.5922
89.3082
89.02
88.7275
88.4308
88.1298
87.8245
87.5149
87.2009
86.8824
86.5594
86.2318
85.8996
85.5627
85.2211
84.8747
84.5233
84.167
83.8056
83.439
83.0672
82.6901
82.3075
81.9194
81.5256
81.1262
80.7209
80.3096
79.8923
79.4688
79.039
78.6028
78.1602
77.7109
77.2549
76.792
76.3222
75.8452
75.3611
74.8695
74.3706
73.8639
73.3496
72.8273
72.2971
71.7586
71.2118
70.6566
70.0927
69.5199
68.9381
68.3471
67.7468
67.1368
66.517
65.8871
65.247
64.5963
63.9348
63.2622
62.5782
61.8826
61.1749
60.4548
59.722
58.9762
58.2168
57.4436
56.6561
55.8539
55.0365
54.2035
53.3546
52.4893
51.6072
50.708
49.7916
48.8578
47.9069
46.9394
45.9564
44.9605
43.9532
42.9402
41.9295
40.9314
39.9654
39.0586
38.2521
37.6062
37.1923
37.0718
37.2606
37.718
38.3755
39.1675
40.044
40.9695
41.922
42.885
43.848
44.803
45.7464
46.6742
47.5831
48.4729
49.3409
50.1869
95.176
95.111
95.0316
94.939
94.8341
94.718
94.5915
94.4553
94.31
94.1563
93.9947
93.8257
93.6497
93.4672
93.2784
93.0838
92.8835
92.6779
92.4671
92.2514
92.031
91.8059
91.5765
91.3426
91.1046
90.8624
90.6161
90.3658
90.1115
89.8532
89.591
89.3248
89.0546
88.7806
88.5024
88.2202
87.934
87.6436
87.349
87.0502
86.747
86.4395
86.1275
85.811
85.4899
85.1641
84.8335
84.498
84.1576
83.8122
83.4616
83.1058
82.7447
82.3781
82.006
81.6282
81.2447
80.8553
80.4599
80.0585
79.6509
79.2369
78.8165
78.3896
77.956
77.5157
77.0684
76.6141
76.1526
75.6839
75.2078
74.7241
74.2327
73.7336
73.2265
72.7113
72.1879
71.6561
71.1158
70.5667
70.0087
69.4417
68.8655
68.2798
67.6845
67.0793
66.464
65.8384
65.2023
64.5553
63.8973
63.2279
62.5468
61.8537
61.1483
60.4303
59.6992
58.9547
58.1964
57.4239
56.6368
55.8347
55.0171
54.1836
53.3338
52.4671
51.5838
50.6832
49.7645
48.829
47.8763
46.9073
45.9231
44.9259
43.9192
42.9085
41.9023
40.914
39.9648
39.0847
38.3213
37.7389
37.4094
37.3843
37.6619
38.1894
38.8971
39.7226
40.6211
41.5618
42.5237
43.4929
44.46
45.4184
46.3639
47.2932
48.2042
49.0953
49.9655
50.8131
94.4968
94.4245
94.3387
94.2404
94.1307
94.0104
93.8804
93.7414
93.594
93.4389
93.2765
93.1074
92.9319
92.7505
92.5635
92.3711
92.1737
91.9716
91.7649
91.5538
91.3385
91.1192
90.8959
90.6688
90.438
90.2035
89.9653
89.7236
89.4783
89.2294
88.9769
88.7207
88.461
88.1975
87.9303
87.6592
87.3842
87.1053
86.8224
86.5353
86.2439
85.9483
85.6482
85.3437
85.0346
84.7207
84.4021
84.0785
83.75
83.4164
83.0775
82.7334
82.3838
82.0286
81.6678
81.3013
80.9288
80.5504
80.1658
79.7751
79.378
78.9744
78.5641
78.1473
77.7235
77.2929
76.8551
76.4101
75.9578
75.498
75.0306
74.5555
74.0726
73.5816
73.0825
72.575
72.0591
71.5347
71.0014
70.4592
69.9078
69.3472
68.7771
68.1973
67.6076
67.0078
66.3976
65.7769
65.1453
64.5026
63.8486
63.1828
62.5051
61.8151
61.1124
60.3968
59.6678
58.9251
58.1682
57.3968
56.6105
55.8088
54.9913
54.1575
53.3073
52.4398
51.555
50.6532
49.7331
48.7961
47.8414
46.8711
45.8853
44.8879
43.8824
42.8748
41.8744
40.8976
39.9672
39.1185
38.4037
37.891
37.6508
37.7208
38.0823
38.6738
39.425
40.2803
41.1979
42.1514
43.1211
44.0958
45.0658
46.026
46.9732
47.9031
48.8145
49.706
50.5766
51.4253
93.7648
93.6843
93.5911
93.4863
93.3708
93.2456
93.1113
92.9687
92.8186
92.6613
92.4975
92.3276
92.152
91.9712
91.7854
91.5949
91.4002
91.2012
90.9984
90.7918
90.5816
90.368
90.151
89.9309
89.7075
89.4811
89.2515
89.0188
88.7831
88.5442
88.3021
88.0567
87.8081
87.5561
87.3007
87.0416
86.7789
86.5124
86.242
85.9676
85.6891
85.4064
85.1193
84.8278
84.5316
84.2308
83.9251
83.6145
83.2988
82.978
82.6518
82.3203
81.9832
81.6404
81.2919
80.9375
80.5771
80.2105
79.8377
79.4584
79.0727
78.6804
78.2813
77.8752
77.4622
77.0421
76.6147
76.1798
75.7375
75.2875
74.8296
74.3639
73.8901
73.4081
72.9177
72.4187
71.9111
71.3947
70.8692
70.3346
69.7906
69.2371
68.6738
68.1005
67.5171
66.9233
66.3189
65.7036
65.0772
64.4393
63.7898
63.1283
62.4545
61.7681
61.0687
60.3559
59.6295
58.889
58.134
57.3641
56.5789
55.7779
54.9609
54.1272
53.2768
52.4089
51.5234
50.62
49.6989
48.76
47.8041
46.8321
45.8464
44.8487
43.8449
42.8407
41.8487
40.8848
39.9768
39.1639
38.5031
38.0666
37.9188
38.082
38.5216
39.1702
39.9608
40.8415
41.7761
42.7398
43.7157
44.694
45.6666
46.6277
47.5749
48.5045
49.4161
50.3071
51.1771
52.026
92.9803
92.8906
92.789
92.6766
92.5544
92.423
92.2835
92.1365
91.9825
91.8222
91.6561
91.4846
91.3082
91.1272
90.942
90.7529
90.5601
90.364
90.1647
89.9623
89.7571
89.5491
89.3385
89.1254
88.9098
88.6916
88.471
88.2479
88.0223
87.794
87.5631
87.3294
87.0928
86.8532
86.6104
86.3644
86.115
85.862
85.6052
85.3446
85.0801
84.8113
84.5383
84.2609
83.9788
83.6921
83.4005
83.1039
82.8021
82.4952
82.1828
81.8649
81.5414
81.2121
80.8769
80.5356
80.1882
79.8345
79.4744
79.1077
78.7344
78.3542
77.9671
77.5729
77.1715
76.7628
76.3466
75.9228
75.4913
75.052
74.6046
74.1491
73.6853
73.213
72.7322
72.2426
71.744
71.2365
70.7196
70.1934
69.6575
69.1118
68.5561
67.9902
67.4138
66.8267
66.2287
65.6195
64.999
64.3666
63.7223
63.0656
62.3963
61.7141
61.0185
60.3092
59.5858
58.848
58.0954
57.3274
56.5438
55.744
54.9277
54.0945
53.2442
52.3756
51.4897
50.5857
49.6631
48.7233
47.7664
46.7937
45.8072
44.8103
43.8082
42.8098
41.8263
40.8782
39.9954
39.2233
38.6232
38.2687
38.2153
38.4684
38.9797
39.6798
40.5045
41.4072
42.3555
43.3277
44.3091
45.2899
46.2634
47.225
48.1715
49.1007
50.011
50.9005
51.7697
52.6171
92.144
92.0439
91.9327
91.8115
91.6812
91.5427
91.3967
91.244
91.0851
90.9206
90.7511
90.577
90.3988
90.2167
90.0313
89.8427
89.6513
89.4573
89.2609
89.0624
88.8618
88.6593
88.4549
88.2489
88.041
87.8315
87.6202
87.4071
87.1922
86.9752
86.7562
86.535
86.3113
86.0851
85.8561
85.6242
85.3892
85.1508
84.9089
84.6634
84.4139
84.1604
83.9027
83.6405
83.3738
83.1024
82.826
82.5446
82.258
81.9661
81.6687
81.3656
81.0568
80.7421
80.4213
80.0943
79.761
79.4212
79.0749
78.7218
78.3618
77.9948
77.6208
77.2394
76.8506
76.4544
76.0504
75.6387
75.219
74.7912
74.3552
73.9108
73.4579
72.9964
72.526
72.0466
71.5581
71.0603
70.5529
70.0359
69.5089
68.9719
68.4246
67.8668
67.2982
66.7187
66.128
65.5257
64.9117
64.2856
63.6472
62.996
62.3319
61.6545
60.9633
60.2581
59.5384
58.8038
58.054
57.2885
56.5069
55.7088
54.8937
54.0612
53.2109
52.3431
51.4565
50.5522
49.6289
48.6885
47.7304
46.7573
45.7711
44.7755
43.776
42.783
41.8105
40.8806
40.0274
39.3008
38.7679
38.5003
38.5417
38.8801
39.4571
40.2019
41.0569
41.9784
42.939
43.9179
44.9028
45.8856
46.8591
47.8198
48.7647
49.692
50.6002
51.4881
52.355
53.2002
91.2573
91.1453
91.0232
90.8918
90.7521
90.605
90.4511
90.2913
90.1261
89.9561
89.7819
89.6039
89.4225
89.2382
89.0514
88.8623
88.6713
88.4785
88.2843
88.0889
87.8924
87.6949
87.4965
87.2973
87.0973
86.8965
86.6949
86.4923
86.2886
86.0837
85.8774
85.6695
85.4598
85.248
85.034
84.8174
84.598
84.3756
84.1499
83.9206
83.6876
83.4507
83.2096
82.9641
82.714
82.4592
82.1994
81.9345
81.6644
81.3888
81.1075
80.8205
80.5277
80.2287
79.9235
79.612
79.2939
78.9693
78.6378
78.2994
77.954
77.6014
77.2414
76.874
76.4989
76.1161
75.7255
75.3268
74.9199
74.5047
74.0811
73.6489
73.2079
72.7581
72.2991
71.8309
71.3533
70.8662
70.3693
69.8624
69.3453
68.8179
68.2799
67.7312
67.1713
66.6002
66.0175
65.4229
64.8163
64.1973
63.5655
62.9207
62.2626
61.5906
60.9046
60.2041
59.4888
58.7581
58.0117
57.2492
56.4702
55.6741
54.8607
54.0293
53.18
52.3123
51.4265
50.5215
49.598
48.6566
47.6982
46.7251
45.739
44.7453
43.7498
42.7643
41.8039
40.8952
40.0758
39.4009
38.9409
38.7641
38.8991
39.3172
39.953
40.7381
41.6181
42.5563
43.5264
44.5111
45.4983
46.4816
47.4548
48.4137
49.3571
50.2817
51.1869
52.0725
52.9363
53.7782
90.3219
90.1967
90.062
89.9188
89.7681
89.6108
89.4474
89.2789
89.1057
88.9286
88.748
88.5645
88.3785
88.1904
88.0007
87.8097
87.6178
87.4252
87.2321
87.0389
86.8456
86.6524
86.4595
86.2669
86.0746
85.8825
85.6906
85.4988
85.307
85.1148
84.9221
84.7285
84.5338
84.3377
84.1399
83.9399
83.7376
83.5326
83.3244
83.1131
82.898
82.6791
82.4561
82.2287
81.9968
81.76
81.5182
81.2713
81.0189
80.761
80.4973
80.2278
79.9521
79.6703
79.382
79.0872
78.7857
78.4774
78.162
77.8396
77.5099
77.1727
76.8281
76.4757
76.1155
75.7473
75.371
74.9865
74.5936
74.1921
73.782
73.3629
72.935
72.4979
72.0514
71.5954
71.1298
70.6544
70.1689
69.6732
69.167
68.6502
68.1225
67.5837
67.0336
66.4717
65.8981
65.3122
64.7139
64.1028
63.4786
62.841
62.1896
61.524
60.8439
60.1489
59.4386
58.7125
57.9702
57.2113
56.4355
55.6421
54.8309
54.0016
53.1532
52.2864
51.4007
50.496
49.5726
48.6311
47.6728
46.6995
45.7146
44.7229
43.7323
42.755
41.8101
40.9251
40.1441
39.5266
39.1462
39.0625
39.288
39.7799
40.4681
41.288
42.1907
43.1423
44.12
45.1085
46.0975
47.0801
48.0516
49.0087
49.9489
50.8701
51.7724
52.6541
53.514
54.3526
89.3405
89.2003
89.0513
88.8946
88.7311
88.5617
88.387
88.2078
88.0248
87.8386
87.6498
87.4589
87.2663
87.0727
86.8784
86.6837
86.4892
86.2951
86.1017
85.9093
85.7181
85.5283
85.34
85.1533
84.9683
84.7848
84.6027
84.422
84.2424
84.0636
83.8853
83.7072
83.5287
83.3496
83.1694
82.9877
82.804
82.6179
82.429
82.2371
82.0416
81.8424
81.6391
81.4315
81.2192
81.0021
80.7799
80.5524
80.3194
80.0807
79.836
79.5853
79.3284
79.065
78.7951
78.5184
78.2348
77.9441
77.6462
77.341
77.0283
76.7079
76.3798
76.0437
75.6996
75.3472
74.9865
74.6173
74.2395
73.8529
73.4574
73.0527
72.6389
72.2156
71.7828
71.3401
70.8876
70.425
69.952
69.4685
68.9743
68.4692
67.9529
67.4251
66.8857
66.3343
65.7706
65.1945
64.6055
64.0033
63.3876
62.7581
62.1144
61.4561
60.7828
60.0941
59.3896
58.6689
57.9315
57.1769
56.4048
55.6148
54.8063
53.9792
53.1327
52.2674
51.3822
50.4782
49.5546
48.6135
47.6555
46.6831
45.6993
44.7109
43.7264
42.7594
41.8311
40.974
40.2361
39.6828
39.387
39.3976
39.7096
40.2681
41.0032
41.8539
42.7754
43.738
44.7222
45.7131
46.7021
47.684
48.6528
49.6065
50.5429
51.4606
52.3584
53.2356
54.0914
54.9246
88.3161
88.1591
87.9941
87.822
87.6437
87.4601
87.272
87.08
86.885
86.6876
86.4883
86.2877
86.0864
85.8849
85.6837
85.4833
85.2841
85.0865
84.8909
84.6976
84.5069
84.319
84.1341
83.9524
83.7738
83.5984
83.426
83.2565
83.0895
82.9248
82.7619
82.6003
82.4394
82.2788
82.1179
81.956
81.7927
81.6274
81.4597
81.289
81.115
80.9373
80.7556
80.5694
80.3786
80.1829
79.9819
79.7755
79.5635
79.3456
79.1216
78.8913
78.6546
78.4113
78.1611
77.904
77.6397
77.3682
77.0892
76.8026
76.5082
76.206
75.8957
75.5772
75.2504
74.9152
74.5713
74.2188
73.8573
73.4868
73.107
72.718
72.3194
71.9112
71.4932
71.0651
70.6268
70.1782
69.7189
69.2489
68.7678
68.2755
67.7716
67.2561
66.7284
66.1886
65.6361
65.0707
64.4921
63.8999
63.2939
62.6735
62.0385
61.3885
60.723
60.0415
59.3438
58.6293
57.8976
57.1482
56.3807
55.5947
54.7895
53.9652
53.1212
52.2573
51.3742
50.4707
49.548
48.6076
47.6499
46.6782
45.6973
44.7125
43.7351
42.7802
41.8712
41.046
40.3572
39.8742
39.667
39.771
40.1641
40.7833
41.5592
42.4359
43.3738
44.3452
45.3336
46.3263
47.3143
48.2936
49.259
50.2092
51.141
52.0537
52.947
53.8188
54.6691
55.4973
87.2526
87.0771
86.894
86.7044
86.5092
86.3093
86.1054
85.8984
85.689
85.4777
85.2654
85.0526
84.8399
84.628
84.4173
84.2085
84.002
83.7983
83.5981
83.4015
83.2091
83.0212
82.838
82.6597
82.4865
82.3183
82.1551
81.9966
81.8426
81.6926
81.5459
81.402
81.2603
81.1199
80.9801
80.8401
80.6992
80.5569
80.4123
80.2651
80.1146
79.9605
79.8023
79.6396
79.4722
79.2997
79.1218
78.9384
78.7491
78.5537
78.3521
78.1439
77.9292
77.7075
77.4787
77.2428
76.9994
76.7485
76.4898
76.2233
75.9488
75.666
75.375
75.0756
74.7675
74.4507
74.1251
73.7904
73.4466
73.0934
72.7309
72.3586
71.9767
71.5848
71.1828
70.7705
70.3477
69.9143
69.47
69.0145
68.5478
68.0695
67.5794
67.0773
66.5627
66.0356
65.4955
64.942
64.3751
63.7941
63.1988
62.5888
61.9637
61.323
60.6664
59.9933
59.3034
58.5961
57.8711
57.1277
56.3657
55.5844
54.7836
53.963
53.1216
52.2603
51.3786
50.4768
49.5554
48.6155
47.6591
46.6893
45.7107
44.7315
43.762
42.8206
41.9351
41.1456
40.5116
40.1048
39.9894
40.1848
40.6531
41.3262
42.1376
43.0364
43.9872
44.9661
45.9571
46.9495
47.9362
48.9121
49.8738
50.819
51.7453
52.6529
53.5396
54.4059
55.2499
56.0722
86.1547
85.9586
85.7554
85.5463
85.3319
85.1133
84.8913
84.6666
84.4401
84.2123
83.9842
83.7562
83.5291
83.3036
83.0804
82.8599
82.6431
82.4303
82.2223
82.0195
81.8226
81.6319
81.448
81.2712
81.1015
80.9392
80.7843
80.6364
80.4953
80.3604
80.2309
80.1062
79.9853
79.8671
79.7505
79.6348
79.5189
79.4018
79.2829
79.1615
79.0369
78.9086
78.7761
78.6391
78.4972
78.35
78.1973
78.0388
77.8742
77.7032
77.5258
77.3416
77.1505
76.9522
76.7466
76.5335
76.3126
76.084
75.8473
75.6024
75.3493
75.0876
74.8174
74.5384
74.2505
73.9536
73.6475
73.3322
73.0074
72.673
72.3289
71.9749
71.6108
71.2366
70.8519
70.4567
70.0508
69.6338
69.2057
68.7663
68.3152
67.8523
67.3772
66.8897
66.3896
65.8764
65.35
64.8099
64.2558
63.6873
63.1041
62.5057
61.8917
61.2617
60.6151
59.9516
59.2707
58.5718
57.8544
57.1182
56.3625
55.587
54.791
53.9749
53.1373
52.2793
51.3996
50.4999
49.5803
48.6415
47.687
46.7195
45.7446
44.7709
43.8113
42.8861
42.0263
41.2779
40.7046
40.3798
40.3576
40.6403
41.177
41.8982
42.7402
43.6583
44.6195
45.6032
46.596
47.587
48.5704
49.5418
50.4983
51.4376
52.3584
53.2594
54.1399
54.9991
55.8365
56.6508
85.0275
84.809
84.5838
84.3528
84.117
83.8773
83.6346
83.3896
83.1431
82.8959
82.6487
82.4023
82.1575
81.915
81.6755
81.4399
81.2089
80.9832
80.7636
80.551
80.3459
80.1492
79.9613
79.7829
79.6143
79.4558
79.3075
79.1693
79.0408
78.9213
78.8101
78.706
78.6078
78.5141
78.4236
78.3348
78.2466
78.1578
78.0674
77.9745
77.8784
77.7786
77.6744
77.5655
77.4514
77.3317
77.2063
77.0749
76.937
76.7926
76.6414
76.4831
76.3175
76.1446
75.9639
75.7754
75.5789
75.3742
75.1612
74.9397
74.7095
74.4705
74.2226
73.9656
73.6994
73.4239
73.1389
72.8443
72.54
72.2258
71.9015
71.5671
71.2224
70.8671
70.5012
70.1245
69.7367
69.3377
68.9272
68.505
68.071
67.6247
67.1661
66.6947
66.2103
65.7125
65.2011
64.6758
64.1359
63.5814
63.0116
62.4262
61.8247
61.2067
60.5716
59.919
59.2484
58.5591
57.8508
57.1228
56.3747
55.606
54.8162
54.005
53.1722
52.3181
51.4418
50.5443
49.6271
48.6905
47.7377
46.7732
45.8029
44.8356
43.8876
42.9811
42.1507
41.4486
40.9424
40.7039
40.7748
41.1398
41.7387
42.5015
43.3696
44.303
45.2727
46.2593
47.2517
48.2406
49.2197
50.1857
51.1366
52.0692
52.9827
53.8769
54.7496
55.6009
56.4301
57.2367
83.8771
83.6342
83.3849
83.13
82.8705
82.6073
82.3412
82.0731
81.8037
81.5339
81.2644
80.9962
80.73
80.4666
80.2069
79.9519
79.7024
79.4594
79.2239
78.9968
78.7791
78.5718
78.3757
78.1918
78.0206
77.8629
77.7189
77.5886
77.4718
77.3678
77.2755
77.1937
77.1206
77.0544
76.993
76.9347
76.8777
76.8206
76.762
76.7009
76.6365
76.568
76.4949
76.4167
76.3329
76.2433
76.1476
76.0455
75.9366
75.8209
75.698
75.5677
75.4298
75.2841
75.1303
74.9684
74.7981
74.6192
74.4316
74.2352
74.0297
73.8151
73.5911
73.3578
73.1149
72.8623
72.5999
72.3276
72.0452
71.7527
71.4498
71.1364
70.8124
70.4776
70.1318
69.775
69.4068
69.0271
68.6356
68.2322
67.8165
67.3884
66.9476
66.4937
66.0265
65.5457
65.0508
64.5416
64.0175
63.4784
62.9236
62.3527
61.7652
61.1608
60.5387
59.8985
59.2396
58.5615
57.8635
57.1452
56.406
55.6454
54.863
54.0583
53.2306
52.3809
51.5087
50.6147
49.6999
48.7661
47.8169
46.8556
45.89
44.931
43.9964
43.1108
42.3149
41.6642
41.2312
41.0824
41.2444
41.6857
42.3395
43.1382
44.0289
44.9743
45.9495
46.938
47.9284
48.9132
49.8875
50.8476
51.7906
52.716
53.622
54.5069
55.3716
56.2139
57.034
57.8318
82.7097
82.4408
82.1655
81.8847
81.5993
81.3102
81.0182
80.7242
80.4289
80.1333
79.8382
79.5444
79.2529
78.9645
78.6803
78.4013
78.1285
77.8631
77.6063
77.3594
77.1236
76.9002
76.6905
76.4959
76.3174
76.156
76.0126
75.8875
75.7807
75.6916
75.6191
75.5614
75.5162
75.4809
75.4527
75.4291
75.4076
75.3863
75.3636
75.3381
75.3088
75.275
75.2361
75.1915
75.1409
75.084
75.0205
74.9502
74.8727
74.788
74.6957
74.5955
74.4874
74.3711
74.2463
74.113
73.9708
73.8197
73.6594
73.4899
73.3109
73.1224
72.9241
72.7161
72.4981
72.2701
72.0319
71.7835
71.5246
71.2552
70.9752
70.6843
70.3826
70.0697
69.7456
69.41
69.0629
68.7039
68.3329
67.9496
67.5539
67.1454
66.7239
66.289
65.8405
65.378
64.9012
64.4097
63.9031
63.3809
62.8427
62.288
61.7162
61.1269
60.5195
59.8934
59.248
58.5826
57.8967
57.1897
56.4608
55.7098
54.9356
54.1388
53.3179
52.4741
51.6071
50.7169
49.8059
48.8756
47.9294
46.9726
46.0133
45.0641
44.1441
43.2831
42.5251
41.9322
41.5778
41.5206
41.7704
42.2812
42.9839
43.8133
44.7217
45.677
46.6555
47.643
48.6306
49.6099
50.5774
51.5297
52.4649
53.3813
54.278
55.154
56.0082
56.8411
57.6515
58.4382
81.5322
81.2358
80.9328
80.6242
80.3109
79.9936
79.6733
79.3507
79.0268
78.7023
78.3781
78.0552
77.7344
77.4168
77.1034
76.7954
76.4941
76.2007
75.9168
75.6438
75.3834
75.1372
74.9073
74.6952
74.5029
74.332
74.184
74.0598
73.9601
73.8846
73.8321
73.8005
73.7867
73.7868
73.7969
73.8133
73.8326
73.8522
73.8701
73.8846
73.8946
73.8992
73.8979
73.8902
73.8758
73.8544
73.8258
73.7899
73.7464
73.695
73.6356
73.568
73.4919
73.4072
73.3136
73.2109
73.0989
72.9776
72.8466
72.7058
72.5552
72.3946
72.2239
72.0429
71.8516
71.6498
71.4374
71.2144
70.9807
70.736
70.4803
70.2135
69.9355
69.646
69.345
69.0323
68.7076
68.3709
68.0218
67.6602
67.2858
66.8984
66.4977
66.0834
65.6551
65.2126
64.7555
64.2833
63.7956
63.2921
62.7722
62.2354
61.6811
61.1089
60.518
59.9078
59.2777
58.627
57.9549
57.2609
56.5443
55.8045
55.0407
54.2527
53.4402
52.6036
51.7422
50.8579
49.9511
49.0251
48.0829
47.1314
46.1789
45.2408
44.3385
43.5053
42.7906
42.2611
41.9898
42.0244
42.3568
42.9305
43.675
44.5305
45.4536
46.4143
47.3943
48.3791
49.3613
50.3337
51.2935
52.2368
53.1621
54.0691
54.9551
55.8203
56.664
57.4856
58.2846
59.0601
80.3518
80.0265
79.6944
79.3564
79.0133
78.666
78.3151
77.9617
77.6063
77.25
76.8936
76.538
76.184
75.8329
75.4858
75.1439
74.8085
74.4812
74.1637
73.8577
73.5653
73.2887
73.0303
72.7926
72.5783
72.3899
72.2299
72.1006
72.0033
71.9387
71.9059
71.9025
71.9243
71.9657
72.0207
72.0838
72.1505
72.2173
72.2814
72.3411
72.3949
72.4422
72.4823
72.5149
72.5398
72.557
72.5662
72.5673
72.5603
72.5449
72.5209
72.4882
72.4464
72.3955
72.3353
72.2654
72.1858
72.0962
71.9965
71.8865
71.7662
71.6353
71.4939
71.3417
71.1788
71.0049
70.8201
70.6241
70.417
70.1986
69.9689
69.7277
69.4749
69.2103
68.9339
68.6455
68.3448
68.0317
67.7061
67.3676
67.0161
66.6513
66.2729
65.8807
65.4742
65.0532
64.6173
64.1661
63.6992
63.216
62.7162
62.1991
61.6642
61.1109
60.5385
59.9463
59.3336
58.6996
58.0436
57.3648
56.6624
55.9358
55.1844
54.4076
53.605
52.7767
51.923
51.0448
50.1437
49.2225
48.2856
47.3405
46.3966
45.4708
44.5885
43.7865
43.1203
42.6601
42.4758
42.6006
43.0097
43.6387
44.4187
45.2954
46.2288
47.1934
48.171
49.1515
50.1266
51.0908
52.0408
52.9733
53.8881
54.7826
55.6573
56.5103
57.3421
58.151
58.9371
59.7001
79.1754
78.8204
78.4581
78.0894
77.7151
77.336
76.9529
76.5664
76.1774
75.7867
75.3952
75.0036
74.613
74.2245
73.8392
73.4584
73.0835
72.7163
72.3585
72.0122
71.6799
71.3643
71.0682
70.7951
70.5486
70.3326
70.1511
70.0079
69.9062
69.8481
69.8337
69.8608
69.9236
70.0136
70.1218
70.24
70.3621
70.4834
70.6004
70.7111
70.8141
70.9085
70.9941
71.0707
71.1383
71.1971
71.247
71.288
71.32
71.3431
71.3569
71.3615
71.3564
71.3416
71.3169
71.282
71.2368
71.181
71.1146
71.0373
70.9492
70.8499
70.7396
70.618
70.4851
70.3408
70.1851
70.0179
69.839
69.6485
69.4462
69.2321
69.006
68.7679
68.5175
68.2548
67.9796
67.6917
67.3909
67.077
66.7499
66.4091
66.0545
65.6859
65.3027
64.9048
64.4918
64.0632
63.6187
63.1577
62.6797
62.1843
61.6707
61.1384
60.5865
60.0145
59.4215
58.8065
58.1689
57.5077
56.8218
56.111
55.3738
54.6103
53.8198
53.0017
52.1574
51.2872
50.3933
49.4786
48.5483
47.6101
46.6761
45.765
44.905
44.1386
43.526
43.1405
43.0452
43.2567
43.7357
44.4125
45.2224
46.1142
47.0546
48.0192
48.9932
49.9664
50.9321
51.8855
52.8236
53.7443
54.6461
55.5279
56.3889
57.2286
58.0458
58.8411
59.6133
60.3611
78.0102
77.6247
77.2315
76.8313
76.4248
76.0128
75.5959
75.1748
74.7504
74.3232
73.8941
73.464
73.0336
72.6041
72.1767
71.7526
71.3332
70.9203
70.5159
70.1222
69.7419
69.3781
69.0344
68.715
68.4247
68.1691
67.9539
67.7856
67.6701
67.6122
67.6143
67.6743
67.7845
67.9321
68.1033
68.2865
68.4733
68.6576
68.835
69.0033
69.1609
69.3074
69.4427
69.567
69.6808
69.7842
69.8775
69.961
70.0347
70.0987
70.1527
70.1967
70.2306
70.2541
70.2669
70.2691
70.2602
70.2402
70.209
70.1663
70.1121
70.0462
69.9687
69.8794
69.7782
69.6652
69.5402
69.4032
69.2541
69.0929
68.9196
68.734
68.5361
68.3258
68.1029
67.8673
67.619
67.3576
67.0831
66.7953
66.4938
66.1786
65.8493
65.5056
65.1473
64.774
64.3854
63.981
63.5605
63.1234
62.6692
62.1972
61.7069
61.1977
60.6687
60.1192
59.5482
58.9549
58.3383
57.6973
57.0312
56.3385
55.6186
54.8707
54.0948
53.2898
52.4565
51.5965
50.7113
49.8041
48.8817
47.9524
47.0294
46.1351
45.301
44.5747
44.0213
43.7149
43.7087
44.0021
44.543
45.2607
46.093
46.9962
47.9389
48.9
49.8673
50.8305
51.785
52.7252
53.6493
54.5553
55.4427
56.3091
57.1546
57.9786
58.7805
59.5598
60.3159
61.0479
76.8627
76.4466
76.0221
75.5899
75.1506
74.705
74.2535
73.7968
73.3356
72.8705
72.4022
71.9313
71.459
70.9858
70.513
70.0419
69.5737
69.1103
68.6535
68.2058
67.77
67.3494
66.9482
66.5715
66.2251
65.9164
65.6537
65.4468
65.3059
65.2405
65.2564
65.3524
65.5175
65.7326
65.9777
66.2369
66.4986
66.7548
67.0005
67.2329
67.4509
67.6543
67.8436
68.0193
68.1822
68.3332
68.4726
68.6011
68.7187
68.8256
68.9219
69.0075
69.0821
69.1457
69.1981
69.239
69.2683
69.2858
69.2913
69.2849
69.2662
69.2354
69.1922
69.1366
69.0687
68.9883
68.8955
68.7901
68.6722
68.5418
68.3988
68.2431
68.0747
67.8935
67.6994
67.4923
67.2722
67.0387
66.7918
66.5312
66.2569
65.9685
65.6657
65.3485
65.0164
64.6691
64.3064
63.9278
63.533
63.1214
62.6926
62.246
61.781
61.297
60.793
60.2684
59.7221
59.1531
58.5604
57.9427
57.299
56.6281
55.9287
55.2001
54.4414
53.6524
52.8333
51.9854
51.1108
50.2141
49.3007
48.3814
47.4725
46.5969
45.7922
45.1106
44.6217
44.3979
44.479
44.8472
45.4418
46.192
47.0416
47.9502
48.8906
49.8443
50.8008
51.7514
52.691
53.6153
54.5234
55.413
56.2822
57.1316
57.9593
58.7655
59.55
60.3113
61.0493
61.763
75.7391
75.2926
74.8369
74.3727
73.9006
73.4211
72.9347
72.442
71.9434
71.4396
70.931
70.4184
69.9023
69.3838
68.8636
68.3428
67.8228
67.3051
66.7916
66.2846
65.787
65.3024
64.8352
64.391
63.9769
63.6021
63.2778
63.0182
62.8395
62.7582
62.7858
62.9217
63.1498
63.4427
63.7728
64.1185
64.4646
64.8011
65.1221
65.4248
65.7084
65.9731
66.2201
66.4504
66.6654
66.8664
67.0542
67.2295
67.3929
67.5445
67.6846
67.8132
67.9301
68.0352
68.1283
68.2093
68.278
68.3343
68.3779
68.4089
68.4271
68.4324
68.4248
68.4042
68.3707
68.3242
68.2647
68.1923
68.1068
68.0083
67.8967
67.7721
67.6344
67.4835
67.3194
67.142
66.9511
66.7467
66.5285
66.2965
66.0504
65.79
65.5152
65.2256
64.921
64.6011
64.2656
63.9142
63.5464
63.1619
62.7602
62.3408
61.903
61.4461
60.9695
60.4722
59.9531
59.4113
58.8455
58.2545
57.6366
56.9909
56.3155
55.6098
54.8725
54.1031
53.3013
52.4691
51.6084
50.7237
49.8223
48.9158
48.0226
47.1692
46.3971
45.7649
45.3459
45.2063
45.3707
45.8058
46.4439
47.2189
48.0779
48.9859
49.9198
50.8622
51.8036
52.7372
53.6584
54.5642
55.4525
56.322
57.1716
58.0001
58.8082
59.5947
60.3584
61.1
61.8176
62.5115
74.6446
74.1682
73.6819
73.1863
72.6817
72.1687
71.6477
71.1191
70.5832
70.0407
69.4917
68.9369
68.3769
67.8121
67.2435
66.6718
66.0983
65.5243
64.9515
64.382
63.8187
63.2651
62.7257
62.2068
61.7163
61.2652
60.868
60.5441
60.3176
60.2143
60.2532
60.4341
60.7332
61.1129
61.5367
61.9766
62.4137
62.8361
63.2374
63.6148
63.9677
64.2972
64.6047
64.8922
65.1615
65.4143
65.652
65.8756
66.0858
66.2832
66.468
66.6404
66.8002
66.9474
67.082
67.2037
67.3124
67.408
67.4904
67.5594
67.615
67.6572
67.6859
67.7011
67.7028
67.691
67.6657
67.6269
67.5746
67.5089
67.4298
67.3372
67.2311
67.1115
66.9783
66.8315
66.6709
66.4966
66.3082
66.1057
65.8889
65.6576
65.4116
65.1507
64.8747
64.5833
64.2763
63.9532
63.6139
63.2579
62.8848
62.4941
62.0852
61.6576
61.2103
60.7426
60.2534
59.7416
59.2059
58.6447
58.0569
57.4401
56.7932
56.1148
55.4029
54.6571
53.8778
53.0653
52.2218
51.3531
50.4667
49.5755
48.7006
47.8729
47.1384
46.561
46.2152
46.1595
46.401
46.8922
47.5644
48.3544
49.2152
50.1165
51.0369
51.9619
52.8834
53.7961
54.6947
55.5774
56.4431
57.2891
58.1153
58.9212
59.7061
60.4696
61.2111
61.9299
62.6254
63.2959
73.5839
73.0785
72.5625
72.0362
71.5001
70.9544
70.3996
69.8359
69.2636
68.6829
68.0943
67.498
66.8944
66.2839
65.6672
65.0449
64.4179
63.7873
63.1547
62.522
61.8916
61.2672
60.6533
60.0565
59.4858
58.9539
58.4789
58.0861
57.809
57.6844
57.7392
57.9716
58.3479
58.8187
59.3388
59.8745
60.4036
60.9129
61.3956
61.8489
62.2727
62.6684
63.038
63.3841
63.7088
64.0145
64.3028
64.5753
64.8328
65.0762
65.3057
65.5218
65.7244
65.9136
66.0893
66.2515
66.3999
66.5347
66.6555
66.7625
66.8555
66.9345
66.9995
67.0505
67.0876
67.1107
67.1199
67.1151
67.0966
67.0642
67.018
66.9579
66.8841
66.7964
66.6948
66.5794
66.4499
66.3063
66.1484
65.9763
65.7896
65.5883
65.3721
65.1409
64.8944
64.6325
64.3549
64.0613
63.7516
63.4252
63.082
62.7215
62.3431
61.9463
61.5303
61.0944
60.6376
60.1585
59.656
59.1283
58.5738
57.9905
57.3766
56.73
56.0491
55.3325
54.5799
53.7923
52.9715
52.1228
51.2558
50.3844
49.5324
48.7347
48.0423
47.5246
47.2547
47.2794
47.5882
48.1243
48.8185
49.613
50.467
51.3528
52.2518
53.1538
54.0502
54.9361
55.8073
56.6631
57.5005
58.3199
59.1193
59.8991
60.6577
61.3952
62.1111
62.805
63.4751
64.1208
72.5602
72.0272
71.4826
70.9271
70.3607
69.7837
69.1964
68.599
67.9915
67.3743
66.7473
66.1109
65.4652
64.8105
64.1473
63.4759
62.797
62.1116
61.4209
60.7265
60.031
59.3376
58.6512
57.9786
57.33
56.7202
56.1715
55.7161
55.3971
55.2626
55.3444
55.6355
56.0903
56.6491
57.2596
57.8845
58.4997
59.091
59.6513
60.1781
60.6712
61.1323
61.5637
61.9682
62.3484
62.7069
63.0458
63.3668
63.6711
63.9598
64.2334
64.4924
64.7369
64.9671
65.1829
65.3845
65.5717
65.7446
65.903
66.047
66.1765
66.2916
66.3923
66.4786
66.5505
66.6081
66.6515
66.6807
66.6958
66.6967
66.6836
66.6563
66.615
66.5596
66.49
66.4063
66.3084
66.1961
66.0695
65.9283
65.7724
65.6017
65.4161
65.2153
64.9991
64.7675
64.5203
64.2571
63.9779
63.6823
63.3702
63.041
62.6945
62.3301
61.9472
61.5451
61.1227
60.679
60.2125
59.7217
59.2043
58.6588
58.0825
57.473
56.8285
56.1472
55.428
54.6713
53.8794
53.0575
52.2153
51.3693
50.5459
49.7835
49.1393
48.6856
48.4917
48.5893
48.9529
49.5187
50.2215
51.0082
51.8439
52.7048
53.5755
54.4462
55.3109
56.1631
57.0022
57.8255
58.6316
59.4195
60.1885
60.9375
61.6671
62.3759
63.063
63.7285
64.3704
64.9882
71.5763
71.017
70.4456
69.8622
69.2671
68.6606
68.0426
67.4131
66.7724
66.1205
65.4573
64.783
64.0976
63.4012
62.694
61.9763
61.2487
60.5117
59.7665
59.0146
58.2584
57.5012
56.7482
56.0069
55.2887
54.6117
54.0026
53.5011
53.1605
53.0367
53.1611
53.5164
54.0454
54.6815
55.3695
56.0705
56.7601
57.4238
58.0542
58.6485
59.2064
59.7296
60.2204
60.6815
61.1159
61.5261
61.9144
62.2829
62.6329
62.9657
63.282
63.5824
63.8673
64.137
64.3914
64.6309
64.8553
65.0648
65.2594
65.439
65.6038
65.7538
65.889
66.0096
66.1155
66.2068
66.2837
66.3462
66.3944
66.4283
66.4479
66.4534
66.4446
66.4215
66.3842
66.3325
66.2665
66.186
66.0909
65.9812
65.8568
65.7174
65.563
65.3933
65.2084
65.0079
64.7919
64.5601
64.3124
64.0486
63.7686
63.4721
63.1587
62.8282
62.4799
62.1133
61.7275
61.3213
60.8935
60.4424
59.9661
59.4621
58.9279
58.3612
57.7589
57.1193
56.4407
55.7226
54.9675
54.1804
53.3717
52.5589
51.7713
51.0521
50.4624
50.0757
49.9538
50.1127
50.5139
51.0921
51.7859
52.5512
53.356
54.1819
55.0142
55.846
56.6702
57.4837
58.2847
59.07
59.8392
60.5911
61.3252
62.0407
62.7369
63.4132
64.0689
64.7024
65.3138
65.9014
70.6335
70.0497
69.453
68.8437
68.2218
67.5875
66.9408
66.2817
65.61
64.9258
64.229
63.5195
62.7972
62.0623
61.3147
60.5545
59.7821
58.9981
58.2037
57.4001
56.5898
55.7766
54.9658
54.1663
53.3917
52.6631
52.0128
51.4885
51.152
51.0624
51.2436
51.6649
52.26
52.9597
53.7093
54.4713
55.2215
55.9456
56.6362
57.29
57.9064
58.4865
59.0327
59.5474
60.0333
60.493
60.929
61.3432
61.7372
62.1124
62.4698
62.81
63.1336
63.441
63.7324
64.0081
64.2681
64.5127
64.7418
64.9557
65.1543
65.3379
65.5064
65.6601
65.7989
65.9231
66.0326
66.1277
66.2083
66.2746
66.3266
66.3644
66.3879
66.3972
66.3921
66.3727
66.3389
66.2906
66.2277
66.1501
66.0576
65.9503
65.8279
65.6904
65.5375
65.3693
65.1855
64.9862
64.7712
64.5405
64.2939
64.0313
63.7526
63.4574
63.1453
62.8159
62.4685
62.102
61.7152
61.3066
60.8743
60.4156
59.9281
59.4089
58.8549
58.2639
57.6333
56.9627
56.2541
55.5119
54.7474
53.9791
53.2385
52.5719
52.043
51.7235
51.6645
51.8667
52.2836
52.8528
53.5201
54.2472
55.0083
55.786
56.5706
57.354
58.1315
58.8988
59.6549
60.397
61.1249
61.8364
62.5313
63.2094
63.8688
64.5091
65.1297
65.7293
66.3068
66.8607
69.7322
69.1256
68.5056
67.8723
67.2257
66.5658
65.8927
65.2061
64.506
63.7923
63.0647
62.3231
61.5674
60.7975
60.0134
59.2151
58.4028
57.5774
56.7396
55.8912
55.0347
54.1743
53.3164
52.4714
51.6551
50.8926
50.2223
49.6994
49.3914
49.3552
49.602
50.0874
50.7395
51.49
52.2873
53.0962
53.8941
54.6672
55.4078
56.1124
56.7799
57.4111
58.0076
58.5716
59.1056
59.612
60.0931
60.5508
60.9868
61.4026
61.7992
62.1775
62.5382
62.8817
63.2085
63.5189
63.813
64.0913
64.3537
64.6005
64.8318
65.0478
65.2486
65.4344
65.6053
65.7614
65.9029
66.0298
66.1424
66.2406
66.3245
66.3943
66.4499
66.4913
66.5186
66.5315
66.5302
66.5145
66.4843
66.4394
66.3799
66.3055
66.2162
66.1118
65.9923
65.8576
65.7075
65.5422
65.3614
65.1653
64.9537
64.7268
64.4843
64.2261
63.9519
63.6615
63.3543
63.0294
62.6858
62.3221
61.9363
61.5263
61.0893
60.6223
60.1223
59.5863
59.0121
58.3987
57.7473
57.0628
56.3559
55.6466
54.9663
54.3633
53.9009
53.6444
53.6322
53.8544
54.2618
54.7987
55.4201
56.0927
56.7959
57.5154
58.2418
58.9685
59.6912
60.4065
61.1121
61.8064
62.4871
63.1545
63.8069
64.4428
65.0624
65.6636
66.2464
66.8086
67.3493
67.8674
68.872
68.2446
67.6031
66.9479
66.2786
65.5955
64.8982
64.1867
63.4609
62.7203
61.965
61.1946
60.409
59.608
58.7915
57.9596
57.1127
56.2513
55.3766
54.4904
53.5958
52.6975
51.8034
50.9251
50.0818
49.3027
48.6321
48.1317
47.872
47.9023
48.2181
48.7635
49.4642
50.2553
51.0894
51.9343
52.7691
53.581
54.3624
55.1094
55.8206
56.4962
57.1375
57.7461
58.3241
58.8736
59.3968
59.8954
60.3711
60.8254
61.2594
61.6741
62.0702
62.4484
62.8091
63.1529
63.48
63.7907
64.0853
64.364
64.6271
64.8746
65.1069
65.3241
65.5263
65.7138
65.8866
66.045
66.189
66.3187
66.4343
66.5358
66.6233
66.6968
66.7563
66.8018
66.8331
66.8503
66.8532
66.8418
66.8159
66.7754
66.7202
66.6502
66.5653
66.4655
66.3508
66.221
66.0762
65.9165
65.7418
65.5523
65.3478
65.1285
64.8941
64.6445
64.3793
64.0978
63.7991
63.4821
63.1452
62.7861
62.4026
61.9916
61.5502
61.0755
60.5652
60.0182
59.4356
58.822
58.1882
57.5533
56.949
56.421
56.0278
55.825
55.8395
56.0548
56.4279
56.9116
57.4681
58.0728
58.7063
59.3579
60.0179
60.681
61.3433
62.0005
62.6507
63.292
63.9228
64.5417
65.1476
65.7392
66.3154
66.8746
67.4164
67.9391
68.4408
68.9196
68.0518
67.4053
66.7444
66.0691
65.3794
64.675
63.956
63.2222
62.4731
61.7087
60.9286
60.1327
59.3206
58.4922
57.6475
56.7866
55.91
55.0182
54.1126
53.1955
52.2706
51.3433
50.4226
49.5227
48.6654
47.8846
47.2304
46.7699
46.5727
46.6767
47.0614
47.6619
48.4043
49.2286
50.0914
50.9641
51.8275
52.6698
53.4838
54.2657
55.0136
55.7273
56.4075
57.0555
57.6729
58.2617
58.8234
59.36
59.8728
60.3633
60.8327
61.2819
61.7119
62.1232
62.5166
62.8925
63.2513
63.5935
63.9193
64.229
64.5229
64.8012
65.0642
65.3121
65.545
65.7633
65.967
66.1562
66.3313
66.4922
66.6391
66.7722
66.8914
66.9968
67.0884
67.1663
67.2304
67.2806
67.3169
67.3392
67.3474
67.3414
67.321
67.2863
67.2372
67.1735
67.0953
67.0025
66.8953
66.7735
66.6374
66.487
66.3224
66.1436
65.9506
65.7434
65.5216
65.2848
65.0325
64.7636
64.4767
64.1702
63.8418
63.4892
63.1097
62.7006
62.2599
61.7867
61.2822
60.7509
60.203
59.6567
59.1407
58.6957
58.3707
58.2099
58.2312
58.4192
58.7386
59.1532
59.6342
60.1607
60.7176
61.2936
61.8824
62.4769
63.0741
63.67
64.2612
64.8463
65.4241
65.9917
66.5483
67.0925
67.6234
68.1386
68.6371
69.1174
69.5776
70.0157
67.2695
66.6058
65.9273
65.234
64.5258
63.8026
63.0641
62.3101
61.5405
60.7548
59.9529
59.1344
58.2992
57.4472
56.5782
55.6926
54.7907
53.8735
52.9428
52.0009
51.0524
50.1037
49.1653
48.2533
47.3931
46.6232
45.9992
45.592
45.4672
45.6483
46.0995
46.7501
47.5289
48.3806
49.2666
50.1609
51.0465
51.9128
52.7529
53.5631
54.3413
55.087
55.8005
56.4828
57.135
57.7588
58.3554
58.9266
59.4736
59.9978
60.5003
60.9821
61.4441
61.887
62.3116
62.7182
63.1076
63.48
63.8359
64.1756
64.4994
64.8077
65.1006
65.3784
65.6413
65.8897
66.1235
66.3432
66.5487
66.7403
66.918
67.0821
67.2326
67.3696
67.493
67.6031
67.6996
67.7827
67.8522
67.9082
67.9505
67.9791
67.9939
67.9948
67.9818
67.9548
67.9139
67.8589
67.7901
67.7074
67.6109
67.5007
67.377
67.2399
67.0893
66.9254
66.7479
66.5567
66.3512
66.1308
65.8944
65.6407
65.368
65.0744
64.7576
64.4158
64.0473
63.6517
63.2303
62.7876
62.3328
61.8819
61.4594
61.0982
60.8371
60.7089
60.7259
60.8755
61.1333
61.4736
61.8753
62.3207
62.798
63.2977
63.8126
64.3375
64.8676
65.3991
65.9303
66.4582
66.9801
67.4952
68.0013
68.4964
68.9793
69.4488
69.9022
70.3388
70.7556
71.1509
66.5229
65.8437
65.1494
64.44
63.7153
62.9751
62.2193
61.4475
60.6596
59.8552
59.0341
58.196
57.3408
56.4682
55.5785
54.6718
53.749
52.8109
51.8597
50.8986
49.9322
48.9686
48.0196
47.1038
46.25
45.5014
44.919
44.5757
44.5296
44.7881
45.3022
45.9983
46.8091
47.6842
48.5891
49.5007
50.4041
51.2892
52.1501
52.9831
53.7862
54.5586
55.3003
56.0119
56.6944
57.3489
57.9767
58.5791
59.1572
59.7123
60.2454
60.7576
61.2496
61.7223
62.1764
62.6124
63.0308
63.4322
63.817
64.1856
64.5382
64.8753
65.1971
65.5039
65.7959
66.0735
66.3367
66.5858
66.8211
67.0426
67.2504
67.4449
67.626
67.7938
67.9485
68.09
68.2184
68.3338
68.436
68.5252
68.6011
68.6639
68.7134
68.7496
68.7725
68.7821
68.7783
68.7611
68.7307
68.6871
68.6304
68.5607
68.4782
68.3829
68.275
68.1545
68.0214
67.8756
67.7167
67.5444
67.3578
67.1562
66.9382
66.7024
66.4474
66.1717
65.8746
65.5558
65.2172
64.8628
64.5007
64.144
63.8118
63.5295
63.3261
63.225
63.2346
63.3473
63.5472
63.8181
64.1439
64.5128
64.9136
65.3389
65.7825
66.2383
66.7024
67.1714
67.6421
68.1121
68.579
69.0406
69.4953
69.941
70.3754
70.7978
71.2056
71.5966
71.9692
72.3203
65.8093
65.1162
64.4078
63.6839
62.9444
62.1892
61.418
60.6305
59.8265
59.0057
58.1679
57.3127
56.4401
55.55
54.6425
53.7181
52.7778
51.8227
50.8552
49.8791
48.9
47.9268
46.9731
46.0602
45.2205
44.5023
43.9713
43.7001
43.7363
44.0706
44.6434
45.3807
46.2198
47.1152
48.036
48.9619
49.8793
50.7796
51.6572
52.5087
53.332
54.1265
54.8918
55.6283
56.3368
57.0181
57.6733
58.3034
58.9095
59.4927
60.0539
60.5941
61.114
61.6145
62.0963
62.5599
63.0059
63.4348
63.8471
64.2432
64.6234
64.9881
65.3376
65.6722
65.9922
66.2979
66.5895
66.8671
67.131
67.3814
67.6184
67.8423
68.053
68.2508
68.4357
68.6079
68.7673
68.914
69.048
69.1694
69.2781
69.3741
69.4575
69.5281
69.586
69.6313
69.6638
69.6837
69.691
69.6857
69.6681
69.6382
69.5961
69.5419
69.4759
69.3981
69.3085
69.2071
69.0938
68.9683
68.8302
68.6788
68.5133
68.333
68.1369
67.9243
67.6947
67.4487
67.188
66.9164
66.6404
66.3702
66.1199
65.9083
65.7565
65.6806
65.6863
65.7697
65.923
66.1353
66.3965
66.6974
67.0296
67.3874
67.7639
68.1555
68.5571
68.9662
69.3787
69.7924
70.2055
70.6147
71.0184
71.4146
71.8013
72.1765
72.538
72.8836
73.2111
73.5178
65.1256
64.4201
63.6991
62.9623
62.2098
61.4413
60.6565
59.8551
59.037
58.2018
57.3493
56.4793
55.5916
54.6865
53.764
52.8247
51.8698
50.9008
49.9205
48.9331
47.9452
46.9668
46.0135
45.1094
44.2908
43.611
43.1398
42.947
43.0668
43.4738
44.1008
44.8754
45.7396
46.6527
47.5872
48.525
49.454
50.3666
51.2576
52.124
52.964
53.7767
54.5617
55.3193
56.05
56.7544
57.4335
58.0881
58.7191
59.3275
59.9142
60.4799
61.0255
61.5518
62.0593
62.5487
63.0206
63.4754
63.9137
64.3357
64.7421
65.1331
65.509
65.8702
66.2169
66.5494
66.868
67.1729
67.4644
67.7425
68.0075
68.2595
68.4988
68.7254
68.9394
69.141
69.3302
69.5071
69.6717
69.8242
69.9644
70.0925
70.2084
70.3121
70.4038
70.4834
70.5509
70.6064
70.65
70.6818
70.7018
70.7102
70.7072
70.6928
70.6672
70.6305
70.5829
70.5242
70.4546
70.374
70.282
70.1784
70.0627
69.9346
69.7936
69.6394
69.4721
69.2925
69.1023
68.9048
68.7052
68.5109
68.3324
68.1826
68.0764
68.0251
68.0326
68.0983
68.2178
68.3856
68.5956
68.8406
69.1146
69.4134
69.7316
70.0651
70.4101
70.7634
71.1215
71.4828
71.8438
72.2031
72.5576
72.9061
73.2456
73.5744
73.8905
74.1908
74.4731
74.7348
64.4689
63.7524
63.0201
62.272
61.5079
60.7275
59.9307
59.1171
58.2865
57.4387
56.5734
55.6905
54.7899
53.8718
52.9366
51.9848
51.0178
50.0375
49.0472
48.0516
47.0582
46.0784
45.1298
44.2396
43.4483
42.8145
42.4105
42.3006
42.5035
42.9792
43.6558
44.464
45.3507
46.2795
47.2258
48.1736
49.1122
50.0348
50.9369
51.8156
52.6692
53.4969
54.2984
55.0737
55.8232
56.5475
57.2473
57.9234
58.5764
59.2073
59.8169
60.4058
60.9748
61.5246
62.0559
62.5692
63.0651
63.5442
64.0067
64.4533
64.8843
65.3
65.7009
66.0872
66.4592
66.8173
67.1616
67.4924
67.81
68.1145
68.4062
68.6852
68.9516
69.2057
69.4475
69.6772
69.8949
70.1006
70.2945
70.4766
70.6469
70.8055
70.9525
71.0879
71.2117
71.324
71.4249
71.5144
71.5926
71.6596
71.7155
71.7604
71.7945
71.8179
71.8307
71.8331
71.8254
71.8074
71.7792
71.7411
71.6926
71.6338
71.5647
71.485
71.3946
71.2937
71.1826
71.0622
70.9343
70.8014
70.6677
70.5386
70.4214
70.3251
70.2598
70.2329
70.2478
70.3057
70.4044
70.5417
70.7132
70.915
71.1433
71.3934
71.6619
71.9451
72.24
72.5435
72.8528
73.1655
73.4791
73.7912
74.0998
74.402
74.6966
74.9808
75.252
75.5082
75.7462
75.9634
63.8361
63.1097
62.3676
61.6093
60.8349
60.0441
59.2367
58.4123
57.5708
56.7118
55.8354
54.9412
54.0295
53.1002
52.154
51.1917
50.2147
49.2254
48.2273
47.226
46.2299
45.252
44.3121
43.4406
42.6828
42.102
41.7718
41.7475
42.0314
42.5712
43.293
44.1313
45.0382
45.9808
46.9375
47.8938
48.8405
49.7714
50.6825
51.5712
52.4361
53.2763
54.0915
54.8817
55.6473
56.3886
57.1064
57.8011
58.4735
59.1243
59.7542
60.364
60.9542
61.5255
62.0786
62.6139
63.132
63.6334
64.1187
64.5881
65.042
65.481
65.9053
66.3152
66.7111
67.0932
67.4618
67.8171
68.1595
68.489
68.8059
69.1104
69.4026
69.6828
69.951
70.2074
70.4521
70.6852
70.9068
71.117
71.3159
71.5035
71.68
71.8453
71.9996
72.1429
72.2753
72.3969
72.5077
72.608
72.6977
72.777
72.8462
72.9052
72.9543
72.9935
73.0232
73.0434
73.0542
73.0557
73.0478
73.0309
73.0048
72.9695
72.9254
72.8726
72.8118
72.7437
72.6699
72.5927
72.5153
72.4414
72.3763
72.3261
72.2971
72.2945
72.3215
72.3795
72.4679
72.5863
72.7321
72.9026
73.0955
73.3073
73.5357
73.7772
74.0298
74.2901
74.5561
74.8254
75.0961
75.3651
75.6307
75.8905
76.1424
76.3839
76.6124
76.8258
77.0209
77.1948
63.2241
62.4891
61.7381
60.9709
60.1874
59.3873
58.5705
57.7366
56.8855
56.0169
55.1306
54.2266
53.305
52.3662
51.4105
50.4393
49.4541
48.4576
47.4538
46.4491
45.4528
44.4796
43.5519
42.7039
41.9856
41.4647
41.2136
41.2761
41.6378
42.2368
42.9993
43.8647
44.7895
45.7444
46.7101
47.6738
48.6274
49.5652
50.4838
51.3808
52.255
53.1056
53.9323
54.7351
55.5143
56.2702
57.0033
57.7143
58.4036
59.0721
59.7201
60.3485
60.9577
61.5485
62.1213
62.6767
63.2152
63.7373
64.2434
64.734
65.2093
65.6699
66.1161
66.5481
66.9663
67.3709
67.7623
68.1407
68.5063
68.8594
69.2001
69.5287
69.8452
70.15
70.4431
70.7247
70.9949
71.2539
71.5017
71.7385
71.9643
72.1793
72.3835
72.5771
72.7601
72.9326
73.0946
73.2464
73.3879
73.5194
73.6409
73.7525
73.8545
73.9469
74.0299
74.1036
74.1685
74.2242
74.2712
74.3096
74.3396
74.3612
74.3746
74.3801
74.3778
74.3681
74.352
74.33
74.3034
74.2742
74.2444
74.2174
74.1964
74.1855
74.1892
74.2106
74.2525
74.3165
74.403
74.5116
74.6415
74.7911
74.9586
75.1418
75.3387
75.5466
75.764
75.9884
76.2172
76.4491
76.6811
76.9118
77.1383
77.3589
77.5715
77.7731
77.9615
78.134
78.2878
78.4195
62.6299
61.8873
61.1285
60.3534
59.5619
58.7537
57.9286
57.0863
56.2266
55.3494
54.4545
53.5419
52.6118
51.6646
50.701
49.7222
48.7302
47.728
46.7203
45.7139
44.7197
43.7541
42.8423
42.0225
41.3497
40.8951
40.7274
40.8764
41.3118
41.9648
42.7641
43.6537
44.5944
45.5602
46.5337
47.5039
48.4632
49.4068
50.3316
51.2355
52.1175
52.9768
53.8131
54.6266
55.4173
56.1857
56.9321
57.6571
58.3613
59.0451
59.7092
60.3541
60.9804
61.5886
62.1793
62.753
63.3101
63.8511
64.3764
64.8864
65.3816
65.8622
66.3286
66.7812
67.2201
67.6458
68.0585
68.4585
68.8459
69.221
69.5841
69.9352
70.2746
70.6025
70.919
71.2243
71.5185
71.8018
72.0743
72.3361
72.5873
72.828
73.0583
73.2784
73.4883
73.6882
73.878
74.058
74.2283
74.389
74.5401
74.6819
74.8145
74.9381
75.0527
75.1585
75.2559
75.3447
75.4255
75.498
75.5629
75.62
75.6696
75.7121
75.7477
75.777
75.8004
75.819
75.8336
75.8457
75.8572
75.87
75.8866
75.91
75.9426
75.9874
76.046
76.12
76.2098
76.316
76.4377
76.5742
76.7244
76.8869
77.0601
77.2423
77.4316
77.6263
77.8244
78.0239
78.2231
78.4194
78.6115
78.7968
78.9729
79.1379
79.2887
79.4231
79.5375
79.6289
62.0509
61.3015
60.5359
59.7539
58.9553
58.1399
57.3074
56.4577
55.5905
54.7057
53.8032
52.8831
51.9455
50.991
50.0206
49.0354
48.0378
47.0313
46.0211
45.0149
44.0249
43.0697
42.1774
41.3906
40.7694
40.3872
40.3059
40.5395
41.0438
41.7461
42.5783
43.4894
44.4443
45.4196
46.4001
47.3757
48.3399
49.2883
50.2183
51.128
52.0164
52.883
53.7274
54.5498
55.3504
56.1294
56.8872
57.6244
58.3415
59.0388
59.717
60.3766
61.0181
61.642
62.2488
62.839
63.4129
63.9711
64.514
65.0418
65.5552
66.0542
66.5394
67.011
67.4692
67.9145
68.347
68.767
69.1747
69.5705
69.9543
70.3266
70.6874
71.0369
71.3754
71.7029
72.0196
72.3257
72.6213
72.9065
73.1814
73.4463
73.7011
73.946
74.1811
74.4065
74.6223
74.8288
75.0259
75.2138
75.3926
75.5624
75.7235
75.876
76.0201
76.1556
76.2832
76.4028
76.5146
76.6187
76.7157
76.8055
76.8881
76.9645
77.0344
77.0985
77.1575
77.2118
77.2625
77.3107
77.3576
77.4048
77.4541
77.5074
77.5666
77.6334
77.7094
77.7955
77.8923
78.0006
78.1197
78.2497
78.3893
78.5381
78.6943
78.8572
79.0247
79.1956
79.3683
79.5409
79.7118
79.8789
80.0404
80.1942
80.3379
80.4692
80.5855
80.6837
80.7613
80.8146
61.4843
60.729
59.9575
59.1694
58.3645
57.5427
56.7038
55.8476
54.9737
54.0822
53.173
52.2462
51.3021
50.3413
49.3649
48.3744
47.3724
46.3628
45.3514
44.3471
43.3634
42.4213
41.5524
40.8038
40.2403
39.9358
39.9426
40.2579
40.8258
41.5726
42.4342
43.3644
44.3318
45.3155
46.302
47.2823
48.2506
49.2031
50.1374
51.0518
51.9456
52.8182
53.6695
54.4995
55.3083
56.0965
56.8642
57.6119
58.3401
59.0493
59.74
60.4125
61.0675
61.7054
62.3266
62.9316
63.5207
64.0946
64.6533
65.1975
65.7275
66.2435
66.7459
67.2349
67.711
68.1743
68.6252
69.0638
69.4904
69.9053
70.3085
70.7005
71.0812
71.4509
71.8099
72.1581
72.4959
72.8233
73.1405
73.4476
73.7448
74.0321
74.3097
74.5779
74.8365
75.0858
75.3259
75.5569
75.779
75.9922
76.1967
76.3927
76.5803
76.7596
76.9308
77.0942
77.2497
77.3977
77.5382
77.6715
77.7979
77.9173
78.0305
78.1375
78.2385
78.334
78.4247
78.5111
78.5937
78.6734
78.7516
78.8289
78.9068
78.9868
79.0699
79.1574
79.2504
79.3498
79.4561
79.5696
79.6905
79.8183
79.9526
80.0924
80.2373
80.3861
80.5372
80.6899
80.8421
80.9929
81.1401
81.2821
81.4171
81.5432
81.6578
81.7586
81.8431
81.9084
81.9514
81.9686
60.9275
60.1672
59.3905
58.597
57.7868
56.9594
56.1148
55.2528
54.3731
53.4756
52.5605
51.6278
50.678
49.7118
48.7303
47.7354
46.73
45.7184
44.7072
43.7063
42.7312
41.805
40.9634
40.2583
39.7587
39.5365
39.6316
40.0245
40.6508
41.4375
42.3254
43.2726
44.2509
45.2419
46.2335
47.2178
48.1896
49.1454
50.0832
51.0016
51.8998
52.7775
53.6345
54.4708
55.2868
56.0827
56.8589
57.6157
58.3537
59.0732
59.7747
60.4587
61.1257
61.7759
62.41
63.0283
63.6312
64.2191
64.7924
65.3514
65.8965
66.4279
66.9461
67.4512
67.9437
68.4237
68.8914
69.3473
69.7913
70.2239
70.6452
71.0554
71.4546
71.8432
72.2211
72.5887
72.946
73.2933
73.6306
73.9582
74.2761
74.5844
74.8833
75.173
75.4536
75.7252
75.9878
76.2417
76.487
76.7238
76.9522
77.1725
77.3846
77.5888
77.7852
77.9742
78.1555
78.3295
78.4967
78.6568
78.8102
78.9572
79.098
79.2328
79.3621
79.4861
79.6053
79.7202
79.8313
79.9393
80.0447
80.1489
80.2524
80.3559
80.4609
80.5677
80.6772
80.7905
80.9073
81.0282
81.1532
81.2824
81.4148
81.5503
81.688
81.827
81.9662
82.1048
82.2413
82.3742
82.5018
82.6229
82.7353
82.8368
82.9257
82.9992
83.0548
83.0898
83.1006
83.0839
60.3783
59.6137
58.8325
58.0344
57.2195
56.3873
55.5377
54.6706
53.7857
52.8831
51.9627
51.0249
50.0701
49.0991
48.1133
47.1149
46.107
45.0945
44.0847
43.089
42.1245
41.2175
40.4074
39.7513
39.3215
39.1851
39.3673
39.8332
40.5127
41.3352
42.2463
43.2084
44.1963
45.1937
46.1897
47.1773
48.1519
49.1105
50.0511
50.9728
51.8746
52.7564
53.6182
54.46
55.282
56.0845
56.8679
57.6326
58.379
59.1075
59.8186
60.5126
61.1901
61.8514
62.4969
63.1271
63.7424
64.3429
64.9293
65.5017
66.0605
66.606
67.1386
67.6585
68.1659
68.6612
69.1445
69.6162
70.0764
70.5253
70.9632
71.3903
71.8067
72.2127
72.6083
72.9938
73.3694
73.7351
74.0912
74.4377
74.7748
75.1027
75.4215
75.7313
76.0323
76.3245
76.6081
76.8833
77.1502
77.4089
77.6594
77.9021
78.137
78.3643
78.5841
78.7966
79.0017
79.2001
79.3916
79.5763
79.7548
79.9268
80.0929
80.2534
80.4082
80.5579
80.7029
80.8434
80.98
81.1131
81.2433
81.3712
81.4974
81.6226
81.7472
81.8721
81.9978
82.1243
82.2525
82.3821
82.5131
82.6454
82.779
82.9128
83.0465
83.1796
83.3107
83.4388
83.5629
83.6816
83.7934
83.8967
83.9896
84.0702
84.1361
84.1853
84.2149
84.2217
84.2029
84.1544
59.8343
59.0661
58.2811
57.4792
56.6602
55.8238
54.9699
54.0984
53.209
52.3018
51.3769
50.4346
49.4754
48.5004
47.5111
46.5099
45.5003
44.4879
43.481
42.4921
41.5406
40.6559
39.882
39.2808
38.9262
38.878
39.1448
39.6786
40.4061
41.2604
42.1921
43.1674
44.1637
45.1665
46.1662
47.1565
48.1333
49.0941
50.0371
50.9612
51.866
52.7514
53.6171
54.4634
55.2904
56.0985
56.8882
57.6596
58.4133
59.1496
59.869
60.5719
61.2587
61.9297
62.5855
63.2263
63.8525
64.4644
65.0626
65.6471
66.2183
66.7767
67.3223
67.8556
68.3767
68.886
69.3836
69.8697
70.3448
70.8088
71.2621
71.7047
72.137
72.5591
72.9711
73.3732
73.7657
74.1485
74.5219
74.8861
75.2411
75.5872
75.9244
76.2528
76.5728
76.8842
77.1873
77.4822
77.7691
78.048
78.3192
78.5827
78.8386
79.0872
79.3285
79.5627
79.7903
80.0106
80.2246
80.4321
80.6334
80.8286
81.018
81.2015
81.3798
81.5528
81.7212
81.8848
82.0444
82.2001
82.3523
82.5018
82.6485
82.7932
82.9362
83.0778
83.2185
83.3585
83.4978
83.6367
83.7749
83.9121
84.0483
84.183
84.3152
84.4447
84.5701
84.691
84.8057
84.9132
85.0121
85.1006
85.1769
85.2392
85.2852
85.3125
85.3184
85.2998
85.2533
85.1752
59.2933
58.5222
57.7342
56.9291
56.1067
55.2668
54.4092
53.5338
52.6406
51.7294
50.8005
49.8544
48.8915
47.9131
46.9209
45.9176
44.9073
43.8961
42.8933
41.913
40.977
40.1182
39.3854
38.8449
38.5705
38.6113
38.9592
39.5555
40.3262
41.2089
42.1588
43.1455
44.1491
45.1565
46.1593
47.1517
48.1303
49.0927
50.0374
50.9636
51.8708
52.7589
53.6279
54.4779
55.3092
56.1221
56.917
57.6942
58.4542
59.1973
59.924
60.6346
61.3295
62.0092
62.674
63.3242
63.9602
64.5824
65.191
65.7864
66.369
66.9389
67.4964
68.0418
68.5754
69.0974
69.608
70.1076
70.5962
71.0741
71.5414
71.9985
72.4454
72.8823
73.3094
73.7269
74.1349
74.5336
74.9232
75.3037
75.6753
76.0381
76.3924
76.7382
77.0757
77.4049
77.7261
78.0393
78.3447
78.6425
78.9326
79.2154
79.4908
79.7593
80.0204
80.2748
80.5226
80.7636
80.9982
81.2266
81.449
81.6653
81.8758
82.0808
82.2804
82.4745
82.664
82.8489
83.0293
83.2053
83.3777
83.5463
83.7119
83.8742
84.0341
84.1913
84.346
84.4989
84.6493
84.7975
84.9433
85.0865
85.2267
85.3635
85.4962
85.624
85.7461
85.8617
85.9695
86.0681
86.1565
86.2328
86.2951
86.3414
86.3699
86.3776
86.3619
86.3199
86.2478
86.1418
58.7533
57.98
57.1896
56.3819
55.5568
54.714
53.8534
52.9748
52.0782
51.1637
50.2314
49.2819
48.3159
47.3347
46.3403
45.3358
44.3255
43.3165
42.3193
41.3496
40.4318
39.6027
38.9161
38.4422
38.2521
38.3816
38.8063
39.4596
40.269
41.1768
42.1427
43.1394
44.1492
45.1604
46.1657
47.1598
48.1396
49.1032
50.0492
50.9769
51.886
52.7763
53.6478
54.5009
55.3357
56.1527
56.952
57.7342
58.4996
59.2485
59.9815
60.6989
61.401
62.0882
62.7609
63.4195
64.0643
64.6956
65.3136
65.9189
66.5115
67.0918
67.66
68.2165
68.7615
69.2951
69.8176
70.3293
70.8304
71.3209
71.8012
72.2715
72.7318
73.1824
73.6235
74.0551
74.4776
74.8909
75.2953
75.6909
76.0779
76.4563
76.8264
77.1882
77.5419
77.8877
78.2256
78.5557
78.8783
79.1934
79.5012
79.8018
80.0952
80.3818
80.6616
80.9344
81.201
81.4611
81.7147
81.9624
82.2039
82.4395
82.6696
82.894
83.113
83.3267
83.5355
83.7394
83.9386
84.1334
84.3239
84.5103
84.6929
84.8716
85.0466
85.2183
85.3865
85.5512
85.7125
85.87
86.0236
86.1733
86.3182
86.4581
86.5922
86.7201
86.8405
86.9525
87.0552
87.147
87.2266
87.2926
87.3428
87.3755
87.388
87.3782
87.343
87.2792
87.1833
87.0511
58.2121
57.4373
56.6452
55.8356
55.0084
54.1634
53.3003
52.4191
51.5197
50.6024
49.6673
48.715
47.7465
46.7631
45.7672
44.7621
43.7528
42.7472
41.7569
40.7998
39.9032
39.1081
38.4732
38.0716
37.9688
38.1852
38.6817
39.3867
40.2306
41.1607
42.1405
43.1458
44.1609
45.1754
46.1824
47.1778
48.1585
49.1228
50.0697
50.9985
51.9088
52.8007
53.6744
54.53
55.3677
56.1879
56.991
57.7774
58.5474
59.3014
60.0398
60.7631
61.4714
62.1653
62.8451
63.5111
64.1635
64.8029
65.4295
66.0435
66.6451
67.2349
67.8128
68.3793
68.9345
69.4787
70.012
70.5348
71.0471
71.5493
72.0415
72.5238
72.9965
73.4597
73.9135
74.3582
74.7939
75.2208
75.6389
76.0485
76.4496
76.8424
77.2271
77.6037
77.9725
78.3335
78.6869
79.0327
79.3712
79.7024
80.0265
80.3435
80.6535
80.9569
81.2536
81.5438
81.8276
82.1051
82.3764
82.6417
82.9008
83.1545
83.4024
83.6445
83.8815
84.1129
84.3395
84.5608
84.7772
84.989
85.1961
85.3985
85.5965
85.7901
85.9794
86.1643
86.3449
86.5211
86.6926
86.8591
87.0208
87.1769
87.3269
87.4707
87.607
87.7357
87.8553
87.9651
88.064
88.1505
88.2231
88.2802
88.32
88.3404
88.339
88.3132
88.2599
88.176
88.0577
87.9008
57.6677
56.8921
56.0991
55.2883
54.4596
53.6129
52.748
51.8647
50.9632
50.0437
49.1063
48.1518
47.1813
46.1964
45.1996
44.1946
43.1873
42.1863
41.2045
40.2623
39.3901
38.6335
38.0559
37.7319
37.7182
38.0187
38.5816
39.3331
40.2078
41.1574
42.1494
43.1622
44.1817
45.1987
46.2072
47.2033
48.1844
49.1491
50.0964
51.0258
51.937
52.8302
53.7054
54.5629
55.4029
56.2259
57.0321
57.822
58.5959
59.3542
60.0973
60.8256
61.5394
62.2392
62.9251
63.5976
64.257
64.9035
65.5376
66.1594
66.7693
67.3674
67.9541
68.5295
69.094
69.6478
70.1909
70.7238
71.2465
71.7593
72.2622
72.7556
73.2396
73.7143
74.18
74.6366
75.0845
75.5238
75.9546
76.377
76.7912
77.1973
77.5955
77.9858
78.3685
78.7436
79.1112
79.4716
79.8247
80.1708
80.5099
80.8421
81.1675
81.4866
81.799
82.1049
82.4048
82.6983
82.9858
83.2672
83.5429
83.8128
84.077
84.3357
84.5887
84.8365
85.0792
85.3166
85.5486
85.7759
85.9979
86.2152
86.4274
86.6346
86.8371
87.0343
87.2263
87.4131
87.5943
87.7697
87.9389
88.1014
88.2569
88.4046
88.5439
88.6739
88.7935
88.9021
88.9979
89.0802
89.1468
89.1965
89.2271
89.2366
89.2224
89.1818
89.1119
89.0092
88.8698
88.6893
57.118
56.3424
55.5491
54.7378
53.9084
53.0607
52.1945
51.3098
50.4068
49.4855
48.5465
47.5904
46.6184
45.6326
44.6355
43.6316
42.6272
41.6319
40.6605
39.7357
38.8914
38.1781
37.6638
37.4218
37.4977
37.8784
38.5022
39.2956
40.1975
41.1643
42.1669
43.186
44.2091
45.228
46.2374
47.2339
48.2151
49.1798
50.1271
51.0568
51.9685
52.8625
53.7388
54.5977
55.4396
56.2647
57.0734
57.8662
58.6434
59.4054
60.1525
60.8852
61.6037
62.3085
62.9998
63.6781
64.3435
64.9964
65.6372
66.266
66.8831
67.4888
68.0833
68.6669
69.2398
69.8022
70.3543
70.8962
71.4283
71.9508
72.4636
72.9671
73.4614
73.9467
74.4231
74.8908
75.3499
75.8006
76.243
76.6772
77.1034
77.5218
77.9324
78.3354
78.7309
79.119
79.4998
79.8736
80.2403
80.6
80.9531
81.2993
81.639
81.9723
82.2993
82.6197
82.9343
83.2425
83.5451
83.8414
84.132
84.4171
84.6963
84.9699
85.2381
85.5008
85.7581
86.01
86.2566
86.4979
86.734
86.9644
87.1898
87.4097
87.6239
87.8326
88.0353
88.2321
88.4223
88.6061
88.7825
88.9514
89.112
89.2638
89.406
89.5379
89.658
89.7656
89.8595
89.9381
89.9997
90.0428
90.0651
90.0646
90.0386
89.9844
89.8988
89.7783
89.6188
89.4157
56.5608
55.786
54.9932
54.1821
53.3526
52.5046
51.6379
50.7525
49.8484
48.9261
47.9859
47.0288
46.0562
45.07
44.0734
43.0713
42.0708
41.0827
40.1236
39.2187
38.4063
37.7416
37.2962
37.1401
37.3047
37.7609
38.4402
39.271
40.1968
41.1787
42.1904
43.2149
44.2409
45.2612
46.271
47.2674
48.2484
49.2127
50.1599
51.0894
52.0013
52.8956
53.7726
54.6325
55.4757
56.3025
57.1133
57.9084
58.6883
59.4533
60.2039
60.9403
61.6629
62.3721
63.0681
63.7514
64.4221
65.0807
65.7273
66.3623
66.986
67.5984
68.2
68.7909
69.3713
69.9415
70.5016
71.052
71.5926
72.1237
72.6456
73.1583
73.662
74.157
74.6433
75.121
75.5904
76.0516
76.5047
76.9498
77.3872
77.8168
78.2388
78.6535
79.0608
79.4609
79.8539
80.24
80.6192
80.9916
81.3574
81.7166
82.0694
82.4159
82.7562
83.0903
83.4183
83.7404
84.0566
84.3666
84.6712
84.9698
85.263
85.5503
85.8324
86.1086
86.3794
86.6449
86.9046
87.1588
87.4074
87.6504
87.8876
88.1189
88.3443
88.5634
88.7761
88.9819
89.1808
89.3722
89.5554
89.7304
89.896
90.052
90.1971
90.3307
90.4518
90.5589
90.651
90.7264
90.7835
90.8205
90.8353
90.8255
90.7886
90.7215
90.621
90.4834
90.3046
90.0797
55.9936
55.2205
54.4291
53.619
52.7903
51.9427
51.0762
50.1906
49.2863
48.3636
47.4229
46.4654
45.4926
44.5067
43.5114
42.512
41.5165
40.5371
39.5924
38.7106
37.9342
37.3236
36.9527
36.8851
37.1361
37.6627
38.3923
39.2562
40.2033
41.1983
42.2178
43.2466
44.2749
45.2961
46.306
47.302
48.2823
49.246
50.1926
51.1217
52.0333
52.9277
53.805
54.6655
55.5096
56.3377
57.15
57.947
58.7291
59.4967
60.2501
60.9896
61.7157
62.4286
63.1288
63.8164
64.4918
65.1554
65.8073
66.4478
67.0772
67.6957
68.3035
68.901
69.4882
70.0654
70.6328
71.1907
71.739
72.2781
72.8082
73.3293
73.8417
74.3454
74.8407
75.3277
75.8065
76.2773
76.7402
77.1954
77.6429
78.0829
78.5155
78.9409
79.3591
79.7702
80.1745
80.572
80.9627
81.3468
81.7245
82.0957
82.4605
82.8194
83.1719
83.5183
83.8588
84.1933
84.522
84.845
85.1622
85.4737
85.7795
86.0797
86.374
86.663
86.9463
87.2237
87.4957
87.7617
88.022
88.2762
88.5243
88.7662
89.0018
89.2305
89.4522
89.6666
89.8733
90.0718
90.2616
90.4421
90.6125
90.7722
90.9204
91.0558
91.1777
91.2844
91.375
91.4475
91.5006
91.5319
91.5396
91.5211
91.4736
91.3942
91.2794
91.1253
90.9277
90.6815
55.4139
54.6435
53.8544
53.0463
52.2192
51.3728
50.5073
49.6224
48.7185
47.796
46.8555
45.8983
44.926
43.9412
42.948
41.9523
40.963
39.9939
39.0658
38.2104
37.4747
36.9239
36.6326
36.6547
36.9891
37.5806
38.3553
39.2488
40.2144
41.2207
42.2468
43.2793
44.3091
45.3307
46.3404
47.3356
48.315
49.2778
50.2234
51.1518
52.0629
52.957
53.8342
54.695
55.5396
56.3685
57.1819
57.9804
58.7642
59.5338
60.2896
61.0318
61.7608
62.477
63.1806
63.872
64.5516
65.2195
65.8759
66.5213
67.1558
67.7797
68.3932
68.9966
69.5899
70.1735
70.7475
71.3121
71.8674
72.4138
72.9513
73.4801
74.0003
74.5121
75.0156
75.5111
75.9985
76.4781
76.95
77.4144
77.8713
78.3208
78.7631
79.1984
79.6266
80.048
80.4626
80.8705
81.2719
81.6668
82.0554
82.4377
82.8136
83.1836
83.5477
83.9055
84.2574
84.6037
84.944
85.2785
85.6076
85.9307
86.2481
86.5599
86.866
87.1664
87.461
87.7498
88.0328
88.3096
88.5805
88.8452
89.1032
89.3549
89.5995
89.8372
90.0672
90.2894
90.5034
90.7084
90.9041
91.0898
91.2647
91.428
91.5788
91.716
91.8386
91.9451
92.0341
92.104
92.1529
92.179
92.1797
92.1528
92.0952
92.0038
91.8751
91.705
91.4889
91.2219
54.8189
54.0523
53.2666
52.4614
51.6368
50.7926
49.9289
49.0455
48.1428
47.2213
46.2818
45.3255
44.3546
43.3717
42.3814
41.3904
40.4088
39.4518
38.5429
37.7175
37.0274
36.5422
36.3348
36.4468
36.8603
37.5112
38.3263
39.2459
40.2278
41.2438
42.2755
43.3107
44.3417
45.3632
46.3721
47.3663
48.3446
49.3061
50.2506
51.1779
52.0881
52.9816
53.8585
54.7191
55.5639
56.3933
57.2074
58.007
58.7921
59.5634
60.3209
61.0654
61.7968
62.5157
63.2224
63.9172
64.6002
65.2719
65.9324
66.5821
67.2212
67.8499
68.4684
69.077
69.6758
70.2651
70.845
71.4158
71.9775
72.5304
73.0747
73.6104
74.1377
74.6569
75.168
75.6712
76.1665
76.6543
77.1344
77.6072
78.0727
78.531
78.9823
79.4266
79.8641
80.2949
80.719
81.1366
81.5478
81.9527
82.3513
82.7439
83.13
83.5103
83.8848
84.2533
84.616
84.9727
85.3239
85.6693
86.0088
86.3429
86.671
86.9934
87.3103
87.6211
87.9262
88.2252
88.5183
88.8052
89.0858
89.3599
89.6273
89.8878
90.141
90.3868
90.6243
90.8538
91.0742
91.2854
91.4866
91.677
91.8558
92.0225
92.1756
92.3144
92.4374
92.5435
92.631
92.6982
92.7432
92.7639
92.7579
92.7227
92.6551
92.552
92.4096
92.2236
91.9893
91.7016
54.2053
53.4438
52.6625
51.8616
51.0406
50.1996
49.3386
48.4576
47.5571
46.6375
45.6997
44.7453
43.7764
42.7963
41.81
40.8249
39.8523
38.9095
38.0226
37.2312
36.5922
36.1783
36.0581
36.2586
36.7464
37.4513
38.3025
39.245
40.2411
41.2655
42.3016
43.339
44.3705
45.3916
46.3995
47.3923
48.369
49.329
50.272
51.1981
52.1072
52.9997
53.876
54.7362
55.5809
56.4103
57.2249
58.0251
58.8112
59.5836
60.3427
61.0889
61.8224
62.5436
63.2528
63.9504
64.6365
65.3115
65.9756
66.6291
67.2722
67.9051
68.5281
69.1414
69.7452
70.3396
70.9249
71.5012
72.0687
72.6275
73.1779
73.72
74.2539
74.7798
75.2978
75.808
76.3107
76.8058
77.2935
77.7741
78.2475
78.7139
79.1734
79.6261
80.0721
80.5115
80.9445
81.371
81.7913
82.2053
82.6132
83.015
83.4108
83.8009
84.1849
84.5631
84.9356
85.3023
85.6633
86.0186
86.3679
86.7118
87.05
87.3824
87.7087
88.0295
88.344
88.6528
88.955
89.251
89.5407
89.8234
90.0992
90.3677
90.6286
90.8817
91.1264
91.3623
91.5889
91.8055
92.0116
92.2063
92.3888
92.5583
92.7136
92.8535
92.977
93.0824
93.1681
93.2326
93.2736
93.2889
93.2762
93.2327
93.1553
93.0405
92.8843
92.6827
92.4304
92.122
53.5693
52.8142
52.039
51.2435
50.4274
49.5908
48.7337
47.8563
46.9588
46.0421
45.107
44.1553
43.1895
42.2131
41.2318
40.254
39.2922
38.3657
37.504
36.751
36.1686
35.8314
35.8008
36.0874
36.6441
37.3978
38.281
39.2437
40.252
41.2834
42.3233
43.362
44.3935
45.4138
46.4203
47.4115
48.3865
49.3446
50.286
51.2104
52.1182
53.0096
53.8848
54.7444
55.5885
56.4178
57.2325
58.033
58.8197
59.593
60.3532
61.1008
61.836
62.5591
63.2704
63.9704
64.6592
65.337
66.0042
66.6611
67.3077
67.9445
68.5715
69.189
69.7972
70.3962
70.9863
71.5676
72.1404
72.7046
73.2606
73.8085
74.3484
74.8804
75.4047
75.9214
76.4307
76.9327
77.4274
77.9151
78.3958
78.8696
79.3367
79.7971
80.251
80.6984
81.1395
81.5743
82.0029
82.4255
82.8418
83.2525
83.6569
84.0559
84.4487
84.8361
85.2175
85.5932
85.9635
86.3279
86.6865
87.0395
87.3867
87.7281
88.0637
88.3933
88.7166
89.0339
89.3449
89.6495
89.947
90.2379
90.5213
90.7973
91.0653
91.325
91.5763
91.818
92.05
92.2716
92.482
92.6805
92.8662
93.0382
93.1952
93.3362
93.4597
93.5641
93.6481
93.7095
93.7463
93.7563
93.7368
93.685
93.5976
93.4711
93.3013
93.0839
92.8135
92.4845
52.9064
52.1596
51.392
50.6034
49.7937
48.9629
48.1111
47.2384
46.3453
45.4325
44.5012
43.5534
42.5916
41.6201
40.6451
39.6759
38.7267
37.8191
36.9861
36.2763
35.7563
35.5008
35.5606
35.9297
36.55
37.3474
38.2589
39.2393
40.2581
41.2954
42.3381
43.3777
44.4087
45.4278
46.4326
47.4218
48.3947
49.3509
50.2902
51.2129
52.119
53.0089
53.883
54.7416
55.5851
56.4138
57.2283
58.0288
58.8159
59.5897
60.3508
61.0994
61.8358
62.5605
63.2737
63.9757
64.6667
65.347
66.017
66.6767
67.3265
67.9667
68.5972
69.2185
69.8307
70.4339
71.0284
71.6143
72.1918
72.761
73.3221
73.8752
74.4206
74.9582
75.4883
76.011
76.5264
77.0347
77.5358
78.0301
78.5175
78.9982
79.4723
79.9398
80.401
80.8558
81.3044
81.7469
82.1832
82.6136
83.0381
83.4567
83.8692
84.2762
84.6775
85.0732
85.4629
85.8472
86.2255
86.5985
86.9656
87.3272
87.6827
88.0324
88.3762
88.7139
89.0458
89.371
89.6898
90.002
90.307
90.6051
90.8956
91.1785
91.4531
91.7189
91.9758
92.2229
92.4599
92.6859
92.9004
93.1022
93.2907
93.4646
93.6232
93.7647
93.8879
93.9913
94.0731
94.1313
94.1638
94.1682
94.1417
94.0815
93.984
93.8457
93.6622
93.4289
93.1403
92.7906
52.2113
51.4748
50.7167
49.937
49.1354
48.3121
47.467
46.6006
45.7131
44.8057
43.8795
42.9366
41.9803
41.0149
40.0475
39.0886
38.1541
37.2683
36.4678
35.8064
35.3546
35.1849
35.3349
35.7821
36.4604
37.2969
38.2334
39.2292
40.257
41.299
42.3436
43.3835
44.4137
45.4311
46.434
47.421
48.3915
49.3455
50.2826
51.2032
52.1074
52.9957
53.8684
54.7257
55.5682
56.3963
57.2102
58.0106
58.7976
59.5718
60.3334
61.0827
61.8202
62.5461
63.2608
63.9645
64.6574
65.3399
66.0122
66.6746
67.3272
67.9703
68.6041
69.2288
69.8446
70.4516
71.05
71.6401
72.2219
72.7956
73.3614
73.9194
74.4698
75.0126
75.548
76.0763
76.5973
77.1113
77.6184
78.1188
78.6124
79.0995
79.5801
80.0542
80.5221
80.9838
81.4394
81.8889
82.3325
82.7701
83.2019
83.6278
84.0481
84.4626
84.8718
85.2748
85.6724
86.0644
86.4508
86.8315
87.2066
87.5756
87.9391
88.2965
88.6481
88.9933
89.3326
89.6652
89.9911
90.3105
90.6226
90.9273
91.2243
91.5132
91.7937
92.0652
92.3273
92.5794
92.8208
93.0507
93.2687
93.4736
93.6643
93.8401
93.9995
94.1413
94.264
94.3659
94.4454
94.5002
94.5281
94.5266
94.493
94.4242
94.3166
94.1662
93.9688
93.7194
93.4124
93.0418
51.4774
50.7537
50.0074
49.2387
48.4474
47.6336
46.7972
45.9387
45.0587
44.1581
43.2385
42.3021
41.3525
40.3948
39.4366
38.4899
37.5725
36.7115
35.948
35.3405
34.9627
34.8819
35.1204
35.6408
36.3716
37.243
38.2015
39.2105
40.2458
41.2915
42.3375
43.3771
44.4059
45.4214
46.4219
47.4064
48.3744
49.3258
50.2606
51.1789
52.0811
52.9675
53.8384
54.6944
55.5357
56.3628
57.1761
57.976
58.7628
59.537
60.2989
61.0488
61.787
62.514
63.2298
63.9349
64.6295
65.3139
65.9883
66.653
67.3081
67.9539
68.5906
69.2184
69.8374
70.4479
71.0499
71.6438
72.2296
72.8075
73.3776
73.9401
74.495
75.0427
75.5831
76.1164
76.6426
77.162
77.6747
78.1806
78.6801
79.1731
79.6597
80.14
80.6142
81.0823
81.5443
82.0004
82.4506
82.8951
83.3336
83.7667
84.1939
84.6157
85.0316
85.442
85.847
86.2462
86.6397
87.0277
87.4099
87.7863
88.1569
88.5216
88.88
89.2325
89.5786
89.9181
90.2507
90.5765
90.8949
91.2059
91.5087
91.8032
92.0893
92.3658
92.6326
92.889
93.1344
93.368
93.5889
93.7963
93.9891
94.1662
94.3264
94.468
94.5899
94.6902
94.7669
94.818
94.8411
94.8337
94.7927
94.715
94.5969
94.4344
94.223
93.9573
93.6318
93.2397
50.6965
49.9884
49.257
48.5021
47.7236
46.9215
46.0962
45.2478
44.3773
43.4855
42.5743
41.6461
40.705
39.7566
38.8096
37.8772
36.9796
36.147
35.4251
34.8774
34.5791
34.5891
34.9134
35.5015
36.2797
37.182
38.1597
39.1801
40.2216
41.2701
42.3168
43.3554
44.3826
45.3958
46.3937
47.3754
48.3406
49.2893
50.2214
51.1372
52.0371
52.9215
53.7906
54.6449
55.4848
56.3108
57.1232
57.9225
58.7089
59.483
60.2449
60.9951
61.7339
62.4616
63.1785
63.8849
64.5809
65.2669
65.9432
66.6099
67.2673
67.9156
68.5549
69.1855
69.8075
70.4211
71.0266
71.624
72.2135
72.7952
73.3693
73.9359
74.4952
75.0473
75.5923
76.1303
76.6615
77.1859
77.7037
78.215
78.7198
79.2183
79.7106
80.1967
80.6767
81.1508
81.6189
82.0812
82.5377
82.9884
83.4336
83.8731
84.3067
84.735
85.1578
85.5748
85.9865
86.3923
86.7928
87.1874
87.5763
87.9597
88.3369
88.7082
89.0733
89.4322
89.7847
90.1305
90.4694
90.8012
91.1255
91.4419
91.7503
92.0502
92.3409
92.6223
92.8933
93.1538
93.4027
93.6393
93.8631
94.0726
94.267
94.445
94.6055
94.7468
94.8675
94.9658
95.0396
95.0867
95.1048
95.0911
95.0425
94.9557
94.8271
94.6521
94.4263
94.144
93.7996
93.386
49.8581
49.1695
48.4564
47.7185
46.956
46.1689
45.3574
44.5219
43.6633
42.7827
41.8821
40.9643
40.0337
39.0967
38.163
37.2475
36.3727
35.5725
34.8974
34.4156
34.2015
34.3031
34.7094
35.3598
36.1805
37.11
38.1044
39.1344
40.1809
41.2315
42.278
43.3153
44.3403
45.3509
46.3459
47.3246
48.2868
49.2325
50.1618
51.075
51.9724
52.8545
53.7216
54.5741
55.4126
56.2373
57.0487
57.8471
58.633
59.4068
60.1687
60.9191
61.6583
62.3866
63.1043
63.8117
64.5091
65.1966
65.8746
66.5431
67.2026
67.8531
68.4949
69.1281
69.7529
70.3695
70.9781
71.5788
72.1717
72.757
73.3349
73.9055
74.4688
75.0251
75.5745
76.1169
76.6527
77.1819
77.7045
78.2208
78.7307
79.2344
79.732
80.2235
80.7091
81.1888
81.6626
82.1307
82.5931
83.0498
83.5009
83.9464
84.3864
84.8208
85.2498
85.6733
86.0912
86.5035
86.91
87.3112
87.7066
88.0959
88.4796
88.857
89.2284
89.5933
89.9517
90.3032
90.6481
90.9854
91.3151
91.6368
91.9502
92.2548
92.5502
92.8357
93.1106
93.3747
93.6269
93.8663
94.0923
94.3035
94.4993
94.678
94.8386
94.9793
95.0985
95.1945
95.2651
95.308
95.3208
95.3005
95.2441
95.1481
95.0084
94.8208
94.5804
94.2814
93.9176
93.4821
48.9487
48.2843
47.5939
46.8775
46.1351
45.3667
44.5725
43.7533
42.9096
42.0432
41.156
40.2512
39.3336
38.4105
37.4928
36.5971
35.7486
34.9853
34.3627
33.9528
33.8271
34.0196
34.5034
35.2106
36.0692
37.0226
38.0314
39.0695
40.1198
41.1715
42.2174
43.2529
44.2754
45.283
46.2748
47.2502
48.2092
49.1517
50.078
50.9884
51.8833
52.7629
53.6279
54.4787
55.3154
56.1388
56.949
57.7466
58.5319
59.3052
60.067
60.8175
61.557
62.2859
63.0043
63.7127
64.4113
65.1001
65.7797
66.45
67.1114
67.7641
68.4081
69.0439
69.6713
70.2908
70.9023
71.5061
72.1023
72.6911
73.2726
73.8469
74.4141
74.9744
75.5279
76.0746
76.6148
77.1484
77.6757
78.1967
78.7115
79.2202
79.7228
80.2195
80.7103
81.1953
81.6746
82.1482
82.6163
83.0785
83.5352
83.9868
84.4325
84.8727
85.3078
85.7371
86.1609
86.5792
86.9919
87.3989
87.8002
88.1956
88.5851
88.9682
89.3454
89.7162
90.08
90.4373
90.7871
91.1298
91.4645
91.791
92.1092
92.4182
92.7177
93.007
93.2857
93.5529
93.8079
94.0499
94.2779
94.4908
94.6875
94.8667
95.0269
95.1667
95.2842
95.3777
95.4448
95.4833
95.4905
95.4635
95.3991
95.2935
95.1428
94.9423
94.6869
94.3708
93.9875
93.5295
