98.1398
98.1429
98.1254
98.089
98.035
97.9648
97.8795
97.7802
97.6677
97.5429
97.4064
97.2591
97.1013
96.9337
96.7567
96.5707
96.3761
96.1732
95.9624
95.7438
95.5177
95.2844
95.0439
94.7966
94.5424
94.2816
94.0143
93.7406
93.4605
93.1741
92.8816
92.5829
92.2781
91.9673
91.6504
91.3276
90.9987
90.664
90.3233
89.9766
89.624
89.2654
88.9008
88.5303
88.1538
87.7712
87.3826
86.988
86.5873
86.1804
85.7674
85.3482
84.9228
84.4911
84.0531
83.6088
83.1581
82.701
82.2375
81.7674
81.2908
80.8076
80.3178
79.8214
79.3181
78.8082
78.2914
77.7678
77.2372
76.6998
76.1553
75.6038
75.0452
74.4794
73.9064
73.3263
72.7387
72.1438
71.5414
70.9315
70.314
69.6888
69.0558
68.4149
67.766
67.109
66.4438
65.7702
65.0881
64.3973
63.6977
62.9891
62.2712
61.5438
60.8068
60.0598
59.3026
58.5348
57.7564
56.9667
56.1655
55.3525
54.5273
53.6893
52.8383
51.9737
51.0951
50.2021
49.2939
48.3713
47.4324
46.4776
45.5068
44.5207
43.5187
42.5031
41.4745
40.4372
39.3952
38.3577
37.3369
36.353
35.4374
34.6406
34.0339
33.7017
33.6979
34.0006
34.5305
35.2057
35.9649
36.7679
37.5879
38.409
39.2193
40.0106
40.778
41.5186
42.2285
42.9064
97.9217
97.9223
97.9032
97.8658
97.8117
97.742
97.6578
97.5602
97.4499
97.3278
97.1947
97.051
96.8974
96.7343
96.5622
96.3816
96.1926
95.9958
95.7912
95.5793
95.3601
95.1339
94.9009
94.6612
94.4149
94.1622
93.9032
93.6378
93.3663
93.0887
92.805
92.5152
92.2195
91.9177
91.61
91.2963
90.9767
90.651
90.3195
89.9819
89.6382
89.2886
88.9329
88.5711
88.2032
87.8291
87.4489
87.0624
86.6697
86.2707
85.8653
85.4535
85.0354
84.6107
84.1796
83.7419
83.2976
82.8467
82.3891
81.9248
81.4537
80.9759
80.4911
79.9995
79.5009
78.9954
78.4828
77.9632
77.4364
76.9025
76.3614
75.8131
75.2574
74.6944
74.124
73.5462
72.9609
72.3679
71.7673
71.1591
70.543
69.919
69.2871
68.6471
67.9989
67.3425
66.6776
66.0042
65.322
64.6311
63.9311
63.2218
62.5031
61.7748
61.0365
60.2882
59.5294
58.7598
57.9793
57.1874
56.3838
55.568
54.7398
53.8987
53.0442
52.1759
51.2935
50.3964
49.4841
48.5565
47.6132
46.6539
45.6786
44.6875
43.6815
42.6618
41.6307
40.5925
39.5519
38.5189
37.5088
36.5438
35.6616
34.9172
34.3897
34.16
34.2628
34.6542
35.2495
35.9715
36.7663
37.5985
38.4453
39.2916
40.1274
40.9458
41.7413
42.512
43.2549
43.9676
97.6556
97.6537
97.6328
97.5945
97.5401
97.4708
97.3877
97.2917
97.1838
97.0645
96.9346
96.7948
96.6455
96.4871
96.3202
96.1451
95.9621
95.7716
95.5737
95.3687
95.1568
94.9382
94.7131
94.4815
94.2436
93.9995
93.7492
93.4929
93.2305
92.9622
92.6879
92.4077
92.1216
91.8296
91.5316
91.2277
90.9179
90.602
90.2802
89.9523
89.6183
89.2782
88.9319
88.5794
88.2206
87.8556
87.4842
87.1064
86.7221
86.3313
85.934
85.5301
85.1195
84.7023
84.2783
83.8475
83.4099
82.9653
82.5139
82.0555
81.5901
81.1177
80.6381
80.1514
79.6576
79.1565
78.6482
78.1325
77.6095
77.0791
76.5413
75.996
75.4433
74.8829
74.315
73.7393
73.156
72.5648
71.9659
71.3589
70.7441
70.1211
69.49
68.8506
68.2029
67.5466
66.8818
66.2082
65.5258
64.8342
64.1334
63.4232
62.7034
61.9737
61.2339
60.4838
59.723
58.9513
58.1684
57.3738
56.5674
55.7485
54.917
54.0724
53.2142
52.342
51.4553
50.5537
49.6373
48.7046
47.7567
46.7921
45.8123
44.8169
43.807
42.7841
41.7503
40.7111
39.6729
38.6464
37.6492
36.7069
35.8619
35.1774
34.7363
34.612
34.8166
35.2878
35.9402
36.7024
37.5273
38.3845
39.2526
40.1191
40.9749
41.814
42.6328
43.4269
44.1943
44.9347
97.3408
97.336
97.3132
97.2738
97.219
97.1501
97.0681
96.9738
96.8681
96.7517
96.6252
96.4893
96.3444
96.191
96.0294
95.8601
95.6834
95.4994
95.3086
95.111
94.9068
94.6963
94.4795
94.2565
94.0276
93.7926
93.5518
93.3051
93.0525
92.7942
92.5301
92.2601
91.9844
91.7028
91.4153
91.1219
90.8226
90.5173
90.2059
89.8884
89.5648
89.2349
88.8987
88.5562
88.2072
87.8518
87.4898
87.1212
86.746
86.364
85.9752
85.5796
85.1771
84.7677
84.3512
83.9277
83.4971
83.0593
82.6144
82.1622
81.7027
81.2359
80.7617
80.2801
79.7911
79.2946
78.7905
78.279
77.7598
77.233
76.6984
76.1562
75.6063
75.0485
74.4829
73.9094
73.3279
72.7385
72.141
71.5353
70.9214
70.2993
69.6688
69.0298
68.3823
67.726
67.061
66.387
65.7039
65.0115
64.3097
63.5983
62.877
62.1457
61.4041
60.6519
59.8889
59.1147
58.3291
57.5316
56.722
55.8999
55.0648
54.2164
53.3542
52.4779
51.5868
50.6808
49.7592
48.8219
47.8693
46.9001
45.9152
44.9156
43.9013
42.8755
41.8407
40.8013
39.7665
38.748
37.7649
36.849
36.0473
35.43
35.0818
35.0639
35.3638
35.9061
36.6078
37.4051
38.2561
39.1329
40.0193
40.902
41.7744
42.6299
43.4658
44.2783
45.066
45.8275
96.9762
96.9684
96.9434
96.9027
96.8474
96.7787
96.6976
96.6049
96.5014
96.3879
96.2649
96.133
95.9927
95.8444
95.6884
95.5252
95.3549
95.178
94.9945
94.8047
94.6087
94.4067
94.1988
93.9851
93.7656
93.5405
93.3098
93.0734
92.8314
92.5839
92.3307
92.0718
91.8072
91.5369
91.2608
90.9788
90.6908
90.3969
90.0968
89.7906
89.4781
89.1592
88.8339
88.5021
88.1637
87.8187
87.4668
87.1082
86.7426
86.37
85.9904
85.6037
85.2098
84.8087
84.4003
83.9845
83.5613
83.1307
82.6926
82.2469
81.7937
81.3328
80.8643
80.3881
79.9041
79.4124
78.9128
78.4054
77.8901
77.367
76.8359
76.2968
75.7497
75.1945
74.6312
74.0598
73.4802
72.8924
72.2963
71.6917
71.0788
70.4573
69.8273
69.1886
68.5411
67.8846
67.2192
66.5446
65.8607
65.1673
64.4642
63.7514
63.0284
62.2953
61.5515
60.7971
60.0315
59.2547
58.4661
57.6656
56.8526
56.0269
55.1881
54.3358
53.4694
52.5887
51.6932
50.7825
49.8563
48.9144
47.9565
46.9826
45.9932
44.9889
43.9711
42.9421
41.9063
40.868
39.8371
38.8285
37.8633
36.9779
36.2255
35.6824
35.4329
35.5196
35.9071
36.5132
37.2577
38.0846
38.9573
39.8517
40.7524
41.6482
42.5334
43.4025
44.2513
45.0788
45.8826
46.6608
96.5608
96.5497
96.5223
96.48
96.424
96.3553
96.2749
96.1837
96.0824
95.9717
95.8522
95.7243
95.5887
95.4456
95.2954
95.1384
94.975
94.8053
94.6296
94.448
94.2607
94.0678
93.8694
93.6655
93.4563
93.2417
93.0218
92.7966
92.566
92.33
92.0886
91.8417
91.5892
91.3311
91.0673
90.7976
90.522
90.2404
89.9526
89.6586
89.3582
89.0513
88.7379
88.4177
88.0907
87.7569
87.416
87.068
86.7129
86.3505
85.9808
85.6036
85.219
84.8268
84.427
84.0195
83.6043
83.1813
82.7505
82.3118
81.8652
81.4107
80.9481
80.4776
79.999
79.5123
79.0174
78.5145
78.0033
77.484
76.9564
76.4205
75.8764
75.3239
74.763
74.1937
73.616
73.0298
72.435
71.8316
71.2195
70.5987
69.969
69.3305
68.6828
68.0261
67.3601
66.6848
65.9999
65.3053
64.6008
63.8863
63.1615
62.4263
61.6803
60.9234
60.1551
59.3754
58.5837
57.7798
56.9634
56.1339
55.2912
54.4347
53.564
52.6788
51.7785
50.8633
49.9318
48.9851
48.0225
47.0434
46.0496
45.0414
44.0204
42.9892
41.9521
40.9158
39.8908
38.8933
37.9491
37.0988
36.402
35.9411
35.7941
35.9819
36.4491
37.1104
37.8919
38.745
39.636
40.5446
41.457
42.3641
43.2594
44.1387
44.9988
45.8376
46.6534
47.4452
96.0938
96.0789
96.0487
96.0044
95.9473
95.8784
95.7986
95.7087
95.6094
95.5014
95.3852
95.2615
95.1305
94.9927
94.8484
94.698
94.5416
94.3795
94.212
94.039
93.8609
93.6776
93.4893
93.2959
93.0976
92.8943
92.6861
92.4728
92.2545
92.0311
91.8025
91.5686
91.3293
91.0844
90.834
90.5777
90.3156
90.0473
89.7729
89.4922
89.205
88.9111
88.6105
88.3029
87.9884
87.6667
87.3377
87.0014
86.6576
86.3062
85.9472
85.5803
85.2057
84.8232
84.4327
84.0341
83.6275
83.2127
82.7898
82.3586
81.9191
81.4713
81.0152
80.5507
80.0779
79.5965
79.1067
78.6084
78.1017
77.5864
77.0625
76.5301
75.989
75.4393
74.881
74.314
73.7382
73.1536
72.5602
71.9579
71.3467
70.7264
70.0971
69.4586
68.8108
68.1537
67.4871
66.8108
66.1248
65.4289
64.7229
64.0066
63.2798
62.5424
61.794
61.0344
60.2633
59.4804
58.6854
57.8781
57.0579
56.2246
55.3778
54.517
53.6419
52.7521
51.8474
50.9269
49.9907
49.0386
48.0713
47.0876
46.0895
45.0768
44.0528
43.0191
41.9821
40.9487
39.9309
38.9468
38.0269
37.2165
36.5829
36.2113
36.1687
36.4518
36.9907
37.7002
38.5144
39.3886
40.2958
41.2162
42.1389
43.0544
43.9584
44.8456
45.714
46.5621
47.3874
48.1894
95.5742
95.5551
95.5215
95.4749
95.4163
95.3467
95.2671
95.1781
95.0806
94.9751
94.8622
94.7423
94.616
94.4835
94.3452
94.2014
94.0523
93.8982
93.7391
93.5753
93.4067
93.2336
93.056
92.8739
92.6873
92.4961
92.3004
92.1001
91.895
91.6852
91.4705
91.2506
91.0256
90.7952
90.5593
90.3177
90.0702
89.8166
89.5568
89.2906
89.0177
88.738
88.4514
88.1577
87.8567
87.5482
87.2322
86.9086
86.577
86.2376
85.8902
85.5346
85.1708
84.7987
84.4183
84.0295
83.6321
83.2263
82.8118
82.3887
81.957
81.5165
81.0673
80.6094
80.1427
79.6671
79.1828
78.6895
78.1875
77.6765
77.1566
76.6279
76.0902
75.5435
74.9878
74.4231
73.8494
73.2666
72.6746
72.0735
71.4632
70.8435
70.2145
69.5761
68.9281
68.2705
67.6032
66.926
66.2388
65.5414
64.8337
64.1155
63.3866
62.6468
61.8958
61.1333
60.3592
59.5731
58.7747
57.9637
57.1397
56.3023
55.4512
54.586
53.7063
52.8117
51.902
50.9768
50.0357
49.0788
48.106
47.1178
46.1149
45.0985
44.0717
43.0366
41.9996
40.9702
39.9605
38.9934
38.1012
37.3368
36.7738
36.4974
36.5585
36.9304
37.5327
38.2841
39.1259
40.0195
40.9397
41.8705
42.801
43.7231
44.6333
45.5273
46.4019
47.2568
48.0893
48.8998
95.0014
94.9773
94.9399
94.8903
94.8296
94.7588
94.6789
94.5904
94.4943
94.3909
94.281
94.1649
94.043
93.9158
93.7835
93.6464
93.5047
93.3587
93.2084
93.054
92.8956
92.7332
92.5669
92.3967
92.2225
92.0444
91.8621
91.6757
91.4851
91.2899
91.0902
90.8857
90.6763
90.4617
90.2416
90.016
89.7845
89.547
89.3031
89.0527
88.7956
88.5314
88.2601
87.9815
87.6952
87.4013
87.0994
86.7895
86.4715
86.1451
85.8103
85.4669
85.115
84.7543
84.3848
84.0065
83.6192
83.223
82.8178
82.4035
81.9801
81.5476
81.106
80.6552
80.1951
79.7259
79.2474
78.7597
78.2627
77.7565
77.241
76.7162
76.182
75.6386
75.0858
74.5237
73.9522
73.3713
72.7809
72.1811
71.5717
70.9527
70.3241
69.6857
69.0376
68.3795
67.7114
67.0331
66.3446
65.6457
64.9363
64.216
63.4848
62.7425
61.9887
61.2234
60.446
59.6565
58.8545
58.0396
57.2116
56.3699
55.5145
54.6447
53.7602
52.861
51.9459
51.0157
50.0691
49.1073
48.1297
47.1369
46.1291
45.1092
44.0792
43.0432
42.0076
40.9831
39.984
39.0356
38.176
37.464
36.9789
36.8025
36.9646
37.4177
38.0757
38.8635
39.7297
40.6391
41.5702
42.5089
43.4455
44.3735
45.2883
46.1868
47.0668
47.9267
48.7652
49.5815
94.3748
94.345
94.3029
94.2495
94.1861
94.1135
94.0326
93.9441
93.8487
93.7471
93.6397
93.5269
93.4093
93.2871
93.1606
93.0302
92.8959
92.7581
92.6168
92.4722
92.3243
92.1731
92.0188
91.8612
91.7003
91.536
91.3683
91.1969
91.0217
90.8425
90.6591
90.4713
90.2789
90.0815
89.8788
89.6706
89.4567
89.2367
89.0103
88.7773
88.5373
88.2902
88.0357
87.7735
87.5035
87.2253
86.9389
86.6441
86.3407
86.0286
85.7076
85.3776
85.0385
84.6902
84.3327
83.9659
83.5897
83.204
82.8088
82.4042
81.9899
81.5661
81.1326
80.6895
80.2368
79.7744
79.3024
78.8207
78.3293
77.8282
77.3175
76.797
76.2669
75.727
75.1774
74.6181
74.0491
73.4703
72.8817
72.2832
71.6749
71.0566
70.4284
69.7902
69.1418
68.4833
67.8144
67.1351
66.4452
65.7447
65.0333
64.311
63.5774
62.8324
62.0757
61.3072
60.5265
59.7335
58.9276
58.1087
57.2765
56.4305
55.5704
54.6958
53.8065
52.9019
51.9818
51.0466
50.0949
49.1274
48.1449
47.1469
46.1356
45.1123
44.0794
43.0429
42.0094
40.9899
40.0033
39.0772
38.2551
37.6021
37.2027
37.1289
37.3872
37.913
38.6201
39.44
40.3259
41.2493
42.1894
43.1351
44.0764
45.0081
45.9269
46.8287
47.7119
48.5753
49.4176
50.2388
93.6943
93.6579
93.6101
93.5521
93.485
93.4097
93.327
93.2377
93.1424
93.0417
92.9362
92.8263
92.7124
92.5949
92.4739
92.3499
92.223
92.0934
91.9612
91.8266
91.6895
91.5501
91.4082
91.2639
91.1171
90.9676
90.8153
90.6601
90.5016
90.3397
90.1741
90.0045
89.8305
89.6519
89.4682
89.2792
89.0845
88.8836
88.6764
88.4625
88.2414
88.0129
87.7768
87.5327
87.2804
87.0196
86.7501
86.4718
86.1845
85.8879
85.582
85.2666
84.9416
84.6069
84.2625
83.9082
83.544
83.1698
82.7857
82.3915
81.9872
81.5729
81.1484
80.7138
80.2691
79.8143
79.3493
78.8742
78.389
77.8936
77.3881
76.8724
76.3467
75.8107
75.2647
74.7085
74.1423
73.5658
72.9791
72.3823
71.7752
71.1579
70.5302
69.8921
69.2436
68.5846
67.9149
67.2345
66.5433
65.8411
65.1278
64.4031
63.667
62.9193
62.1596
61.3877
60.6035
59.8067
58.9969
58.1738
57.3371
56.4865
55.6216
54.7421
53.8476
52.938
52.0127
51.0717
50.1148
49.1422
48.1541
47.1514
46.1354
45.1088
44.0739
43.0367
42.0062
40.9943
40.0225
39.1223
38.3426
37.7563
37.4487
37.4777
37.8264
38.4169
39.1665
40.0134
40.9172
41.851
42.7991
43.7497
44.6951
45.6294
46.5504
47.4548
48.3401
49.2063
50.0512
50.8745
92.96
92.9158
92.8613
92.7975
92.7257
92.6466
92.5611
92.4699
92.3738
92.2733
92.1688
92.061
91.9501
91.8366
91.7207
91.6027
91.4829
91.3613
91.2382
91.1136
90.9876
90.8602
90.7313
90.6009
90.4689
90.3352
90.1994
90.0615
89.9211
89.7778
89.6315
89.4816
89.3278
89.1697
89.0069
88.8388
88.6652
88.4855
88.2993
88.1063
87.9059
87.698
87.482
87.2577
87.0248
86.7831
86.5322
86.2719
86.0021
85.7226
85.4332
85.1337
84.8241
84.5043
84.1742
83.8336
83.4826
83.121
82.7489
82.3662
81.9729
81.569
81.1544
80.7292
80.2933
79.8468
79.3896
78.9217
78.4433
77.9542
77.4545
76.9442
76.4233
75.8918
75.3497
74.7971
74.2339
73.6601
73.0757
72.4807
71.8751
71.2588
70.6318
69.994
69.3455
68.6861
68.0157
67.3342
66.6416
65.9376
65.2222
64.4953
63.7565
63.0058
62.2429
61.4677
60.6798
59.8789
59.0649
58.2374
57.3961
56.5406
55.6707
54.786
53.8862
52.9707
52.04
51.0936
50.1307
49.1527
48.1595
47.1521
46.132
45.1016
44.065
43.0283
42.0011
40.9983
40.0438
39.173
38.4423
37.9302
37.7196
37.8498
38.281
38.9284
39.7151
40.5851
41.5034
42.4471
43.401
44.3551
45.3028
46.2393
47.1614
48.0668
48.9537
49.8211
50.6679
51.4928
92.1725
92.1193
92.0567
91.9858
91.9079
91.8238
91.7342
91.64
91.5418
91.4402
91.3358
91.2289
91.1202
91.0098
90.8982
90.7856
90.6723
90.5584
90.4441
90.3294
90.2145
90.0993
89.9838
89.8679
89.7515
89.6343
89.5162
89.3967
89.2757
89.1526
89.0272
88.8988
88.7671
88.6315
88.4914
88.3464
88.1959
88.0394
87.8763
87.7062
87.5287
87.3432
87.1494
86.9469
86.7353
86.5144
86.2838
86.0434
85.7928
85.5319
85.2606
84.9786
84.6859
84.3823
84.0678
83.7422
83.4056
83.0579
82.699
82.329
81.9477
81.5552
81.1515
80.7365
80.3103
79.873
79.4244
78.9646
78.4937
78.0116
77.5184
77.014
76.4986
75.9721
75.4345
74.8859
74.3262
73.7555
73.1737
72.5808
71.9769
71.3619
70.7359
70.0986
69.4501
68.7903
68.1193
67.4367
66.7427
66.037
65.3195
64.5901
63.8486
63.0949
62.3286
61.5498
60.7579
59.9529
59.1345
58.3022
57.456
56.5955
55.7202
54.83
53.9247
53.0036
52.0667
51.1145
50.146
49.1625
48.1635
47.1512
46.1263
45.0928
44.0548
43.0192
41.9963
41.0044
40.0696
39.2333
38.5582
38.1274
38.0177
38.2449
38.7505
39.4482
40.2658
41.1561
42.0865
43.0382
43.9964
44.9537
45.9026
46.8397
47.7626
48.668
49.5549
50.4224
51.2695
52.0955
91.3331
91.2692
91.197
91.1176
91.0321
90.9413
90.8461
90.7474
90.6456
90.5416
90.4357
90.3286
90.2208
90.1124
90.004
89.8959
89.7882
89.6813
89.5752
89.4701
89.3661
89.2631
89.1612
89.0602
88.9599
88.8601
88.7606
88.6609
88.5607
88.4594
88.3566
88.2517
88.144
88.0329
87.9179
87.7981
87.6731
87.542
87.4044
87.2596
87.1071
86.9464
86.7769
86.5982
86.4101
86.212
86.0037
85.7849
85.5554
85.3149
85.0633
84.8004
84.5262
84.2404
83.943
83.6339
83.3131
82.9805
82.6361
82.2799
81.9118
81.5319
81.1402
80.7366
80.3211
79.8939
79.4549
79.0041
78.5415
78.0672
77.5812
77.0836
76.5743
76.0534
75.5209
74.9768
74.4212
73.8539
73.2752
72.6849
72.0831
71.4697
70.8447
70.2082
69.56
68.9001
68.2283
67.5448
66.8494
66.1419
65.4223
64.6904
63.9461
63.1891
62.4194
61.6366
60.8407
60.0312
59.2081
58.371
57.5196
56.6535
55.7727
54.8767
53.9655
53.0385
52.0956
51.1369
50.1624
49.1726
48.168
47.1502
46.1217
45.0847
44.0456
43.011
41.9949
41.0153
40.1039
39.3072
38.6943
38.3519
38.3438
38.6624
39.2344
39.9751
40.8203
41.7271
42.6682
43.6256
44.5868
45.5455
46.4954
47.4321
48.3543
49.2588
50.1455
51.0122
51.8586
52.6847
90.4433
90.3672
90.2837
90.1939
90.0991
89.9999
89.8974
89.7922
89.6852
89.5769
89.4679
89.3589
89.2503
89.1424
89.0357
88.9307
88.8275
88.7265
88.6278
88.5316
88.438
88.347
88.2586
88.1726
88.0889
88.0073
87.9273
87.8486
87.7706
87.6928
87.6145
87.5351
87.4537
87.3695
87.2819
87.1899
87.0928
86.9899
86.8802
86.7632
86.6383
86.5047
86.3619
86.2095
86.047
85.8739
85.69
85.495
85.2885
85.0703
84.8404
84.5984
84.3443
84.0779
83.7993
83.5082
83.2047
82.8887
82.5602
82.2192
81.8657
81.4996
81.121
80.7299
80.3264
79.9103
79.4819
79.041
78.5878
78.1223
77.6444
77.1543
76.6519
76.1374
75.6106
75.0717
74.5207
73.9576
73.3824
72.7951
72.1958
71.5844
70.9609
70.3254
69.6776
69.0178
68.3456
67.6612
66.9645
66.2553
65.5335
64.7991
64.0518
63.2915
62.5181
61.7313
60.931
60.1168
59.2887
58.4463
57.5894
56.7177
55.8308
54.9286
54.0112
53.0773
52.1281
51.1631
50.1817
49.1858
48.1755
47.1525
46.1192
45.0793
44.0387
43.0074
41.998
41.0336
40.1487
39.3974
38.8545
38.6061
38.699
39.1017
39.732
40.5105
41.3786
42.2991
43.2481
44.2097
45.1736
46.1326
47.0818
48.018
48.9387
49.8422
50.7273
51.5923
52.4378
53.2625
89.5056
89.4154
89.3187
89.2167
89.1104
89.0008
88.8888
88.7753
88.6608
88.5462
88.4321
88.3191
88.2077
88.0984
87.9917
87.888
87.7877
87.691
87.5984
87.51
87.4259
87.3461
87.2709
87.1999
87.133
87.07
87.0104
86.9538
86.8996
86.8469
86.7952
86.7434
86.6907
86.636
86.5785
86.5171
86.4508
86.3787
86.2999
86.2136
86.1189
86.0152
85.9018
85.7781
85.6437
85.4981
85.3409
85.1718
84.9905
84.7968
84.5904
84.3713
84.1392
83.8941
83.6359
83.3645
83.0799
82.7821
82.471
82.1467
81.8091
81.4582
81.0942
80.7169
80.3264
79.9229
79.5062
79.0764
78.6336
78.1778
77.7091
77.2274
76.7328
76.2255
75.7053
75.1724
74.6267
74.0684
73.4974
72.9137
72.3174
71.7085
71.0868
70.4526
69.8057
69.1461
68.4738
67.7887
67.0908
66.3799
65.656
64.9189
64.1686
63.4049
62.6276
61.8366
61.0317
60.2126
59.3792
58.5312
57.6684
56.7905
55.8973
54.9884
54.0638
53.1238
52.1673
51.1955
50.2075
49.2051
48.1883
47.1599
46.1222
45.0796
44.038
43.0092
42.0088
41.062
40.2085
39.5083
39.0428
38.8924
39.0827
39.5618
40.2437
41.0534
41.9413
42.8731
43.8289
44.7933
45.7579
46.717
47.6648
48.5989
49.5174
50.4185
51.3011
52.1643
53.0074
53.8298
88.5232
88.4169
88.3049
88.1885
88.0686
87.9464
87.8226
87.6982
87.574
87.4506
87.3289
87.2094
87.0928
86.9796
86.8704
86.7659
86.6663
86.572
86.4837
86.4013
86.3253
86.2558
86.1928
86.1363
86.0861
86.042
86.0035
85.9701
85.9409
85.9152
85.8921
85.8704
85.849
85.8268
85.8024
85.7746
85.7423
85.7043
85.6595
85.6068
85.5455
85.4746
85.3935
85.3014
85.1978
85.0822
84.9542
84.8134
84.6596
84.4925
84.3119
84.1176
83.9096
83.6877
83.4518
83.2019
82.938
82.66
82.368
82.0619
81.7419
81.4077
81.0596
80.6976
80.3217
79.9318
79.5282
79.1107
78.6796
78.2347
77.7762
77.304
76.8183
76.3192
75.8065
75.2804
74.741
74.1882
73.6221
73.0427
72.45
71.8441
71.2249
70.5925
69.9469
69.2879
68.6157
67.9301
67.2312
66.5187
65.7927
65.0531
64.2997
63.5325
62.7512
61.9558
61.146
60.3217
59.4827
58.6287
57.7596
56.8752
55.9751
55.0591
54.1273
53.1796
52.2164
51.2368
50.2416
49.2318
48.2086
47.1746
46.1318
45.0865
44.0449
43.0203
42.0298
41.1037
40.2862
39.6441
39.2627
39.2124
39.495
40.0421
40.768
41.6053
42.5085
43.4499
44.4101
45.3768
46.3411
47.2986
48.2448
49.1762
50.0923
50.9902
51.8696
52.7303
53.5703
54.3896
87.4999
87.3754
87.2459
87.1128
86.977
86.8396
86.7015
86.5636
86.4268
86.2919
86.1596
86.0308
85.9061
85.7862
85.6718
85.5635
85.4619
85.3675
85.2808
85.2024
85.1325
85.0713
85.0193
84.9763
84.9422
84.9168
84.8997
84.8902
84.8874
84.8906
84.8983
84.9092
84.9221
84.9353
84.9474
84.9567
84.9619
84.9615
84.9542
84.9388
84.9142
84.8794
84.8337
84.7762
84.7063
84.6235
84.5274
84.4176
84.2937
84.1556
84.0031
83.8359
83.654
83.4573
83.2458
83.0193
82.7779
82.5217
82.2505
81.9644
81.6634
81.3477
81.0172
80.6719
80.3119
79.9373
79.5481
79.1444
78.7262
78.2935
77.8465
77.3851
76.9094
76.4196
75.9155
75.3973
74.865
74.3187
73.7584
73.184
72.5958
71.9936
71.3775
70.7475
70.1036
69.4457
68.774
68.0883
67.3885
66.6748
65.9469
65.2048
64.4483
63.6775
62.8921
62.0921
61.2772
60.4474
59.6024
58.7421
57.8663
56.9748
56.0674
55.1441
54.2042
53.2487
52.2771
51.2897
50.287
49.2698
48.2398
47.1993
46.1518
45.1032
44.062
43.042
42.0646
41.1618
40.3856
39.8085
39.5174
39.5669
39.9348
40.5421
41.3057
42.1656
43.0824
44.0307
44.9938
45.9608
46.9244
47.8795
48.8226
49.7512
50.6635
51.5576
52.4337
53.2905
54.1266
54.9426
86.4403
86.2954
86.1462
85.9939
85.8396
85.6844
85.5292
85.375
85.2227
85.0731
84.9272
84.7858
84.6496
84.5196
84.3965
84.281
84.174
84.0761
83.988
83.9103
83.8437
83.7886
83.7453
83.714
83.6948
83.6875
83.6916
83.7066
83.7314
83.7649
83.8057
83.8522
83.9025
83.9548
84.0071
84.0575
84.1042
84.1454
84.1795
84.2051
84.221
84.2259
84.219
84.1993
84.1663
84.1194
84.058
83.9819
83.8907
83.7841
83.662
83.5243
83.3708
83.2015
83.0164
82.8154
82.5985
82.3659
82.1174
81.8531
81.5731
81.2775
80.9662
80.6394
80.297
79.9392
79.566
79.1775
78.7737
78.3547
77.9205
77.4712
77.0069
76.5276
76.0333
75.5242
75.0002
74.4614
73.9079
73.3396
72.7566
72.159
71.5468
70.9199
70.2784
69.6223
68.9515
68.2661
67.566
66.8511
66.1216
65.3771
64.6177
63.8433
63.0537
62.249
61.4288
60.5932
59.7419
58.8749
57.9918
57.0928
56.1775
55.2459
54.2978
53.3339
52.3532
51.3574
50.3458
49.3207
48.2834
47.2365
46.1836
45.1324
44.0922
43.0784
42.1151
41.24
40.5103
40.0058
39.8095
39.9563
40.402
41.0609
41.857
42.7363
43.6634
44.6165
45.5817
46.5479
47.5092
48.4617
49.401
50.3253
51.2332
52.1233
52.9949
53.847
54.6791
55.4899
85.3498
85.1824
85.0111
84.8373
84.6619
84.4861
84.3109
84.1373
83.9662
83.7987
83.6356
83.4779
83.3266
83.1825
83.0466
82.9199
82.8034
82.6979
82.6044
82.5237
82.4567
82.4041
82.3664
82.3443
82.3378
82.3471
82.3717
82.4112
82.4643
82.5299
82.6062
82.6911
82.7824
82.8777
82.9744
83.0703
83.163
83.2503
83.3303
83.4013
83.4616
83.5102
83.5458
83.5676
83.5748
83.567
83.5434
83.5039
83.448
83.3756
83.2866
83.1807
83.058
82.9184
82.7619
82.5886
82.3983
82.1913
81.9675
81.727
81.4699
81.1962
80.9059
80.5993
80.2763
79.937
79.5815
79.2098
78.8221
78.4183
77.9985
77.5628
77.1113
76.6439
76.1609
75.6621
75.1477
74.6177
74.0721
73.511
72.9344
72.3424
71.7349
71.112
70.4737
69.8201
69.151
68.4664
67.7665
67.051
66.3201
65.5735
64.8114
64.0335
63.2397
62.4301
61.6046
60.7629
59.905
59.0308
58.1401
57.233
56.309
55.3686
54.4116
53.438
52.4487
51.4431
50.4225
49.389
48.3431
47.2887
46.2314
45.177
44.1382
43.132
42.1853
41.3419
40.6655
40.2403
40.1414
40.3806
40.8956
41.5996
42.4225
43.317
44.2526
45.2088
46.174
47.1389
48.0969
49.0453
49.9799
50.8999
51.8026
52.6875
53.5544
54.4012
55.228
56.0341
84.2343
84.0423
83.8468
83.6489
83.4499
83.2507
83.0525
82.8563
82.6632
82.4741
82.2901
82.1122
81.9415
81.7791
81.626
81.4835
81.3527
81.2347
81.1309
81.0423
80.9701
80.9155
80.8793
80.8625
80.8657
80.889
80.9325
80.9957
81.0775
81.1765
81.2905
81.417
81.5531
81.6959
81.8421
81.9885
82.1323
82.2708
82.4016
82.5225
82.632
82.7284
82.8106
82.8777
82.9287
82.9633
82.9808
82.9809
82.9633
82.9279
82.8745
82.8031
82.7137
82.6061
82.4806
82.3371
82.1757
81.9964
81.7993
81.5846
81.3523
81.1025
80.8353
80.5508
80.249
79.93
79.594
79.2409
78.8709
78.484
78.0803
77.6599
77.2228
76.769
76.2986
75.8117
75.3083
74.7885
74.2523
73.6996
73.1307
72.5454
71.9438
71.326
70.6919
70.0416
69.375
68.6921
67.993
67.2775
66.5457
65.7975
65.0328
64.2516
63.4539
62.6395
61.8084
60.9605
60.0957
59.2139
58.3152
57.3994
56.4666
55.5168
54.5495
53.5661
52.5662
51.5506
50.5203
49.4767
48.4223
47.3606
46.2971
45.2409
44.2035
43.2057
42.2794
41.472
40.8555
40.5157
40.5147
40.8402
41.416
42.158
43.0031
43.9096
44.8506
45.8088
46.7726
47.7345
48.6889
49.6324
50.5622
51.4765
52.3734
53.253
54.1132
54.9546
55.7753
56.5759
83.1005
82.8819
82.66
82.4358
82.2106
81.9854
81.7613
81.5394
81.3207
81.1065
80.8976
80.6954
80.501
80.3155
80.1403
79.9768
79.8263
79.6903
79.5704
79.468
79.3848
79.3223
79.2821
79.2654
79.2735
79.3071
79.3667
79.4519
79.5619
79.695
79.8489
80.0204
80.2058
80.4012
80.6022
80.8051
81.0059
81.2013
81.3883
81.5646
81.728
81.8769
82.01
82.1264
82.2251
82.3056
82.3674
82.4104
82.4341
82.4385
82.4236
82.3893
82.3356
82.2626
82.1704
82.0591
81.9287
81.7794
81.6112
81.4244
81.219
80.9952
80.753
80.4925
80.2139
79.9172
79.6025
79.2699
78.9196
78.5514
78.1657
77.7622
77.3412
76.9028
76.4468
75.9734
75.4827
74.9746
74.4492
73.9066
73.3467
72.7696
72.1752
71.5638
70.935
70.2892
69.6261
68.9459
68.2484
67.5337
66.8018
66.0524
65.2858
64.5017
63.7002
62.8811
62.0445
61.1902
60.3183
59.4287
58.5214
57.5965
56.6536
55.6938
54.716
53.7218
52.7105
51.684
50.643
49.5885
48.5248
47.4551
46.3858
45.3265
44.2917
43.3045
42.4007
41.6349
41.0848
40.8355
40.9305
41.3342
41.9625
42.7369
43.5998
44.5159
45.4603
46.4182
47.3801
48.3377
49.287
50.2246
51.1482
52.0561
52.947
53.8199
54.674
55.5087
56.3232
57.1163
81.9553
81.7085
81.4582
81.2056
80.9519
80.6981
80.4453
80.1947
79.9473
79.7042
79.4667
79.236
79.0132
78.7999
78.5974
78.4073
78.2312
78.0709
77.9283
77.8054
77.7041
77.6267
77.5753
77.552
77.5587
77.597
77.6679
77.7719
77.9085
78.0759
78.2716
78.4916
78.7311
78.9849
79.2475
79.5134
79.7778
80.0366
80.2861
80.5233
80.7461
80.9525
81.1411
81.3109
81.4611
81.5913
81.701
81.7899
81.858
81.9053
81.9316
81.937
81.9217
81.8858
81.8293
81.7525
81.6554
81.5383
81.4013
81.2446
81.0682
80.8724
80.6573
80.4229
80.1695
79.8971
79.6058
79.2957
78.9669
78.6195
78.2536
77.8691
77.4662
77.0449
76.6052
76.1472
75.6709
75.1763
74.6635
74.1325
73.5834
73.016
72.4304
71.8267
71.2049
70.5648
69.9066
69.2301
68.5355
67.8225
67.0913
66.3417
65.5737
64.7873
63.9825
63.1591
62.3171
61.4566
60.5776
59.6799
58.7637
57.829
56.8761
55.9049
54.9159
53.91
52.8868
51.8478
50.7951
49.7295
48.6548
47.5764
46.5008
45.4383
44.4069
43.4322
42.5542
41.8358
41.359
41.2031
41.3897
41.8632
42.5367
43.3372
44.2141
45.1364
46.0827
47.0387
47.9967
48.9497
49.8928
50.8238
51.741
52.6416
53.5251
54.3912
55.2379
56.065
56.872
57.6581
80.8061
80.5295
80.2493
79.9664
79.6821
79.3975
79.1135
78.8314
78.5522
78.277
78.0071
77.7438
77.4884
77.2423
77.0073
76.7848
76.577
76.3857
76.2132
76.062
75.9346
75.8339
75.7627
75.7242
75.7212
75.7564
75.8321
75.9497
76.1094
76.3101
76.5489
76.8209
77.12
77.439
77.7705
78.1074
78.4432
78.7726
79.0913
79.3958
79.6835
79.9525
80.2012
80.4289
80.6347
80.8182
80.9792
81.1175
81.233
81.3259
81.3963
81.4442
81.4699
81.4735
81.4552
81.4153
81.3539
81.2713
81.1676
81.0431
80.898
80.7324
80.5464
80.3403
80.1142
79.8682
79.6024
79.3169
79.0117
78.6871
78.343
77.9795
77.5967
77.1945
76.7731
76.3325
75.8726
75.3935
74.8952
74.3778
73.8412
73.2853
72.7103
72.1162
71.5028
70.8701
70.2183
69.5471
68.8566
68.1467
67.4173
66.6686
65.9002
65.1123
64.3048
63.4776
62.6308
61.7643
60.8781
59.9723
59.047
58.1023
57.1386
56.156
55.1543
54.1353
53.0992
52.0472
50.981
49.9031
48.8178
47.7292
46.6461
45.581
44.5537
43.5929
42.7458
42.0801
41.6826
41.621
41.8932
42.4275
43.1385
43.9599
44.8477
45.7735
46.7191
47.6724
48.6251
49.5717
50.5084
51.4324
52.3411
53.2343
54.1102
54.9675
55.8065
56.6254
57.4241
58.2023
79.6601
79.3527
79.0412
78.7266
78.4101
78.0927
77.7754
77.4594
77.1457
76.8354
76.5299
76.2303
75.938
75.6547
75.3819
75.1216
74.8757
74.6466
74.4369
74.2492
74.0869
73.9534
73.8525
73.7884
73.7652
73.7872
73.8583
73.9817
74.1591
74.3902
74.6724
74.9999
75.3647
75.7569
76.1661
76.5829
76.9986
77.4067
77.8018
78.1801
78.5386
78.8755
79.1892
79.4791
79.7444
79.9849
80.2006
80.3914
80.5574
80.6989
80.816
80.909
80.9781
81.0237
81.0461
81.0454
81.022
80.9761
80.9081
80.818
80.7063
80.5731
80.4185
80.2428
80.0461
79.8285
79.5903
79.3315
79.0522
78.7524
78.4324
78.092
77.7314
77.3506
76.9496
76.5284
76.087
75.6255
75.1439
74.6421
74.1201
73.5778
73.0154
72.4327
71.8297
71.2063
70.5626
69.8984
69.2137
68.5085
67.7825
67.0359
66.2685
65.4802
64.671
63.8409
62.9898
62.1178
61.2249
60.3111
59.3767
58.4218
57.4464
56.4518
55.4372
54.4047
53.3547
52.2879
51.2077
50.1163
49.0179
47.9187
46.8282
45.7604
44.7374
43.7933
42.9804
42.374
42.0607
42.0919
42.4417
43.0282
43.7704
44.6079
45.5026
46.4302
47.3732
48.3214
49.2683
50.2074
51.1359
52.0513
52.9518
53.8361
54.7031
55.5519
56.3813
57.1917
57.9817
58.7501
78.5246
78.1856
77.8419
77.4946
77.1446
76.793
76.4409
76.089
75.7387
75.3909
75.0468
74.7078
74.3752
74.0505
73.7355
73.4321
73.1424
72.8689
72.6145
72.3823
72.176
71.9997
71.8581
71.7566
71.7009
71.6972
71.7516
71.8699
72.0563
72.3126
72.6371
73.0232
73.4604
73.9349
74.4321
74.9388
75.4439
75.9391
76.4181
76.8767
77.3119
77.7218
78.1051
78.4612
78.7898
79.0908
79.3643
79.6106
79.83
80.0227
80.1892
80.3298
80.4449
80.5349
80.6002
80.641
80.6578
80.6509
80.6206
80.5673
80.4911
80.3923
80.2713
80.1281
79.963
79.7761
79.5676
79.3376
79.0863
78.8136
78.5198
78.2047
77.8686
77.5113
77.1329
76.7335
76.313
75.8713
75.4086
74.9246
74.4195
73.8931
73.3455
72.7764
72.186
71.5741
70.9406
70.2854
69.6084
68.9097
68.189
67.4463
66.6814
65.8942
65.0847
64.2529
63.3986
62.5219
61.6229
60.7016
59.7583
58.7932
57.8065
56.7988
55.7708
54.724
53.6584
52.577
51.4808
50.3746
49.2618
48.1511
47.0516
45.9811
44.9639
44.039
43.2654
42.7241
42.4979
42.6179
43.0363
43.6668
44.4332
45.2831
46.1821
47.1077
48.0468
48.9885
49.9274
50.8578
51.7777
52.6836
53.5744
54.4495
55.3065
56.1454
56.9655
57.7658
58.5459
59.3046
77.4062
77.0353
76.659
76.2784
75.8943
75.5077
75.1194
74.7306
74.342
73.9549
73.5703
73.1894
72.8135
72.4442
72.0832
71.7324
71.3939
71.0704
70.7647
70.4803
70.2213
69.9924
69.799
69.6478
69.546
69.5021
69.5252
69.6245
69.8081
70.0814
70.4449
70.8922
71.4092
71.9763
72.5726
73.1798
73.7837
74.3742
74.9442
75.4892
76.0063
76.4938
76.9508
77.3768
77.772
78.1365
78.4708
78.7753
79.0505
79.297
79.5152
79.7057
79.8691
80.0056
80.116
80.2005
80.2597
80.2938
80.3034
80.2888
80.2503
80.1881
80.1026
79.9941
79.8627
79.7086
79.532
79.333
79.1118
78.8684
78.603
78.3155
78.0061
77.6747
77.3213
76.9459
76.5486
76.1292
75.6877
75.2241
74.7382
74.2301
73.6996
73.1467
72.5713
71.9731
71.3523
70.7085
70.0416
69.3516
68.6383
67.9016
67.1412
66.3571
65.5491
64.7171
63.8611
62.9811
62.077
61.1491
60.1975
59.2226
58.2247
57.2044
56.1626
55.1002
54.0187
52.9203
51.8075
50.6844
49.5566
48.433
47.3244
46.2504
45.24
44.3366
43.6072
43.1366
42.9988
43.2015
43.6793
44.3453
45.1302
45.9881
46.8878
47.8104
48.7423
49.6764
50.6061
51.5272
52.4367
53.3319
54.2126
55.0762
55.923
56.7511
57.5608
58.3502
59.1192
59.8674
76.3111
75.9085
75.4997
75.0856
74.6672
74.2452
73.8205
73.394
72.9664
72.5389
72.1124
71.6881
71.2672
70.851
70.4413
70.0398
69.6487
69.2705
68.9083
68.5655
68.2463
67.9561
67.7008
67.488
67.3267
67.2278
67.2036
67.2679
67.4344
67.714
68.1118
68.622
69.2262
69.8962
70.6022
71.3195
72.0302
72.7227
73.3893
74.0254
74.6285
75.1971
75.7308
76.2297
76.6941
77.1246
77.5219
77.8868
78.2199
78.5222
78.7942
79.0366
79.2501
79.4352
79.5926
79.7227
79.8262
79.9034
79.9548
79.9809
79.9819
79.9584
79.9105
79.8386
79.7429
79.6236
79.481
79.3152
79.1262
78.9143
78.6796
78.4219
78.1415
77.8382
77.5122
77.1633
76.7915
76.3968
75.9791
75.5384
75.0744
74.5872
74.0765
73.5423
72.9845
72.4028
71.7972
71.1674
70.5133
69.8346
69.1313
68.403
67.6495
66.8708
66.0665
65.2366
64.3808
63.4992
62.5917
61.6586
60.6996
59.7158
58.7067
57.6741
56.6183
55.5399
54.442
53.3261
52.1956
51.0549
49.9107
48.7722
47.6537
46.5764
45.5735
44.695
44.0143
43.6188
43.5678
43.845
44.3729
45.0667
45.8651
46.7258
47.6238
48.5403
49.4645
50.3887
51.3076
52.2174
53.1153
53.9993
54.8681
55.7204
56.5553
57.372
58.1691
58.9472
59.7047
60.4401
75.2449
74.8109
74.3701
73.9231
73.4707
73.0135
72.5525
72.0883
71.6218
71.1536
70.6849
70.2165
69.7496
69.2855
68.8256
68.3716
67.9257
67.49
67.0676
66.662
66.2775
65.9193
65.594
65.3101
65.078
64.9106
64.8242
64.8379
64.9725
65.2475
65.6747
66.2499
66.9478
67.7285
68.5511
69.3838
70.2056
71.0033
71.7691
72.4986
73.1895
73.8411
74.4532
75.0264
75.5616
76.0595
76.5213
76.948
77.3407
77.7001
78.0274
78.3232
78.5884
78.8237
79.0297
79.2071
79.3565
79.4785
79.5735
79.642
79.6845
79.7013
79.6929
79.6595
79.6014
79.519
79.4123
79.2816
79.1271
78.9487
78.7467
78.5211
78.2719
77.9992
77.7028
77.3828
77.0391
76.6716
76.2803
75.8649
75.4255
74.9619
74.4738
73.9611
73.4237
72.8614
72.2739
71.661
71.0225
70.3582
69.6677
68.9507
68.2071
67.4365
66.6387
65.8134
64.9604
64.0796
63.1709
62.2344
61.2705
60.2788
59.2602
58.2154
57.1461
56.0524
54.937
53.803
52.6537
51.4936
50.3315
49.1776
48.0474
46.9668
45.9729
45.1227
44.4957
44.1777
44.2095
44.5519
45.1201
45.835
46.6405
47.5015
48.394
49.302
50.2166
51.1292
52.0364
52.9334
53.8183
54.6892
55.5455
56.3846
57.2064
58.01
58.7947
59.5596
60.3038
61.0264
74.2118
73.7477
73.2756
72.7965
72.3108
71.8194
71.3227
70.8216
70.3166
69.8085
69.2979
68.7859
68.2733
67.7613
67.2511
66.7444
66.2429
65.7488
65.2649
64.7945
64.3418
63.9122
63.5124
63.1514
62.8407
62.5956
62.4358
62.3865
62.4778
62.7402
63.195
63.8382
64.6336
65.5266
66.4651
67.4117
68.3425
69.2435
70.1068
70.9281
71.7058
72.4395
73.1296
73.777
74.3829
74.9485
75.4752
75.9642
76.4169
76.8344
77.2177
77.5678
77.8858
78.1722
78.4281
78.654
78.8507
79.0188
79.1588
79.2713
79.3567
79.4155
79.4482
79.455
79.4363
79.3924
79.3236
79.2299
79.1116
78.9689
78.8017
78.6102
78.3945
78.1544
77.89
77.6012
77.288
76.9503
76.5879
76.2007
75.7884
75.3511
74.8885
74.4003
73.8863
73.3463
72.7801
72.1873
71.5676
70.9207
70.2464
69.5441
68.8135
68.0544
67.2662
66.4488
65.6017
64.7247
63.8177
62.8805
61.9135
60.9166
59.8904
58.8356
57.7533
56.645
55.513
54.3602
53.1908
52.0116
50.8296
49.6582
48.5167
47.432
46.4484
45.6296
45.0604
44.8206
44.9285
45.3255
45.9251
46.6537
47.4624
48.3192
49.2034
50.1004
51.0024
51.9022
52.7954
53.6781
54.5491
55.4062
56.2472
57.0725
57.8798
58.669
59.4399
60.1903
60.9201
61.6281
73.2155
72.7223
72.2203
71.7103
71.1927
70.6682
70.1373
69.6005
69.0583
68.5114
67.9604
67.406
66.8489
66.2902
65.731
65.1726
64.6166
64.065
63.5203
62.9857
62.4652
61.9641
61.4892
61.0497
60.6582
60.3317
60.0937
59.9759
60.0186
60.2665
60.7514
61.4656
62.357
63.3553
64.4003
65.4506
66.4812
67.4774
68.4312
69.3387
70.1986
71.0106
71.7757
72.4949
73.1697
73.8016
74.3921
74.9429
75.4551
75.9303
76.3697
76.7743
77.1452
77.4834
77.7897
78.0649
78.3097
78.5248
78.7108
78.8684
78.998
79.1001
79.1752
79.2237
79.2459
79.2421
79.2126
79.1577
79.0775
78.9721
78.8417
78.6863
78.506
78.3007
78.0705
77.8152
77.5348
77.2292
76.8983
76.5417
76.1595
75.7513
75.317
74.8562
74.3687
73.8542
73.3125
72.743
72.1455
71.5196
70.8649
70.1809
69.4671
68.7231
67.9484
67.1425
66.305
65.4356
64.5338
63.5997
62.6326
61.6336
60.602
59.5397
58.4471
57.3258
56.1776
55.007
53.8182
52.618
51.416
50.2268
49.0724
47.984
47.0115
46.2269
45.719
45.5552
45.7301
46.1713
46.7923
47.5285
48.3349
49.1838
50.0572
50.9414
51.8286
52.7129
53.5902
54.4573
55.3122
56.1531
56.9787
57.7873
58.5793
59.3532
60.1077
60.8428
61.5567
62.2492
72.2584
71.7375
71.2071
70.6678
70.12
69.564
69.0005
68.4298
67.8523
67.2685
66.6789
66.0841
65.4848
64.8816
64.2756
63.6679
63.0599
62.4534
61.8508
61.2549
60.6696
60.1001
59.5534
59.0389
58.57
58.1655
57.8526
57.6694
57.6678
57.9071
58.4273
59.2117
60.1894
61.2775
62.4112
63.5482
64.6631
65.741
66.774
67.7582
68.6922
69.5759
70.4103
71.1967
71.9366
72.6317
73.2836
73.8938
74.464
74.9956
75.49
75.9483
76.3718
76.7613
77.1179
77.4424
77.7356
77.9981
78.2308
78.4341
78.6086
78.7549
78.8734
78.9646
79.0289
79.0665
79.0778
79.063
79.0223
78.9559
78.8639
78.7463
78.6033
78.4348
78.2407
78.0211
77.7758
77.5046
77.2075
76.8842
76.5345
76.1582
75.7549
75.3245
74.8666
74.3808
73.8668
73.3241
72.7524
72.1511
71.5198
70.8579
70.1649
69.4401
68.683
67.893
67.0695
66.2119
65.3197
64.3925
63.4306
62.433
61.4005
60.3341
59.2337
58.1015
56.9406
55.7539
54.546
53.3257
52.1034
50.8951
49.7265
48.6344
47.6751
46.9279
46.482
46.3891
46.6208
47.0943
47.7291
48.466
49.2653
50.103
50.9618
51.8297
52.6997
53.5669
54.4261
55.2751
56.1125
56.9354
57.7431
58.5346
59.309
60.0653
60.8029
61.5206
62.2174
62.8918
71.3418
70.795
70.238
69.6711
69.0948
68.5094
67.9153
67.3128
66.7022
66.0839
65.4583
64.8257
64.1868
63.5421
62.8925
62.2389
61.5826
60.9252
60.2689
59.6165
58.9716
58.3396
57.7274
57.1452
56.6072
56.1342
55.7572
55.5213
55.4895
55.7333
56.2945
57.1417
58.1877
59.3431
60.5427
61.745
62.9249
64.0678
65.1655
66.2139
67.2114
68.1578
69.0539
69.9008
70.7002
71.4537
72.1627
72.8291
73.4543
74.0399
74.5872
75.0975
75.572
76.0118
76.4178
76.7909
77.132
77.4418
77.7209
77.9701
78.1899
78.3808
78.5433
78.6779
78.7849
78.8648
78.9179
78.9443
78.9444
78.9182
78.866
78.7877
78.6836
78.5534
78.3973
78.2152
78.0069
77.7723
77.5112
77.2235
76.9088
76.567
76.1976
75.8004
75.375
74.9211
74.4381
73.9256
73.3832
72.8103
72.2063
71.5706
70.9025
70.2014
69.4664
68.6969
67.8922
67.0514
66.1739
65.2591
64.3066
63.3161
62.2875
61.2214
60.1184
58.98
57.8087
56.6089
55.3848
54.1453
52.9036
51.677
50.4948
49.3994
48.4541
47.7462
47.3612
47.3312
47.6071
48.1028
48.7426
49.4738
50.2618
51.0838
51.9239
52.7732
53.6237
54.4706
55.3093
56.1385
56.955
57.7583
58.5461
59.3184
60.0732
60.8102
61.5284
62.2273
62.9049
63.5603
70.466
69.8952
69.3133
68.7209
68.1182
67.5055
66.8831
66.2512
65.6099
64.9597
64.3007
63.6334
62.9581
62.2754
61.5859
60.8904
60.1902
59.4868
58.7821
58.0789
57.3811
56.694
56.025
55.3847
54.789
54.261
53.836
53.5663
53.5248
53.7898
54.3951
55.2925
56.3849
57.5831
58.8246
60.0698
61.2947
62.4845
63.6311
64.7299
65.7789
66.7774
67.726
68.6256
69.4775
70.2832
71.0441
71.762
72.4381
73.0741
73.6713
74.2309
74.7541
75.2422
75.6959
76.1163
76.5041
76.8602
77.1851
77.4796
77.7443
77.9796
78.1861
78.3643
78.5145
78.6371
78.7324
78.8008
78.8424
78.8574
78.846
78.8082
78.7441
78.6538
78.5371
78.394
78.2245
78.0283
77.8053
77.5552
77.2778
76.9727
76.6398
76.2785
75.8885
75.4693
75.0205
74.5417
74.0321
73.4913
72.9185
72.3131
71.6743
71.0014
70.2933
69.5493
68.7685
67.95
67.0929
66.1964
65.2593
64.282
63.2636
62.2038
61.1041
59.9653
58.7897
57.581
56.3448
55.0903
53.8308
52.5875
51.393
50.2948
49.3654
48.6975
48.3693
48.3909
48.6982
49.2047
49.8418
50.5611
51.3321
52.134
52.9529
53.7795
54.6075
55.4303
56.2463
57.0525
57.8466
58.6274
59.3934
60.1431
60.8767
61.5926
62.2894
62.967
63.6233
64.2574
69.6306
69.0376
68.4329
67.817
67.19
66.5522
65.9038
65.2448
64.5756
63.8962
63.207
62.508
61.7998
61.0827
60.3572
59.6241
58.8847
58.1403
57.393
56.6455
55.9019
55.1677
54.451
53.7633
53.1222
52.5539
52.0985
51.8157
51.786
52.0869
52.7367
53.6709
54.7897
56.0091
57.2714
58.5396
59.7907
61.0106
62.1906
63.3259
64.4138
65.4534
66.4446
67.388
68.2846
69.1355
69.9421
70.7058
71.428
72.11
72.7531
73.3585
73.9275
74.461
74.96
75.4255
75.8582
76.2589
76.6283
76.967
77.2756
77.5546
77.8046
78.0259
78.219
78.3843
78.522
78.6325
78.716
78.7726
78.8026
78.806
78.7829
78.7333
78.6572
78.5545
78.4251
78.2688
78.0854
77.8747
77.6365
77.3704
77.0761
76.7531
76.4011
76.0195
75.6079
75.1658
74.6924
74.1872
73.6495
73.0785
72.4733
71.8331
71.1568
70.4436
69.6923
68.9018
68.0711
67.1989
66.2849
65.3273
64.3258
63.2808
62.1915
61.0598
59.8872
58.6766
57.435
56.1711
54.8997
53.643
52.4383
51.3402
50.4286
49.7995
49.5202
49.5803
49.9053
50.4121
51.0371
51.7385
52.4868
53.2645
54.0573
54.8578
55.6582
56.4547
57.2448
58.0246
58.7929
59.5482
60.2892
61.0148
61.7241
62.4161
63.0896
63.7432
64.3764
64.9875
68.8344
68.221
67.5954
66.9579
66.3088
65.6481
64.976
64.2926
63.598
62.8923
62.1757
61.4483
60.7104
59.9625
59.2051
58.4388
57.6648
56.8846
56.1003
55.3147
54.5322
53.7588
53.0031
52.2782
51.6034
51.0087
50.5392
50.2619
50.2622
50.6096
51.3023
52.2626
53.3936
54.6186
55.8853
57.1606
58.4226
59.6576
60.8573
62.0161
63.1312
64.2009
65.2248
66.2029
67.1359
68.0246
68.8701
69.6736
70.4362
71.1591
71.8436
72.4907
73.1016
73.6773
74.2185
74.7263
75.2015
75.6446
76.0564
76.4376
76.7886
77.11
77.4023
77.6658
77.9011
78.1084
78.2881
78.4405
78.5657
78.664
78.7355
78.7804
78.7987
78.7904
78.7555
78.6939
78.6055
78.4902
78.3478
78.178
77.9805
77.755
77.5012
77.2186
76.9068
76.5653
76.1935
75.791
75.3569
74.8908
74.3917
73.8589
73.2915
72.6884
72.0488
71.3714
70.6551
69.8986
69.1007
68.2601
67.3755
66.4457
65.47
64.4474
63.3779
62.2626
61.1019
59.8994
58.6617
57.3966
56.1212
54.859
53.6508
52.5572
51.6652
51.0713
50.8299
50.9129
51.2414
51.737
52.3422
53.0178
53.7379
54.4844
55.2465
56.0154
56.7851
57.5507
58.3103
59.0601
59.7997
60.5263
61.2392
61.9378
62.62
63.2853
63.9325
64.5605
65.1679
65.7531
68.0754
67.4434
66.7988
66.1418
65.4725
64.791
64.0975
63.392
62.6746
61.9452
61.204
60.4513
59.6871
58.9119
58.1263
57.3308
56.5266
55.7155
54.8993
54.0815
53.2665
52.4607
51.674
50.9207
50.2227
49.6135
49.144
48.8877
48.9317
49.3322
50.0655
51.045
52.1794
53.3998
54.6604
55.9312
57.1924
58.431
59.6386
60.8099
61.9414
63.0311
64.0782
65.0823
66.0436
66.9626
67.84
68.6768
69.474
70.2325
70.9534
71.6377
72.2862
72.9001
73.4801
74.027
74.5415
75.0244
75.4762
75.8976
76.2889
76.6509
76.9838
77.2881
77.5643
77.8125
78.0332
78.2266
78.393
78.5325
78.6452
78.7313
78.7909
78.824
78.8305
78.8104
78.7636
78.6899
78.5892
78.4611
78.3055
78.122
77.9101
77.6695
77.3998
77.1004
76.7707
76.4102
76.0181
75.5939
75.1367
74.6457
74.1199
73.5582
72.9598
72.3232
71.6472
70.9305
70.1719
69.3696
68.522
67.6283
66.6869
65.6968
64.6574
63.5686
62.4317
61.2493
60.0268
58.7736
57.5056
56.2498
55.0474
53.9654
53.0961
52.5324
52.3149
52.4044
52.7218
53.1944
53.7699
54.4113
55.0951
55.8049
56.5297
57.2614
57.9946
58.7251
59.4497
60.1662
60.872
61.5668
62.2487
62.9159
63.5685
64.2042
64.8228
65.422
66.0008
66.5581
67.3513
66.7025
66.0406
65.3659
64.6784
63.9783
63.2655
62.5401
61.8022
61.0516
60.2886
59.5132
58.7258
57.9265
57.116
56.295
55.4648
54.6268
53.7836
52.9384
52.0963
51.2644
50.4535
49.6795
48.967
48.3535
47.8959
47.6739
47.7722
48.2292
49.0004
49.9948
51.1275
52.3381
53.5861
54.8451
56.0972
57.3306
58.5372
59.7118
60.8506
61.9516
63.0134
64.0353
65.0172
65.9592
66.8618
67.7256
68.5513
69.3399
70.0919
70.8085
71.4904
72.1384
72.7531
73.3355
73.8861
74.4056
74.8945
75.3533
75.7826
76.1828
76.5543
76.8976
77.2128
77.5005
77.7608
77.994
78.2003
78.38
78.5331
78.6598
78.7602
78.8342
78.8818
78.9031
78.8978
78.8659
78.8072
78.7214
78.6082
78.4673
78.2984
78.1009
77.8746
77.6187
77.3329
77.0164
76.6686
76.2888
75.8762
75.4299
74.9491
74.4326
73.8794
73.2881
72.6576
71.9864
71.2728
70.5153
69.7128
68.8629
67.9649
67.0166
66.0179
64.9676
63.8672
62.7186
61.5268
60.3009
59.0569
57.8221
56.6408
55.5823
54.7397
54.2002
53.9919
54.0705
54.3618
54.7989
55.3323
55.9302
56.5688
57.2342
57.9144
58.6027
59.2941
59.9835
60.6682
61.3461
62.0151
62.6737
63.3203
63.9539
64.573
65.176
65.7625
66.3305
66.8785
67.4043
66.6596
65.9954
65.318
64.6273
63.9234
63.2064
62.4763
61.7331
60.9768
60.2074
59.4249
58.6295
57.8214
57.001
56.1686
55.3254
54.4725
53.6115
52.7451
51.877
51.0126
50.1597
49.3303
48.5422
47.8228
47.2142
46.7795
46.6032
46.7637
47.2782
48.0847
49.0909
50.2196
51.4176
52.6496
53.8925
55.1304
56.3526
57.5516
58.7224
59.8615
60.9663
62.0356
63.0681
64.0636
65.0219
65.9432
66.828
67.6765
68.4896
69.2677
70.0117
70.7222
71.3999
72.0454
72.6594
73.2425
73.7952
74.318
74.8114
75.2758
75.7116
76.1193
76.4991
76.8514
77.1765
77.4746
77.746
77.9908
78.2093
78.4016
78.5678
78.7079
78.822
78.91
78.972
79.0078
79.0173
79.0003
78.9567
78.886
78.788
78.6624
78.5087
78.3264
78.1151
77.8743
77.6032
77.3012
76.9677
76.6019
76.2028
75.7697
75.3014
74.7969
74.2549
73.6741
73.0532
72.3904
71.6842
70.933
70.1349
69.2885
68.3926
67.4452
66.446
65.3957
64.2954
63.1507
61.9694
60.7684
59.5747
58.4328
57.4131
56.6044
56.0837
55.8708
55.9227
56.1721
56.5589
57.0388
57.5814
58.1658
58.7768
59.4055
60.0433
60.6862
61.3293
61.969
62.6035
63.2313
63.8495
64.4572
65.0529
65.6357
66.2032
66.7545
67.288
67.802
68.2944
65.9972
65.3192
64.6277
63.9226
63.204
62.4719
61.7263
60.9671
60.1943
59.4081
58.6083
57.7951
56.9687
56.1296
55.2782
54.4155
53.5428
52.662
51.7759
50.8885
50.0058
49.1365
48.2936
47.4971
46.7777
46.1826
45.7813
45.6608
45.8891
46.4606
47.2993
48.3152
49.4387
50.6231
51.8379
53.0625
54.2832
55.4904
56.6774
57.8395
58.9731
60.0761
61.1467
62.1839
63.187
64.1558
65.09
65.9901
66.856
67.6884
68.4875
69.2542
69.9888
70.6918
71.364
72.0057
72.6175
73.1998
73.7532
74.2779
74.7744
75.2431
75.6842
76.0981
76.485
76.8452
77.179
77.4866
77.7681
78.0237
78.2535
78.4577
78.6362
78.7891
78.9164
79.0181
79.094
79.1442
79.1683
79.1661
79.1375
79.0822
78.9997
78.8897
78.7517
78.5853
78.3899
78.165
77.9098
77.6238
77.3061
76.956
76.5725
76.1548
75.7016
75.212
74.6845
74.1178
73.5105
72.8608
72.1669
71.4277
70.6411
69.8057
68.9201
67.9837
66.9963
65.9599
64.8791
63.7617
62.6236
61.4924
60.411
59.4465
58.6794
58.1752
57.9477
57.9589
58.1519
58.4746
58.8887
59.3651
59.8848
60.434
61.0028
61.5839
62.1719
62.762
63.3523
63.9393
64.5205
65.0948
65.6602
66.2146
66.7568
67.2858
67.7989
68.2954
68.7724
69.2283
65.3613
64.6709
63.9666
63.2486
62.5167
61.771
61.0114
60.238
59.4505
58.6492
57.8339
57.0049
56.1624
55.3067
54.4385
53.5587
52.6689
51.771
50.8681
49.9646
49.067
48.185
47.333
46.5335
45.8208
45.2476
44.8896
44.8341
45.1336
45.7597
46.6275
47.6515
48.7694
49.9404
51.1377
52.3435
53.5457
54.7359
55.9081
57.058
58.1825
59.2793
60.3467
61.3836
62.3894
63.3635
64.3056
65.2159
66.0943
66.9412
67.7567
68.5415
69.2958
70.02
70.7147
71.3803
72.017
72.6254
73.2058
73.7586
74.284
74.7825
75.2542
75.6994
76.1184
76.5113
76.8785
77.22
77.536
77.8267
78.0921
78.3325
78.5477
78.7379
78.903
79.043
79.1578
79.2473
79.3114
79.3498
79.3624
79.3489
79.3089
79.242
79.148
79.0262
78.8762
78.6975
78.4894
78.2513
77.9825
77.6822
77.3496
76.9838
76.5838
76.1485
75.6768
75.1673
74.6189
74.0296
73.3984
72.7232
72.0029
71.2359
70.4206
69.557
68.6449
67.6859
66.6843
65.6483
64.5931
63.5443
62.543
61.6491
60.9319
60.4442
60.196
60.1577
60.2837
60.5325
60.8697
61.2713
61.7181
62.1975
62.7003
63.218
63.7458
64.2792
64.8147
65.3495
65.8812
66.4076
66.9269
67.4371
67.9361
68.423
68.8957
69.3516
69.7895
70.2063
64.7488
64.0473
63.3316
62.6018
61.858
61.1001
60.328
59.5417
58.7411
57.9262
57.0972
56.254
55.397
54.5267
53.6436
52.7489
51.8441
50.9314
50.0142
49.0973
48.1879
47.2966
46.4397
45.6422
44.9427
44.3999
44.0949
44.1118
44.4835
45.1611
46.055
47.0857
48.1981
49.3563
50.5368
51.7241
52.9076
54.0801
55.236
56.3718
57.4844
58.572
59.6328
60.6658
61.6702
62.6455
63.5913
64.5076
65.3941
66.2512
67.079
67.8777
68.6476
69.3891
70.1024
70.788
71.446
72.077
72.681
73.2586
73.8098
74.3349
74.8342
75.3079
75.7561
76.1792
76.5771
76.9502
77.2984
77.622
77.921
78.1955
78.4455
78.671
78.8722
79.0488
79.2009
79.3283
79.431
79.5087
79.5612
79.5883
79.5897
79.5651
79.514
79.4361
79.3308
79.1978
79.0364
78.846
78.6259
78.3756
78.0942
77.7809
77.4349
77.0551
76.6406
76.1901
75.7025
75.1764
74.6105
74.0034
73.354
72.6606
71.9228
71.1395
70.3118
69.4407
68.5313
67.5908
66.6341
65.6843
64.7781
63.9664
63.3056
62.8366
62.5673
62.4767
62.5325
62.7023
62.9585
63.2796
63.6485
64.0537
64.4848
64.9354
65.3989
65.8717
66.3491
66.8284
67.3075
67.783
68.2533
68.7163
69.1699
69.6124
70.0416
70.4553
70.8513
71.2271
64.1571
63.4454
62.7194
61.9791
61.2245
60.4556
59.6722
58.8743
58.0619
57.235
56.3935
55.5377
54.6679
53.7844
52.8882
51.9802
51.0623
50.1368
49.2075
48.2795
47.361
46.4636
45.6057
44.8152
44.1355
43.6316
43.3889
43.4836
43.9265
44.6517
45.5689
46.6055
47.7127
48.8589
50.0236
51.1933
52.3587
53.5134
54.6527
55.7733
56.8727
57.9491
59.001
60.0273
61.0274
62.0007
62.9467
63.8654
64.7566
65.6202
66.4564
67.2653
68.0471
68.8022
69.5306
70.2326
70.9085
71.5586
72.1831
72.7821
73.3558
73.9046
74.4285
74.9278
75.4025
75.8529
76.2791
76.6811
77.0591
77.4132
77.7435
78.0499
78.3326
78.5916
78.8268
79.0382
79.2257
79.3893
79.5289
79.6442
79.7351
79.8013
79.8427
79.8589
79.8495
79.8143
79.7527
79.6643
79.5486
79.4051
79.2332
79.0323
78.8016
78.5406
78.2483
77.9241
77.5669
77.1759
76.75
76.2882
75.7893
75.2522
74.6759
74.0594
73.4023
72.7043
71.9663
71.1903
70.381
69.5455
68.6968
67.8559
67.0531
66.3298
65.7294
65.2828
64.9971
64.8598
64.8494
64.9429
65.1193
65.3599
65.6501
65.9794
66.3383
66.7195
67.1174
67.5272
67.9444
68.3668
68.7903
69.2134
69.6327
70.0469
70.4529
70.8489
71.2331
71.6023
71.9545
72.2869
63.5833
62.8625
62.1272
61.3774
60.6131
59.8342
59.0406
58.2323
57.4092
56.5714
55.7187
54.8516
53.9702
53.0751
52.1671
51.2474
50.3179
49.3814
48.4418
47.505
46.5798
45.6795
44.8243
44.0459
43.3927
42.9362
42.7641
42.94
43.4515
44.2201
45.1581
46.1998
47.3022
48.4374
49.5877
50.7409
51.8891
53.0267
54.1495
55.2548
56.3403
57.4045
58.4459
59.4638
60.4575
61.4263
62.37
63.2883
64.181
65.048
65.8895
66.7055
67.496
68.2613
69.0015
69.7168
70.4074
71.0734
71.715
72.3324
72.9258
73.4952
74.0409
74.5629
75.0613
75.5363
75.988
76.4165
76.8218
77.2039
77.5631
77.8992
78.2123
78.5025
78.7696
79.0137
79.2347
79.4326
79.6071
79.7582
79.8857
79.9894
80.069
80.1244
80.1552
80.1611
80.1416
80.0965
80.0252
79.9273
79.8023
79.6496
79.4686
79.2588
79.0195
78.7501
78.4496
78.1174
77.7529
77.3548
76.9228
76.4557
75.9528
75.4139
74.8386
74.2272
73.581
72.9022
72.1954
71.4677
70.7305
70.0011
69.304
68.6705
68.1323
67.7127
67.419
67.2459
67.1802
67.2071
67.3103
67.4759
67.6922
67.9483
68.2363
68.5493
68.8817
69.2287
69.5862
69.9507
70.319
70.6885
71.0564
71.4199
71.7774
72.1262
72.4633
72.787
73.0939
73.3814
63.0247
62.2957
61.552
60.7937
60.0207
59.2328
58.43
57.6123
56.7796
55.9318
55.0691
54.1917
53.2999
52.3942
51.4758
50.5458
49.6063
48.6603
47.7121
46.7684
45.8389
44.9385
44.0899
43.3286
42.709
42.3086
42.2141
42.4724
43.0486
43.8563
44.8127
45.8589
46.9569
48.0823
49.2193
50.3574
51.4896
52.611
53.718
54.8083
55.8799
56.9313
57.9616
58.97
59.9558
60.9186
61.8579
62.7737
63.6656
64.5336
65.3778
66.1981
66.9945
67.7673
68.5164
69.2421
69.9443
70.6234
71.2793
71.9122
72.5223
73.1095
73.6741
74.2161
74.7355
75.2325
75.7071
76.1594
76.5894
76.9972
77.3828
77.7463
78.0875
78.4066
78.7035
78.9782
79.2305
79.4605
79.668
79.8529
80.0151
80.1543
80.2704
80.3631
80.4322
80.4774
80.4984
80.4948
80.4662
80.4122
80.3324
80.2264
80.0936
79.9336
79.7457
79.5295
79.2844
79.0097
78.705
78.3695
78.0028
77.6042
77.1735
76.7106
76.2155
75.6891
75.1327
74.5492
73.9427
73.32
72.6907
72.0691
71.4738
70.9272
70.4519
70.065
69.7744
69.5794
69.4734
69.4471
69.4898
69.5905
69.7401
69.9296
70.1523
70.4012
70.6716
70.9582
71.2573
71.5653
71.8793
72.1957
72.5121
72.8258
73.1343
73.435
73.725
74.0021
74.2632
74.5051
62.4789
61.7426
60.9914
60.2253
59.4444
58.6484
57.8373
57.011
56.1696
55.3129
54.4411
53.5544
52.6532
51.7382
50.8103
49.8711
48.9228
47.9687
47.0137
46.065
45.1334
44.2358
43.3976
42.6589
42.0801
41.7441
41.7328
42.0725
42.7087
43.5515
44.5241
45.5743
46.6683
47.7848
48.9098
50.0341
51.1517
52.2581
53.3502
54.4261
55.4841
56.523
57.5419
58.5402
59.5173
60.4729
61.4066
62.3182
63.2076
64.0747
64.9194
65.7418
66.5419
67.3197
68.0753
68.8087
69.5201
70.2096
70.8772
71.523
72.1471
72.7495
73.3304
73.8897
74.4275
74.9439
75.4389
75.9126
76.3649
76.7959
77.2055
77.5939
77.961
78.3067
78.6311
78.9341
79.2157
79.4757
79.7141
79.9307
80.1254
80.2982
80.4487
80.5768
80.6822
80.7648
80.8242
80.8602
80.8724
80.8604
80.824
80.7627
80.6761
80.5639
80.4255
80.2607
80.0688
79.8496
79.6025
79.3273
79.0236
78.6911
78.3298
77.9399
77.5218
77.0767
76.6061
76.1127
75.6009
75.0762
74.5473
74.0248
73.523
73.0575
72.6441
72.2955
72.0191
71.8169
71.6867
71.6231
71.6194
71.6682
71.7623
71.8947
72.0595
72.2507
72.4642
72.6952
72.9394
73.1942
73.4556
73.7212
73.9875
74.2521
74.5127
74.7659
75.0093
75.2399
75.4546
75.6503
61.9437
61.2008
60.4428
59.6698
58.8817
58.0784
57.2598
56.4258
55.5764
54.7116
53.8315
52.9364
52.0267
51.1032
50.1669
49.2196
48.2637
47.3028
46.3424
45.3904
44.4592
43.5673
42.7436
42.0332
41.5027
41.2389
41.3145
41.7329
42.4239
43.2979
44.2848
45.3384
46.4289
47.5374
48.6516
49.7635
50.8676
51.9601
53.0385
54.1008
55.1459
56.1726
57.1802
58.1683
59.1364
60.0842
61.0114
61.9179
62.8035
63.6682
64.5119
65.3347
66.1364
66.9173
67.6772
68.4163
69.1347
69.8323
70.5092
71.1656
71.8013
72.4165
73.0112
73.5855
74.1393
74.6726
75.1856
75.6782
76.1504
76.6022
77.0336
77.4446
77.8352
78.2053
78.555
78.8841
79.1926
79.4805
79.7476
79.9938
80.219
80.4231
80.606
80.7673
80.9071
81.025
81.1208
81.1942
81.2451
81.2731
81.2778
81.2591
81.2166
81.1499
81.0588
80.9429
80.802
80.6357
80.4437
80.2259
79.9822
79.7126
79.4172
79.0964
78.751
78.382
77.9915
77.5818
77.157
76.7219
76.2834
75.85
75.432
75.0405
74.6867
74.3801
74.1269
73.9304
73.7904
73.705
73.6697
73.68
73.7306
73.8165
73.9328
74.0748
74.2382
74.4192
74.6141
74.8196
75.0326
75.2498
75.4689
75.6869
75.9007
76.108
76.3055
76.4906
76.6595
76.8091
61.4169
60.668
59.904
59.1248
58.3302
57.5203
56.6949
55.8539
54.9973
54.1251
53.2375
52.3348
51.4174
50.4863
49.5426
48.5881
47.6256
46.6592
45.6948
44.7414
43.8127
42.9296
42.1248
41.4485
40.9742
40.7896
40.9536
41.4467
42.1871
43.0887
44.0883
45.1448
46.232
47.3334
48.4379
49.5385
50.6303
51.7102
52.7758
53.8256
54.8585
55.8736
56.8704
57.8485
58.8075
59.7473
60.6675
61.5681
62.4492
63.3104
64.1519
64.9737
65.7757
66.558
67.3207
68.0637
68.787
69.4908
70.1751
70.8398
71.4851
72.1109
72.7173
73.3042
73.8718
74.4199
74.9485
75.4578
75.9476
76.418
76.8689
77.3003
77.7122
78.1045
78.4772
78.8302
79.1636
79.4771
79.7707
80.0444
80.298
80.5314
80.7444
80.9369
81.1088
81.2599
81.3899
81.4987
81.586
81.6517
81.6954
81.717
81.7161
81.6927
81.6463
81.5768
81.4841
81.3678
81.228
81.0646
80.8775
80.6671
80.4335
80.1773
79.8996
79.6013
79.2844
78.9514
78.6054
78.2509
77.8932
77.5389
77.1955
76.8712
76.5738
76.3105
76.0865
75.9051
75.7672
75.6726
75.619
75.6039
75.6233
75.6739
75.7517
75.8533
75.9746
76.1125
76.2637
76.4253
76.5942
76.7676
76.9426
77.1166
77.2867
77.45
77.6035
77.744
77.8685
77.9731
60.8965
60.1423
59.3729
58.5881
57.7878
56.9719
56.1403
55.293
54.4299
53.551
52.6566
51.747
50.8228
49.8847
48.9344
47.9737
47.0057
46.0349
45.0679
44.1149
43.191
42.32
41.5385
40.9029
40.4923
40.3928
40.6449
41.2074
41.9921
42.918
43.9286
44.9876
46.0719
47.1667
48.2626
49.353
50.4337
51.5021
52.556
53.5942
54.6157
55.62
56.6065
57.5749
58.525
59.4567
60.3699
61.2644
62.1402
62.9974
63.8359
64.6557
65.4569
66.2394
67.0033
67.7487
68.4755
69.1838
69.8737
70.5451
71.1981
71.8326
72.4487
73.0463
73.6256
74.1864
74.7287
75.2525
75.7579
76.2447
76.7129
77.1626
77.5936
78.006
78.3996
78.7744
79.1304
79.4675
79.7856
80.0846
80.3644
80.6249
80.866
81.0876
81.2895
81.4715
81.6336
81.7755
81.897
81.9981
82.0785
82.1379
82.1763
82.1935
82.1893
82.1636
82.1162
82.0471
81.9563
81.8438
81.7098
81.5546
81.3786
81.1825
80.9671
80.7339
80.4843
80.2207
79.9459
79.6634
79.3776
79.0934
78.8166
78.553
78.3084
78.0882
77.8965
77.7363
77.6094
77.5158
77.4551
77.4254
77.4246
77.4499
77.499
77.5688
77.656
77.7584
77.8726
77.9964
78.1265
78.2604
78.3955
78.5293
78.6585
78.7804
78.8922
78.9905
79.0719
79.1326
60.3805
59.6218
58.8476
58.0578
57.2524
56.4311
55.594
54.741
53.872
52.987
52.0865
51.1706
50.2402
49.296
48.3398
47.3737
46.4013
45.4272
44.4591
43.5082
42.5916
41.7361
40.9829
40.3945
40.0554
40.0451
40.3831
41.0092
41.8333
42.7805
43.8008
44.8618
45.9434
47.0323
48.1202
49.2014
50.2721
51.33
52.3732
53.4008
54.4119
55.406
56.3828
57.3421
58.2837
59.2075
60.1136
61.0019
61.8723
62.7249
63.5598
64.377
65.1764
65.9582
66.7224
67.469
68.198
68.9096
69.6036
70.2801
70.9392
71.5807
72.2049
72.8115
73.4006
73.9722
74.5263
75.0629
75.5818
76.083
76.5667
77.0326
77.4808
77.9112
78.3237
78.7183
79.0949
79.4535
79.7939
80.1162
80.4201
80.7057
80.9728
81.2212
81.451
81.6619
81.8538
82.0266
82.1801
82.3143
82.4289
82.5239
82.5991
82.6543
82.6896
82.7049
82.6999
82.6749
82.6299
82.565
82.4804
82.3766
82.2539
82.1131
81.9551
81.7812
81.5928
81.392
81.1811
80.963
80.7411
80.5193
80.3019
80.0933
79.8977
79.7193
79.5612
79.4263
79.3159
79.2308
79.1711
79.136
79.124
79.1335
79.1625
79.2087
79.2697
79.3435
79.4275
79.5192
79.6159
79.7156
79.8154
79.9126
80.0047
80.0885
80.1612
80.2197
80.2602
80.2788
59.8672
59.1045
58.3262
57.5321
56.7221
55.8961
55.054
54.1958
53.3215
52.4312
51.525
50.6036
49.6675
48.718
47.7566
46.786
45.8099
44.8338
43.866
42.9191
42.0124
41.176
40.4563
39.9224
39.6617
39.7432
40.1631
40.8469
41.7057
42.6717
43.7003
44.763
45.8419
46.9255
48.0062
49.0789
50.1406
51.1889
52.2224
53.2402
54.2417
55.2264
56.1942
57.1448
58.0783
58.9947
59.8938
60.7759
61.6409
62.4888
63.3198
64.1338
64.931
65.7114
66.475
67.2219
67.9522
68.6658
69.3627
70.0432
70.707
71.3542
71.9848
72.5989
73.1964
73.7772
74.3413
74.8888
75.4196
75.9335
76.4307
76.9111
77.3745
77.821
78.2505
78.6629
79.0583
79.4364
79.7972
80.1407
80.4668
80.7754
81.0664
81.3397
81.5952
81.8328
82.0525
82.254
82.4373
82.6023
82.7488
82.8769
82.9864
83.0772
83.1493
83.2027
83.2373
83.2534
83.251
83.2302
83.1915
83.135
83.0615
82.9716
82.8661
82.7462
82.6133
82.469
82.3155
82.1549
81.9901
81.824
81.66
81.5012
81.351
81.2124
81.0881
80.98
80.89
80.8186
80.7661
80.7323
80.7166
80.7175
80.7338
80.7641
80.8061
80.858
80.9178
80.9833
81.0523
81.1225
81.1914
81.2565
81.3149
81.3642
81.4011
81.4222
81.4242
81.4029
59.3549
58.5888
57.807
57.0091
56.1951
55.3649
54.5185
53.6557
52.7767
51.8814
50.9703
50.0438
49.1028
48.1485
47.1828
46.2085
45.2297
44.2527
43.2867
42.3457
41.4517
40.6384
39.958
39.4858
39.3096
39.4833
39.9801
40.7156
41.6051
42.5874
43.6231
44.6871
45.7636
46.8422
47.9162
48.9814
50.0346
51.0742
52.0989
53.1077
54.1002
55.0763
56.0357
56.9784
57.9043
58.8134
59.706
60.5821
61.4416
62.2848
63.1117
63.9223
64.7169
65.4953
66.2578
67.0044
67.735
68.4499
69.1489
69.8321
70.4996
71.1513
71.7872
72.4074
73.0118
73.6004
74.1731
74.73
75.271
75.7961
76.3052
76.7982
77.2752
77.7361
78.1808
78.6093
79.0215
79.4173
79.7966
80.1595
80.5058
80.8355
81.1485
81.4446
81.7239
81.9862
82.2314
82.4595
82.6704
82.864
83.0402
83.199
83.3403
83.4641
83.5704
83.6593
83.7308
83.7849
83.8219
83.842
83.8455
83.8328
83.8044
83.761
83.7035
83.6327
83.55
83.4567
83.3547
83.2457
83.132
83.0158
82.8997
82.7863
82.6778
82.5769
82.4854
82.4051
82.3372
82.2826
82.2418
82.2144
82.2004
82.199
82.2089
82.2291
82.258
82.2941
82.3354
82.3802
82.4265
82.472
82.5145
82.5515
82.5804
82.5985
82.6026
82.5895
82.5555
82.4966
58.8419
58.0731
57.2882
56.4871
55.6698
54.8361
53.9857
53.119
52.2357
51.3361
50.4206
49.4897
48.5443
47.5858
46.6164
45.6392
44.6588
43.682
42.7193
41.7864
40.908
40.1221
39.4871
39.0839
38.9973
39.2617
39.8294
40.611
41.5274
42.5239
43.5657
44.6307
45.7047
46.7786
47.8466
48.9047
49.9504
50.982
51.9984
52.999
53.9835
54.9516
55.9032
56.8384
57.7571
58.6596
59.5459
60.4161
61.2704
62.1089
62.9316
63.7388
64.5305
65.3067
66.0677
66.8133
67.5438
68.2592
68.9595
69.6447
70.3149
70.9701
71.6102
72.2354
72.8456
73.4406
74.0207
74.5857
75.1355
75.6703
76.1898
76.694
77.183
77.6567
78.115
78.5578
78.9851
79.3969
79.7931
80.1735
80.5383
80.8872
81.2202
81.5373
81.8384
82.1234
82.3922
82.6449
82.8812
83.1012
83.3049
83.4921
83.663
83.8174
83.9554
84.077
84.1826
84.2719
84.3453
84.403
84.4454
84.4729
84.4858
84.485
84.4711
84.4448
84.4076
84.3604
84.3048
84.242
84.1742
84.1029
84.0301
83.9578
83.8879
83.8221
83.762
83.7092
83.6644
83.6285
83.602
83.5848
83.5767
83.5773
83.5857
83.6009
83.6217
83.6469
83.6749
83.7037
83.7319
83.7573
83.7775
83.7904
83.7935
83.7838
83.7583
83.7139
83.6466
83.5523
58.3265
57.5555
56.7683
55.9647
55.1445
54.3077
53.4542
52.5839
51.6969
50.7936
49.8742
48.9394
47.9902
47.0283
46.056
45.0766
44.0954
43.1201
42.1623
41.2398
40.3802
39.6265
39.0433
38.7163
38.7226
39.0745
39.7068
40.5293
41.4691
42.478
43.525
44.5905
45.6621
46.7317
47.794
48.8456
49.8842
50.9085
51.9173
52.9104
53.8873
54.8481
55.7925
56.7207
57.6328
58.529
59.4094
60.2741
61.1233
61.9572
62.7759
63.5795
64.3682
65.142
65.9011
66.6455
67.3754
68.0908
68.7917
69.4783
70.1505
70.8084
71.4519
72.0811
72.696
73.2966
73.8829
74.4548
75.0123
75.5553
76.0839
76.5981
77.0977
77.5826
78.053
78.5087
78.9496
79.3758
79.7871
80.1835
80.565
80.9314
81.2827
81.619
81.94
82.2458
82.5364
82.8115
83.0713
83.3157
83.5447
83.7582
83.9562
84.1389
84.3063
84.4581
84.595
84.7169
84.8237
84.9161
84.9942
85.0583
85.1092
85.1471
85.1728
85.1872
85.191
85.1854
85.1715
85.1506
85.1239
85.0931
85.0595
85.0247
84.99
84.957
84.9269
84.9006
84.8791
84.8627
84.8521
84.8473
84.848
84.8539
84.8644
84.8787
84.8957
84.9141
84.9328
84.95
84.9639
84.973
84.9749
84.9675
84.9479
84.9138
84.8619
84.7887
84.6907
84.5635
57.807
57.0346
56.2457
55.44
54.6176
53.7784
52.9221
52.0489
51.1589
50.2523
49.3295
48.3914
47.4391
46.4743
45.4997
44.5191
43.5382
42.5656
41.6144
40.7046
39.8674
39.1511
38.6267
38.3824
38.483
38.9178
39.6083
40.4668
41.4272
42.4466
43.4979
44.5636
45.6329
46.6983
47.7553
48.8008
49.833
50.8503
51.8523
52.8384
53.8084
54.7622
55.6999
56.6217
57.5277
58.4179
59.2927
60.1523
60.9966
61.8261
62.6408
63.4409
64.2265
64.9978
65.7549
66.4979
67.2268
67.9419
68.6431
69.3304
70.004
70.6639
71.3101
71.9426
72.5614
73.1666
73.7581
74.3358
74.8999
75.4502
75.9868
76.5095
77.0185
77.5135
77.9946
78.4618
78.9149
79.354
79.7789
80.1897
80.5863
80.9687
81.3367
81.6904
82.0297
82.3546
82.665
82.9608
83.2422
83.509
83.7612
83.9989
84.222
84.4307
84.6249
84.8048
84.9705
85.1221
85.2598
85.384
85.4947
85.5926
85.6779
85.7511
85.813
85.8641
85.9052
85.9372
85.9609
85.9776
85.9882
85.9938
85.9957
85.995
85.9928
85.9902
85.9881
85.9873
85.9885
85.9919
85.9981
86.0071
86.0184
86.0321
86.0473
86.0636
86.0798
86.0948
86.1076
86.1165
86.1199
86.116
86.1029
86.0781
86.0392
85.9835
85.9079
85.8088
85.6825
85.5246
57.2819
56.5086
55.7186
54.9116
54.0876
53.2465
52.3881
51.5125
50.6199
49.7106
48.7851
47.8443
46.8894
45.9224
44.9463
43.9652
42.9856
42.0171
41.0744
40.18
39.3691
38.6957
38.2372
38.0811
38.2757
38.7876
39.5303
40.4203
41.3986
42.4271
43.4819
44.5476
45.6144
46.6758
47.7278
48.7677
49.7936
50.8047
51.8001
52.7797
53.7432
54.6907
55.6223
56.538
57.4381
58.3229
59.1925
60.0471
60.8869
61.7121
62.523
63.3197
64.1023
64.871
65.626
66.3674
67.0951
67.8095
68.5106
69.1983
69.8729
70.5343
71.1825
71.8176
72.4397
73.0487
73.6446
74.2274
74.7971
75.3537
75.8972
76.4276
76.9447
77.4486
77.9393
78.4166
78.8807
79.3313
79.7686
80.1924
80.6027
80.9995
81.3827
81.7523
82.1082
82.4505
82.779
83.0939
83.3949
83.6823
83.9559
84.2158
84.4619
84.6946
84.9135
85.119
85.3112
85.4902
85.6561
85.8093
85.95
86.0786
86.1954
86.3008
86.3954
86.4798
86.5547
86.6207
86.6785
86.7292
86.7733
86.8121
86.8461
86.8765
86.9041
86.9295
86.9536
86.9769
86.9999
87.0229
87.046
87.0693
87.0925
87.1154
87.1373
87.1577
87.1754
87.1897
87.1992
87.2026
87.1982
87.1843
87.1588
87.1197
87.0641
86.9894
86.8925
86.7698
86.6175
86.4311
56.7492
55.9758
55.1854
54.3777
53.5527
52.7103
51.8504
50.9731
50.0785
49.1671
48.2394
47.2964
46.3396
45.3711
44.3941
43.4135
42.4364
41.4734
40.5411
39.665
38.8847
38.2603
37.8748
37.8112
38.0975
38.6803
39.4692
40.3869
41.3807
42.417
43.4746
44.5399
45.6041
46.6617
47.7089
48.7434
49.7636
50.7687
51.7581
52.7316
53.689
54.6306
55.5563
56.4664
57.3612
58.2408
59.1054
59.9553
60.7908
61.612
62.4192
63.2126
63.9922
64.7584
65.5112
66.2508
66.9774
67.6909
68.3916
69.0794
69.7545
70.417
71.0668
71.7041
72.3288
72.941
73.5406
74.1277
74.7023
75.2644
75.8139
76.3509
76.8752
77.387
77.8862
78.3727
78.8465
79.3076
79.7558
80.1914
80.6141
81.0239
81.4208
81.8049
82.176
82.5341
82.8792
83.2114
83.5305
83.8367
84.1299
84.4101
84.6774
84.9319
85.1736
85.4025
85.6191
85.823
86.0149
86.1946
86.3626
86.5193
86.6647
86.7995
86.9239
87.0385
87.144
87.2407
87.3294
87.4107
87.4854
87.554
87.6173
87.6761
87.7308
87.7822
87.8306
87.8766
87.9203
87.9622
88.002
88.0398
88.0754
88.1083
88.138
88.164
88.1849
88.2003
88.2087
88.2087
88.1988
88.1772
88.1417
88.0903
88.0203
87.929
87.813
87.6689
87.4925
87.2793
56.207
55.4343
54.6443
53.8366
53.0114
52.1684
51.3076
50.4291
49.5332
48.6203
47.691
46.7465
45.7883
44.819
43.842
42.8627
41.8891
40.9333
40.0137
39.1591
38.414
37.8452
37.5394
37.571
37.9451
38.5921
39.4219
40.3638
41.371
42.4139
43.4736
44.5382
45.5999
46.6536
47.6962
48.7256
49.7404
50.7397
51.7235
52.6912
53.643
54.579
55.4993
56.4041
57.2938
58.1684
59.0284
59.8739
60.7053
61.5227
62.3264
63.1165
63.8933
64.657
65.4076
66.1455
66.8706
67.5832
68.2832
68.971
69.6464
70.3096
70.9606
71.5996
72.2264
72.8413
73.4441
74.0349
74.6137
75.1805
75.7353
76.2781
76.8089
77.3277
77.8344
78.329
78.8115
79.2819
79.7402
80.1863
80.6202
81.0418
81.4512
81.8484
82.2333
82.6058
82.9661
83.3141
83.6497
83.9731
84.2842
84.583
84.8696
85.1441
85.4066
85.6572
85.8959
86.1228
86.3383
86.5423
86.7353
86.9173
87.089
87.2503
87.4019
87.544
87.677
87.8018
87.9183
88.0275
88.1296
88.2254
88.3153
88.3999
88.4795
88.5546
88.6257
88.6927
88.7561
88.8158
88.8718
88.924
88.972
89.0155
89.0536
89.0859
89.1115
89.1292
89.1379
89.1361
89.1223
89.0947
89.0512
88.9895
88.907
88.8008
88.6677
88.5038
88.3051
88.0669
55.6532
54.8821
54.0933
53.2864
52.4616
51.6188
50.7578
49.8789
48.9823
48.0685
47.1382
46.1928
45.2341
44.2646
43.2884
42.3115
41.3428
40.3958
39.4913
38.6617
37.9571
37.4506
37.2308
37.3582
37.8149
38.5197
39.3854
40.3484
41.3672
42.4155
43.4768
44.5404
45.5994
46.6495
47.6876
48.712
49.7215
50.7156
51.6938
52.6561
53.6026
54.5333
55.4484
56.3482
57.233
58.1032
58.9588
59.8001
60.6276
61.4413
62.2416
63.0286
63.8026
64.5638
65.3124
66.0484
66.7721
67.4836
68.183
68.8704
69.5459
70.2096
70.8616
71.5019
72.1305
72.7476
73.3531
73.947
74.5295
75.1004
75.6599
76.2079
76.7443
77.2692
77.7827
78.2846
78.7749
79.2537
79.7209
80.1765
80.6205
81.0529
81.4736
81.8827
82.2801
82.6658
83.0399
83.4022
83.753
84.092
84.4195
84.7354
85.0397
85.3327
85.6141
85.8842
86.1432
86.3911
86.6281
86.8543
87.0701
87.2755
87.4709
87.6565
87.8325
87.9996
88.1579
88.3077
88.4496
88.5839
88.7112
88.8315
88.9455
89.0536
89.156
89.253
89.3447
89.4314
89.5131
89.5897
89.6612
89.7273
89.7874
89.8413
89.8883
89.9275
89.9582
89.9791
89.9892
89.9868
89.9705
89.9382
89.8879
89.8175
89.7239
89.6044
89.4555
89.2735
89.0539
88.7921
55.0856
54.317
53.5302
52.7251
51.9016
51.0596
50.1993
49.3206
48.4241
47.5101
46.5796
45.634
44.6753
43.7065
42.732
41.7586
40.7961
39.8597
38.973
38.1725
37.5139
37.0768
36.948
37.1702
37.7035
38.4597
39.357
40.3383
41.3669
42.4197
43.482
44.5444
45.6006
46.6469
47.6807
48.7004
49.7049
50.6938
51.6668
52.624
53.5652
54.4909
55.4011
56.2962
57.1765
58.0422
58.8936
59.731
60.5547
61.365
62.162
62.9461
63.7175
64.4763
65.2227
65.957
66.6792
67.3896
68.0882
68.7752
69.4506
70.1146
70.7672
71.4086
72.0387
72.6576
73.2654
73.8621
74.4477
75.0223
75.5859
76.1384
76.6798
77.2103
77.7297
78.2381
78.7355
79.2218
79.6971
80.1613
80.6145
81.0565
81.4875
81.9074
82.3162
82.7139
83.1005
83.4761
83.8405
84.194
84.5364
84.8679
85.1883
85.498
85.797
86.085
86.3624
86.6296
86.8862
87.1326
87.3692
87.5958
87.8127
88.0203
88.2188
88.4084
88.5895
88.7623
88.9271
89.0842
89.2341
89.3769
89.5128
89.6424
89.7654
89.8825
89.9933
90.098
90.1968
90.2893
90.3753
90.4545
90.5264
90.5906
90.6462
90.6926
90.7288
90.7534
90.7654
90.7632
90.7451
90.7092
90.6533
90.575
90.4716
90.34
90.1766
89.9775
89.7382
89.4538
54.5013
53.7364
52.9527
52.1503
51.3291
50.4889
49.6301
48.7525
47.8567
46.9434
46.0134
45.0684
44.1106
43.1433
42.1715
41.2026
40.2478
39.3242
38.4582
37.691
37.0847
36.724
36.6898
37.0039
37.6072
38.409
39.334
40.3311
41.3681
42.4245
43.4873
44.5481
45.6015
46.6441
47.6735
48.6885
49.6882
50.672
51.6401
52.5922
53.5286
54.4494
55.355
56.2456
57.1214
57.983
58.8303
59.664
60.4842
61.2911
62.085
62.8663
63.635
64.3915
65.1359
65.8685
66.5892
67.2984
67.9962
68.6826
69.3579
70.022
70.6752
71.3173
71.9487
72.5692
73.179
73.7781
74.3665
74.9442
75.5114
76.0679
76.6139
77.1493
77.6741
78.1884
78.692
79.1852
79.6677
80.1398
80.6012
81.0521
81.4924
81.9221
82.3413
82.7499
83.148
83.5355
83.9125
84.2791
84.6352
84.9809
85.316
85.641
85.9558
86.2604
86.5549
86.8393
87.114
87.379
87.6342
87.8802
88.1168
88.3443
88.5632
88.7734
88.9751
89.1686
89.3542
89.5321
89.7025
89.8656
90.0216
90.1705
90.3126
90.4479
90.5762
90.6977
90.8121
90.9193
91.019
91.1106
91.1936
91.2677
91.3318
91.3852
91.4267
91.4553
91.4696
91.468
91.4487
91.4097
91.3489
91.2637
91.1513
91.0083
90.8313
90.616
90.3579
90.0518
53.8975
53.1373
52.358
51.5594
50.7415
49.9042
49.0478
48.1723
47.2782
46.3664
45.4377
44.4941
43.5381
42.5732
41.6052
40.6421
39.6968
38.7882
37.9462
37.2171
36.6697
36.3918
36.4544
36.8559
37.5224
38.3646
39.3136
40.3245
41.3685
42.4277
43.4905
44.5495
45.6
46.6388
47.6639
48.6743
49.6691
50.6482
51.6113
52.5587
53.4903
54.4065
55.3075
56.1938
57.0655
57.9229
58.7665
59.5965
60.4133
61.217
62.008
62.7865
63.5528
64.307
65.0494
65.7802
66.4995
67.2076
67.9045
68.5903
69.2653
69.9295
70.583
71.2258
71.8582
72.4801
73.0916
73.6928
74.2836
74.8642
75.4346
75.9948
76.5447
77.0845
77.6142
78.1337
78.6432
79.1424
79.6316
80.1107
80.5797
81.0385
81.4873
81.926
82.3547
82.7733
83.1818
83.5803
83.9688
84.3473
84.7159
85.0745
85.4232
85.7624
86.0916
86.4111
86.7211
87.0215
87.3126
87.5943
87.8667
88.1302
88.3849
88.6308
88.8679
89.0968
89.3172
89.5297
89.7342
89.9308
90.12
90.3014
90.4755
90.6422
90.8015
90.9534
91.0978
91.2346
91.3635
91.4843
91.5966
91.6998
91.7933
91.8766
91.9488
92.0088
92.0558
92.0882
92.1048
92.104
92.0838
92.0422
91.9769
91.8853
91.7643
91.6107
91.4206
91.19
90.9137
90.5865
53.2704
52.5165
51.7429
50.9495
50.1361
49.3029
48.45
47.5776
46.6863
45.7769
44.8506
43.9093
42.956
41.9946
41.0315
40.0757
39.1416
38.2505
37.4363
36.7507
36.269
36.0798
36.2392
36.7225
37.4459
38.3234
39.2935
40.316
41.3659
42.4271
43.4895
44.5465
45.5938
46.6287
47.6496
48.6554
49.6456
50.6199
51.5783
52.5209
53.4479
54.3596
55.2563
56.1383
57.0059
57.8596
58.6994
59.526
60.3394
61.1401
61.9282
62.7041
63.468
64.22
64.9605
65.6896
66.4076
67.1144
67.8104
68.4957
69.1703
69.8345
70.4882
71.1317
71.7649
72.388
73.001
73.604
74.197
74.7801
75.3534
75.9168
76.4704
77.0143
77.5483
78.0727
78.5873
79.0922
79.5873
80.0729
80.5487
81.0149
81.4714
81.9184
82.3556
82.7833
83.2014
83.61
84.0089
84.3984
84.7783
85.149
85.51
85.862
86.2044
86.5378
86.8618
87.1767
87.4829
87.7799
88.0681
88.3476
88.6185
88.8809
89.135
89.3807
89.6182
89.8478
90.0695
90.2834
90.4893
90.6876
90.8781
91.061
91.2359
91.403
91.5622
91.7129
91.8551
91.9883
92.1121
92.226
92.3293
92.4212
92.5009
92.5673
92.6192
92.6553
92.6742
92.6742
92.6532
92.6091
92.5396
92.4418
92.3127
92.1488
91.9461
91.7003
91.4063
91.0584
52.6159
51.8699
51.1036
50.3168
49.5095
48.6818
47.8337
46.9657
46.0783
45.1725
44.2496
43.3118
42.3623
41.4056
40.4486
39.5018
38.5808
37.7102
36.9277
36.2914
35.8824
35.7867
36.0412
36.6001
37.3739
38.2826
39.2708
40.3033
41.358
42.4206
43.4821
44.5368
45.5808
46.6118
47.6284
48.6297
49.6152
50.5848
51.5385
52.4765
53.399
54.3063
55.1987
56.0767
56.9404
57.7902
58.6266
59.4497
60.26
61.0577
61.8431
62.6164
63.378
64.128
64.8666
65.5941
66.3106
67.0164
67.7115
68.3961
69.0704
69.7345
70.3884
71.0323
71.6663
72.2904
72.9048
73.5095
74.1045
74.6899
75.2658
75.8322
76.3891
76.9366
77.4747
78.0034
78.5228
79.0328
79.5335
80.0249
80.507
80.9799
81.4436
81.898
82.3432
82.7792
83.2061
83.6238
84.0325
84.432
84.8225
85.204
85.5763
85.9399
86.2946
86.6405
86.9774
87.3058
87.6253
87.9365
88.239
88.5333
88.819
89.0964
89.3657
89.6269
89.8802
90.1253
90.3625
90.5918
90.8131
91.0266
91.2322
91.4297
91.6191
91.7999
91.9724
92.1359
92.2903
92.4349
92.5695
92.6931
92.8053
92.9051
92.9918
93.0639
93.1205
93.16
93.1809
93.1814
93.1595
93.113
93.0392
92.9354
92.7983
92.6243
92.4092
92.1486
91.837
91.4688
51.9285
51.1926
50.4355
49.6572
48.8577
48.0371
47.1954
46.3333
45.4512
44.5503
43.6321
42.699
41.7545
40.8038
39.8545
38.9183
38.0129
37.1659
36.4198
35.8391
35.5097
35.5106
35.8569
36.4846
37.3032
38.2389
39.2429
40.2838
41.3422
42.4056
43.4658
44.5179
45.5585
46.5855
47.5978
48.5945
49.5754
50.5403
51.4894
52.4228
53.3409
54.244
55.1322
56.0061
56.866
57.7122
58.5451
59.365
60.1722
60.9671
61.7498
62.5207
63.28
64.028
64.7649
65.4909
66.2061
66.9107
67.605
68.289
68.9629
69.6269
70.281
70.9253
71.56
72.1851
72.8007
73.4069
74.0037
74.5913
75.1696
75.7387
76.2986
76.8495
77.3913
77.924
78.4477
78.9625
79.4683
79.9651
80.4531
80.9321
81.4023
81.8637
82.3162
82.7599
83.1949
83.6211
84.0386
84.4474
84.8474
85.2389
85.6217
85.996
86.3621
86.7192
87.0681
87.4086
87.7408
88.0648
88.3805
88.6878
88.9873
89.2784
89.5618
89.8369
90.1043
90.3636
90.6149
90.8585
91.0939
91.3212
91.5403
91.7511
91.9535
92.1471
92.3317
92.5069
92.6723
92.8273
92.9715
93.1042
93.2245
93.3316
93.4244
93.5018
93.5625
93.605
93.6276
93.6285
93.6055
93.5563
93.4783
93.3684
93.2232
93.0391
92.8118
92.5363
92.2073
91.8188
51.2021
50.4786
49.733
48.9655
48.1759
47.3643
46.531
45.6763
44.8013
43.9069
42.9949
42.068
41.13
40.1868
39.2469
38.3233
37.4361
36.6162
35.9117
35.3933
35.15
35.2489
35.6821
36.3719
37.2299
38.1894
39.2068
40.2548
41.316
42.3794
43.4381
44.4873
45.5242
46.5472
47.555
48.5472
49.5234
50.4837
51.4282
52.3572
53.2709
54.1697
55.0539
55.9239
56.78
57.6228
58.4523
59.2691
60.0733
60.8654
61.6456
62.4142
63.1714
63.9175
64.6526
65.3771
66.091
66.7947
67.4881
68.1716
68.8452
69.509
70.1633
70.808
71.4433
72.0693
72.6861
73.2938
73.8923
74.4818
75.0624
75.634
76.1969
76.7509
77.2961
77.8326
78.3604
78.8795
79.3901
79.8919
80.3853
80.8701
81.3463
81.8141
82.2734
82.7242
83.1666
83.6006
84.0263
84.4436
84.8525
85.2534
85.6457
86.0302
86.4061
86.774
87.134
87.4856
87.8293
88.1649
88.4925
88.8123
89.1241
89.428
89.7238
90.0119
90.2921
90.5645
90.8287
91.085
91.3331
91.5731
91.8046
92.0275
92.2418
92.4468
92.6424
92.8282
93.0036
93.1682
93.3213
93.462
93.5897
93.7034
93.8018
93.8838
93.9482
93.9932
94.0171
94.018
93.9936
93.9416
93.859
93.7429
93.5896
93.3954
93.1557
92.8654
92.519
92.1099
50.4284
49.7203
48.9892
48.2351
47.4579
46.6577
45.8351
44.9902
44.1242
43.2382
42.3342
41.4152
40.4855
39.5516
38.6229
37.7143
36.8482
36.0596
35.4021
34.9532
34.8015
34.9982
35.5123
36.2578
37.1504
38.1304
39.1594
40.2131
41.2763
42.3393
43.3959
44.4419
45.4751
46.4938
47.4971
48.4847
49.4562
50.4119
51.3519
52.2764
53.1858
54.0804
54.9607
55.8268
56.6794
57.5186
58.3449
59.1586
59.9601
60.7495
61.5273
62.2936
63.0488
63.7931
64.5267
65.2498
65.9626
66.6652
67.358
68.041
68.7143
69.3781
70.0325
70.6777
71.3136
71.9405
72.5584
73.1675
73.7677
74.3591
74.9418
75.5159
76.0814
76.6384
77.1869
77.7269
78.2586
78.7818
79.2968
79.8034
80.3018
80.7919
81.2738
81.7476
82.2131
82.6706
83.12
83.5613
83.9946
84.4198
84.8371
85.2465
85.6476
86.0411
86.4268
86.8043
87.1743
87.5362
87.8906
88.2369
88.5755
88.9066
89.2297
89.5451
89.8527
90.1525
90.4445
90.7286
91.0047
91.2728
91.5326
91.7839
92.0268
92.2609
92.4858
92.7014
92.907
93.1025
93.287
93.4601
93.6212
93.7693
93.9036
94.023
94.1265
94.2126
94.28
94.3271
94.3519
94.3524
94.3263
94.2711
94.1838
94.0612
93.8997
93.695
93.4427
93.1374
92.7734
92.3437
49.5973
48.9084
48.1952
47.4578
46.6962
45.9106
45.1013
44.2689
43.4143
42.539
41.6454
40.7364
39.8171
38.8945
37.9794
37.0884
36.2468
35.4939
34.8898
34.5175
34.4618
34.754
35.3427
36.1376
37.0606
38.0583
39.097
40.1552
41.2197
42.2817
43.3357
44.3784
45.4076
46.4219
47.4207
48.4035
49.3704
50.3215
51.2569
52.1771
53.0822
53.9727
54.849
55.7115
56.5605
57.3964
58.2196
59.0304
59.8291
60.6161
61.3916
62.1558
62.9091
63.6517
64.3838
65.1057
65.8175
66.5193
67.2115
67.894
68.5671
69.2309
69.8856
70.5313
71.1679
71.7957
72.4148
73.0252
73.627
74.2203
74.8052
75.3816
75.9498
76.5096
77.0612
77.6046
78.14
78.6671
79.1863
79.6974
80.2005
80.6957
81.183
81.6624
82.1339
82.5976
83.0535
83.5016
83.9419
84.3746
84.7995
85.2167
85.6263
86.0283
86.4227
86.8095
87.1886
87.5603
87.9241
88.2806
88.6296
88.9707
89.3045
89.6304
89.9488
90.2594
90.5621
90.857
91.144
91.4228
91.6932
91.9551
92.2083
92.4524
92.6872
92.9123
93.127
93.3312
93.5242
93.705
93.8733
94.028
94.1683
94.2929
94.4008
94.4904
94.5604
94.609
94.6342
94.6339
94.6057
94.547
94.4546
94.3253
94.1551
93.9399
93.6749
93.3544
92.9723
92.5219
48.6955
48.0303
47.3396
46.6232
45.8813
45.1139
44.3215
43.5048
42.6649
41.8033
40.9226
40.0263
39.1198
38.2112
37.3124
36.442
35.6287
34.9167
34.3727
34.084
34.1272
34.5111
35.1676
36.0063
36.9558
37.9688
39.0155
40.0772
41.142
42.2025
43.2537
44.2928
45.3177
46.3276
47.3216
48.2998
49.262
50.2083
51.1393
52.0551
52.956
53.8425
54.715
55.574
56.4195
57.2523
58.0725
58.8805
59.6767
60.4613
61.2347
61.997
62.7486
63.4897
64.2205
64.9413
65.6522
66.3533
67.045
67.7273
68.4003
69.0643
69.7194
70.3656
71.003
71.6318
72.2521
72.864
73.4675
74.0627
74.6496
75.2284
75.7991
76.3618
76.9165
77.4632
78.002
78.533
79.0562
79.5717
80.0794
80.5794
81.0718
81.5565
82.0336
82.5032
82.9653
83.4198
83.867
84.3065
84.7385
85.1634
85.5807
85.9906
86.3933
86.7885
87.1763
87.5567
87.9298
88.2955
88.6538
89.0046
89.348
89.6837
90.012
90.3326
90.6452
90.9502
91.2469
91.5357
91.8158
92.0873
92.3501
92.6034
92.8471
93.0809
93.304
93.5162
93.7166
93.9046
94.0794
94.2401
94.3856
94.5149
94.6264
94.7191
94.7911
94.8408
94.8659
94.8645
94.8339
94.7713
94.6735
94.5371
94.3582
94.1321
93.8539
93.518
93.1178
92.6459
