99.3562
99.3426
99.3066
99.2498
99.1737
99.0796
98.9689
98.8425
98.7014
98.5465
98.3787
98.1986
98.007
97.8043
97.5911
97.368
97.1353
96.8934
96.6428
96.3838
96.1166
95.8416
95.559
95.2692
94.9722
94.6683
94.3578
94.0408
93.7174
93.3879
93.0524
92.7111
92.364
92.0113
91.6532
91.2897
90.9209
90.5469
90.1679
89.7838
89.3949
89.001
88.6023
88.1989
87.7907
87.3779
86.9604
86.5382
86.1114
85.6799
85.2438
84.8031
84.3576
83.9075
83.4527
82.993
82.5286
82.0593
81.5851
81.1059
80.6217
80.1324
79.6379
79.1382
78.6332
78.1228
77.6068
77.0854
76.5582
76.0254
75.4867
74.942
74.3914
73.8347
73.2716
72.7023
72.1266
71.5443
70.9553
70.3596
69.757
69.1473
68.5304
67.9062
67.2745
66.6353
65.9881
65.3331
64.6698
63.9982
63.318
62.629
61.931
61.2236
60.5068
59.78
59.0432
58.2958
57.5377
56.7684
55.9876
55.1948
54.3897
53.5717
52.7406
51.8957
51.0366
50.1629
49.2736
48.3695
47.4488
46.5116
45.5578
44.588
43.6013
42.5996
41.5833
40.5562
39.5215
38.4872
37.464
36.4693
35.5299
34.6887
34.0043
33.5489
33.3828
33.5189
33.9137
34.4974
35.2032
35.9807
36.7939
37.6207
38.4444
39.254
40.0428
40.8064
41.5402
42.2423
99.2146
99.1974
99.1584
99.0992
99.0213
98.9259
98.8143
98.6875
98.5465
98.3921
98.225
98.046
97.8558
97.6548
97.4436
97.2227
96.9925
96.7534
96.5057
96.2498
95.986
95.7145
95.4356
95.1496
94.8567
94.557
94.2508
93.9382
93.6195
93.2947
92.9641
92.6277
92.2856
91.9381
91.5852
91.227
90.8636
90.4951
90.1215
89.743
89.3597
88.9714
88.5784
88.1807
87.7783
87.3711
86.9593
86.5429
86.1218
85.696
85.2656
84.8305
84.3907
83.9462
83.4969
83.0428
82.5838
82.1199
81.651
81.1771
80.6981
80.2139
79.7245
79.2297
78.7296
78.224
77.7128
77.1959
76.6733
76.1449
75.6105
75.0701
74.5236
73.9709
73.4118
72.8463
72.2742
71.6955
71.1099
70.5175
69.918
69.3113
68.6973
68.0759
67.4468
66.81
66.1651
65.5122
64.8508
64.181
63.5024
62.8148
62.1179
61.4116
60.6954
59.9693
59.2327
58.4854
57.7271
56.9574
56.1759
55.3821
54.5758
53.7563
52.9234
52.0764
51.2149
50.3385
49.4466
48.5389
47.6149
46.6744
45.7172
44.7433
43.7533
42.7481
41.7297
40.7018
39.6681
38.6375
37.6234
36.6448
35.7341
34.9371
34.3194
33.9528
33.8873
34.1182
34.5906
35.2329
35.9831
36.7957
37.6395
38.4936
39.344
40.1814
40.9985
41.7922
42.5589
43.2956
99.0292
99.0083
98.9661
98.9045
98.8247
98.728
98.6155
98.4883
98.3472
98.1932
98.0269
97.8491
97.6602
97.461
97.2518
97.0332
96.8055
96.5692
96.3246
96.0719
95.8115
95.5437
95.2687
94.9867
94.698
94.4026
94.101
93.7931
93.4791
93.1592
92.8336
92.5024
92.1656
91.8235
91.476
91.1233
90.7655
90.4027
90.0349
89.6622
89.2847
88.9024
88.5153
88.1235
87.7269
87.3258
86.9199
86.5094
86.0942
85.6744
85.2499
84.8206
84.3866
83.9479
83.5043
83.0558
82.6024
82.1441
81.6807
81.2122
80.7385
80.2596
79.7753
79.2857
78.7905
78.2898
77.7834
77.2712
76.7532
76.2293
75.6993
75.1632
74.6208
74.0721
73.517
72.9552
72.3868
71.8116
71.2295
70.6403
70.0439
69.4402
68.8291
68.2103
67.5837
66.9492
66.3065
65.6555
64.9961
64.3278
63.6506
62.9642
62.2684
61.5629
60.8473
60.1215
59.3851
58.6377
57.879
57.1087
56.3263
55.5314
54.7237
53.9025
53.0676
52.2184
51.3544
50.4751
49.5805
48.6692
47.742
46.7974
45.8368
44.8596
43.8665
42.8588
41.8381
40.8092
39.7776
38.7526
37.7496
36.7906
35.9117
35.1652
34.6206
34.3471
34.3813
34.7011
35.2436
35.9374
36.7258
37.5688
38.4373
39.3137
40.1854
41.0441
41.8848
42.702
43.4931
44.2573
98.7992
98.7744
98.729
98.6648
98.583
98.4849
98.3715
98.2438
98.1027
97.9491
97.7835
97.6068
97.4194
97.222
97.0149
96.7987
96.5737
96.3402
96.0987
95.8495
95.5927
95.3287
95.0577
94.7799
94.4955
94.2048
93.9078
93.6048
93.2959
92.9812
92.6609
92.3351
92.0038
91.6673
91.3256
90.9787
90.6269
90.27
89.9083
89.5417
89.1703
88.7941
88.4132
88.0276
87.6373
87.2424
86.8428
86.4385
86.0296
85.6159
85.1975
84.7744
84.3465
83.9138
83.4761
83.0336
82.5861
82.1335
81.6758
81.2129
80.7448
80.2713
79.7924
79.308
78.818
78.3223
77.8209
77.3136
76.8003
76.281
75.7555
75.2238
74.6857
74.1411
73.59
73.0321
72.4675
71.8958
71.3172
70.7313
70.1381
69.5374
68.9291
68.3129
67.6889
67.0567
66.4162
65.7672
65.1095
64.4429
63.7671
63.0819
62.387
61.6822
60.9672
60.2417
59.5053
58.7578
57.9987
57.2277
56.4443
55.6483
54.839
54.0162
53.1792
52.3277
51.4611
50.5791
49.6811
48.7667
47.8363
46.8885
45.9239
44.9436
43.9471
42.9372
41.9159
40.8869
39.8584
38.8405
37.8496
36.9134
36.0714
35.3817
34.9163
34.7393
34.8707
35.2729
35.8777
36.6171
37.4391
38.3067
39.1965
40.0911
40.9807
41.8564
42.7146
43.5503
44.3617
45.147
98.5236
98.4947
98.4461
98.3792
98.2953
98.1956
98.0812
97.953
97.8119
97.6586
97.4938
97.3183
97.1324
96.9368
96.7319
96.5181
96.2958
96.0654
95.8272
95.5815
95.3285
95.0685
94.8017
94.5283
94.2486
93.9626
93.6707
93.3728
93.0692
92.76
92.4453
92.1252
91.7998
91.4692
91.1336
90.7929
90.4473
90.0968
89.7414
89.3813
89.0164
88.6467
88.2724
87.8934
87.5097
87.1214
86.7284
86.3307
85.9283
85.5212
85.1093
84.6926
84.2711
83.8447
83.4134
82.9771
82.5357
82.0892
81.6375
81.1805
80.7182
80.2505
79.7772
79.2983
78.8137
78.3234
77.8271
77.3249
76.8166
76.3021
75.7814
75.2542
74.7205
74.1803
73.6333
73.0795
72.5187
71.9508
71.3757
70.7933
70.2034
69.6058
69.0004
68.3871
67.7656
67.1358
66.4976
65.8506
65.1948
64.5298
63.8554
63.1715
62.4776
61.7736
61.0592
60.334
59.5977
58.85
58.0905
57.3188
56.5345
55.7372
54.9266
54.102
53.263
52.4093
51.5402
50.6554
49.7546
48.8373
47.9032
46.9523
45.9846
45.0008
44.0018
42.9894
41.9676
40.9399
39.9149
38.9057
37.9306
37.0208
36.2209
35.5938
35.2136
35.1345
35.3591
35.8376
36.4979
37.2768
38.1273
39.017
39.9241
40.8336
41.7371
42.6272
43.4986
44.3496
45.1771
45.9789
98.2014
98.1683
98.1162
98.0465
97.9604
97.8591
97.7436
97.6148
97.4736
97.3206
97.1566
96.9822
96.7978
96.6041
96.4014
96.1902
95.9708
95.7435
95.5087
95.2667
95.0176
94.7618
94.4995
94.2308
93.956
93.6751
93.3884
93.096
92.798
92.4946
92.1858
91.8719
91.5527
91.2285
90.8994
90.5652
90.2263
89.8825
89.534
89.1807
88.8227
88.46
88.0927
87.7207
87.3441
86.9627
86.5767
86.186
85.7906
85.3905
84.9855
84.5757
84.161
83.7413
83.3167
82.887
82.4521
82.0121
81.5667
81.116
80.6599
80.1982
79.7308
79.2578
78.779
78.2942
77.8035
77.3066
76.8036
76.2942
75.7784
75.2561
74.7272
74.1915
73.6489
73.0993
72.5427
71.9788
71.4075
70.8287
70.2422
69.6479
69.0457
68.4353
67.8166
67.1894
66.5536
65.9088
65.2549
64.5917
63.9189
63.2363
62.5436
61.8405
61.1267
60.4019
59.6658
58.918
58.1582
57.3859
56.6008
55.8024
54.9903
54.1641
53.3232
52.4672
51.5956
50.7084
49.8043
48.8842
47.9472
46.9926
46.0221
45.0356
44.0344
43.0208
41.9984
40.9728
39.9533
38.954
37.9973
37.1179
36.3652
35.8079
35.5177
35.5367
35.8497
36.3968
37.1063
37.9203
38.7953
39.7032
40.6248
41.5473
42.462
43.363
44.2461
45.1085
45.9482
46.7637
97.8314
97.794
97.7382
97.6655
97.5771
97.474
97.3573
97.2278
97.0864
96.9337
96.7704
96.5971
96.4143
96.2225
96.0221
95.8135
95.597
95.3731
95.1419
94.9037
94.6588
94.4075
94.1498
93.886
93.6163
93.3409
93.0598
92.7732
92.4812
92.184
91.8816
91.5741
91.2616
90.9442
90.6219
90.2949
89.963
89.6264
89.2852
88.9393
88.5887
88.2335
87.8736
87.5091
87.14
86.7662
86.3877
86.0045
85.6165
85.2237
84.8262
84.4237
84.0162
83.6038
83.1863
82.7636
82.3358
81.9026
81.464
81.02
80.5704
80.1152
79.6543
79.1875
78.7148
78.236
77.7511
77.26
76.7626
76.2586
75.7482
75.2311
74.7071
74.1763
73.6385
73.0935
72.5412
71.9816
71.4144
70.8395
70.2568
69.666
69.0672
68.46
67.8443
67.2199
66.5866
65.9442
65.2925
64.6313
63.9603
63.2791
62.5877
61.8857
61.1727
60.4485
59.7127
58.965
58.2049
57.4322
56.6464
55.847
55.0336
54.2058
53.3632
52.5052
51.6316
50.7416
49.835
48.9116
47.9718
47.0145
46.0413
45.0519
44.0489
43.0338
42.012
40.9896
39.9768
38.9895
38.0543
37.2092
36.5103
36.0291
35.8329
35.9481
36.3438
36.9528
37.7063
38.5498
39.4466
40.37
41.3044
42.2369
43.1613
44.0709
44.9627
45.8348
46.684
47.5097
97.4128
97.3707
97.311
97.2351
97.1441
97.039
96.921
96.7907
96.6489
96.4964
96.3338
96.1616
95.9803
95.7904
95.5923
95.3864
95.173
94.9524
94.725
94.4909
94.2503
94.0036
93.7509
93.4923
93.2281
92.9584
92.6832
92.4028
92.1173
91.8266
91.531
91.2305
90.9251
90.615
90.3001
89.9806
89.6564
89.3275
88.9941
88.6561
88.3134
87.9662
87.6144
87.258
86.8969
86.5311
86.1607
85.7855
85.4056
85.0208
84.6311
84.2365
83.8369
83.4322
83.0223
82.6072
82.1868
81.761
81.3298
80.8929
80.4504
80.0021
79.548
79.0879
78.6218
78.1494
77.6709
77.1859
76.6945
76.1965
75.6917
75.1802
74.6617
74.1361
73.6034
73.0633
72.5158
71.9608
71.398
70.8273
70.2487
69.6618
69.0667
68.4629
67.8505
67.2292
66.5988
65.9591
65.3099
64.6508
63.9818
63.3025
62.6125
61.9118
61.1999
60.4764
59.7411
58.9937
58.2336
57.4606
56.6742
55.874
55.0595
54.2304
53.3861
52.5262
51.6504
50.7582
49.8492
48.9233
47.9803
47.0205
46.0443
45.0528
44.0485
43.0331
42.012
40.9937
39.9886
39.0168
38.1058
37.3004
36.6615
36.2622
36.1622
36.3709
36.8427
37.507
38.2987
39.169
40.084
41.0212
41.9656
42.9063
43.8379
44.7549
45.6535
46.5325
47.3891
48.2233
96.9444
96.8973
96.8334
96.7539
96.6601
96.5529
96.4332
96.3018
96.1596
96.0072
95.845
95.6738
95.494
95.306
95.1103
94.9071
94.6968
94.4797
94.2561
94.0262
93.7903
93.5484
93.3009
93.0478
92.7894
92.5257
92.2569
91.9831
91.7044
91.4208
91.1324
90.8394
90.5416
90.2393
89.9324
89.6209
89.305
88.9845
88.6594
88.3299
87.9958
87.6572
87.3141
86.9663
86.6139
86.2569
85.8951
85.5286
85.1573
84.7811
84.3999
84.0138
83.6226
83.2262
82.8245
82.4176
82.0053
81.5874
81.164
80.7349
80.3
79.8592
79.4124
78.9596
78.5005
78.0351
77.5633
77.0851
76.6001
76.1085
75.6099
75.1044
74.5918
74.0719
73.5447
73.0101
72.4678
71.9177
71.3597
70.7937
70.2195
69.6369
69.0458
68.4459
67.8371
67.2193
66.5921
65.9553
65.3088
64.6524
63.9856
63.3083
62.6202
61.921
61.2103
60.488
59.7534
59.0064
58.2466
57.4735
56.6868
55.8859
55.0706
54.2403
53.3945
52.5331
51.655
50.7608
49.8491
48.9208
47.9755
47.0133
46.0344
45.0412
44.0353
43.0201
42.0012
40.9881
39.9931
39.038
38.1557
37.3954
36.8226
36.511
36.508
36.8058
37.347
38.0606
38.8864
39.7793
40.7099
41.6581
42.6107
43.5587
44.4959
45.4181
46.3224
47.2067
48.0695
48.9096
96.4252
96.3727
96.3042
96.2209
96.1239
96.0141
95.8925
95.7599
95.6169
95.4643
95.3025
95.1322
94.9537
94.7675
94.574
94.3736
94.1664
93.9529
93.7333
93.5077
93.2765
93.0398
92.7977
92.5504
92.2981
92.0409
91.7788
91.512
91.2405
90.9645
90.6839
90.3988
90.1093
89.8154
89.517
89.2143
88.9072
88.5956
88.2797
87.9593
87.6345
87.3052
86.9713
86.6329
86.29
85.9423
85.5899
85.2327
84.8707
84.5037
84.1318
83.7548
83.3727
82.9853
82.5926
82.1944
81.7908
81.3815
80.9666
80.5458
80.1191
79.6864
79.2476
78.8026
78.3512
77.8933
77.4289
76.9579
76.48
75.9952
75.5034
75.0045
74.4982
73.9846
73.4634
72.9346
72.398
71.8534
71.3007
70.7398
70.1704
69.5925
69.0059
68.4103
67.8056
67.1915
66.5679
65.9346
65.2912
64.6376
63.9735
63.2986
62.6126
61.9153
61.2062
60.4852
59.7517
59.0055
58.2462
57.4732
56.6864
55.8852
55.0692
54.2378
53.3909
52.5277
51.648
50.752
49.8382
48.9073
47.9598
46.995
46.0148
45.0203
44.0132
42.9988
41.983
40.9751
39.9919
39.0571
38.2078
37.498
36.9983
36.7786
36.8717
37.2529
37.8573
38.6149
39.4694
40.3825
41.3263
42.2845
43.2437
44.1968
45.139
46.065
46.973
47.861
48.7278
49.5729
95.8546
95.7962
95.7226
95.6349
95.5342
95.4215
95.2976
95.1633
95.0193
94.8661
94.7044
94.5347
94.3574
94.1729
93.9816
93.7838
93.5797
93.3698
93.1542
92.9331
92.7067
92.4753
92.2389
91.9977
91.7519
91.5014
91.2465
90.9872
90.7235
90.4554
90.1832
89.9067
89.626
89.3411
89.052
88.7586
88.461
88.1592
87.853
87.5426
87.2277
86.9085
86.5847
86.2564
85.9236
85.586
85.2438
84.8967
84.5448
84.1879
83.8259
83.4588
83.0864
82.7088
82.3257
81.9371
81.5429
81.1429
80.7371
80.3254
79.9076
79.4837
79.0535
78.6169
78.1738
77.7241
77.2677
76.8045
76.3343
75.8571
75.3726
74.8807
74.3815
73.8746
73.3601
72.8377
72.3073
71.7687
71.2218
70.6665
70.1026
69.5299
68.9482
68.3573
67.7571
67.1473
66.5278
65.8982
65.2585
64.6081
63.9471
63.2749
62.5915
61.8964
61.1893
60.4699
59.7378
58.9927
58.2342
57.4618
56.6751
55.8738
55.0573
54.2253
53.3774
52.5131
51.632
50.7339
49.8184
48.8856
47.9356
46.9689
45.9866
44.991
43.9839
42.9704
41.9586
40.9585
39.9894
39.078
38.2656
37.6129
37.1925
37.0674
37.2545
37.7131
38.3738
39.1698
40.0503
40.9795
41.9352
42.9009
43.8661
44.8231
45.7683
46.6976
47.6081
48.4993
49.3687
50.216
95.2318
95.1669
95.0875
94.9949
94.8901
94.7739
94.6472
94.5107
94.3652
94.2111
94.0491
93.8797
93.7032
93.5201
93.3308
93.1354
92.9344
92.728
92.5164
92.2999
92.0785
91.8525
91.622
91.3872
91.1481
90.9048
90.6574
90.406
90.1505
89.8911
89.6278
89.3605
89.0892
88.8141
88.5348
88.2516
87.9644
87.673
87.3774
87.0777
86.7736
86.4652
86.1524
85.8351
85.5132
85.1867
84.8554
84.5193
84.1782
83.8322
83.481
83.1246
82.7629
82.3958
82.0231
81.6448
81.2608
80.8709
80.475
80.0731
79.665
79.2506
78.8297
78.4024
77.9683
77.5275
77.0798
76.6251
76.1633
75.6941
75.2177
74.7336
74.242
73.7426
73.2352
72.7198
72.1962
71.6643
71.1239
70.5747
70.0168
69.4498
68.8736
68.288
67.6929
67.0879
66.4729
65.8477
65.2119
64.5654
63.9078
63.2389
62.5584
61.866
61.1612
60.4439
59.7136
58.9699
58.2125
57.441
56.6548
55.8537
55.0371
54.2046
53.3559
52.4903
51.6081
50.7086
49.791
48.8565
47.9049
46.9366
45.9531
44.9563
43.9496
42.9383
41.9309
40.9404
39.9876
39.1026
38.333
37.7438
37.4082
37.3793
37.6562
38.1856
38.8969
39.7265
40.629
41.5732
42.5381
43.5099
44.4792
45.4396
46.3868
47.3177
48.2302
49.1228
49.9943
50.8432
94.5565
94.4843
94.3985
94.3002
94.1905
94.0701
93.94
93.8008
93.6531
93.4976
93.3348
93.1652
92.9892
92.8071
92.6194
92.4263
92.2281
92.0251
91.8175
91.6054
91.389
91.1686
90.9441
90.7159
90.4838
90.248
90.0086
89.7656
89.5189
89.2687
89.0149
88.7575
88.4964
88.2317
87.9632
87.6909
87.4147
87.1347
86.8506
86.5624
86.2701
85.9735
85.6725
85.3671
85.0571
84.7425
84.4231
84.0988
83.7696
83.4353
83.0958
82.751
82.4008
82.0451
81.6837
81.3167
80.9437
80.5647
80.1797
79.7884
79.3907
78.9866
78.5759
78.1586
77.7343
77.3032
76.8649
76.4195
75.9667
75.5065
75.0387
74.5633
74.0799
73.5886
73.0892
72.5815
72.0654
71.5407
71.0073
70.465
69.9137
69.353
68.783
68.2033
67.6138
67.0142
66.4044
65.784
65.1528
64.5106
63.857
63.1919
62.5148
61.8255
61.1236
60.4088
59.6806
58.9388
58.183
57.4126
56.6273
55.8267
55.0103
54.1777
53.3287
52.4624
51.5788
50.6781
49.7593
48.8234
47.8697
46.9002
45.9151
44.9181
43.9125
42.9043
41.9024
40.9231
39.9887
39.1348
38.4135
37.8941
37.6484
37.7155
38.0772
38.6712
39.4263
40.2858
41.2073
42.1642
43.1368
44.114
45.0861
46.0482
46.9971
47.9286
48.8415
49.7345
50.6064
51.4565
93.8286
93.7483
93.6551
93.5504
93.4349
93.3096
93.1751
93.0324
92.8819
92.7243
92.56
92.3896
92.2135
92.0319
91.8454
91.6541
91.4584
91.2585
91.0546
90.8469
90.6355
90.4206
90.2023
89.9808
89.756
89.5281
89.297
89.0628
88.8255
88.5851
88.3414
88.0946
87.8444
87.5909
87.334
87.0735
86.8094
86.5416
86.27
85.9943
85.7147
85.4309
85.1427
84.8502
84.5531
84.2514
83.9449
83.6334
83.317
82.9955
82.6687
82.3365
81.9988
81.6555
81.3064
80.9514
80.5904
80.2233
79.85
79.4702
79.084
78.6911
78.2914
77.8849
77.4714
77.0507
76.6227
76.1874
75.7445
75.294
74.8358
74.3696
73.8953
73.4129
72.9222
72.4229
71.915
71.3983
70.8727
70.338
69.7939
69.2404
68.6771
68.104
67.5208
66.9272
66.3231
65.7082
65.0822
64.4449
63.796
63.1351
62.462
61.7764
61.0778
60.366
59.6405
58.901
58.1471
57.3783
56.5943
55.7946
54.9787
54.1464
53.2973
52.4307
51.5465
50.6444
49.7245
48.7869
47.832
46.8609
45.876
44.8786
43.8746
42.8697
41.876
40.9092
39.997
39.1785
38.511
38.0681
37.9155
38.0768
38.5173
39.169
39.9637
40.8486
41.7869
42.754
43.7327
44.7134
45.6881
46.6509
47.5999
48.5311
49.4442
50.3366
51.208
52.0582
93.0483
92.9589
92.8574
92.7451
92.6229
92.4915
92.3519
92.2047
92.0504
91.8898
91.7232
91.5513
91.3742
91.1925
91.0065
90.8165
90.6228
90.4256
90.2251
90.0214
89.8149
89.6055
89.3934
89.1787
88.9614
88.7416
88.5192
88.2943
88.0669
87.8368
87.604
87.3685
87.1301
86.8887
86.6442
86.3965
86.1455
85.8909
85.6327
85.3707
85.1048
84.8348
84.5606
84.282
83.9989
83.7112
83.4187
83.1212
82.8187
82.511
82.198
81.8794
81.5553
81.2254
80.8896
80.5478
80.1999
79.8456
79.485
79.1177
78.7438
78.3631
77.9754
77.5807
77.1788
76.7695
76.3527
75.9284
75.4963
75.0565
74.6085
74.1525
73.6882
73.2155
72.7342
72.2442
71.7453
71.2375
70.7204
70.194
69.658
69.1122
68.5566
67.9907
67.4145
66.8277
66.23
65.6213
65.0012
64.3694
63.7257
63.0698
62.4013
61.7199
61.0252
60.317
59.5947
58.858
58.1066
57.3398
56.5575
55.7591
54.9442
54.1124
53.2636
52.3964
51.5119
50.6094
49.6881
48.7496
47.7939
46.8222
45.8364
44.8398
43.8375
42.8381
41.8528
40.9015
40.0141
39.2361
38.6293
38.2687
38.2114
38.4634
38.9765
39.6801
40.509
41.4159
42.3679
43.3432
44.3273
45.3104
46.2859
47.2494
48.1976
49.1283
50.0401
50.931
51.8016
52.6505
92.2166
92.1167
92.0058
91.8848
91.7546
91.6161
91.47
91.3172
91.1581
90.9933
90.8234
90.6488
90.4699
90.2872
90.1009
89.9114
89.7189
89.5237
89.3261
89.1262
88.9241
88.7199
88.5139
88.306
88.0963
87.8848
87.6715
87.4563
87.2393
87.0202
86.799
86.5756
86.3498
86.1214
85.8904
85.6565
85.4195
85.1794
84.9357
84.6885
84.4375
84.1825
83.9234
83.66
83.3921
83.1196
82.8423
82.56
82.2726
81.9799
81.6818
81.3781
81.0686
80.7533
80.4319
80.1044
79.7706
79.4303
79.0834
78.7298
78.3693
78.0018
77.6272
77.2452
76.8559
76.459
76.0544
75.6421
75.2217
74.7934
74.3568
73.9118
73.4583
72.9962
72.5253
72.0455
71.5565
71.0583
70.5506
70.0333
69.5062
68.9691
68.4218
67.8641
67.2956
66.7163
66.1259
65.5241
64.9106
64.2851
63.6474
62.9971
62.3339
61.6574
60.9673
60.2632
59.5447
58.8114
58.063
57.2989
56.5187
55.7221
54.9086
54.0776
53.2289
52.3628
51.4778
50.575
49.6533
48.7142
47.7574
46.7853
45.7998
44.8046
43.8048
42.8107
41.836
40.9027
40.0446
39.3118
38.7722
38.4991
38.5373
38.8757
39.4551
40.2038
41.0631
41.9887
42.9528
43.9347
44.9222
45.9074
46.8828
47.8452
48.7919
49.7207
50.6304
51.5198
52.3881
53.2347
91.3345
91.2229
91.1011
90.97
90.8305
90.6835
90.5297
90.3698
90.2045
90.0342
89.8597
89.6812
89.4993
89.3143
89.1266
88.9366
88.7445
88.5505
88.355
88.158
87.9598
87.7606
87.5603
87.3591
87.1569
86.9539
86.7498
86.5448
86.3386
86.1312
85.9223
85.7119
85.4996
85.2854
85.0689
84.8499
84.6282
84.4036
84.1758
83.9446
83.7098
83.4712
83.2284
82.9815
82.7301
82.4741
82.2133
81.9474
81.6764
81.4
81.118
80.8304
80.5369
80.2374
79.9317
79.6197
79.3012
78.976
78.6441
78.3052
77.9593
77.6061
77.2456
76.8775
76.5019
76.1185
75.7272
75.3278
74.9202
74.5044
74.0801
73.6472
73.2055
72.755
72.2954
71.8267
71.3485
70.8609
70.3636
69.8564
69.339
68.8115
68.2734
67.7246
67.1649
66.594
66.0116
65.4175
64.8115
64.1931
63.5621
62.9182
62.261
61.5902
60.9054
60.2061
59.4921
58.7629
58.018
57.2571
56.4797
55.6854
54.8737
54.044
53.1965
52.3306
51.4466
50.5433
49.6215
48.6816
47.7245
46.7526
45.7672
44.7739
43.778
42.7912
41.8284
40.9159
40.0913
39.41
38.9436
38.7619
38.8947
39.3136
39.9524
40.7417
41.626
42.5682
43.5417
44.5294
45.5191
46.5045
47.4797
48.4404
49.3854
50.3115
51.2183
52.1053
52.9705
53.8139
90.4039
90.2792
90.1449
90.0022
89.8518
89.6946
89.5315
89.363
89.1898
89.0125
88.8317
88.6478
88.4613
88.2727
88.0822
87.8903
87.6973
87.5034
87.3089
87.1141
86.919
86.7239
86.5289
86.334
86.1393
85.9446
85.75
85.5554
85.3606
85.1655
84.9697
84.7731
84.5754
84.3763
84.1755
83.9727
83.7676
83.5599
83.3493
83.1356
82.9184
82.6975
82.4726
82.2436
82.0101
81.772
81.5291
81.281
81.0277
80.769
80.5047
80.2345
79.9583
79.6759
79.3872
79.092
78.7901
78.4814
78.1656
77.8428
77.5126
77.175
76.8298
76.4768
76.116
75.7472
75.3702
74.985
74.5913
74.189
73.7781
73.3583
72.9295
72.4917
72.0444
71.5878
71.1215
70.6455
70.1594
69.6632
69.1567
68.6396
68.1117
67.5729
67.0228
66.4612
65.8879
65.3025
64.7047
64.0943
63.471
62.8343
62.184
61.5196
60.8409
60.1473
59.4385
58.714
57.9735
57.2164
56.4423
55.6509
54.8416
54.0143
53.1678
52.3031
51.4193
50.5166
49.595
48.6552
47.6984
46.7264
45.7422
44.7509
43.7599
42.7811
41.8335
40.9444
40.1579
39.534
39.1475
39.0596
39.2839
39.7774
40.4692
41.2934
42.2004
43.1559
44.1369
45.1282
46.1196
47.1044
48.0778
49.0366
49.9784
50.9012
51.8049
52.6881
53.5494
54.3895
89.4272
89.2877
89.1394
88.9832
88.8202
88.6511
88.4768
88.2978
88.1149
87.9288
87.7398
87.5487
87.3558
87.1617
86.9667
86.7712
86.5756
86.3803
86.1855
85.9914
85.7984
85.6065
85.4159
85.2267
85.039
84.8526
84.6675
84.4835
84.3004
84.1181
83.9363
83.7545
83.5724
83.3897
83.2059
83.0207
82.8337
82.6444
82.4526
82.2578
82.0598
81.8582
81.6527
81.4432
81.2292
81.0105
80.787
80.5583
80.3243
80.0848
79.8395
79.5882
79.3308
79.067
78.7967
78.5197
78.2358
77.9449
77.6467
77.3412
77.0281
76.7073
76.3787
76.0421
75.6974
75.3444
74.983
74.6131
74.2344
73.847
73.4505
73.045
72.6302
72.206
71.7723
71.3288
70.8754
70.412
69.9384
69.4543
68.9596
68.454
67.9374
67.4095
66.87
66.3187
65.7554
65.1797
64.5913
63.9898
63.3751
62.7466
62.1041
61.4472
60.7754
60.0883
59.3855
58.6666
57.9311
57.1786
56.4086
55.6207
54.8144
53.9895
53.1452
52.2822
51.3991
50.4973
49.5757
48.6365
47.6802
46.7092
45.7262
44.7382
43.7531
42.7845
41.8534
40.9919
40.2482
39.6885
39.387
39.3943
39.7061
40.267
41.006
41.8612
42.7869
43.7533
44.7407
45.7343
46.7257
47.7096
48.6803
49.6357
50.5737
51.4929
52.3922
53.2708
54.1281
54.9627
88.4076
88.2515
88.0872
87.9158
87.7382
87.5552
87.3676
87.1761
86.9814
86.7842
86.585
86.3844
86.183
85.9811
85.7794
85.5783
85.3782
85.1795
84.9824
84.7875
84.595
84.4049
84.2176
84.0332
83.8517
83.673
83.4971
83.3239
83.153
82.9842
82.817
82.651
82.4858
82.3209
82.1556
81.9895
81.8222
81.6531
81.4817
81.3077
81.1305
80.95
80.7657
80.5772
80.3844
80.1869
79.9844
79.7768
79.5636
79.3449
79.1203
78.8895
78.6524
78.4088
78.1584
77.9012
77.6368
77.3651
77.086
76.7992
76.5047
76.2021
75.8915
75.5726
75.2453
74.9095
74.5649
74.2115
73.8492
73.4778
73.0971
72.707
72.3074
71.8981
71.4789
71.0498
70.6105
70.1609
69.7007
69.2298
68.748
68.2551
67.7508
67.235
66.7072
66.1674
65.6151
65.0502
64.4721
63.8808
63.2757
62.6565
62.0228
61.3743
60.7104
60.0308
59.335
58.6226
57.8931
57.146
56.3808
55.5972
54.7945
53.9727
53.1312
52.2699
51.3892
50.4881
49.5677
48.6293
47.6735
46.7033
45.7234
44.7389
43.7609
42.8043
41.8922
41.0623
40.3675
39.8782
39.666
39.7677
40.1615
40.7838
41.5639
42.4452
43.3872
44.3623
45.3538
46.3491
47.3394
48.3207
49.2879
50.2398
51.1731
52.0874
52.9821
53.8554
54.7071
55.5367
87.3488
87.1742
86.9921
86.8035
86.6092
86.4101
86.207
86.0006
85.7918
85.581
85.369
85.1564
84.9438
84.7318
84.5208
84.3115
84.1044
83.8998
83.6983
83.5002
83.3059
83.1159
82.9302
82.7492
82.5728
82.401
82.234
82.0712
81.9127
81.7579
81.6062
81.4572
81.3102
81.1645
81.0195
80.8745
80.7287
80.5816
80.4327
80.2813
80.127
79.9694
79.8081
79.6427
79.4728
79.2982
79.1187
78.9338
78.7434
78.5472
78.3449
78.1363
77.9213
77.6995
77.4708
77.2349
76.9916
76.7409
76.4823
76.2159
75.9413
75.6585
75.3674
75.0676
74.7592
74.4418
74.1155
73.7801
73.4354
73.0812
72.7176
72.3442
71.961
71.5678
71.1645
70.751
70.3269
69.8923
69.4468
68.9903
68.5226
68.0435
67.5528
67.0501
66.5353
66.008
65.468
64.9149
64.3485
63.7684
63.1741
62.5653
61.9416
61.3026
60.6479
59.9768
59.2891
58.5842
57.8616
57.1208
56.3615
55.583
54.785
53.9672
53.1287
52.2702
51.3913
50.4921
49.5733
48.6358
47.6814
46.7132
45.7358
44.757
43.7868
42.8435
41.9546
41.1602
40.5202
40.1075
39.9879
40.1819
40.6518
41.3285
42.1444
43.0478
44.0027
44.9851
45.9791
46.9741
47.9629
48.9408
49.9043
50.8511
51.779
52.6881
53.5763
54.444
55.2893
56.113
86.2552
86.0604
85.8584
85.6504
85.4372
85.2197
84.9987
84.775
84.5492
84.3223
84.0948
83.8673
83.6407
83.4154
83.1922
82.9716
82.7543
82.5408
82.3318
82.1278
81.9292
81.7366
81.5502
81.3705
81.1975
81.0315
80.8723
80.7197
80.5735
80.4331
80.2978
80.167
80.0398
79.9152
79.7924
79.6705
79.5485
79.4258
79.3014
79.1749
79.0456
78.9131
78.7769
78.6365
78.4917
78.3421
78.1873
78.0271
77.8613
77.6895
77.5115
77.327
77.1358
76.9376
76.7323
76.5195
76.2991
76.0709
75.8347
75.5902
75.3373
75.0759
74.8057
74.5266
74.2385
73.9412
73.6346
73.3185
72.9929
72.6574
72.3122
71.9569
71.5914
71.2157
70.8295
70.4328
70.0253
69.6068
69.1773
68.7364
68.2841
67.82
67.344
66.8558
66.3551
65.8416
65.3151
64.7752
64.2216
63.654
63.0718
62.4747
61.8623
61.2341
60.5896
59.9284
59.25
58.5538
57.8392
57.1059
56.3533
55.581
54.7881
53.9752
53.1409
52.2861
51.4096
50.5129
49.5962
48.66
47.7078
46.7421
45.7685
44.7952
43.8349
42.9077
42.0443
41.2908
40.7116
40.3814
40.3559
40.6383
41.1775
41.9027
42.7494
43.672
44.6371
45.6242
46.6199
47.6133
48.5989
49.5723
50.5305
51.4714
52.3937
53.2962
54.1781
55.0387
55.8775
56.6932
85.1322
84.9151
84.6913
84.4617
84.2273
83.989
83.7475
83.5038
83.2585
83.0124
82.7662
82.5208
82.2767
82.0348
81.7958
81.5604
81.3293
81.1034
80.8832
80.6697
80.4633
80.2648
80.0746
79.8935
79.7216
79.5592
79.4064
79.2631
79.1288
79.0031
78.8851
78.7739
78.6682
78.5668
78.4687
78.3724
78.2768
78.181
78.084
77.9848
77.8831
77.778
77.6692
77.5562
77.4385
77.3159
77.1881
77.0547
76.9155
76.7701
76.6183
76.4599
76.2944
76.1219
75.9418
75.7541
75.5584
75.3546
75.1425
74.9217
74.6922
74.4538
74.2064
73.9496
73.6835
73.4078
73.1224
72.8272
72.522
72.2067
71.8813
71.5454
71.1991
70.8422
70.4745
70.0959
69.7063
69.3054
68.893
68.4691
68.0334
67.5857
67.1257
66.6532
66.1679
65.6696
65.1579
64.6326
64.0931
63.5393
62.9706
62.3865
61.7868
61.1708
60.5381
59.888
59.2202
58.534
57.8289
57.1043
56.3597
55.5945
54.8084
54.0009
53.1717
52.3213
51.4486
50.5545
49.6405
48.7069
47.7567
46.7944
45.8254
44.8586
43.9099
43.0013
42.1671
41.4599
40.948
40.7049
40.7735
41.1392
41.7412
42.5085
43.3814
44.3191
45.2927
46.2826
47.2778
48.2691
49.2502
50.2181
51.1707
52.1048
53.0198
53.9154
54.7896
55.6422
56.4728
57.2807
83.9854
83.7442
83.4965
83.2433
82.9854
82.7238
82.4593
82.1928
81.925
81.6566
81.3886
81.1217
80.8566
80.5943
80.3356
80.0813
79.8323
79.5895
79.3539
79.1263
78.9078
78.6992
78.5012
78.3149
78.1406
77.979
77.8304
77.6947
77.5716
77.4606
77.3606
77.2705
77.1885
77.1132
77.0426
76.9751
76.9091
76.8433
76.7766
76.7079
76.6365
76.5616
76.4827
76.3995
76.3114
76.2182
76.1196
76.0151
75.9046
75.7878
75.6644
75.5341
75.3965
75.2515
75.0988
74.9381
74.7691
74.5917
74.4055
74.2104
74.0062
73.7927
73.5696
73.337
73.0944
72.842
72.5795
72.3067
72.0236
71.73
71.4259
71.111
70.7853
70.4486
70.1008
69.7418
69.3713
68.9893
68.5955
68.1899
67.7721
67.342
66.8994
66.444
65.9755
65.4937
64.9982
64.4887
63.9649
63.4263
62.8725
62.3031
61.7174
61.1152
60.4957
59.8584
59.2027
58.5281
57.8338
57.1193
56.3842
55.6276
54.8494
54.049
53.2255
52.3799
51.5118
50.6217
49.7106
48.7802
47.8339
46.875
45.911
44.9527
44.0173
43.1295
42.3297
41.674
41.2357
41.0831
41.244
41.6869
42.3446
43.148
44.0435
44.9932
45.9722
46.9638
47.9568
48.944
49.9202
50.8822
51.8267
52.7537
53.6611
54.5475
55.4134
56.2571
57.0785
57.8775
82.8212
82.5542
82.2807
82.0018
81.7183
81.431
81.141
80.8489
80.5555
80.2618
79.9685
79.6765
79.3866
79.0999
78.8171
78.5393
78.2676
78.0031
77.7469
77.5001
77.2641
77.04
76.8291
76.6325
76.4513
76.2864
76.1385
76.0079
75.8945
75.7977
75.7165
75.6491
75.5936
75.5474
75.5081
75.4733
75.4409
75.409
75.3763
75.3415
75.3035
75.2619
75.2159
75.1651
75.1092
75.0479
74.9807
74.9076
74.8282
74.7422
74.6494
74.5493
74.4419
74.3267
74.2034
74.0718
73.9317
73.7827
73.6245
73.457
73.28
73.0932
72.8965
72.6897
72.4727
72.2452
72.0072
71.7586
71.4992
71.2289
70.9476
70.6552
70.3516
70.0366
69.7101
69.3721
69.0223
68.6605
68.2867
67.9007
67.5022
67.0911
66.6672
66.2303
65.7799
65.316
64.8381
64.346
63.8393
63.3175
62.7801
62.2268
61.657
61.0701
60.4656
59.8427
59.2009
58.5395
57.8579
57.1552
56.431
55.6847
54.9153
54.1233
53.3073
52.4683
51.6059
50.7201
49.8133
48.8869
47.9441
46.9901
46.0326
45.0841
44.1636
43.3003
42.5385
41.9407
41.5817
41.5217
41.7715
42.2849
42.992
43.8263
44.7395
45.699
46.6811
47.6716
48.6617
49.6433
50.6126
51.5667
52.5034
53.4213
54.3193
55.1967
56.0521
56.8863
57.698
58.4859
81.6464
81.3519
81.051
80.7445
80.4332
80.1181
79.8
79.4797
79.158
78.8358
78.5138
78.1931
77.8745
77.559
77.2476
76.9415
76.6419
76.3501
76.0675
75.7954
75.5356
75.2896
75.0592
74.846
74.6517
74.4779
74.3257
74.1963
74.0898
74.0061
73.9439
73.9013
73.8754
73.8627
73.8595
73.8624
73.8685
73.8754
73.881
73.8841
73.8835
73.8785
73.8685
73.8532
73.8322
73.8053
73.7723
73.7329
73.6869
73.6341
73.5741
73.5067
73.4316
73.3484
73.2569
73.1567
73.0475
72.9291
72.8011
72.6633
72.5155
72.3575
72.1891
72.0101
71.8203
71.6197
71.408
71.1852
70.9512
70.7058
70.449
70.1807
69.9007
69.6089
69.3053
68.9896
68.6619
68.3219
67.9694
67.6044
67.2266
66.836
66.4321
66.015
65.5842
65.1396
64.6808
64.2075
63.7193
63.2158
62.6966
62.1611
61.6088
61.0391
60.4513
59.8448
59.2188
58.5726
57.9055
57.2166
56.5053
55.7709
55.0127
54.2303
53.4232
52.5921
51.7361
50.8569
49.9548
49.0333
48.0949
47.1467
46.1964
45.2593
44.3564
43.5211
42.8027
42.2687
41.9936
42.0265
42.36
42.9372
43.6865
44.5471
45.475
46.4398
47.4233
48.4109
49.3955
50.37
51.3316
52.2765
53.2033
54.1116
54.999
55.8654
56.7103
57.5331
58.3332
59.1098
80.4679
80.1447
79.8148
79.4791
79.1383
78.7934
78.445
78.0941
77.7413
77.3876
77.0338
76.6808
76.3295
75.981
75.6365
75.2971
74.9641
74.6391
74.3236
74.0195
73.7286
73.4531
73.1952
72.9574
72.7421
72.5517
72.3885
72.2543
72.1505
72.0774
72.0342
72.0185
72.0264
72.0528
72.092
72.139
72.1898
72.2411
72.2906
72.3364
72.3774
72.4129
72.4425
72.4657
72.4826
72.4929
72.4965
72.4934
72.4833
72.466
72.4413
72.4089
72.3685
72.3197
72.2622
72.1956
72.1196
72.034
71.9383
71.8324
71.716
71.5888
71.4506
71.3014
71.1408
70.9688
70.7853
70.5901
70.3832
70.1645
69.9338
69.6911
69.4363
69.1693
68.89
68.5984
68.2941
67.9772
67.6476
67.305
66.9493
66.5803
66.198
65.802
65.3922
64.9682
64.5299
64.0769
63.6088
63.1253
62.6258
62.1099
61.5769
61.0263
60.4573
59.8692
59.2611
58.6323
57.9818
57.3089
56.6127
55.8925
55.1474
54.377
53.5808
52.7588
51.9112
51.0388
50.1433
49.2271
48.2948
47.3533
46.4121
45.4876
44.605
43.801
43.1314
42.6673
42.4802
42.6046
43.0159
43.6492
44.4343
45.3162
46.2543
47.2228
48.2037
49.1869
50.1642
51.1304
52.0821
53.0161
53.9322
54.828
55.7039
56.558
57.3909
58.201
58.9881
59.7521
79.2927
78.9399
78.58
78.2137
77.8419
77.4654
77.0849
76.7012
76.3151
75.9273
75.5386
75.1501
74.7626
74.3772
73.995
73.6173
73.2455
72.8812
72.5263
72.1828
71.8529
71.5394
71.2449
70.9729
70.7266
70.5098
70.3261
70.179
70.0714
70.0049
69.9796
69.9932
70.0403
70.113
70.2027
70.302
70.4052
70.5082
70.6077
70.7018
70.7894
70.8697
70.9425
71.0078
71.0655
71.1158
71.1588
71.1944
71.2226
71.2433
71.2562
71.2611
71.2577
71.2455
71.2243
71.1936
71.1531
71.1025
71.0414
70.9695
70.8865
70.7922
70.6863
70.5688
70.4393
70.2979
70.1443
69.9786
69.8005
69.61
69.4072
69.1918
68.9638
68.7231
68.4697
68.2034
67.9242
67.6319
67.3264
67.0076
66.6754
66.3296
65.97
65.5966
65.209
64.8071
64.3907
63.9594
63.5129
63.0509
62.5728
62.0782
61.5664
61.0368
60.4886
59.9211
59.3333
58.7243
58.093
57.4386
56.7599
56.0564
55.3266
54.5705
53.7873
52.9765
52.1391
51.2757
50.3881
49.4793
48.5541
47.6203
46.6895
45.78
44.9201
44.152
43.5365
43.148
43.051
43.2633
43.7457
44.4275
45.2428
46.1398
47.0847
48.053
49.0301
50.0059
50.9736
51.9289
52.8685
53.7906
54.6936
55.5765
56.4386
57.2793
58.0974
58.8937
59.6669
60.4156
78.128
77.7448
77.354
76.9563
76.5525
76.1431
75.7291
75.311
74.8896
74.4655
74.0396
73.6128
73.1859
72.7599
72.336
71.9154
71.4997
71.0904
70.6896
70.2994
69.9224
69.5617
69.2207
68.9036
68.6148
68.3596
68.1436
67.9725
67.8519
67.7861
67.7769
67.8225
67.9154
68.0435
68.1936
68.355
68.52
68.6828
68.8397
68.9885
69.1281
69.2578
69.3779
69.4886
69.5903
69.6834
69.7683
69.8451
69.9139
69.9748
70.0276
70.0719
70.1076
70.1343
70.1515
70.1589
70.1561
70.1426
70.1181
70.0822
70.0347
69.9753
69.9037
69.8198
69.7233
69.6143
69.4925
69.3578
69.2103
69.0498
68.8763
68.6898
68.4901
68.2773
68.0513
67.8119
67.5591
67.2928
67.0129
66.7193
66.4119
66.0905
65.7551
65.4055
65.0415
64.663
64.2697
63.8615
63.4381
62.999
62.544
62.0723
61.5836
61.0771
60.5519
60.0073
59.4422
58.8556
58.2463
57.6132
56.9554
56.2712
55.5598
54.8205
54.053
53.2563
52.431
51.5787
50.7009
49.8004
48.884
47.9597
47.0405
46.1485
45.3149
44.5874
44.0318
43.7234
43.7169
44.0126
44.5578
45.281
46.119
47.0273
47.9743
48.939
49.9092
50.8747
51.831
52.7729
53.6983
54.6055
55.4939
56.3613
57.2077
58.0325
58.8353
59.6154
60.3723
61.105
76.9803
76.5666
76.1445
75.7149
75.2782
74.8354
74.3868
73.9332
73.4751
73.0133
72.5483
72.0811
71.6123
71.1429
70.674
70.2068
69.7427
69.2834
68.8307
68.3871
67.9553
67.5385
67.141
66.7674
66.4236
66.1165
65.854
65.6454
65.5003
65.4274
65.432
65.5129
65.6593
65.853
66.0748
66.3098
66.5469
66.7789
67.0012
67.2114
67.4085
67.5926
67.764
67.9236
68.0723
68.2108
68.3399
68.4601
68.5716
68.6747
68.7692
68.855
68.9317
68.9991
69.0566
69.1039
69.1405
69.166
69.18
69.1821
69.1719
69.1491
69.1136
69.065
69.0033
68.9282
68.8398
68.7379
68.6224
68.4935
68.3509
68.1947
68.0249
67.8414
67.6442
67.4331
67.2082
66.9693
66.7163
66.4492
66.1679
65.8723
65.5622
65.2376
64.8984
64.5445
64.1757
63.7919
63.3928
62.9781
62.5475
62.1006
61.6367
61.1551
60.6552
60.1358
59.596
59.0346
58.4503
57.8416
57.2075
56.5463
55.8569
55.1382
54.3892
53.6098
52.7999
51.9608
51.0945
50.2056
49.2992
48.3857
47.4813
46.6087
45.8051
45.1231
44.6329
44.4086
44.4909
44.8627
45.4626
46.2188
47.0741
47.9876
48.9322
49.8891
50.8482
51.8009
52.7422
53.6678
54.5771
55.4676
56.3376
57.1878
58.0162
58.823
59.6083
60.3702
61.1088
61.8231
75.8558
75.4116
74.9583
74.4967
74.0273
73.5505
73.0671
72.5774
72.0821
71.5815
71.0764
70.5674
70.0551
69.5405
69.0243
68.5077
67.9919
67.4786
66.9695
66.4669
65.9738
65.4935
65.0303
64.5898
64.1789
63.8063
63.4828
63.222
63.0394
62.9507
62.9666
63.0868
63.2952
63.5656
63.8711
64.1909
64.5106
64.8208
65.1161
65.3943
65.6545
65.8975
66.1241
66.3359
66.5343
66.7206
66.896
67.0614
67.2173
67.364
67.5017
67.6303
67.7494
67.8588
67.958
68.0465
68.124
68.1898
68.2436
68.285
68.3135
68.3288
68.3307
68.3188
68.2932
68.2535
68.1998
68.132
68.05
67.9539
67.8436
67.7191
67.5805
67.4276
67.2605
67.079
66.8833
66.673
66.4483
66.209
65.955
65.6862
65.4027
65.1044
64.7911
64.4629
64.1197
63.7614
63.3878
62.9989
62.5942
62.1734
61.7359
61.2813
60.8085
60.3167
59.8048
59.2715
58.7152
58.1346
57.5277
56.8934
56.2294
55.5351
54.8091
54.0506
53.2594
52.4372
51.586
50.7102
49.8168
48.9171
48.0294
47.1798
46.4097
45.778
45.359
45.2204
45.3877
45.8278
46.4719
47.2532
48.118
49.0307
49.9683
50.9137
51.8574
52.7927
53.7153
54.6221
55.5113
56.3815
57.2317
58.0607
58.8693
59.6562
60.4204
61.1624
61.8805
62.5747
74.7599
74.2857
73.8017
73.3085
72.8066
72.2963
71.7781
71.2526
70.7199
70.1806
69.635
69.0839
68.5276
67.9667
67.402
66.8345
66.2653
65.6957
65.1273
64.5623
64.0034
63.4541
62.9188
62.4035
61.916
61.4669
61.0702
60.7446
60.5135
60.402
60.4285
60.593
60.8721
61.229
61.6279
62.0416
62.4517
62.8469
63.2213
63.5725
63.9004
64.2061
64.4912
64.758
65.0085
65.2446
65.4679
65.6797
65.881
66.0723
66.254
66.4259
66.588
66.74
66.8813
67.0117
67.1305
67.2372
67.3314
67.4127
67.4806
67.5347
67.5747
67.6005
67.6117
67.6084
67.5903
67.5575
67.51
67.4477
67.3707
67.279
67.1725
67.0514
66.9155
66.7648
66.5993
66.4189
66.2235
66.0131
65.7876
65.5469
65.291
65.02
64.7337
64.4323
64.1157
63.784
63.4371
63.0749
62.6973
62.304
61.8945
61.4684
61.0248
60.5628
60.0813
59.5788
59.0538
58.5044
57.9292
57.3255
56.6918
56.0265
55.3276
54.5943
53.827
53.026
52.1934
51.3347
50.4575
49.5742
48.7058
47.8829
47.1514
46.5758
46.2318
46.1788
46.4249
46.9223
47.6013
48.3977
49.2639
50.1696
51.0934
52.0209
52.9443
53.8584
54.758
55.6414
56.5076
57.3539
58.1805
58.9866
59.7718
60.5354
61.2771
61.9961
62.6918
63.3625
73.6971
73.1938
72.68
72.156
71.6224
71.0794
70.5274
69.9665
69.3972
68.8197
68.2344
67.6415
67.0415
66.4348
65.8219
65.2036
64.5806
63.9542
63.3258
62.6973
62.071
61.4505
60.8401
60.2464
59.6777
59.1467
58.6708
58.2747
57.9911
57.8564
57.8974
58.1127
58.4691
58.918
59.4144
59.9249
60.4277
60.9103
61.3661
61.7928
62.1908
62.5616
62.9075
63.2312
63.5354
63.8226
64.0948
64.3538
64.6009
64.837
65.0625
65.2777
65.4824
65.6765
65.8596
66.0312
66.1908
66.338
66.4722
66.593
66.7
66.7926
66.8707
66.934
66.9822
67.0153
67.0332
67.0358
67.0232
66.9953
66.9522
66.8938
66.8203
66.7317
66.6278
66.5088
66.3744
66.2248
66.0597
65.8792
65.6832
65.4717
65.2445
65.0018
64.7436
64.4699
64.1809
63.8768
63.5575
63.2232
62.8738
62.5091
62.129
61.7328
61.3201
60.8898
60.4409
59.9719
59.4812
58.9668
58.4266
57.8582
57.2594
56.6279
55.9617
55.2595
54.5206
53.746
52.9375
52.1002
51.2436
50.3813
49.5369
48.745
48.057
47.5428
47.2766
47.306
47.6211
48.1644
48.8657
49.6665
50.5256
51.4154
52.3173
53.2212
54.119
55.0058
55.8776
56.7337
57.5713
58.3907
59.19
59.9697
60.7282
61.4657
62.1814
62.8752
63.5452
64.191
72.6709
72.1398
71.5974
71.044
70.4799
69.9054
69.3207
68.726
68.1213
67.507
66.8831
66.2499
65.6075
64.9564
64.2966
63.6289
62.9538
62.2721
61.5851
60.8943
60.2022
59.512
58.8281
58.1574
57.5095
56.8988
56.3471
55.8858
55.5576
55.4107
55.4771
55.7507
56.1865
56.725
57.3138
57.9157
58.5065
59.0726
59.6074
60.1084
60.5759
61.012
61.4192
61.8006
62.1593
62.4981
62.8196
63.1259
63.4186
63.6989
63.9675
64.2248
64.471
64.7058
64.9291
65.1405
65.3395
65.5256
65.6984
65.8574
66.0021
66.1321
66.2472
66.3471
66.4315
66.5004
66.5537
66.5914
66.6134
66.6199
66.6107
66.586
66.5458
66.49
66.4187
66.3318
66.2293
66.1112
65.9773
65.8276
65.662
65.4805
65.283
65.0696
64.8405
64.5956
64.3353
64.0598
63.7692
63.4637
63.1436
62.8087
62.459
62.0942
61.7138
61.3169
60.9026
60.4695
60.0157
59.5395
59.038
58.5091
57.9499
57.3575
56.7299
56.0648
55.3612
54.6193
53.8412
53.0321
52.2016
51.3659
50.5512
49.7961
49.1578
48.7095
48.5214
48.6257
48.9971
49.5708
50.2808
51.0736
51.9138
52.7779
53.6508
54.5229
55.3884
56.241
57.0801
57.9032
58.709
59.4965
60.2651
61.0136
61.7427
62.4511
63.1378
63.8029
64.4445
65.062
71.6842
71.1267
70.5571
69.9758
69.3828
68.7785
68.1628
67.5358
66.8977
66.2485
65.5881
64.9167
64.2343
63.541
62.837
62.1225
61.3981
60.6643
59.9222
59.1732
58.4196
57.6644
56.9129
56.1719
55.4527
54.7727
54.1581
53.6481
53.2958
53.1576
53.2659
53.6042
54.1156
54.7335
55.4022
56.0825
56.7502
57.391
57.9977
58.5679
59.1017
59.6008
60.068
60.5063
60.919
61.3091
61.6795
62.0324
62.3699
62.6933
63.0037
63.3016
63.5874
63.8611
64.1225
64.3715
64.6076
64.8305
65.0397
65.2347
65.4153
65.5809
65.7312
65.8661
65.9853
66.0888
66.1764
66.2482
66.3042
66.3444
66.3688
66.3775
66.3704
66.3476
66.3091
66.2548
66.1846
66.0985
65.9965
65.8783
65.744
65.5935
65.4268
65.244
65.045
64.8303
64.5999
64.3542
64.0935
63.8182
63.5285
63.2247
62.9068
62.5746
62.2278
61.8659
61.4879
61.0924
60.6779
60.2422
59.7831
59.2974
58.7821
58.2345
57.651
57.0298
56.3687
55.6672
54.9277
54.1551
53.3594
52.558
51.7804
51.0698
50.4877
50.1084
49.9944
50.162
50.5719
51.1584
51.8591
52.6296
53.4382
54.2665
55.1002
55.9327
56.7569
57.5701
58.3706
59.1552
59.9235
60.6746
61.4078
62.1224
62.8178
63.4934
64.1483
64.7811
65.3919
65.9789
70.7383
70.156
69.561
68.9535
68.3336
67.7013
67.0567
66.3997
65.7304
65.0486
64.3543
63.6473
62.9277
62.1954
61.4505
60.693
59.9233
59.1419
58.3498
57.5483
56.7396
55.9274
55.1167
54.3161
53.5387
52.805
52.1471
51.6122
51.2623
51.1576
51.3231
51.7288
52.3085
52.9922
53.7247
54.4683
55.199
55.9026
56.5719
57.2038
57.798
58.3558
58.8797
59.3727
59.8377
60.2779
60.696
61.0945
61.4756
61.8407
62.1913
62.5281
62.8516
63.162
63.4595
63.7438
64.0147
64.272
64.5153
64.7441
64.9583
65.1573
65.3411
65.5092
65.6616
65.7982
65.9189
66.0236
66.1126
66.1857
66.243
66.2846
66.3104
66.3205
66.3148
66.2933
66.2559
66.2025
66.133
66.0472
65.9453
65.8269
65.6923
65.5413
65.3741
65.191
64.9922
64.778
64.549
64.3055
64.048
63.7769
63.4922
63.1942
62.8826
62.557
62.2168
61.8607
61.4873
61.0945
60.68
60.2406
59.7734
59.2748
58.7416
58.1708
57.5598
56.9079
56.2169
55.4908
54.7408
53.9854
53.256
52.5993
52.0798
51.7696
51.7202
51.9321
52.3582
52.9351
53.6085
54.3399
55.1037
55.8828
56.6678
57.451
58.2278
58.9941
59.749
60.4897
61.2163
61.9265
62.6201
63.2969
63.955
64.5942
65.2137
65.8122
66.3888
66.9418
69.8337
69.2286
68.6101
67.9783
67.3334
66.6753
66.0039
65.3193
64.6212
63.9096
63.1841
62.4447
61.6912
60.9236
60.1417
59.3456
58.5354
57.7119
56.8757
56.0286
55.1728
54.3123
53.4533
52.6057
51.785
51.0158
50.3362
49.8012
49.4792
49.4284
49.6611
50.1331
50.7719
51.5086
52.291
53.0838
53.8645
54.6193
55.3409
56.0259
56.6735
57.2845
57.8607
58.4048
58.9193
59.4073
59.8713
60.3138
60.7369
61.1424
61.5316
61.9056
62.2651
62.6105
62.942
63.2597
63.5634
63.853
64.1283
64.3891
64.6349
64.8656
65.081
65.2808
65.465
65.6334
65.786
65.9228
66.0438
66.1491
66.2387
66.3127
66.3711
66.4139
66.4411
66.4526
66.4483
66.4282
66.392
66.3397
66.2712
66.1864
66.0853
65.968
65.8345
65.685
65.5199
65.3395
65.1444
64.935
64.7119
64.4755
64.2262
63.9642
63.6896
63.4021
63.1012
62.7859
62.4551
62.107
61.7389
61.3485
60.9324
60.4871
60.009
59.4949
58.9422
58.3494
57.7175
57.0511
56.3606
55.6658
54.9982
54.4067
53.955
53.709
53.7071
53.9391
54.3551
54.8986
55.5246
56.2001
56.9046
57.6243
58.3501
59.0757
59.7968
60.5104
61.2142
61.9065
62.5854
63.2509
63.9015
64.5357
65.1537
65.7534
66.3348
66.8957
67.4351
67.9521
68.9703
68.3441
67.7039
67.05
66.3821
65.7005
65.0048
64.2949
63.5708
62.832
62.0786
61.3099
60.5262
59.727
58.9123
58.0821
57.2367
56.3766
55.5029
54.6172
53.7224
52.8231
51.9268
51.0448
50.1958
49.4086
48.7274
48.2143
47.9409
47.9578
48.2614
48.7957
49.4854
50.2649
51.0862
51.9171
52.7368
53.5326
54.2972
55.0269
55.7205
56.3781
57.0013
57.5919
58.1523
58.685
59.1924
59.6767
60.14
60.5842
61.0105
61.4202
61.8142
62.1929
62.557
62.9064
63.2414
63.5618
63.8676
64.1586
64.4347
64.6957
64.9414
65.1717
65.3865
65.5856
65.7692
65.9372
66.0897
66.2266
66.3481
66.4542
66.545
66.6204
66.6804
66.7251
66.7542
66.7678
66.7657
66.7477
66.7139
66.664
66.598
66.5161
66.4182
66.3046
66.1755
66.0314
65.8727
65.7
65.5139
65.3147
65.1032
64.8795
64.6439
64.3962
64.1363
63.8635
63.5766
63.2742
62.9543
62.6143
62.2514
61.8621
61.4432
60.9912
60.5036
59.9789
59.4177
58.8243
58.209
57.5907
57.001
56.486
56.1044
55.9124
55.9368
56.1607
56.5407
57.0292
57.5886
58.1944
58.8278
59.4783
60.1366
60.7976
61.4577
62.1124
62.7602
63.399
64.0274
64.644
65.2476
65.8372
66.4115
66.9688
67.5089
68.0299
68.5301
69.0075
68.1467
67.5013
66.8415
66.1673
65.4788
64.7757
64.058
63.3256
62.5779
61.815
61.0364
60.2419
59.4313
58.6044
57.761
56.9014
56.0258
55.1347
54.2295
53.3123
52.3864
51.4573
50.5336
49.6289
48.7648
47.975
47.3095
46.8363
46.6261
46.7183
47.0929
47.6844
48.418
49.2326
50.0846
50.9452
51.7955
52.6238
53.4232
54.1899
54.9222
55.6201
56.2844
56.9165
57.5184
58.092
58.6395
59.163
59.6642
60.145
60.6067
61.0506
61.4776
61.8884
62.2837
62.6636
63.0285
63.3785
63.7136
64.0337
64.3389
64.6289
64.9039
65.1636
65.408
65.6371
65.8509
66.0494
66.2327
66.4008
66.5537
66.6915
66.8143
66.9221
67.0149
67.0927
67.1554
67.2029
67.2352
67.2521
67.2536
67.2396
67.21
67.1648
67.1041
67.0281
66.9371
66.8314
66.7114
66.5777
66.4309
66.2714
66.0998
65.9166
65.7219
65.5159
65.2985
65.0692
64.8272
64.5715
64.3003
64.0115
63.7027
63.3711
63.0136
62.6272
62.2097
61.7597
61.278
60.7686
60.2413
59.7138
59.2144
58.7837
58.4711
58.3208
58.3508
58.5454
58.8695
59.2868
59.7686
60.2946
60.85
61.4238
62.01
62.6017
63.1959
63.7887
64.3769
64.9592
65.5341
66.0991
66.6531
67.1949
67.7235
68.2366
68.7331
69.2115
69.6699
70.1064
67.3613
66.6984
66.0208
65.3284
64.6212
63.8991
63.1617
62.4088
61.6403
60.8559
60.0551
59.2379
58.4038
57.5529
56.6849
55.8001
54.8988
53.9819
53.051
52.1085
51.1584
50.2073
49.265
48.3475
47.4798
46.7002
46.0646
45.6449
45.5082
45.6792
46.1223
46.7658
47.5375
48.3813
49.2582
50.1423
51.0167
51.8708
52.6983
53.4952
54.2599
54.9918
55.6914
56.3598
56.9983
57.6087
58.1927
58.7522
59.2886
59.8037
60.2988
60.7751
61.2336
61.6751
62.1002
62.5095
62.9032
63.2816
63.6448
63.993
64.3262
64.6444
64.9476
65.2357
65.5089
65.767
66.0101
66.2383
66.4516
66.6501
66.8338
67.0028
67.1572
67.2969
67.4221
67.5326
67.6286
67.7099
67.7765
67.8284
67.8653
67.8874
67.8945
67.8867
67.864
67.8266
67.7747
67.7086
67.6287
67.5355
67.4295
67.3112
67.1812
67.0398
66.8874
66.7242
66.5502
66.3652
66.1687
65.9597
65.7373
65.4996
65.2447
64.9705
64.6745
64.3545
64.0086
63.6361
63.2379
62.8179
62.385
61.9544
61.55
61.2044
60.9563
60.8382
60.8627
61.0172
61.2778
61.6189
62.0199
62.4636
62.9384
63.4352
63.9469
64.4683
64.995
65.5231
66.0509
66.5756
67.0944
67.6065
68.1099
68.6023
69.0826
69.5498
70.0011
70.4356
70.8504
71.2438
66.6116
65.9331
65.2395
64.5308
63.8069
63.0676
62.3126
61.5418
60.7548
59.9514
59.1312
58.2941
57.4397
56.5679
55.6788
54.7727
53.85
52.9119
51.9601
50.9978
50.0295
49.0629
48.1094
47.1874
46.3255
45.5668
44.9728
44.6176
44.5608
44.8109
45.3185
46.0092
46.8144
47.6831
48.5805
49.4835
50.3772
51.252
52.102
52.9236
53.7149
54.4754
55.205
55.9045
56.575
57.2179
57.8345
58.4265
58.9951
59.5419
60.0681
60.5748
61.063
61.5336
61.9873
62.4246
62.8459
63.2516
63.6419
64.0172
64.3773
64.7226
65.0529
65.3685
65.6694
65.9555
66.227
66.4839
66.7263
66.9542
67.1678
67.3671
67.5522
67.7231
67.8799
68.0226
68.1511
68.2656
68.3659
68.4521
68.524
68.5817
68.6252
68.6544
68.6695
68.6706
68.6578
68.6314
68.5919
68.5395
68.4748
68.3981
68.31
68.2109
68.1012
67.9811
67.8507
67.71
67.5586
67.3961
67.2214
67.0337
66.8314
66.613
66.3769
66.1213
65.8453
65.5485
65.2322
64.9003
64.56
64.224
63.9105
63.6445
63.4544
63.3633
63.3799
63.4967
63.6984
63.9693
64.2937
64.6603
65.0583
65.4802
65.9204
66.3726
66.8331
67.2985
67.7657
68.2323
68.696
69.1546
69.6063
70.0492
70.481
70.9009
71.3064
71.6951
72.0656
72.4148
65.8951
65.2025
64.4946
63.7713
63.0325
62.278
61.5075
60.7207
59.9175
59.0974
58.2603
57.4058
56.5338
55.6442
54.7372
53.813
52.8726
51.9171
50.9487
49.971
48.9896
48.0128
47.0542
46.1347
45.2864
44.5578
44.0153
43.733
43.7598
44.0872
44.655
45.3883
46.223
47.1132
48.0278
48.9464
49.8557
50.7472
51.6154
52.4571
53.2703
54.0545
54.8093
55.5354
56.2335
56.9047
57.5502
58.1712
58.7688
59.3445
59.8993
60.4342
60.9503
61.4482
61.9289
62.3928
62.8404
63.2722
63.6885
64.0896
64.4757
64.8468
65.2033
65.5452
65.8726
66.1857
66.4844
66.7688
67.0392
67.2955
67.5379
67.7664
67.9811
68.1821
68.3695
68.5432
68.7033
68.8499
68.9829
69.1023
69.2082
69.3005
69.3793
69.4446
69.4964
69.535
69.5605
69.573
69.573
69.5606
69.5364
69.5008
69.4541
69.3967
69.3291
69.2514
69.1639
69.0666
68.9594
68.842
68.7138
68.5743
68.4224
68.2572
68.0775
67.8828
67.6722
67.4462
67.2061
66.9554
66.7
66.4496
66.2177
66.0222
65.8837
65.8179
65.8307
65.9184
66.0735
66.2859
66.546
66.8448
67.1744
67.529
67.9022
68.2904
68.6885
69.0942
69.5033
69.9138
70.3236
70.7297
71.1305
71.524
71.908
72.2806
72.6398
72.9831
73.3084
73.613
65.2087
64.5036
63.783
63.0467
62.2947
61.5267
60.7424
59.9416
59.124
58.2894
57.4374
56.5679
55.6807
54.7759
53.8536
52.9143
51.9591
50.9894
50.0079
49.0187
48.028
47.0457
46.0871
45.1759
44.3483
43.658
43.1756
42.9725
43.0842
43.4857
44.109
44.8807
45.7416
46.6505
47.5799
48.5115
49.4337
50.3387
51.2218
52.0798
52.9111
53.7149
54.491
55.2395
55.9613
56.657
57.3276
57.9742
58.5978
59.1995
59.7803
60.3411
60.8829
61.4064
61.9123
62.4013
62.8738
63.3303
63.7713
64.1971
64.6078
65.0038
65.3852
65.7522
66.105
66.4437
66.7684
67.0793
67.3763
67.6597
67.9296
68.186
68.4291
68.6589
68.8755
69.079
69.2693
69.4467
69.611
69.7624
69.9008
70.0263
70.139
70.2388
70.326
70.4005
70.4626
70.5125
70.5504
70.5767
70.5915
70.5954
70.5887
70.5716
70.5447
70.5081
70.462
70.4066
70.3419
70.2678
70.1841
70.0903
69.9861
69.8708
69.7439
69.6051
69.4543
69.2922
69.1202
68.9413
68.7604
68.5842
68.4227
68.2881
68.1948
68.1537
68.1687
68.2391
68.3614
68.5301
68.7397
68.9834
69.2555
69.5518
69.8673
70.1978
70.5398
70.8899
71.245
71.6032
71.9612
72.3177
72.6694
73.0153
73.3522
73.6784
73.9922
74.2902
74.5704
74.83
64.5495
63.8332
63.1012
62.3535
61.5897
60.8098
60.0133
59.2001
58.37
57.5226
56.6577
55.7752
54.8748
53.9569
53.0217
52.0697
51.1021
50.121
49.1293
48.1316
47.1351
46.1511
45.1968
44.299
43.4986
42.8542
42.4394
42.3201
42.5162
42.9876
43.6616
44.4677
45.352
46.2774
47.2195
48.1622
49.095
50.0112
50.9064
51.7779
52.6241
53.4442
54.238
55.0055
55.7474
56.4642
57.1567
57.8258
58.4724
59.0973
59.7016
60.2859
60.8512
61.3982
61.9276
62.44
62.9359
63.4157
63.88
64.3291
64.7632
65.1828
65.5879
65.9788
66.3557
66.7187
67.0681
67.404
67.7264
68.0356
68.3316
68.6145
68.8845
69.1417
69.3861
69.6179
69.837
70.0436
70.2377
70.4195
70.5888
70.7459
70.8907
71.0234
71.144
71.2527
71.3496
71.4349
71.5088
71.5716
71.6236
71.6651
71.6963
71.7177
71.7295
71.732
71.7255
71.7101
71.6858
71.653
71.6112
71.5605
71.5009
71.4318
71.3533
71.2653
71.1682
71.0628
70.9505
70.8337
70.7162
70.603
70.501
70.4186
70.3654
70.3484
70.371
70.4344
70.5367
70.676
70.8482
71.0498
71.2771
71.5256
71.7921
72.0731
72.3655
72.6665
72.9732
73.2832
73.5942
73.9038
74.2098
74.5096
74.8018
75.0837
75.3525
75.6066
75.8425
76.0576
63.9143
63.1881
62.4462
61.6882
60.914
60.1235
59.3164
58.4923
57.6511
56.7925
55.9163
55.0224
54.1107
53.1815
52.2351
51.2725
50.2949
49.3045
48.3048
47.3011
46.3017
45.3192
44.3732
43.4939
42.7266
42.1353
41.7948
41.7621
42.0405
42.5771
43.2971
44.134
45.039
45.979
46.9322
47.8842
48.8261
49.7516
50.6568
51.5394
52.3979
53.2316
54.0402
54.8238
55.5828
56.3176
57.0291
57.7178
58.3845
59.0301
59.6553
60.2609
60.8476
61.4162
61.9672
62.5012
63.0188
63.5204
64.0066
64.4776
64.9337
65.3754
65.8029
66.2164
66.6161
67.0022
67.3749
67.7344
68.0808
68.4143
68.735
69.0431
69.3386
69.6216
69.8923
70.1508
70.3972
70.6315
70.8538
71.0642
71.2627
71.4496
71.6247
71.7883
71.9404
72.0812
72.2109
72.3295
72.4373
72.5345
72.6214
72.6983
72.7653
72.8229
72.8712
72.9106
72.9414
72.9636
72.9776
72.9834
72.981
72.9706
72.9523
72.9257
72.8915
72.8494
72.8003
72.7447
72.6841
72.6204
72.5568
72.4965
72.4446
72.4066
72.3886
72.3954
72.4301
72.4941
72.5869
72.7082
72.8558
73.027
73.22
73.4311
73.6584
73.8984
74.1493
74.4078
74.6717
74.9389
75.2074
75.4742
75.7375
75.9952
76.2449
76.4844
76.7107
76.9221
77.1152
77.2872
63.3001
62.5652
61.8144
61.0473
60.264
59.4642
58.6475
57.8139
56.963
56.0946
55.2084
54.3046
53.3831
52.4441
51.4882
50.5165
49.5305
48.5328
47.5272
46.5199
45.52
44.542
43.6078
42.7516
42.0236
41.4923
41.2316
41.2868
41.644
42.2408
43.0023
43.8669
44.7902
45.743
46.7058
47.666
48.6154
49.5487
50.4622
51.3541
52.2228
53.0678
53.8889
54.686
55.4595
56.2099
56.9376
57.6434
58.3278
58.9916
59.6354
60.2601
60.8661
61.4542
62.0249
62.5789
63.1165
63.6383
64.1448
64.6363
65.1131
65.5755
66.024
66.4587
66.8798
67.2876
67.6823
68.0641
68.4331
68.7895
69.1335
69.4651
69.7846
70.092
70.3875
70.6711
70.9431
71.2034
71.4522
71.6896
71.9156
72.1304
72.334
72.5266
72.7083
72.8792
73.0395
73.1892
73.3287
73.4581
73.5776
73.6875
73.7881
73.8795
73.9621
74.0361
74.1019
74.1594
74.209
74.2509
74.2853
74.3122
74.3319
74.3446
74.3504
74.3496
74.343
74.3314
74.3157
74.2978
74.2795
74.264
74.2541
74.2539
74.2674
74.2974
74.3467
74.4167
74.508
74.6203
74.7527
74.904
75.0723
75.2558
75.4524
75.6596
75.8761
76.0992
76.3266
76.5569
76.7872
77.0161
77.2409
77.4596
77.6704
77.8701
78.0567
78.2274
78.3793
78.5092
62.704
61.9614
61.2027
60.4277
59.6363
58.8283
58.0033
57.1611
56.3016
55.4245
54.5297
53.6172
52.687
51.7397
50.7757
49.7963
48.8034
47.7998
46.7901
45.7809
44.7829
43.8121
42.8935
42.0651
41.3825
40.9177
40.7412
40.8839
41.3158
41.9675
42.7664
43.6555
44.5952
45.5593
46.5305
47.4976
48.4535
49.3931
50.3137
51.2132
52.0905
52.945
53.7765
54.5851
55.3709
56.1345
56.8763
57.5968
58.2966
58.9765
59.6368
60.2784
60.9018
61.5075
62.0962
62.6683
63.2243
63.7647
64.29
64.8004
65.2964
65.7783
66.2463
66.7008
67.142
67.5701
67.9854
68.3881
68.7783
69.1562
69.522
69.8757
70.2177
70.548
70.8667
71.1739
71.4699
71.7546
72.0282
72.2908
72.5426
72.7835
73.0138
73.2335
73.4428
73.6418
73.8306
74.0094
74.1784
74.3378
74.4877
74.6284
74.7602
74.8832
74.9977
75.1038
75.2021
75.2924
75.3754
75.4509
75.5194
75.5808
75.6355
75.6838
75.7261
75.7626
75.7939
75.8209
75.8445
75.866
75.8869
75.9093
75.9353
75.9678
76.009
76.0615
76.1269
76.2068
76.3015
76.4117
76.5364
76.6752
76.827
76.9905
77.1641
77.3463
77.5353
77.7294
77.9266
78.1251
78.3231
78.5181
78.7088
78.8927
79.0673
79.2307
79.3799
79.5126
79.6254
79.7152
62.1232
61.3738
60.6082
59.8262
59.0276
58.2123
57.38
56.5303
55.6632
54.7785
53.876
52.9559
52.0182
51.0635
50.0926
49.1068
48.1082
47.1002
46.0877
45.0785
44.0844
43.1236
42.2242
41.4286
40.7974
40.4054
40.3161
40.5445
41.0463
41.7479
42.5801
43.4911
44.4453
45.4192
46.3977
47.3708
48.332
49.2772
50.2035
51.1094
51.9938
52.8563
53.6966
54.5148
55.3112
56.0861
56.8399
57.5732
58.2865
58.9804
59.6553
60.3119
60.9508
61.5724
62.1772
62.7658
63.3386
63.896
64.4386
64.9665
65.4802
65.98
66.4663
66.9392
67.3991
67.8461
68.2807
68.7028
69.1128
69.5108
69.8969
70.2714
70.6344
70.9861
71.3265
71.6558
71.9742
72.2817
72.5786
72.8648
73.1405
73.4059
73.6609
73.906
74.1409
74.366
74.5814
74.7872
74.9837
75.1709
75.349
75.5183
75.679
75.8314
75.9756
76.1116
76.2401
76.361
76.4748
76.5813
76.6812
76.7746
76.8615
76.9426
77.0179
77.0878
77.1533
77.2146
77.2726
77.3283
77.3831
77.4383
77.4955
77.5564
77.6229
77.6965
77.7787
77.8703
77.9719
78.0842
78.2066
78.3392
78.4809
78.6311
78.7884
78.9518
79.1196
79.2904
79.4627
79.6348
79.805
79.9713
80.1318
80.2844
80.4269
80.557
80.6719
80.7688
80.845
80.8969
61.5549
60.7996
60.028
59.2399
58.4351
57.6133
56.7745
55.9183
55.0445
54.153
53.2437
52.3169
51.3727
50.4115
49.4346
48.4434
47.4403
46.429
45.4152
44.4076
43.4196
42.4715
41.595
40.8373
40.2639
39.9501
39.9498
40.2609
40.8272
41.5738
42.4359
43.3662
44.3331
45.3157
46.3005
47.2787
48.2444
49.1941
50.1253
51.0365
51.9268
52.7959
53.6436
54.47
55.2752
56.0598
56.8241
57.5684
58.2935
58.9996
59.6874
60.3573
61.0099
61.6456
62.265
62.8685
63.4565
64.0294
64.5877
65.1317
65.6617
66.1781
66.6812
67.1712
67.6484
68.1131
68.5654
69.0057
69.4341
69.8508
70.2559
70.6497
71.0324
71.4039
71.7646
72.1145
72.4538
72.7826
73.101
73.4092
73.7073
73.9954
74.2736
74.5421
74.801
75.0504
75.2904
75.5213
75.7432
75.9562
76.1605
76.3564
76.5439
76.7234
76.8949
77.059
77.2154
77.3646
77.5068
77.6422
77.7711
77.8935
78.0101
78.121
78.2264
78.3268
78.4227
78.5148
78.6033
78.6893
78.7739
78.8578
78.9422
79.0287
79.1179
79.2113
79.3098
79.4141
79.5249
79.6424
79.7665
79.8971
80.0337
80.1753
80.3217
80.4714
80.6232
80.7762
80.9286
81.0793
81.2261
81.3677
81.502
81.6273
81.741
81.8409
81.9243
81.9885
82.0303
82.0462
60.9966
60.2363
59.4594
58.6659
57.8557
57.0283
56.1837
55.3217
54.442
53.5446
52.6294
51.6966
50.7467
49.7801
48.798
47.8023
46.7956
45.7822
44.7684
43.7641
42.7841
41.8517
41.0022
40.2877
39.7783
39.5474
39.6363
40.026
40.6515
41.4386
42.3271
43.2745
44.2525
45.2427
46.2329
47.2154
48.1849
49.1383
50.0734
50.989
51.8843
52.7589
53.6128
54.4461
55.259
56.0518
56.825
57.5789
58.3141
59.0309
59.7299
60.4116
61.0764
61.7248
62.3571
62.974
63.5758
64.1628
64.7354
65.294
65.839
66.3705
66.8891
67.3948
67.888
68.369
68.8379
69.295
69.7405
70.1745
70.5973
71.009
71.4099
71.8
72.1795
72.5485
72.9073
73.2558
73.5944
73.923
74.2419
74.5511
74.8508
75.1411
75.4222
75.6941
75.957
76.2111
76.4566
76.6935
76.9221
77.1425
77.3549
77.5595
77.7564
77.9461
78.1283
78.3036
78.4723
78.6342
78.7897
78.9392
79.0829
79.221
79.3538
79.4818
79.6053
79.7248
79.8408
79.9539
80.0646
80.1742
80.2831
80.392
80.5022
80.614
80.7284
80.846
80.9669
81.0914
81.2196
81.3516
81.4864
81.6239
81.7632
81.9035
82.0436
82.1829
82.3198
82.4529
82.5805
82.7014
82.8135
82.9145
83.0029
83.0756
83.1304
83.1645
83.1743
83.1565
60.446
59.6813
58.9
58.1019
57.2869
56.4546
55.6051
54.7379
53.8531
52.9504
52.03
51.0921
50.137
49.1656
48.1792
47.1798
46.1706
45.1561
44.1436
43.1441
42.1745
41.2608
40.4424
39.7768
39.3374
39.193
39.37
39.8337
40.5129
41.3362
42.2481
43.2106
44.1984
45.195
46.1898
47.1758
48.1485
49.105
50.0433
50.9625
51.8618
52.741
53.6002
54.4392
55.2585
56.0584
56.8392
57.6014
58.3454
59.0715
59.7804
60.4724
61.148
61.8076
62.4516
63.0804
63.6945
64.2942
64.8798
65.4518
66.0103
66.5558
67.0885
67.6087
68.1167
68.6126
69.0968
69.5694
70.0307
70.4808
70.9199
71.3483
71.766
72.1733
72.5702
72.9571
73.3339
73.7008
74.058
74.4056
74.7438
75.0726
75.3922
75.7027
76.0044
76.2972
76.5813
76.857
77.1242
77.3833
77.6343
77.8774
78.1127
78.3406
78.561
78.7744
78.9804
79.18
79.3729
79.5592
79.7395
79.9137
80.0822
80.2454
80.4032
80.5561
80.7047
80.849
80.9896
81.1268
81.2614
81.3937
81.5244
81.6541
81.7831
81.9123
82.0421
82.1725
82.3042
82.4372
82.5711
82.7061
82.842
82.9778
83.1133
83.2478
83.3799
83.509
83.6338
83.7529
83.8649
83.9683
84.0611
84.1415
84.207
84.2557
84.2847
84.2909
84.2712
84.2219
59.9007
59.1323
58.3473
57.5453
56.7262
55.8898
55.0359
54.1644
53.275
52.3677
51.4427
50.5002
49.5408
48.5654
47.5753
46.5731
45.5621
44.5476
43.5377
42.5447
41.5877
40.696
39.9134
39.3026
38.9388
38.8833
39.1459
39.6783
40.4061
41.2616
42.1942
43.1699
44.1662
45.1684
46.167
47.1559
48.1311
49.09
50.031
50.953
51.8556
52.7386
53.602
54.446
55.2708
56.0766
56.864
57.6332
58.3848
59.1191
59.8365
60.5376
61.2227
61.8922
62.5466
63.1862
63.8113
64.4224
65.0198
65.6038
66.1747
66.7328
67.2785
67.8119
68.3333
68.843
69.3412
69.8281
70.3039
70.7689
71.2231
71.6668
72.1002
72.5234
72.9365
73.3398
73.7334
74.1173
74.4918
74.857
75.213
75.56
75.8981
76.2274
76.548
76.8602
77.1639
77.4595
77.7469
78.0264
78.2981
78.5622
78.8188
79.068
79.3101
79.5452
79.7738
79.9952
80.2105
80.4194
80.6224
80.8195
81.0109
81.1967
81.3775
81.5532
81.7245
81.8912
82.0542
82.2133
82.3691
82.5223
82.6727
82.8211
82.9677
83.113
83.2572
83.4005
83.543
83.6848
83.8257
83.9653
84.1037
84.2404
84.3742
84.5052
84.6319
84.7538
84.8693
84.9773
85.0767
85.1654
85.2419
85.3041
85.3499
85.3769
85.3823
85.3632
85.3161
85.2372
59.3585
58.5872
57.7991
56.9939
56.1715
55.3316
54.4739
53.5985
52.7052
51.794
50.865
49.9187
48.9555
47.9766
46.9836
45.9792
44.9674
43.9539
42.9479
41.9632
41.0214
40.1551
39.4133
38.8633
38.5802
38.6146
38.9592
39.5547
40.3263
41.2103
42.1612
43.1484
44.1519
45.1588
46.1607
47.1519
48.1291
49.0898
50.0328
50.9571
51.8624
52.7485
53.6155
54.4635
55.2927
56.1037
56.8966
57.6719
58.43
59.1714
59.8964
60.6054
61.2988
61.9771
62.6407
63.2898
63.9248
64.5461
65.1541
65.7489
66.3311
66.9007
67.4581
68.0036
68.5373
69.0596
69.5706
70.0707
70.5599
71.0385
71.5066
71.9645
72.4123
72.8501
73.2782
73.6967
74.1057
74.5054
74.8959
75.2774
75.6499
76.0137
76.3689
76.7155
77.0538
77.3838
77.7057
78.0197
78.3257
78.6242
78.915
79.1985
79.4747
79.7438
80.0059
80.2611
80.5099
80.752
80.9878
81.2175
81.4414
81.6594
81.8717
82.0786
82.2803
82.4768
82.6687
82.8561
83.0393
83.2181
83.3935
83.5652
83.7338
83.8992
84.0622
84.2224
84.3801
84.5358
84.6889
84.8397
84.9879
85.1333
85.2756
85.4141
85.5484
85.6777
85.801
85.9176
86.0264
86.1256
86.2146
86.2912
86.3537
86.4001
86.4285
86.436
86.4201
86.3776
86.305
86.1985
58.8173
58.0439
57.2534
56.4456
55.6204
54.7776
53.9169
53.0383
52.1417
51.2271
50.2947
49.345
48.3786
47.3969
46.4018
45.396
44.384
43.3726
42.3719
41.3975
40.4735
39.6366
38.9407
38.4574
38.2591
38.3831
38.8054
39.4586
40.2692
41.1784
42.1453
43.1425
44.1523
45.1632
46.1676
47.1607
48.1393
49.1014
50.0458
50.9719
51.8792
52.7678
53.6376
54.4889
55.322
56.1372
56.9349
57.7153
58.4791
59.2265
59.958
60.674
61.3748
62.0608
62.7324
63.3899
64.0338
64.6643
65.2817
65.8864
66.4786
67.0586
67.6267
68.1831
68.7281
69.2619
69.7847
70.2967
70.7982
71.2893
71.7702
72.2412
72.7022
73.1536
73.5955
74.028
74.4513
74.8655
75.2708
75.6673
76.0551
76.4344
76.8054
77.168
77.5226
77.8691
78.2078
78.5387
78.8621
79.1779
79.4865
79.7878
80.082
80.3695
80.6501
80.9238
81.1914
81.4526
81.7073
81.9562
82.199
82.4361
82.6678
82.8939
83.1147
83.3304
83.5412
83.7473
83.9488
84.146
84.3389
84.5279
84.7129
84.8943
85.0718
85.246
85.4168
85.5839
85.7475
85.9072
86.0629
86.2146
86.3613
86.5028
86.6385
86.7677
86.8892
87.0023
87.1058
87.1984
87.2785
87.3449
87.3955
87.4283
87.4408
87.431
87.3956
87.3315
87.2351
87.1025
58.2751
57.5001
56.7079
55.8983
55.071
54.2259
53.3628
52.4815
51.5821
50.6647
49.7295
48.777
47.8081
46.8242
45.8274
44.821
43.8098
42.8016
41.8076
40.8455
39.9423
39.1389
38.4946
38.0838
37.9735
38.1853
38.6802
39.3856
40.231
41.1625
42.1434
43.1493
44.1644
45.1785
46.1849
47.1792
48.1589
49.1219
50.0674
50.9947
51.9036
52.794
53.6661
54.5201
55.3563
56.175
56.9766
57.7615
58.5301
59.2828
60.0199
60.7419
61.4491
62.1419
62.8206
63.4857
64.1374
64.776
65.4019
66.0154
66.6167
67.2061
67.7838
68.3501
68.9053
69.4496
69.9831
70.5061
71.0188
71.5214
72.014
72.4969
72.9702
73.434
73.8885
74.334
74.7704
75.1981
75.617
76.0273
76.4293
76.8229
77.2084
77.5859
77.9555
78.3173
78.6714
79.018
79.3573
79.6893
80.0141
80.332
80.6428
80.947
81.2446
81.5357
81.8204
82.099
82.3714
82.6378
82.8982
83.1531
83.4025
83.6461
83.8846
84.1177
84.346
84.5692
84.7875
85.0013
85.2104
85.4149
85.615
85.8108
86.0023
86.1894
86.372
86.5502
86.7238
86.8922
87.0557
87.2135
87.3651
87.5103
87.648
87.7779
87.8986
88.0093
88.1091
88.1962
88.2694
88.327
88.3671
88.3877
88.3863
88.3605
88.3071
88.223
88.1044
87.947
57.7296
56.9539
56.1608
55.3499
54.5212
53.6744
52.8095
51.9262
51.0246
50.105
49.1675
48.2128
47.2418
46.2563
45.2586
44.2523
43.2429
42.239
41.2533
40.3057
39.4265
38.6613
38.0743
37.7413
37.7208
38.0176
38.5797
39.3322
40.2085
41.1596
42.1526
43.1659
44.1855
45.2022
46.21
47.2052
48.1854
49.149
50.095
51.0231
51.9331
52.8249
53.6988
54.5549
55.3935
56.2152
57.0201
57.8087
58.5813
59.3384
60.0804
60.8076
61.5204
62.2192
62.9042
63.5759
64.2345
64.8804
65.5139
66.1352
66.7446
67.3424
67.9289
68.5042
69.0686
69.6224
70.1656
70.6987
71.2216
71.7347
72.238
72.7319
73.2163
73.6916
74.1578
74.6151
75.0636
75.5036
75.9351
76.3582
76.7731
77.18
77.5789
77.9701
78.3535
78.7293
79.0978
79.4589
79.8128
80.1597
80.4996
80.8326
81.1589
81.4788
81.792
82.0988
82.3997
82.6942
82.9826
83.2652
83.5419
83.813
84.0785
84.3385
84.5929
84.8422
85.0863
85.3253
85.559
85.7879
86.0117
86.2307
86.4447
86.6537
86.858
87.057
87.2508
87.4393
87.6222
87.7992
87.9699
88.134
88.2908
88.4398
88.5803
88.7113
88.8319
88.9413
89.038
89.1208
89.188
89.2381
89.269
89.2787
89.2646
89.224
89.154
89.0511
88.9114
88.7306
57.1789
56.4032
55.6098
54.7984
53.9689
53.1212
52.255
51.3703
50.4672
49.5459
48.6067
47.6504
46.678
45.6915
44.6934
43.688
42.6814
41.683
40.7074
39.7768
38.9251
38.203
37.6792
37.4288
37.4987
37.8765
38.5001
39.2948
40.1984
41.1667
42.1703
43.19
44.2131
45.2317
46.2406
47.2363
48.2166
49.1803
50.1266
51.0551
51.9657
52.8585
53.7335
54.5912
55.4319
56.2558
57.0634
57.8551
58.6312
59.3921
60.1382
60.8699
61.5875
62.2915
62.982
63.6595
64.3243
64.9766
65.6168
66.2451
66.8618
67.4672
68.0615
68.6449
69.2177
69.78
70.3322
70.8743
71.4065
71.9292
72.4423
72.9461
73.4409
73.9266
74.4035
74.8717
75.3314
75.7827
76.2257
76.6606
77.0875
77.5065
77.9179
78.3216
78.7178
79.1066
79.4882
79.8627
80.2301
80.5907
80.9445
81.2916
81.632
81.9662
82.294
82.6153
82.9308
83.2399
83.5434
83.8408
84.1324
84.4186
84.6989
84.9737
85.2431
85.507
85.7656
86.0189
86.2669
86.5097
86.7472
86.9792
87.206
87.4275
87.6431
87.8534
88.0576
88.2558
88.4475
88.6326
88.8103
88.9804
89.1422
89.2952
89.4384
89.5712
89.6921
89.8005
89.895
89.9742
90.0363
90.0797
90.1023
90.102
90.076
90.0218
89.9362
89.8154
89.6557
89.4522
56.6207
55.8458
55.0529
54.2418
53.4123
52.5643
51.6975
50.8121
49.908
48.9856
48.0453
47.0879
46.1148
45.1279
44.1302
43.1265
42.1236
41.1322
40.1685
39.2575
38.4373
37.7636
37.3088
37.1447
37.3042
37.7584
38.4381
39.2704
40.1981
41.1814
42.1941
43.2191
44.2451
45.2652
46.2745
47.2702
48.2504
49.2138
50.16
51.0885
51.9994
52.8926
53.7685
54.6274
55.4695
56.2952
57.105
57.8991
58.6781
59.4422
60.1918
60.9273
61.6491
62.3576
63.0529
63.7355
64.4056
65.0637
65.7098
66.3444
66.9677
67.5798
68.1811
68.7718
69.3521
69.9223
70.4824
71.0328
71.5735
72.1048
72.6269
73.1399
73.644
74.1393
74.626
75.1042
75.5741
76.0358
76.4894
76.9352
77.3731
77.8034
78.226
78.6413
79.0493
79.4501
79.8439
80.2306
80.6106
80.9838
81.3503
81.7103
82.0639
82.4112
82.7522
83.0872
83.4161
83.739
84.0561
84.3671
84.6726
84.9722
85.2664
85.5548
85.8379
86.1153
86.3872
86.6539
86.9148
87.1702
87.4201
87.6643
87.9028
88.1355
88.3621
88.5825
88.7965
89.0034
89.2035
89.3961
89.5804
89.7564
89.923
90.08
90.226
90.3603
90.4822
90.5899
90.6825
90.7584
90.8159
90.8532
90.8682
90.8586
90.8217
90.7546
90.654
90.5162
90.3371
90.1119
56.0526
55.2794
54.4879
53.6778
52.8491
52.0015
51.1349
50.2494
49.3451
48.4222
47.4814
46.5236
45.5503
44.5637
43.5672
42.566
41.568
40.585
39.6353
38.747
37.9625
37.3426
36.9626
36.8876
37.1345
37.6598
38.3902
39.2559
40.2048
41.2012
42.2217
43.251
44.2793
45.3003
46.3098
47.3052
48.2848
49.2477
50.1933
51.1215
52.0322
52.9256
53.802
54.6615
55.5047
56.3318
57.1432
57.9394
58.7206
59.4873
60.2399
60.9787
61.704
62.4163
63.1158
63.8029
64.4777
65.1408
65.7922
66.4324
67.0614
67.6796
68.2872
68.8845
69.4716
70.0487
70.6161
71.174
71.7224
72.2617
72.7919
73.3132
73.8259
74.3299
74.8256
75.3129
75.7922
76.2635
76.7269
77.1825
77.6306
78.0711
78.5043
78.9303
79.3491
79.761
80.1659
80.564
80.9554
81.3403
81.7186
82.0905
82.4561
82.8158
83.169
83.5162
83.8575
84.1929
84.5224
84.8462
85.1643
85.4767
85.7835
86.0846
86.3799
86.6699
86.9542
87.2327
87.5057
87.7728
88.0342
88.2895
88.5387
88.7816
89.0183
89.2481
89.4709
89.6863
89.894
90.0934
90.2842
90.4656
90.6367
90.7973
90.9462
91.0822
91.2047
91.312
91.403
91.4759
91.5292
91.5608
91.5686
91.5502
91.5027
91.4233
91.3083
91.154
90.9561
90.7096
55.472
54.7015
53.9123
53.1042
52.2771
51.4307
50.5652
49.6803
48.7764
47.8538
46.9132
45.9556
44.9828
43.9972
43.0027
42.0051
41.0131
40.0401
39.1067
38.2443
37.5002
36.94
36.6398
36.6554
36.9865
37.5775
38.3534
39.2488
40.2163
41.2239
42.251
43.2838
44.3137
45.3352
46.3444
47.3391
48.3178
49.2799
50.2247
51.1522
52.0625
52.9557
53.8321
54.692
55.5358
56.3638
57.1764
57.9741
58.7572
59.526
60.2811
61.0226
61.751
62.4666
63.1696
63.8605
64.5396
65.207
65.8631
66.5081
67.1423
67.7659
68.3792
68.9823
69.5755
70.159
70.733
71.2976
71.853
72.3995
72.9371
73.466
73.9865
74.4985
75.0024
75.4982
75.986
76.466
76.9384
77.4031
77.8605
78.3106
78.7534
79.1892
79.618
80.04
80.4552
80.8638
81.2658
81.6614
82.0506
82.4336
82.8102
83.181
83.5457
83.9043
84.2569
84.604
84.9451
85.2804
85.6103
85.9342
86.2525
86.5651
86.8721
87.1734
87.4689
87.7587
88.0426
88.3203
88.5921
88.8578
89.1168
89.3694
89.6149
89.8535
90.0844
90.3074
90.5223
90.7281
90.9246
91.111
91.2865
91.4505
91.6019
91.7396
91.8627
91.9696
92.059
92.1291
92.1783
92.2045
92.2053
92.1784
92.1207
92.0292
91.9003
91.73
91.5136
91.2462
54.876
54.1094
53.3236
52.5185
51.6939
50.8497
49.986
49.1026
48.1999
47.2784
46.3387
45.3821
44.4105
43.4267
42.435
41.442
40.4574
39.4962
38.5816
37.7488
37.05
36.5554
36.3396
36.4459
36.8569
37.508
38.3247
39.2463
40.23
41.2473
42.2799
43.3155
44.3465
45.3679
46.3764
47.3701
48.3477
49.3085
50.2523
51.1788
52.0883
52.981
53.8571
54.717
55.561
56.3896
57.2031
58.0019
58.7864
59.5569
60.3139
61.0577
61.7886
62.507
63.2131
63.9074
64.59
65.2613
65.9214
66.5708
67.2096
67.838
68.4563
69.0647
69.6634
70.2526
70.8325
71.4033
71.965
72.518
73.0623
73.5982
74.1258
74.6452
75.1565
75.66
76.1556
76.6437
77.1243
77.5975
78.0634
78.5221
78.9739
79.4187
79.8567
80.288
80.7128
81.131
81.5428
81.9482
82.3475
82.7407
83.1274
83.5085
83.8836
84.2528
84.6162
84.9736
85.3255
85.6717
86.0119
86.3468
86.6756
86.9988
87.3165
87.6282
87.934
88.2339
88.5278
88.8155
89.0969
89.3718
89.64
89.9013
90.1554
90.4018
90.6402
90.8703
91.0914
91.3033
91.5052
91.6961
91.8755
92.0427
92.1963
92.3355
92.4589
92.5652
92.6531
92.7204
92.7656
92.7863
92.7804
92.7451
92.6774
92.5741
92.4315
92.2452
92.0106
91.7225
54.2615
53.4999
52.7187
51.9178
51.0968
50.2559
49.3949
48.514
47.6134
46.6937
45.7558
44.801
43.8315
42.8504
41.8625
40.8751
39.8994
38.952
38.059
37.2598
36.6117
36.1886
36.0607
36.2564
36.7426
37.4483
38.3013
39.2459
40.2437
41.2692
42.3062
43.3439
44.3755
45.3964
46.4039
47.3963
48.3724
49.3318
50.2741
51.1995
52.1079
52.9997
53.8752
54.7348
55.5788
56.4075
57.2215
58.021
58.8065
59.5783
60.3369
61.0825
61.8155
62.5363
63.245
63.9421
64.6278
65.3024
65.9663
66.6194
67.2623
67.895
68.5178
69.1309
69.7346
70.3289
70.9141
71.4904
72.0579
72.6168
73.1673
73.7095
74.2435
74.7696
75.2878
75.7983
76.3012
76.7967
77.2847
77.7657
78.2394
78.7062
79.1662
79.6193
80.0658
80.5057
80.9392
81.3663
81.7871
82.2017
82.6102
83.0126
83.4089
83.7997
84.1843
84.5632
84.9363
85.3036
85.6653
86.0213
86.3713
86.7159
87.0548
87.3879
87.715
88.0364
88.3517
88.6612
88.9642
89.2609
89.5513
89.8347
90.1112
90.3804
90.642
90.8957
91.141
91.3775
91.6047
91.8219
92.0285
92.2237
92.4066
92.5765
92.7322
92.8725
92.9962
93.1018
93.1877
93.2523
93.2933
93.3087
93.2959
93.2523
93.1747
93.0596
92.9033
92.7013
92.4487
92.1398
53.6245
52.8695
52.0943
51.2988
50.4828
49.6463
48.7892
47.9118
47.0144
46.0975
45.1622
44.2102
43.2436
42.2662
41.2832
40.3029
39.3376
38.4062
37.538
36.7768
36.1852
35.839
35.8014
36.0842
36.6401
37.395
38.2802
39.245
40.2549
41.2875
42.328
43.3671
44.3986
45.4187
46.4249
47.4156
48.39
49.3476
50.2884
51.2122
52.1193
53.01
53.8847
54.7436
55.5871
56.4158
57.2299
58.0298
58.816
59.5888
60.3485
61.0955
61.8303
62.5529
63.2639
63.9634
64.6519
65.3294
65.9963
66.6529
67.2993
67.9358
68.5626
69.18
69.7881
70.387
70.977
71.5584
72.1311
72.6954
73.2515
73.7994
74.3394
74.8716
75.3961
75.9131
76.4226
76.9248
77.4198
77.9078
78.3888
78.863
79.3305
79.7914
80.2457
80.6935
81.1351
81.5704
81.9995
82.4226
82.8395
83.2507
83.6557
84.0552
84.4486
84.8366
85.2186
85.5949
85.9658
86.3308
86.6901
87.0437
87.3916
87.7336
88.0698
88.4001
88.724
89.042
89.3537
89.6588
89.957
90.2485
90.5325
90.8092
91.0778
91.338
91.5898
91.8321
92.0646
92.2866
92.4974
92.6963
92.8824
93.0547
93.212
93.3532
93.4769
93.5814
93.6655
93.7269
93.7637
93.7736
93.754
93.702
93.6144
93.4876
93.3176
93.0997
92.829
92.4995
52.9607
52.2139
51.4464
50.6578
49.8482
49.0176
48.1658
47.2931
46.4
45.4871
44.5556
43.6073
42.6448
41.6721
40.6952
39.7234
38.7703
37.8575
37.0175
36.2992
35.7699
35.5058
35.5596
35.9258
36.546
37.345
38.2587
39.2411
40.2614
41.2997
42.343
43.3829
44.4139
45.4328
46.4373
47.4261
48.3984
49.3541
50.2929
51.215
52.1205
53.0098
53.8833
54.7414
55.5843
56.4125
57.2264
58.0264
58.813
59.5863
60.347
61.0951
61.8312
62.5554
63.2683
63.9699
64.6606
65.3406
66.0103
66.6698
67.3194
67.9593
68.5897
69.2109
69.8229
70.426
71.0205
71.6063
72.1838
72.7531
73.3142
73.8675
74.4129
74.9507
75.4809
76.0038
76.5195
77.0279
77.5293
78.0239
78.5116
78.9926
79.4671
79.935
80.3965
80.8518
81.3008
81.7437
82.1805
82.6113
83.0363
83.4554
83.8684
84.276
84.6778
85.074
85.4643
85.8491
86.2281
86.6016
86.9693
87.3314
87.6875
88.0378
88.3822
88.7205
89.053
89.3788
89.6982
90.0109
90.3165
90.6151
90.9062
91.1896
91.4647
91.731
91.9883
92.2359
92.4733
92.6997
92.9145
93.1166
93.3053
93.4796
93.6383
93.78
93.9033
94.0067
94.0886
94.1467
94.1791
94.1833
94.1567
94.0963
93.9985
93.8599
93.6761
93.4424
93.1533
92.8031
52.2646
51.5281
50.7701
49.9905
49.189
48.3658
47.5209
46.6545
45.7671
44.8595
43.933
42.9897
42.0324
41.0657
40.0963
39.1345
38.1958
37.3043
36.4966
35.8264
35.3655
35.1877
35.3325
35.7778
36.4566
37.295
38.2337
39.2314
40.2606
41.3036
42.3487
43.3888
44.419
45.4362
46.4388
47.4254
48.3955
49.3489
50.2855
51.2055
52.1093
52.997
53.8691
54.7259
55.5679
56.3955
57.209
58.0088
58.7954
59.5692
60.3303
61.0793
61.8164
62.542
63.2563
63.9597
64.6523
65.3346
66.0066
66.6688
67.3212
67.9641
68.5978
69.2223
69.838
70.4449
71.0433
71.6333
72.2151
72.7889
73.3547
73.9128
74.4632
75.0062
75.5418
76.0701
76.5913
77.1056
77.6129
78.1135
78.6074
79.0948
79.5757
80.0502
80.5184
80.9805
81.4364
81.8863
82.3303
82.7684
83.2006
83.627
84.0477
84.4627
84.8724
85.2759
85.674
86.0666
86.4535
86.8347
87.2103
87.5799
87.9439
88.3018
88.6539
88.9997
89.3395
89.6726
89.9991
90.319
90.6316
90.9367
91.2342
91.5236
91.8045
92.0765
92.339
92.5914
92.8332
93.0634
93.2816
93.4867
93.6776
93.8536
94.0131
94.1551
94.2778
94.3797
94.4591
94.5138
94.5416
94.5399
94.5061
94.437
94.329
94.1783
93.9806
93.7307
93.4233
93.0521
51.5296
50.806
50.0598
49.2913
48.5001
47.6864
46.8502
45.9917
45.1117
44.2111
43.2911
42.3542
41.4037
40.4444
39.4841
38.5342
37.6122
36.7452
35.9739
35.3575
34.9708
34.8827
35.117
35.6362
36.3681
37.2415
38.2022
39.2131
40.2497
41.2963
42.3428
43.3825
44.4113
45.4266
46.4268
47.4109
48.3785
49.3294
50.2637
51.1815
52.0832
52.9691
53.8395
54.695
55.5358
56.3625
57.1753
57.9748
58.7612
59.5351
60.2965
61.0461
61.784
62.5106
63.2262
63.931
64.6253
65.3095
65.9837
66.6481
67.3031
67.9487
68.5853
69.2129
69.8319
70.4422
71.0442
71.6381
72.2239
72.8018
73.3719
73.9344
74.4895
75.0372
75.5777
76.1112
76.6376
77.1572
77.67
78.1762
78.6759
79.1691
79.656
80.1366
80.6111
81.0795
81.5419
81.9984
82.449
82.8939
83.3328
83.7663
84.1939
84.6161
85.0325
85.4433
85.8488
86.2485
86.6425
87.0309
87.4136
87.7905
88.1616
88.5268
88.8857
89.2386
89.5852
89.9252
90.2583
90.5846
90.9033
91.2148
91.518
91.813
92.0994
92.3763
92.6434
92.9002
93.1458
93.3796
93.6008
93.8084
94.0013
94.1785
94.3387
94.4804
94.6023
94.7025
94.7791
94.8301
94.853
94.8453
94.8041
94.7261
94.6076
94.4448
94.2328
93.9667
93.6407
93.2481
50.7476
50.0397
49.3084
48.5536
47.7753
46.9734
46.1483
45.3
44.4295
43.5376
42.626
41.6972
40.7551
39.805
38.8556
37.9197
37.0171
36.1781
35.4481
34.8915
34.5846
34.5882
34.9092
35.4969
36.2766
37.181
38.1609
39.183
40.2257
41.2751
42.3221
43.3609
44.388
45.4011
46.3986
47.38
48.3448
49.293
50.2246
51.14
52.0394
52.9233
53.792
54.6458
55.4854
56.3109
57.123
57.9218
58.7079
59.4816
60.2432
60.9931
61.7316
62.459
63.1756
63.8817
64.5775
65.2633
65.9394
66.6059
67.2631
67.9112
68.5504
69.1809
69.8028
70.4164
71.0218
71.6192
72.2086
72.7903
73.3645
73.9312
74.4905
75.0427
75.5878
76.1259
76.6573
77.1819
77.6998
78.2113
78.7163
79.2151
79.7076
80.1939
80.6742
81.1486
81.617
82.0797
82.5365
82.9876
83.4331
83.873
84.307
84.7357
85.1589
85.5763
85.9884
86.3947
86.7956
87.1907
87.58
87.9638
88.3415
88.7132
89.0788
89.4381
89.791
90.1372
90.4766
90.8088
91.1335
91.4503
91.7591
92.0593
92.3503
92.632
92.9033
93.1641
93.4132
93.6501
93.874
94.0836
94.2781
94.4562
94.6167
94.758
94.8787
94.9768
95.0505
95.0974
95.1153
95.1013
95.0524
94.9653
94.8362
94.6608
94.4346
94.1518
93.8069
93.3927
49.908
49.2196
48.5067
47.769
47.0068
46.2198
45.4085
44.5731
43.7145
42.8338
41.9328
41.0144
40.0826
39.1438
38.2074
37.2881
36.408
35.601
34.9176
34.4268
34.2047
34.3007
34.7046
35.3553
36.1779
37.1096
38.1061
39.1377
40.1853
41.2365
42.2834
43.3209
44.3458
45.3562
46.3509
47.3292
48.291
49.2363
50.1651
51.0779
51.975
52.8566
53.7233
54.5754
55.4134
56.2377
57.0488
57.8469
58.6325
59.4059
60.1675
60.9176
61.6565
62.3846
63.102
63.8092
64.5064
65.1937
65.8715
66.5398
67.1991
67.8495
68.4912
69.1243
69.749
70.3656
70.9741
71.5748
72.1677
72.753
73.3309
73.9015
74.4649
75.0213
75.5707
76.1133
76.6492
77.1785
77.7013
78.2177
78.7278
79.2317
79.7296
80.2213
80.7071
81.1871
81.6612
82.1296
82.5923
83.0493
83.5007
83.9466
84.3869
84.8217
85.2511
85.6749
86.0932
86.506
86.9129
87.3144
87.7102
88.0999
88.484
88.8618
89.2337
89.599
89.9577
90.3097
90.6549
90.9926
91.3226
91.6447
91.9585
92.2634
92.559
92.8448
93.12
93.3843
93.6367
93.8762
94.1023
94.3137
94.5095
94.6883
94.8488
94.9894
95.1086
95.2045
95.2748
95.3175
95.33
95.3095
95.2527
95.1563
95.0163
94.8282
94.5873
94.2878
93.9234
93.4874
48.9974
48.3332
47.643
46.9269
46.1847
45.4165
44.6226
43.8034
42.9598
42.0932
41.2056
40.3001
39.3812
38.4562
37.5356
36.6357
35.7815
35.0111
34.38
33.9613
33.8282
34.0161
34.4983
35.2063
36.067
37.0227
38.0335
39.0731
40.1244
41.1767
42.2229
43.2585
44.2809
45.2883
46.2797
47.2548
48.2134
49.1555
50.0815
50.9915
51.8859
52.7652
53.6298
54.4802
55.3166
56.1396
56.9495
57.7467
58.5317
59.3048
60.0662
60.8165
61.5557
62.2844
63.0026
63.7108
64.4091
65.0978
65.7772
66.4474
67.1086
67.7612
68.4051
69.0407
69.6681
70.2875
70.899
71.5028
72.099
72.6878
73.2693
73.8436
74.4109
74.9712
75.5248
76.0716
76.6119
77.1456
77.6731
78.1942
78.7092
79.218
79.7208
80.2178
80.7088
81.194
81.6736
82.1475
82.6158
83.0783
83.5354
83.9872
84.4332
84.8738
85.3092
85.7389
86.163
86.5817
86.9947
87.4021
87.8037
88.1995
88.5894
88.9729
89.3505
89.7216
90.0858
90.4434
90.7936
91.1366
91.4716
91.7985
92.117
92.4263
92.726
93.0156
93.2944
93.5618
93.817
94.0591
94.2872
94.5002
94.6969
94.8761
95.0362
95.176
95.2934
95.3867
95.4536
95.4918
95.4988
95.4714
95.4066
95.3006
95.1495
94.9485
94.6926
94.376
93.9922
93.5336
