88.5231
88.6505
88.761
88.8559
88.9365
89.0039
89.0591
89.1029
89.1361
89.1595
89.1736
89.179
89.1762
89.1656
89.1475
89.1223
89.0901
89.0514
89.0061
88.9545
88.8966
88.8325
88.7623
88.686
88.6035
88.5148
88.4198
88.3186
88.2109
88.0967
87.9758
87.8481
87.7134
87.5717
87.4226
87.2662
87.1021
86.9303
86.7505
86.5627
86.3665
86.1619
85.9487
85.7268
85.496
85.2561
85.0071
84.7489
84.4812
84.2041
83.9173
83.6209
83.3148
82.9989
82.6731
82.3374
81.9917
81.6361
81.2705
80.8948
80.5092
80.1135
79.7078
79.2921
78.8664
78.4308
77.9852
77.5297
77.0643
76.5891
76.1041
75.6093
75.1048
74.5906
74.0668
73.5334
72.9904
72.4379
71.8759
71.3045
70.7237
70.1335
69.5339
68.9251
68.3069
67.6795
67.0428
66.3969
65.7418
65.0774
64.4038
63.721
63.029
62.3277
61.6172
60.8974
60.1684
59.4302
58.6828
57.926
57.1601
56.3851
55.6009
54.8077
54.0057
53.1949
52.3757
51.5485
50.7132
49.8715
49.0229
48.1687
47.3103
46.4498
45.588
44.7288
43.8745
43.0305
42.2015
41.396
40.6232
39.8958
39.2299
38.6475
38.174
37.8387
37.6656
37.6613
37.809
38.0785
38.4383
38.8622
39.329
39.823
40.3311
40.8429
41.3509
41.8494
42.3326
42.7969
88.3295
88.453
88.5603
88.6526
88.7313
88.7974
88.8519
88.8956
88.9294
88.9538
88.9694
88.9769
88.9767
88.9692
88.9547
88.9336
88.906
88.8722
88.8324
88.7867
88.7351
88.6778
88.6147
88.5458
88.4712
88.3907
88.3043
88.2118
88.1132
88.0084
87.8971
87.7792
87.6546
87.5231
87.3844
87.2385
87.085
86.9238
86.7548
86.5776
86.3922
86.1984
85.9959
85.7846
85.5644
85.335
85.0964
84.8483
84.5908
84.3236
84.0466
83.7598
83.4631
83.1563
82.8395
82.5125
82.1754
81.828
81.4704
81.1025
80.7244
80.336
79.9373
79.5283
79.1091
78.6796
78.2399
77.79
77.33
76.8599
76.3796
75.8893
75.389
74.8788
74.3586
73.8286
73.2888
72.7391
72.1797
71.6106
71.0318
70.4434
69.8453
69.2378
68.6206
67.9939
67.3577
66.7121
66.057
65.3924
64.7183
64.0349
63.3419
62.6395
61.9277
61.2064
60.4757
59.7355
58.986
58.227
57.4587
56.6811
55.8943
55.0984
54.2935
53.48
52.6579
51.8279
50.9901
50.1456
49.2948
48.439
47.5794
46.7177
45.8563
44.9981
44.1467
43.3075
42.4859
41.6903
40.9321
40.2241
39.5851
39.037
38.6081
38.327
38.2141
38.2692
38.4704
38.7857
39.1852
39.6447
40.1447
40.67
41.209
41.7522
42.2921
42.8237
43.342
43.8428
88.1037
88.2228
88.3265
88.4159
88.4923
88.5567
88.6102
88.6534
88.6873
88.7124
88.7294
88.7387
88.7409
88.7363
88.7252
88.708
88.6848
88.656
88.6215
88.5817
88.5364
88.4858
88.4299
88.3687
88.302
88.2299
88.1522
88.0688
87.9796
87.8845
87.7831
87.6754
87.5612
87.4403
87.3124
87.1773
87.0349
86.8848
86.7269
86.5609
86.3867
86.2041
86.0127
85.8125
85.6033
85.3848
85.157
84.9196
84.6725
84.4156
84.1488
83.8719
83.5849
83.2876
82.9801
82.6621
82.3338
81.9949
81.6456
81.2857
80.9152
80.5342
80.1427
79.7405
79.3279
78.9047
78.4709
78.0267
77.5721
77.107
76.6315
76.1457
75.6496
75.1432
74.6267
74.0999
73.563
73.016
72.459
71.892
71.315
70.7282
70.1314
69.5248
68.9084
68.2821
67.6461
67.0004
66.3449
65.6797
65.0048
64.3202
63.6259
62.922
62.2083
61.485
60.7521
60.0096
59.2574
58.4957
57.7245
56.9438
56.1538
55.3546
54.5464
53.7295
52.9041
52.0707
51.2301
50.3822
49.529
48.6704
47.8093
46.9468
46.0855
45.2284
44.3794
43.5446
42.7304
41.9457
41.2026
40.5152
39.9035
39.3918
39.009
38.7826
38.7285
38.8393
39.0889
39.4449
39.8792
40.3695
40.8972
41.4485
42.0125
42.5808
43.1469
43.7046
44.2496
44.7793
87.846
87.9603
88.0598
88.1458
88.2195
88.2819
88.334
88.3764
88.4101
88.4356
88.4535
88.4644
88.4687
88.4667
88.4588
88.4454
88.4265
88.4025
88.3734
88.3394
88.3005
88.2567
88.2081
88.1546
88.0961
88.0326
87.9638
87.8898
87.8103
87.7252
87.6342
87.5371
87.4337
87.3238
87.2071
87.0834
86.9524
86.814
86.6677
86.5135
86.351
86.1801
86.0004
85.8118
85.6141
85.407
85.1904
84.9642
84.728
84.4819
84.2257
83.9591
83.6822
83.3949
83.097
82.7884
82.4691
82.1392
81.7984
81.4467
81.0842
80.7109
80.3267
79.9316
79.5257
79.1089
78.6813
78.2429
77.7937
77.3338
76.8631
76.3818
75.89
75.3875
74.8745
74.3509
73.817
73.2726
72.7179
72.1529
71.5776
70.9922
70.3965
69.7906
69.1747
68.5487
67.9126
67.2665
66.6104
65.9443
65.2682
64.5822
63.8862
63.1804
62.4646
61.7389
61.0034
60.258
59.5029
58.738
57.9634
57.1793
56.3857
55.5829
54.7709
53.9502
53.1211
52.284
51.4395
50.5885
49.7324
48.8715
48.0079
47.1444
46.2824
45.4266
44.581
43.7507
42.9443
42.1709
41.4428
40.7772
40.1946
39.721
39.3857
39.2148
39.2176
39.3802
39.6735
40.066
40.5311
41.0473
41.5989
42.1718
42.7569
43.3453
43.9316
44.51
45.0768
45.6289
87.5564
87.6655
87.7605
87.8427
87.9132
87.9731
88.0233
88.0646
88.0976
88.1232
88.1417
88.1538
88.1599
88.1604
88.1555
88.1456
88.131
88.1116
88.0878
88.0596
88.0271
87.9902
87.9489
87.9033
87.8532
87.7985
87.7391
87.6747
87.6053
87.5305
87.4503
87.3642
87.2721
87.1738
87.0689
86.9571
86.8382
86.7119
86.578
86.436
86.2859
86.1272
85.9598
85.7834
85.5978
85.4027
85.1979
84.9833
84.7587
84.5239
84.2787
84.0231
83.7568
83.4798
83.192
82.8932
82.5835
82.2627
81.9309
81.5878
81.2337
80.8683
80.4918
80.104
79.7051
79.295
78.8737
78.4413
77.9977
77.5431
77.0775
76.6008
76.1132
75.6147
75.1053
74.585
74.0541
73.5123
72.9599
72.3969
71.8232
71.239
70.6444
70.0392
69.4237
68.7977
68.1613
67.5147
66.8577
66.1905
65.5131
64.8254
64.1275
63.4194
62.7011
61.9728
61.2343
60.4859
59.7274
58.959
58.1808
57.3928
56.5953
55.7884
54.9724
54.1476
53.3144
52.4734
51.6252
50.7707
49.911
49.0475
48.1819
47.3166
46.4546
45.5995
44.7568
43.9318
43.1331
42.3717
41.6604
41.0179
40.466
40.0321
39.7463
39.6305
39.6878
39.8987
40.2316
40.6564
41.1483
41.6877
42.2591
42.8501
43.4521
44.0572
44.6593
45.2546
45.8387
46.4081
87.2353
87.3386
87.4286
87.5065
87.5734
87.6303
87.6782
87.7178
87.7499
87.775
87.7938
87.8068
87.8144
87.817
87.8149
87.8084
87.7977
87.783
87.7643
87.7419
87.7157
87.6858
87.6521
87.6145
87.573
87.5274
87.4775
87.4232
87.3642
87.3003
87.2312
87.1568
87.0766
86.9903
86.8978
86.7986
86.6924
86.579
86.4579
86.329
86.1918
86.0461
85.8916
85.7281
85.5552
85.3728
85.1805
84.9782
84.7657
84.5428
84.3093
84.0651
83.81
83.5438
83.2666
82.9782
82.6785
82.3674
82.0449
81.7109
81.3655
81.0085
80.6399
80.2599
79.8683
79.4651
79.0505
78.6243
78.1867
77.7376
77.2771
76.8053
76.3222
75.8277
75.3221
74.8052
74.2773
73.7382
73.1882
72.6271
72.0551
71.4722
70.8785
70.274
69.6587
69.0327
68.396
67.7487
67.0908
66.4223
65.7432
65.0537
64.3536
63.6432
62.9222
62.191
61.4494
60.6975
59.9355
59.1633
58.3811
57.589
56.7873
55.9761
55.1557
54.3265
53.4887
52.6437
51.7911
50.9329
50.0699
49.203
48.3353
47.4688
46.6066
45.7528
44.9128
44.0934
43.3034
42.5543
41.861
41.2429
40.7234
40.3315
40.0963
40.0354
40.1446
40.3996
40.7681
41.222
41.7375
42.2965
42.8849
43.4913
44.1072
44.7256
45.341
45.9492
46.5464
47.1298
86.8828
86.9799
87.0643
87.1373
87.2001
87.2535
87.2986
87.336
87.3666
87.3909
87.4096
87.423
87.4318
87.4362
87.4366
87.4332
87.4262
87.4159
87.4024
87.3857
87.3659
87.343
87.3169
87.2876
87.2548
87.2186
87.1786
87.1347
87.0866
87.034
86.9767
86.9144
86.8467
86.7732
86.6937
86.6077
86.515
86.4151
86.3077
86.1925
86.069
85.9371
85.7963
85.6464
85.487
85.3179
85.1389
84.9496
84.7499
84.5396
84.3184
84.0862
83.8429
83.5883
83.3223
83.0447
82.7555
82.4546
82.142
81.8176
81.4813
81.1331
80.7731
80.4011
80.0172
79.6214
79.2137
78.7941
78.3627
77.9194
77.4644
76.9977
76.5192
76.0291
75.5274
75.0141
74.4893
73.9531
73.4055
72.8465
72.2762
71.6947
71.102
70.498
69.8831
69.257
68.62
67.9719
67.3129
66.6431
65.9623
65.2707
64.5684
63.8553
63.1316
62.3972
61.6522
60.8967
60.1308
59.3546
58.5683
57.7719
56.9656
56.1498
55.3249
54.491
53.649
52.7992
51.9424
51.0798
50.2134
49.3435
48.4736
47.6052
46.7429
45.89
45.0535
44.2401
43.4594
42.7235
42.0493
41.457
40.9722
40.6244
40.4408
40.4336
40.5917
40.8871
41.2881
41.7672
42.3037
42.8798
43.4829
44.1019
44.7296
45.3585
45.9841
46.6028
47.2102
47.8039
86.4992
86.5894
86.6676
86.7352
86.7932
86.8426
86.8843
86.919
86.9476
86.9706
86.9886
87.0021
87.0116
87.0174
87.0199
87.0193
87.0159
87.0099
87.0013
86.9903
86.9768
86.9609
86.9426
86.9216
86.8979
86.8713
86.8416
86.8085
86.7717
86.7311
86.6861
86.6365
86.5819
86.5219
86.4562
86.3842
86.3057
86.2202
86.1273
86.0266
85.9177
85.8003
85.6741
85.5386
85.3935
85.2386
85.0735
84.8981
84.7119
84.5149
84.3068
84.0874
83.8566
83.6141
83.3599
83.0939
82.8159
82.5258
82.2236
81.9093
81.5827
81.2438
80.8927
80.5293
80.1535
79.7655
79.3652
78.9526
78.5277
78.0907
77.6414
77.1801
76.7066
76.221
75.7235
75.214
74.6926
74.1594
73.6144
73.0576
72.4892
71.9091
71.3175
70.7143
70.0996
69.4735
68.8361
68.1873
67.5272
66.8559
66.1734
65.4798
64.775
64.0592
63.3325
62.5948
61.8463
61.087
60.3172
59.5367
58.7459
57.9449
57.134
56.3134
55.4835
54.6448
53.7979
52.9435
52.0824
51.2158
50.3451
49.4723
48.5995
47.7297
46.8674
46.0161
45.1828
44.3758
43.6047
42.8838
42.2297
41.6652
41.2171
40.9152
40.7839
40.8287
41.0325
41.3646
41.7944
42.2967
42.8513
43.4425
44.0577
44.687
45.3238
45.9616
46.595
47.2213
47.8363
48.4383
86.0847
86.1674
86.2388
86.3003
86.3529
86.3977
86.4353
86.4668
86.4927
86.5138
86.5306
86.5436
86.5533
86.5601
86.5643
86.5662
86.5661
86.564
86.5602
86.5547
86.5475
86.5387
86.5281
86.5156
86.5012
86.4845
86.4654
86.4436
86.4187
86.3904
86.3584
86.3223
86.2815
86.2358
86.1846
86.1275
86.064
85.9938
85.9163
85.831
85.7377
85.6358
85.5249
85.4048
85.2749
85.1351
84.9849
84.824
84.6523
84.4694
84.2752
84.0693
83.8517
83.6222
83.3805
83.1267
82.8605
82.5819
82.2908
81.9871
81.6708
81.3419
81.0002
80.6459
80.2788
79.899
79.5065
79.1014
78.6836
78.2531
77.81
77.3544
76.8862
76.4056
75.9126
75.4072
74.8895
74.3595
73.8173
73.263
72.6965
72.118
71.5276
70.9252
70.311
69.685
69.0472
68.3976
67.7365
67.0638
66.3795
65.6837
64.9765
64.2579
63.5281
62.787
62.0348
61.2716
60.4975
59.7127
58.9173
58.1115
57.2957
56.4701
55.6351
54.7915
53.9393
53.0801
52.2139
51.3431
50.4686
49.5926
48.7169
47.8458
46.9829
46.1334
45.3041
44.5042
43.7439
43.0383
42.4061
41.8714
41.4619
41.2076
41.1286
41.2234
41.4693
41.8348
42.2909
42.8134
43.3837
43.9873
44.6127
45.2509
45.8949
46.539
47.1789
47.8108
48.4317
49.0392
85.6396
85.7141
85.7781
85.8328
85.8793
85.9186
85.9516
85.979
86.0017
86.0202
86.0351
86.0471
86.0565
86.0637
86.0691
86.0731
86.0757
86.0773
86.078
86.0778
86.0768
86.075
86.0722
86.0684
86.0634
86.057
86.0489
86.0387
86.0262
86.011
85.9926
85.9706
85.9445
85.9139
85.8781
85.8368
85.7894
85.7353
85.6742
85.6054
85.5285
85.4431
85.3487
85.2449
85.1312
85.0074
84.873
84.7277
84.5713
84.4034
84.2239
84.0325
83.8289
83.6131
83.3848
83.1439
82.8903
82.6238
82.3445
82.0522
81.7468
81.4284
81.0968
80.7522
80.3943
80.0233
79.6392
79.242
78.8317
78.4083
77.9718
77.5224
77.0599
76.5846
76.0964
75.5954
75.0817
74.5552
74.0162
73.4645
72.9003
72.3237
71.7347
71.1333
70.5197
69.8938
69.2557
68.6056
67.9434
67.2692
66.5832
65.8853
65.1756
64.4541
63.7211
62.9766
62.2206
61.4534
60.6749
59.8855
59.0853
58.2746
57.4537
56.6228
55.7826
54.9334
54.076
53.2119
52.341
51.4653
50.5869
49.707
48.8294
47.957
47.0936
46.2462
45.4213
44.6279
43.8792
43.1905
42.5819
42.0788
41.7104
41.5051
41.4776
41.6197
41.9045
42.3004
42.7793
43.3199
43.9039
44.5185
45.1522
45.7971
46.4471
47.096
47.7401
48.3758
49.0004
49.612
85.1643
85.2299
85.2856
85.3327
85.3724
85.4055
85.433
85.4557
85.4743
85.4895
85.5019
85.5121
85.5205
85.5275
85.5336
85.539
85.5441
85.5489
85.5537
85.5586
85.5636
85.5686
85.5737
85.5786
85.5832
85.5873
85.5905
85.5925
85.593
85.5914
85.5873
85.5802
85.5697
85.555
85.5357
85.5111
85.4807
85.444
85.4003
85.3491
85.2898
85.2219
85.145
85.0586
84.9622
84.8554
84.7378
84.6091
84.469
84.3171
84.1533
83.9771
83.7885
83.5872
83.3731
83.146
82.9057
82.6522
82.3854
82.1052
81.8115
81.5043
81.1835
80.8491
80.5011
80.1396
79.7644
79.3757
78.9734
78.5576
78.1282
77.6854
77.2292
76.7596
76.2768
75.7806
75.2712
74.7487
74.213
73.6644
73.1028
72.5282
71.9408
71.3407
70.7278
70.1022
69.4641
68.8135
68.1504
67.4749
66.7871
66.087
65.3748
64.6506
63.9144
63.1662
62.4064
61.635
60.8521
60.058
59.2529
58.437
57.6108
56.7745
55.9288
55.0744
54.2117
53.3419
52.4661
51.5858
50.7028
49.8195
48.9388
48.0651
47.202
46.3562
45.5361
44.7509
44.0148
43.3442
42.7606
42.2913
41.966
41.8104
41.8333
42.0196
42.3398
42.7628
43.2626
43.8183
44.4145
45.0379
45.6788
46.3288
46.9829
47.6355
48.2822
48.9208
49.5475
50.1605
84.6595
84.7152
84.7619
84.8006
84.8326
84.8587
84.8798
84.8969
84.9106
84.9216
84.9306
84.9382
84.9448
84.9509
84.957
84.9633
84.9701
84.9776
84.9862
84.9957
85.0064
85.0182
85.031
85.0446
85.059
85.0738
85.0886
85.1033
85.1172
85.1299
85.141
85.1497
85.1555
85.1578
85.1559
85.1492
85.1371
85.1187
85.0937
85.0612
85.0207
84.9716
84.9133
84.8455
84.7674
84.6788
84.5792
84.4682
84.3454
84.2105
84.0633
83.9035
83.7307
83.5449
83.3459
83.1334
82.9074
82.6677
82.4142
82.1468
81.8655
81.5702
81.261
80.9376
80.6002
80.2487
79.8831
79.5035
79.1099
78.7022
78.2806
77.845
77.3955
76.9321
76.455
75.9641
75.4595
74.9413
74.4096
73.8643
73.3055
72.7334
72.148
71.5493
70.9375
70.3125
69.6745
69.0235
68.3596
67.6829
66.9935
66.2914
65.5768
64.8497
64.1102
63.3586
62.5948
61.8191
61.0317
60.2328
59.4226
58.6014
57.7697
56.9279
56.0765
55.216
54.3479
53.4727
52.5912
51.7062
50.819
49.9321
49.0489
48.1733
47.3105
46.4672
45.6519
44.8756
44.153
43.5016
42.9451
42.5118
42.2313
42.1259
42.1972
42.4245
42.7769
43.2241
43.7421
44.3117
44.9177
45.5483
46.1944
46.8487
47.5054
48.1599
48.8085
49.448
50.0759
50.6894
84.1256
84.1707
84.2074
84.2369
84.2601
84.2783
84.2921
84.3026
84.3104
84.3163
84.321
84.3251
84.329
84.3334
84.3385
84.3449
84.3528
84.3624
84.3741
84.3879
84.4038
84.422
84.4423
84.4647
84.4889
84.5146
84.5415
84.5691
84.5971
84.6248
84.6517
84.6771
84.7003
84.7207
84.7374
84.7497
84.757
84.7584
84.7532
84.7407
84.7202
84.6912
84.6529
84.6049
84.5465
84.4772
84.3967
84.3045
84.2002
84.0834
83.9539
83.8114
83.6556
83.4863
83.3033
83.1064
82.8955
82.6704
82.4311
82.1775
81.9094
81.6269
81.3299
81.0183
80.6922
80.3515
79.9962
79.6264
79.2421
78.8432
78.4299
78.0021
77.5599
77.1034
76.6326
76.1475
75.6482
75.1348
74.6073
74.0658
73.5104
72.9411
72.358
71.7611
71.1506
70.5265
69.8889
69.2378
68.5734
67.8956
67.2047
66.5007
65.7837
65.0538
64.3112
63.556
62.7883
62.0083
61.2163
60.4124
59.597
58.7704
57.9331
57.0855
56.2284
55.362
54.4877
53.607
52.7202
51.8302
50.938
50.0476
49.1612
48.2843
47.422
46.5814
45.7713
45.0046
44.2962
43.6659
43.1385
42.7432
42.5092
42.4535
42.5708
42.836
43.217
43.6861
44.22
44.8015
45.4157
46.0525
46.7024
47.3592
48.0179
48.6731
49.3218
49.961
50.5883
51.2015
83.5636
83.5972
83.6229
83.6421
83.6557
83.6648
83.6703
83.6731
83.6741
83.6738
83.6731
83.6726
83.6729
83.6744
83.6777
83.6832
83.6913
83.7022
83.7163
83.7336
83.7544
83.7785
83.8061
83.837
83.8709
83.9077
83.9468
83.9879
84.0305
84.0739
84.1175
84.1605
84.2022
84.2417
84.2782
84.3109
84.3389
84.3614
84.3775
84.3864
84.3874
84.3798
84.3629
84.336
84.2985
84.25
84.1898
84.1176
84.033
83.9355
83.8249
83.7008
83.563
83.4112
83.2452
83.0649
82.8701
82.6607
82.4365
82.1974
81.9435
81.6746
81.3907
81.0917
80.7777
80.4485
80.1044
79.7451
79.3708
78.9814
78.5771
78.1578
77.7236
77.2745
76.8106
76.3318
75.8385
75.3304
74.8078
74.2705
73.7189
73.1529
72.5725
71.9778
71.369
70.7461
70.1092
69.4583
68.7935
68.115
67.4228
66.7171
65.9979
65.2653
64.5196
63.7608
62.9892
62.2049
61.4082
60.5994
59.7787
58.9465
58.1034
57.2499
56.3868
55.5145
54.6342
53.7472
52.8549
51.9592
51.0625
50.1678
49.2792
48.4005
47.5388
46.7008
45.8975
45.1407
44.4481
43.8405
43.3438
42.9887
42.8021
42.7951
42.9556
43.255
43.6621
44.1503
44.6983
45.2895
45.9104
46.5515
47.2045
47.8625
48.5215
49.1762
49.8245
50.4623
51.0879
51.6996
82.9744
82.9955
83.0093
83.0171
83.02
83.019
83.015
83.009
83.0018
82.9942
82.987
82.9807
82.976
82.9736
82.9739
82.9775
82.9847
82.996
83.0115
83.0316
83.0564
83.086
83.1204
83.1595
83.203
83.2508
83.3024
83.3574
83.4151
83.4749
83.536
83.5976
83.6589
83.7188
83.7765
83.8309
83.8811
83.9261
83.965
83.9969
84.0209
84.0362
84.0421
84.0378
84.0227
83.9962
83.9578
83.907
83.8433
83.7663
83.6758
83.5713
83.4526
83.3194
83.1716
83.0089
82.8312
82.6384
82.4303
82.2068
81.9679
81.7135
81.4436
81.1581
80.857
80.5403
80.208
79.8601
79.4966
79.1175
78.7229
78.3128
77.8872
77.4463
76.9899
76.5183
76.0314
75.5293
75.012
74.4797
73.9324
73.3701
72.793
72.2011
71.5944
70.9731
70.3372
69.6868
69.0221
68.3431
67.6499
66.9426
66.2214
65.4863
64.7376
63.9754
63.1999
62.4113
61.61
60.796
59.97
59.1322
58.2832
57.4235
56.5542
55.6753
54.7889
53.8959
52.9973
52.0964
51.195
50.2963
49.4045
48.5246
47.6631
46.829
46.032
45.2865
44.6107
44.0274
43.5639
43.2509
43.1121
43.1521
43.3527
43.6834
44.1135
44.6183
45.1781
45.7772
46.4036
47.0477
47.7021
48.3607
49.0189
49.6727
50.3189
50.9543
51.5776
52.1862
82.3592
82.3668
82.3676
82.363
82.354
82.3416
82.327
82.3109
82.2943
82.278
82.2629
82.2495
82.2386
82.2309
82.227
82.2273
82.2324
82.2427
82.2587
82.2805
82.3085
82.3427
82.3833
82.4301
82.483
82.5417
82.6058
82.6749
82.7482
82.825
82.9046
82.9859
83.0679
83.1496
83.2299
83.3076
83.3816
83.4508
83.5141
83.5706
83.6192
83.6591
83.6893
83.7092
83.718
83.7151
83.6999
83.6717
83.6304
83.5752
83.506
83.4223
83.3239
83.2105
83.082
82.938
82.7785
82.6034
82.4124
82.2055
81.9826
81.7437
81.4887
81.2176
80.9304
80.627
80.3074
79.9717
79.6198
79.2519
78.8679
78.4677
78.0516
77.6196
77.1716
76.7077
76.228
75.7325
75.2213
74.6945
74.1521
73.5942
73.0209
72.4321
71.8281
71.2089
70.5746
69.9252
69.2609
68.5817
67.8878
67.1793
66.4563
65.7189
64.9674
64.2019
63.4227
62.6299
61.8239
61.0049
60.1735
59.3299
58.4749
57.6089
56.7328
55.8481
54.9549
54.0557
53.1512
52.2447
51.3379
50.4353
49.5406
48.6595
47.7985
46.9676
46.178
45.4448
44.7874
44.23
43.8017
43.5323
43.4411
43.526
43.7635
44.1217
44.5724
45.0916
45.6616
46.2671
46.8972
47.5435
48.1981
48.8558
49.5121
50.1634
50.8066
51.4391
52.0587
52.6633
81.7195
81.7125
81.6992
81.681
81.6589
81.634
81.6073
81.5798
81.5524
81.526
81.5015
81.4795
81.4609
81.4464
81.4366
81.4322
81.4338
81.4418
81.4568
81.4792
81.5091
81.547
81.5928
81.6466
81.7084
81.7777
81.8543
81.9377
82.0271
82.1217
82.2205
82.3226
82.4267
82.5316
82.636
82.7386
82.8381
82.9333
83.0229
83.1058
83.1808
83.247
83.3033
83.349
83.3833
83.4055
83.4149
83.411
83.3933
83.3614
83.3148
83.2532
83.1764
83.0841
82.9759
82.8519
82.7117
82.5553
82.3825
82.1932
81.9874
81.765
81.526
81.2702
80.9978
80.7086
80.4028
80.0802
79.7409
79.3849
79.0123
78.623
78.2172
77.7949
77.356
76.9006
76.4289
75.9408
75.4365
74.9159
74.3791
73.8263
73.2573
72.6725
72.0717
71.4552
70.8229
70.1749
69.5115
68.8326
68.1384
67.429
66.7046
65.9652
65.2112
64.4426
63.6597
62.8629
62.0523
61.2283
60.3915
59.5422
58.681
57.8086
56.9261
56.0344
55.1352
54.2291
53.3185
52.4058
51.4939
50.5872
49.6892
48.8069
47.947
47.1203
46.3383
45.6184
44.9808
44.4514
44.06
43.8353
43.7911
43.918
44.1888
44.5719
45.0399
45.5717
46.1497
46.7604
47.3928
48.0396
48.6937
49.3495
50.0035
50.6514
51.2907
51.9193
52.5342
53.1338
81.0569
81.0342
81.0057
80.9727
80.9362
80.8974
80.8573
80.817
80.7773
80.7393
80.7037
80.6716
80.6435
80.6205
80.6032
80.5924
80.5887
80.5928
80.6053
80.6265
80.6571
80.6972
80.7472
80.8071
80.8769
80.9564
81.0453
81.1429
81.2487
81.3616
81.4807
81.6046
81.7322
81.8618
81.9921
82.1215
82.2484
82.3715
82.4893
82.6005
82.7038
82.7982
82.8825
82.9558
83.0173
83.0662
83.1019
83.1238
83.1312
83.1239
83.1014
83.0633
83.0093
82.9392
82.8528
82.7498
82.6301
82.4936
82.3401
82.1696
81.9819
81.7771
81.555
81.3157
81.059
80.7851
80.4939
80.1854
79.8597
79.5166
79.1564
78.7789
78.3843
77.9725
77.5437
77.0977
76.6348
76.155
75.6582
75.1446
74.6143
74.0672
73.5034
72.9231
72.3263
71.713
71.0834
70.4376
69.7755
69.0974
68.4034
67.6936
66.9681
66.2271
65.4709
64.6995
63.9133
63.1125
62.2975
61.4686
60.6264
59.7714
58.9042
58.0257
57.1362
56.2378
55.3315
54.4188
53.502
52.5834
51.6663
50.7548
49.8538
48.97
48.1114
47.2888
46.5162
45.8102
45.194
44.6942
44.342
44.1625
44.1635
44.3294
44.63
45.0349
45.5184
46.0602
46.6444
47.2583
47.8922
48.5383
49.1905
49.8437
50.494
51.1375
51.7724
52.3958
53.0051
53.5993
80.3732
80.3338
80.2889
80.2398
80.1877
80.1337
80.0788
80.0241
79.9706
79.9192
79.871
79.8268
79.7876
79.7542
79.7275
79.7083
79.6974
79.6956
79.7036
79.7219
79.7513
79.7921
79.8447
79.9094
79.9863
80.0751
80.1757
80.2875
80.4098
80.5416
80.6817
80.8287
80.9811
81.1372
81.2953
81.4534
81.6099
81.7631
81.9112
82.0528
82.1866
82.3111
82.4253
82.5281
82.6186
82.696
82.7596
82.8088
82.843
82.8618
82.8648
82.8515
82.8217
82.7752
82.7117
82.6311
82.5331
82.4176
82.2846
82.1339
81.9655
81.7794
81.5754
81.3535
81.1138
80.8562
80.5807
80.2873
79.9761
79.647
79.3001
78.9354
78.5529
78.1527
77.7348
77.2992
76.8461
76.3754
75.8871
75.3814
74.8583
74.3178
73.7601
73.1851
72.593
71.9837
71.3575
70.7144
70.0544
69.3777
68.6845
67.9748
67.2487
66.5066
65.7485
64.9747
64.1854
63.381
62.5618
61.7282
60.8808
60.0201
59.1467
58.2616
57.3656
56.4606
55.547
54.6276
53.7037
52.779
51.8567
50.9408
50.0364
49.1516
48.2947
47.4771
46.7137
46.0232
45.4297
44.9619
44.6501
44.5159
44.5602
44.7613
45.0886
45.5126
46.0088
46.5588
47.1479
47.7636
48.3972
49.0419
49.691
50.3402
50.9858
51.6245
52.2537
52.8709
53.4743
54.0613
79.6706
79.6134
79.551
79.4846
79.4156
79.3449
79.2737
79.203
79.1341
79.0677
79.005
78.9469
78.8945
78.8487
78.8105
78.7808
78.7606
78.7507
78.7519
78.7652
78.7913
78.8308
78.8841
78.9519
79.0343
79.1313
79.2428
79.3683
79.5071
79.6581
79.8201
79.9914
80.1703
80.3547
80.5425
80.7316
80.9199
81.1055
81.2863
81.4607
81.627
81.7839
81.9301
82.0643
82.1858
82.2935
82.3868
82.465
82.5275
82.5739
82.6038
82.6168
82.6126
82.591
82.5518
82.4947
82.4197
82.3265
82.2152
82.0855
81.9376
81.7712
81.5864
81.3831
81.1614
80.9212
80.6625
80.3853
80.0897
79.7756
79.4431
79.0922
78.723
78.3353
77.9294
77.5052
77.0628
76.6022
76.1234
75.6266
75.1116
74.5787
74.0279
73.4591
72.8725
72.2682
71.6462
71.0066
70.3494
69.6749
68.9831
68.2741
67.5482
66.8054
66.046
65.2701
64.4783
63.6706
62.8475
62.0095
61.1569
60.2907
59.4113
58.5198
57.6172
56.7049
55.7849
54.8582
53.9277
52.9969
52.0685
51.1477
50.241
49.3547
48.4997
47.6878
46.9343
46.2607
45.6919
45.2577
44.9874
44.8977
44.9823
45.2155
45.566
46.006
46.5131
47.0691
47.661
48.2775
48.9095
49.5512
50.1962
50.8409
51.4808
52.1133
52.7363
53.3466
53.9426
54.5224
78.9513
78.8752
78.7942
78.7094
78.6221
78.5334
78.4445
78.3563
78.2702
78.187
78.108
78.0341
77.9664
77.9061
77.854
77.8115
77.7794
77.7589
77.7511
77.7567
77.777
77.8126
77.8645
77.9332
78.0192
78.1228
78.244
78.3823
78.5373
78.7078
78.8923
79.0891
79.296
79.5106
79.7305
79.9531
80.1758
80.3963
80.6124
80.822
81.0234
81.2149
81.3952
81.5631
81.7174
81.8573
81.982
82.0909
82.1834
82.259
82.3174
82.3581
82.3809
82.3856
82.3719
82.3397
82.2889
82.2193
82.1308
82.0235
81.8971
81.7517
81.5873
81.4038
81.2012
80.9795
80.7387
80.4789
80.2
79.902
79.585
79.249
78.8941
78.5201
78.1273
77.7155
77.2849
76.8355
76.3673
75.8803
75.3746
74.8503
74.3073
73.7458
73.1657
72.5672
71.9503
71.3151
70.6617
69.9901
69.3005
68.5931
67.8679
67.1251
66.3651
65.5879
64.7938
63.9834
63.1568
62.3147
61.4575
60.5859
59.7008
58.8032
57.8937
56.9746
56.0472
55.1136
54.1764
53.2388
52.3048
51.3796
50.4695
49.5831
48.7298
47.9235
47.182
46.5261
45.9836
45.5846
45.3566
45.31
45.4318
45.6934
46.0639
46.5172
47.0324
47.593
48.1861
48.8014
49.4311
50.0685
50.7087
51.3474
51.9807
52.6066
53.2216
53.8245
54.4123
54.984
78.2178
78.122
78.0213
77.9169
77.8101
77.7021
77.5939
77.4867
77.3817
77.28
77.1827
77.0909
77.0059
76.9287
76.8605
76.8026
76.7561
76.7223
76.7024
76.6976
76.7092
76.7382
76.7857
76.8526
76.9398
77.0478
77.1768
77.3268
77.4972
77.687
77.8946
78.118
78.3547
78.6018
78.8562
79.115
79.3749
79.6332
79.8873
80.1349
80.3738
80.6024
80.8192
81.0227
81.212
81.386
81.544
81.6854
81.8095
81.9159
82.0042
82.0741
82.1254
82.1577
82.1709
82.1649
82.1396
82.0948
82.0305
81.9466
81.843
81.7199
81.577
81.4144
81.2321
81.0302
80.8085
80.5671
80.3061
80.0254
79.7251
79.4052
79.0657
78.7066
78.328
77.9298
77.5122
77.0751
76.6185
76.1426
75.6472
75.1326
74.5986
74.0454
73.4729
72.8813
72.2705
71.6407
70.992
70.3243
69.638
68.9329
68.2093
67.4674
66.7074
65.9295
65.1341
64.3214
63.4919
62.6461
61.7846
60.9081
60.0171
59.1137
58.1978
57.2721
56.3373
55.3968
54.4529
53.5084
52.5689
51.6392
50.7263
49.8388
48.9882
48.1888
47.4592
46.8229
46.3083
45.9463
45.7603
45.7546
45.9101
46.1966
46.584
47.0484
47.5695
48.1324
48.7254
49.3382
49.9637
50.5958
51.2297
51.8613
52.4875
53.1053
53.7123
54.3064
54.8855
55.4475
77.4729
77.3564
77.235
77.11
76.9825
76.8538
76.7251
76.5974
76.4719
76.3499
76.2324
76.1208
76.0161
75.9197
75.8329
75.757
75.6933
75.6433
75.6084
75.59
75.5896
75.6086
75.6485
75.7104
75.7957
75.9053
76.0398
76.1994
76.384
76.5925
76.8235
77.0747
77.343
77.6249
77.9167
78.2146
78.5148
78.8141
79.1092
79.3975
79.6767
79.9449
80.2005
80.442
80.6682
80.8783
81.0715
81.2471
81.4044
81.5432
81.6631
81.7636
81.8447
81.9061
81.9476
81.9691
81.9706
81.9518
81.9129
81.8537
81.7742
81.6744
81.5543
81.4139
81.2532
81.0721
80.8707
80.6491
80.4071
80.1449
79.8625
79.5599
79.237
78.894
78.5308
78.1474
77.744
77.3204
76.8767
76.413
75.9293
75.4255
74.9017
74.358
73.7943
73.2107
72.6072
71.984
71.341
70.6784
69.9962
69.2946
68.5736
67.8336
67.0746
66.2969
65.5007
64.6866
63.8549
63.006
62.1407
61.2597
60.3639
59.4543
58.5324
57.6002
56.6588
55.711
54.7604
53.8096
52.864
51.93
51.0144
50.1262
49.2786
48.4868
47.7703
47.155
46.6701
46.3458
46.2014
46.2338
46.4194
46.7271
47.1283
47.6007
48.126
48.6893
49.2802
49.8894
50.5093
51.1349
51.7618
52.3853
53.0029
53.6121
54.2097
54.7941
55.3633
55.9153
76.7194
76.5814
76.4384
76.2917
76.1426
75.9921
75.8414
75.6918
75.5443
75.4003
75.2609
75.1274
75.001
74.8832
74.7752
74.6786
74.5949
74.5257
74.4725
74.4371
74.4211
74.4265
74.4549
74.5082
74.5878
74.6954
74.8321
74.9988
75.1955
75.4218
75.6761
75.9559
76.2576
76.577
76.9093
77.2498
77.5938
77.9372
78.2765
78.6086
78.9309
79.2413
79.538
79.8197
80.0851
80.3332
80.5633
80.7748
80.9671
81.1399
81.2927
81.4254
81.5377
81.6295
81.7006
81.7509
81.7804
81.7891
81.7768
81.7435
81.6893
81.6142
81.518
81.401
81.263
81.104
80.9242
80.7234
80.5018
80.2593
79.9961
79.7119
79.407
79.0813
78.7348
78.3675
77.9795
77.5708
77.1413
76.6911
76.2202
75.7286
75.2163
74.6833
74.1297
73.5554
72.9606
72.3452
71.7092
71.0529
70.3761
69.679
68.9618
68.2247
67.4677
66.6912
65.8954
65.0807
64.2476
63.3965
62.5282
61.6434
60.7431
59.8286
58.9004
57.9616
57.0137
56.0593
55.1016
54.1448
53.1943
52.2554
51.3368
50.4487
49.6048
48.8209
48.1194
47.5263
47.0727
46.7868
46.6824
46.7495
46.9612
47.2864
47.6988
48.1768
48.7037
49.2659
49.853
50.4566
51.0702
51.6883
52.3061
52.921
53.5293
54.128
54.7157
55.2894
55.8476
56.3889
75.9601
75.7999
75.6346
75.4655
75.2937
75.1203
74.9466
74.7737
74.6029
74.4353
74.2723
74.115
73.9649
73.8234
73.692
73.5721
73.4655
73.374
73.2992
73.2433
73.2081
73.1959
73.2087
73.249
73.3187
73.4201
73.555
73.7251
73.9311
74.1732
74.4502
74.7594
75.0965
75.4563
75.8326
76.2192
76.6107
77.0019
77.3886
77.7675
78.1357
78.4909
78.8312
79.1552
79.4617
79.7497
80.0186
80.2677
80.4965
80.7047
80.892
81.0582
81.2031
81.3266
81.4286
81.5091
81.5679
81.6051
81.6207
81.6146
81.5869
81.5376
81.4667
81.3742
81.2601
81.1245
80.9674
80.7889
80.5888
80.3673
80.1244
79.8601
79.5744
79.2672
78.9388
78.5889
78.2177
77.8251
77.4112
76.9759
76.5192
76.0412
75.5418
75.021
74.4788
73.9153
73.3304
72.7242
72.0967
71.4479
70.7779
70.0868
69.3746
68.6416
67.888
67.1138
66.3195
65.5053
64.6719
63.8196
62.9491
62.0613
61.1569
60.2379
59.3047
58.3603
57.4063
56.4451
55.4813
54.5185
53.5622
52.6193
51.6985
50.8109
49.9707
49.1961
48.5102
47.9411
47.5201
47.2725
47.2059
47.3041
47.5381
47.8776
48.2978
48.7793
49.3055
49.8643
50.4464
51.0429
51.6482
52.2572
52.8657
53.4701
54.0677
54.6557
55.2316
55.794
56.3407
56.8694
75.198
75.0151
74.8269
74.6346
74.4393
74.2422
74.0445
73.8473
73.6519
73.4594
73.2712
73.0886
72.9129
72.7456
72.5884
72.4428
72.3107
72.1939
72.0944
72.0144
71.9562
71.9223
71.9154
71.938
71.9931
72.0835
72.2119
72.381
72.5925
72.8477
73.1459
73.4848
73.8593
74.2625
74.6865
75.1234
75.566
76.0085
76.4461
76.8747
77.2914
77.6938
78.0799
78.4482
78.7977
79.1274
79.4367
79.7249
79.9918
80.2369
80.46
80.6611
80.8399
80.9964
81.1305
81.2423
81.3316
81.3986
81.4432
81.4655
81.4655
81.4432
81.3987
81.332
81.2431
81.1321
80.999
80.8438
80.6666
80.4673
80.2461
80.0028
79.7376
79.4505
79.1414
78.8103
78.4572
78.0822
77.6852
77.2662
76.8252
76.3623
75.8772
75.37
74.8408
74.2896
73.7162
73.1206
72.503
71.8633
71.2016
70.5179
69.8123
69.085
68.336
67.5656
66.7741
65.9619
65.1292
64.2768
63.4053
62.5156
61.6085
60.6854
59.748
58.7986
57.8387
56.8723
55.9021
54.9338
53.9722
53.0256
52.1026
51.216
50.3808
49.6164
48.9477
48.404
48.0161
47.8062
47.7745
47.8999
48.1521
48.5026
48.9282
49.4098
49.9336
50.487
51.0618
51.6497
52.2457
52.8442
53.4415
54.0349
54.6205
55.1963
55.76
56.3097
56.8435
57.3593
74.436
74.2301
74.0186
73.8026
73.5832
73.3617
73.1392
72.9168
72.6957
72.4772
72.2625
72.0531
71.8502
71.6554
71.4705
71.297
71.1368
70.992
70.8648
70.7575
70.6728
70.6133
70.5823
70.5828
70.6184
70.6927
70.8095
70.9725
71.1849
71.4494
71.7667
72.135
72.5487
72.9987
73.4743
73.9652
74.4627
74.9597
75.4509
75.9319
76.3995
76.8511
77.2849
77.6994
78.0936
78.4665
78.8176
79.1464
79.4526
79.7358
79.9961
80.2332
80.4471
80.6377
80.8051
80.9493
81.0704
81.1683
81.2431
81.2949
81.3237
81.3296
81.3126
81.2728
81.2103
81.125
81.0171
80.8865
80.7334
80.5576
80.3593
80.1385
79.8952
79.6293
79.3409
79.03
78.6965
78.3405
77.9619
77.5607
77.1369
76.6904
76.2213
75.7294
75.2147
74.6772
74.1169
73.5337
72.9277
72.2988
71.647
70.9724
70.275
69.5549
68.8122
68.0473
67.2601
66.4512
65.6209
64.7699
63.8987
63.0083
62.0997
61.1742
60.2335
59.2796
58.3151
57.3432
56.3678
55.394
54.428
53.4784
52.5541
51.6687
50.8392
50.0859
49.4357
48.9189
48.5651
48.3912
48.391
48.5392
48.8058
49.164
49.5917
50.0717
50.5899
51.1364
51.7021
52.2801
52.8649
53.4514
54.0367
54.6167
55.1896
55.752
56.3025
56.8384
57.358
57.86
73.677
73.4479
73.2127
72.9727
72.7289
72.4825
72.2346
71.9863
71.7388
71.4934
71.2513
71.0138
70.7825
70.5588
70.3445
70.1412
69.9509
69.7759
69.6183
69.4809
69.3664
69.2779
69.2189
69.1931
69.2047
69.2582
69.3583
69.5101
69.7186
69.9883
70.322
70.7192
71.1735
71.6731
72.2035
72.7515
73.3065
73.8606
74.4075
74.9428
75.4629
75.9655
76.4485
76.9105
77.3506
77.768
78.1621
78.5325
78.8791
79.2016
79.5
79.7741
80.0241
80.25
80.4517
80.6294
80.7831
80.913
81.019
81.1014
81.1601
81.1952
81.2069
81.1951
81.1601
81.1017
81.0201
80.9154
80.7875
80.6365
80.4624
80.2653
80.0451
79.8018
79.5355
79.2461
78.9337
78.5981
78.2394
77.8576
77.4525
77.0241
76.5724
76.0974
75.599
75.077
74.5315
73.9624
73.3697
72.7533
72.1132
71.4495
70.7621
70.0511
69.3166
68.5588
67.7778
66.974
66.1478
65.2998
64.4304
63.541
62.6319
61.7054
60.7627
59.8054
58.8374
57.8614
56.8818
55.9038
54.9342
53.9816
53.0568
52.174
51.3509
50.61
49.9795
49.4907
49.1708
49.0307
49.058
49.2249
49.5021
49.8641
50.2912
50.7666
51.2779
51.8149
52.3697
52.9357
53.5075
54.081
54.6524
55.2186
55.777
56.3251
56.8604
57.3816
57.8864
58.3726
72.9238
72.6713
72.4125
72.1483
71.8799
71.6083
71.3347
71.0601
70.7858
70.5128
70.2426
69.9764
69.7156
69.4619
69.2169
68.9824
68.7605
68.5534
68.3635
68.1936
68.0468
67.9264
67.8363
67.7808
67.7647
67.7933
67.8727
68.0092
68.2099
68.4816
68.8295
69.255
69.7507
70.3011
70.8876
71.4938
72.1075
72.7195
73.323
73.9134
74.487
75.0411
75.574
76.0844
76.5711
77.0337
77.4716
77.8845
78.2722
78.6347
78.972
79.2841
79.571
79.8329
80.0697
80.2818
80.4691
80.6318
80.77
80.8838
80.9733
81.0387
81.08
81.0974
81.0908
81.0605
81.0063
80.9285
80.8271
80.702
80.5533
80.3811
80.1854
79.966
79.7232
79.4568
79.1667
78.8531
78.5158
78.1548
77.77
77.3614
76.9288
76.4723
75.9918
75.4871
74.9582
74.4051
73.8275
73.2256
72.5992
71.9483
71.2728
70.5729
69.8486
69.0999
68.3271
67.5305
66.7104
65.8673
65.0021
64.1151
63.2077
62.2813
61.3382
60.3796
59.409
58.4303
57.4475
56.4658
55.4936
54.5395
53.6148
52.7354
51.9201
51.1933
50.584
50.1238
49.8369
49.7277
49.7783
49.9597
50.2432
50.6062
51.0294
51.4976
51.9996
52.5251
53.0673
53.6194
54.1768
54.7352
55.2916
55.8421
56.3846
56.9167
57.4362
57.9411
58.4295
58.8994
72.1788
71.9032
71.6208
71.3325
71.0395
70.7427
70.4433
70.1423
69.8409
69.5401
69.2414
68.9459
68.6552
68.3708
68.0944
67.8278
67.5732
67.3328
67.1091
66.9052
66.7243
66.5701
66.4468
66.3592
66.3128
66.314
66.3699
66.4888
66.6797
66.952
67.3139
67.7676
68.3042
68.9044
69.5454
70.2085
70.8795
71.5483
72.2077
72.8525
73.479
74.0845
74.6672
75.2257
75.7592
76.267
76.7489
77.2045
77.6338
78.0367
78.4134
78.7638
79.0882
79.3866
79.6593
79.9063
80.1279
80.3241
80.4952
80.6413
80.7625
80.859
80.9308
80.9781
81.0011
80.9997
80.974
80.9242
80.8503
80.7522
80.6302
80.4841
80.314
80.1199
79.9018
79.6596
79.3935
79.1032
78.7887
78.4501
78.0871
77.6999
77.2881
76.8519
76.3911
75.9055
75.3951
74.8597
74.2994
73.7139
73.1032
72.4672
71.8058
71.1192
70.4072
69.6699
68.9076
68.1203
67.3085
66.4725
65.6132
64.7312
63.8277
62.904
61.962
61.0039
60.0329
59.0525
58.0675
57.0848
56.1107
55.1557
54.2331
53.358
52.552
51.8404
51.2535
50.8227
50.5673
50.4852
50.5546
50.7458
51.0324
51.3927
51.8091
52.2673
52.7571
53.2692
53.7966
54.3329
54.8743
55.4164
55.9553
56.4891
57.0142
57.5288
58.0312
58.5186
58.9893
59.4413
71.4444
71.146
70.8402
70.5281
70.2107
69.889
69.5639
69.2366
68.9082
68.5797
68.2524
67.9277
67.6068
67.2915
66.9833
66.6843
66.3964
66.1221
65.8641
65.6253
65.4094
65.2203
65.0626
64.9418
64.864
64.8367
64.8685
64.9693
65.1505
65.4245
65.8014
66.2838
66.8599
67.5066
68.1983
68.9142
69.639
70.3616
71.0742
71.7712
72.4487
73.1041
73.7352
74.341
74.9204
75.4729
75.9983
76.4963
76.9669
77.4101
77.8261
78.2151
78.577
78.9123
79.221
79.5034
79.7596
79.9899
80.1945
80.3734
80.5269
80.6551
80.7582
80.8363
80.8895
80.918
80.9217
80.9008
80.8553
80.7854
80.691
80.5721
80.4289
80.2612
80.0691
79.8525
79.6115
79.3459
79.0558
78.741
78.4015
78.0371
77.6479
77.2336
76.7943
76.3296
75.8396
75.324
74.7828
74.2158
73.623
73.0041
72.3591
71.688
70.9907
70.2673
69.5178
68.7424
67.9414
67.1153
66.2642
65.3897
64.492
63.5734
62.6353
61.68
60.7102
59.7307
58.746
57.7627
56.7888
55.8351
54.9156
54.0467
53.2509
52.5558
51.9931
51.5912
51.365
51.3061
51.3892
51.5862
51.8717
52.2258
52.6327
53.0786
53.5537
54.0498
54.56
55.079
55.6022
56.1257
56.6463
57.1608
57.6675
58.1636
58.6467
59.1154
59.567
60.0003
70.7226
70.4018
70.0732
69.7378
69.3964
69.05
68.6997
68.3465
67.9913
67.6355
67.2799
66.9261
66.5755
66.2294
65.8897
65.5582
65.2372
64.9291
64.6366
64.363
64.112
63.8879
63.6959
63.5419
63.4329
63.3775
63.3859
63.4699
63.6435
63.9214
64.3155
64.8268
65.4402
66.1291
66.8663
67.6297
68.4031
69.1748
69.9365
70.6821
71.4075
72.11
72.7873
73.4382
74.0618
74.6576
75.2253
75.7646
76.2757
76.7586
77.2135
77.6405
78.0398
78.4118
78.7565
79.0743
79.3653
79.6298
79.8681
80.0802
80.2664
80.4269
80.5617
80.6712
80.7553
80.8142
80.848
80.8569
80.8407
80.7998
80.7339
80.6433
80.5279
80.3877
80.2228
80.033
79.8184
79.5789
79.3144
79.0249
78.7103
78.3705
78.0054
77.6148
77.1986
76.7567
76.2889
75.7951
75.2751
74.7288
74.156
73.5565
72.9303
72.2772
71.5971
70.89
70.156
69.3952
68.6077
67.7938
66.9547
66.0901
65.2015
64.2908
63.3588
62.4085
61.4435
60.4673
59.4847
58.5035
57.532
56.5809
55.6658
54.8048
54.0215
53.3448
52.8065
52.4331
52.2331
52.1925
52.285
52.4832
52.7637
53.1085
53.5024
53.9329
54.3908
54.8687
55.3597
55.8588
56.3622
56.8653
57.3654
57.8599
58.346
58.8217
59.2847
59.733
60.1645
60.5768
70.0153
69.6727
69.3218
68.9635
68.5988
68.2285
67.8535
67.4749
67.0937
66.711
66.3279
65.9456
65.5656
65.1894
64.8188
64.4555
64.102
63.7606
63.4343
63.1265
62.8411
62.5829
62.3574
62.1712
62.0324
61.9506
61.9376
62.0075
62.1765
62.4616
62.875
63.4153
64.0632
64.7896
65.5664
66.3713
67.1874
68.0026
68.8082
69.5978
70.367
71.1128
71.8331
72.5263
73.1917
73.8285
74.4365
75.0156
75.5658
76.0871
76.5797
77.0439
77.4799
77.8879
78.2681
78.6209
78.9465
79.2452
79.517
79.7624
79.9814
80.1743
80.3412
80.4823
80.5978
80.6877
80.7521
80.7913
80.8052
80.7939
80.7574
80.6959
80.6092
80.4975
80.3607
80.1988
80.0118
79.7995
79.562
79.2992
79.0109
78.6971
78.3576
77.9923
77.601
77.1836
76.74
76.2699
75.7732
75.2496
74.6991
74.1213
73.5162
72.8836
72.2233
71.5353
70.8196
70.0762
69.3053
68.5071
67.6821
66.831
65.9548
65.0547
64.1325
63.1908
62.2326
61.2626
60.2855
59.3086
58.3419
57.3963
56.4882
55.6371
54.8677
54.211
53.6979
53.3513
53.1737
53.1468
53.2437
53.4388
53.7109
54.0427
54.42
54.8325
55.2709
55.7279
56.1972
56.6747
57.1554
57.6366
58.1145
58.587
59.051
59.5046
59.9457
60.3724
60.782
61.1727
69.3237
68.9601
68.5877
68.2073
67.82
67.4264
67.0276
66.6245
66.218
65.8093
65.3993
64.9895
64.5811
64.1757
63.7751
63.3811
62.996
62.6225
62.2636
61.9227
61.6044
61.3136
61.0563
60.8399
60.6734
60.5677
60.5364
60.5955
60.7635
61.0594
61.4942
62.0628
62.7422
63.5015
64.3123
65.1524
66.0051
66.8578
67.7016
68.53
69.3382
70.1231
70.8824
71.6145
72.3184
72.9935
73.6394
74.2559
74.8431
75.4011
75.93
76.43
76.9013
77.3443
77.7593
78.1463
78.5058
78.838
79.1431
79.4214
79.673
79.8982
80.0972
80.27
80.417
80.5381
80.6335
80.7033
80.7477
80.7666
80.7601
80.7283
80.6712
80.5887
80.4809
80.3478
80.1894
80.0055
79.796
79.561
79.3004
79.0139
78.7014
78.363
77.9982
77.6071
77.1894
76.7449
76.2734
75.7747
75.2486
74.6948
74.1133
73.5037
72.866
72.1998
71.5053
70.7824
70.0311
69.2519
68.4445
67.6104
66.7499
65.864
64.9553
64.0257
63.0784
62.1178
61.1493
60.1805
59.221
58.2836
57.3852
56.546
55.793
55.1577
54.6698
54.3479
54.1884
54.1702
54.2669
54.4546
54.714
55.0293
55.3876
55.7788
56.195
56.6281
57.0739
57.5272
57.9839
58.4409
58.8949
59.343
59.7835
60.2138
60.6312
61.0345
61.4207
61.7881
68.6491
68.2652
67.8721
67.4706
67.0614
66.6456
66.2239
65.7971
65.3664
64.9327
64.497
64.0607
63.6252
63.1918
62.7624
62.3389
61.9237
61.5195
61.1296
60.7576
60.4081
60.0866
59.7998
59.5557
59.3643
59.238
59.1919
59.2441
59.4154
59.7253
60.1832
60.7793
61.487
62.2745
63.114
63.9835
64.8667
65.751
66.6273
67.489
68.3311
69.1504
69.9444
70.7114
71.4503
72.1603
72.8411
73.4924
74.1142
74.7067
75.2698
75.8038
76.309
76.7856
77.2338
77.654
78.0464
78.4113
78.7489
79.0594
79.3432
79.6002
79.8309
80.0352
80.2135
80.3658
80.4922
80.5928
80.6678
80.7172
80.7411
80.7394
80.7123
80.6597
80.5816
80.4781
80.349
80.1943
80.0139
79.8078
79.5759
79.3179
79.0339
78.7236
78.3869
78.0236
77.6334
77.2163
76.7719
76.3001
75.8006
75.2732
74.7175
74.1335
73.5209
72.8794
72.2091
71.5098
70.7814
70.0241
69.2387
68.4247
67.5835
66.7166
65.8249
64.9115
63.9793
63.0319
62.0761
61.119
60.1709
59.2445
58.3583
57.5342
56.7999
56.1873
55.7243
55.4241
55.2781
55.2635
55.355
55.5314
55.7742
56.0698
56.4056
56.773
57.1635
57.571
57.9908
58.4176
58.8479
59.2785
59.7065
60.1291
60.544
60.9489
61.3416
61.7195
62.0812
62.4241
67.992
67.5888
67.1759
66.7542
66.3243
65.8872
65.4436
64.9944
64.5406
64.083
63.6229
63.1615
62.6999
62.24
61.7834
61.332
60.8885
60.4554
60.0363
59.6352
59.2568
58.9071
58.5934
58.3245
58.1114
57.9679
57.9109
57.9605
58.1393
58.4667
58.9489
59.5711
60.304
61.1155
61.9786
62.8723
63.7803
64.6904
65.5936
66.4832
67.3542
68.2031
69.0272
69.825
70.5949
71.3364
72.0488
72.7318
73.3855
74.0098
74.6048
75.1707
75.7078
76.2162
76.6962
77.148
77.572
77.9684
78.3374
78.6793
78.9942
79.2824
79.5441
79.7795
79.9886
80.1717
80.3289
80.4602
80.5657
80.6456
80.6999
80.7286
80.7318
80.7094
80.6614
80.5879
80.4888
80.364
80.2135
80.0371
79.8348
79.6065
79.3519
79.071
78.7636
78.4295
78.0685
77.6804
77.2649
76.8218
76.3508
75.8518
75.3244
74.7683
74.1834
73.5694
72.9262
72.2535
71.5514
70.8199
70.0593
69.2699
68.4524
67.6079
66.738
65.8453
64.9321
64.003
63.0644
62.123
61.1904
60.2795
59.4094
58.6033
57.89
57.3008
56.8616
56.5797
56.4422
56.4261
56.5082
56.6688
56.8917
57.1634
57.474
57.8141
58.177
58.5561
58.9471
59.3452
59.7474
60.1498
60.5498
60.9451
61.3327
61.7106
62.0765
62.4283
62.7637
63.0803
67.3531
66.9315
66.4998
66.0588
65.6093
65.152
64.6876
64.2171
63.7414
63.2614
62.7782
62.293
61.8071
61.3222
60.8399
60.3625
59.8924
59.4326
58.9864
58.5584
58.1536
57.7784
57.4406
57.1501
56.9188
56.7619
56.6981
56.7495
56.94
57.2879
57.795
58.4418
59.1968
60.0284
60.9107
61.8236
62.7514
63.6822
64.6071
65.5195
66.4143
67.288
68.1379
68.9621
69.7592
70.5283
71.2688
71.9804
72.663
73.3164
73.9407
74.5362
75.1028
75.641
76.1509
76.6327
77.0866
77.513
77.9121
78.2841
78.6291
78.9475
79.2394
79.5049
79.7442
79.9575
80.1448
80.3064
80.4422
80.5523
80.6368
80.6958
80.7292
80.7371
80.7195
80.6763
80.6074
80.513
80.3928
80.2468
80.0748
79.8768
79.6527
79.4022
79.1252
78.8215
78.4909
78.1331
77.748
77.3353
76.8948
76.4261
75.929
75.4031
74.8484
74.2644
73.6511
73.008
72.3355
71.6333
70.9012
70.1403
69.3507
68.5335
67.69
66.8224
65.9338
65.0281
64.1112
63.191
62.2781
61.3875
60.5372
59.7521
59.0622
58.4976
58.0803
57.8125
57.6786
57.6562
57.7244
57.8652
58.0642
58.3095
58.5913
58.9016
59.2338
59.5823
59.9424
60.3101
60.6814
61.0539
61.4245
61.7901
62.1491
62.4985
62.8365
63.1603
63.4679
63.7572
66.7322
66.2933
65.8439
65.3848
64.9166
64.4403
63.9564
63.4659
62.9697
62.4685
61.9636
61.4561
60.9475
60.4393
59.9332
59.4316
58.9369
58.4523
57.9815
57.5289
57.1002
56.7023
56.3435
56.0345
55.7886
55.6223
55.556
55.6137
55.82
56.1909
56.723
57.3926
58.1668
59.0151
59.9128
60.8407
61.7836
62.7304
63.6723
64.6028
65.5168
66.4108
67.2821
68.1285
68.9488
69.7418
70.507
71.2438
71.9521
72.6317
73.2827
73.9051
74.499
75.0647
75.6023
76.1121
76.5943
77.049
77.4766
77.8772
78.2511
78.5984
78.9192
79.2139
79.4824
79.725
79.9418
80.1329
80.2983
80.4382
80.5525
80.6414
80.7048
80.7428
80.7554
80.7424
80.704
80.64
80.5504
80.4351
80.2939
80.1268
79.9337
79.7143
79.4685
79.1961
78.897
78.5708
78.2174
77.8365
77.4279
76.9912
76.5263
76.0327
75.5103
74.9588
74.378
73.7677
73.1275
72.4576
71.7583
71.0294
70.2719
69.4859
68.6737
67.8363
66.9774
66.1006
65.2115
64.318
63.4308
62.5646
61.7389
60.9788
60.3144
59.7747
59.3769
59.1188
58.9836
58.9503
59.0001
59.1176
59.2892
59.5048
59.7551
60.0329
60.3324
60.6478
60.9749
61.3098
61.6491
61.9897
62.3288
62.6639
62.9924
63.3117
63.62
63.9147
64.1935
64.4535
66.1294
65.6742
65.2081
64.7319
64.2463
63.7521
63.25
62.7407
62.2252
61.7044
61.1793
60.6511
60.1213
59.5915
59.0634
58.5394
58.0223
57.5151
57.0218
56.5472
56.0973
55.6794
55.3027
54.9787
54.7217
54.55
54.4856
54.5541
54.7799
55.1757
55.7326
56.4231
57.2139
58.0759
58.9855
59.9246
60.8789
61.8376
62.7922
63.7365
64.6656
65.5757
66.4642
67.329
68.1687
68.982
69.7683
70.527
71.2579
71.9607
72.6355
73.2822
73.9009
74.4918
75.055
75.5906
76.099
76.5803
77.0346
77.4623
77.8634
78.2381
78.5867
78.9092
79.2059
79.4768
79.722
79.9417
80.1359
80.3048
80.4482
80.5664
80.6593
80.727
80.7694
80.7865
80.7782
80.7446
80.6855
80.6009
80.4907
80.3547
80.1929
80.005
79.791
79.5506
79.2836
78.9899
78.6691
78.3212
77.9457
77.5425
77.1112
76.6517
76.1635
75.6466
75.1005
74.5253
73.9205
73.2863
72.6225
71.9295
71.2077
70.4582
69.6816
68.8798
68.0561
67.2135
66.3581
65.4969
64.6413
63.8055
63.0089
62.2779
61.6414
61.1263
60.745
60.4922
60.3509
60.3023
60.3301
60.4206
60.5622
60.7449
60.9615
61.2045
61.4689
61.7495
62.0417
62.3421
62.6477
62.9549
63.2611
63.5638
63.8608
64.1489
64.4263
64.6904
64.9388
65.1688
65.5442
65.0735
64.5918
64.0997
63.5979
63.087
62.5678
62.0411
61.5077
60.9686
60.4247
59.8775
59.3281
58.7784
58.2302
57.6859
57.1481
56.6205
56.107
55.6129
55.1443
54.7094
54.3178
53.982
53.7177
53.5447
53.4865
53.5701
53.8189
54.241
54.8221
55.5315
56.3365
57.2095
58.1282
59.0754
60.0376
61.0046
61.9684
62.9228
63.863
64.7855
65.6876
66.5671
67.4225
68.2527
69.0567
69.8342
70.5845
71.3077
72.0034
72.6717
73.3127
73.9263
74.5127
75.0721
75.6046
76.1105
76.5897
77.0426
77.4694
77.87
78.2448
78.5938
78.9173
79.2152
79.4877
79.735
79.957
80.1538
80.3256
80.4723
80.594
80.6907
80.7623
80.8088
80.8303
80.8267
80.7979
80.7438
80.6643
80.5594
80.4289
80.2727
80.0906
79.8825
79.6481
79.3873
79.0999
78.7856
78.4442
78.0754
77.679
77.2548
76.8025
76.3217
75.8124
75.2743
74.7073
74.1113
73.4861
72.8324
72.1503
71.4405
70.7041
69.943
69.1594
68.357
67.5414
66.7192
65.9009
65.1015
64.3397
63.6415
63.0347
62.5432
62.1753
61.9234
61.7717
61.704
61.7067
61.7673
61.8759
62.0242
62.2046
62.4114
62.639
62.8827
63.1389
63.4038
63.6738
63.9466
64.219
64.4881
64.7517
65.0077
65.253
65.4856
65.7024
65.9011
64.9758
64.4909
63.9946
63.4876
62.9706
62.4442
61.9092
61.3663
60.8164
60.2603
59.6992
59.1344
58.5671
57.9992
57.4326
56.8697
56.3135
55.7675
55.2361
54.7248
54.2402
53.7909
53.3874
53.0433
52.7754
52.605
52.5574
52.6603
52.935
53.3843
53.9883
54.7149
55.5321
56.4137
57.3391
58.2917
59.2591
60.2314
61.2011
62.1623
63.1104
64.042
64.9543
65.8451
66.713
67.5568
68.3755
69.1686
69.9356
70.6761
71.39
72.0773
72.738
73.3719
73.9793
74.5602
75.1147
75.6431
76.1453
76.6217
77.0722
77.4971
77.8966
78.2706
78.6194
78.943
79.2415
79.5151
79.7637
79.9875
80.1866
80.3608
80.5104
80.6352
80.7353
80.8106
80.8612
80.8869
80.8878
80.8638
80.8147
80.7405
80.6411
80.5164
80.3661
80.1902
79.9885
79.7608
79.5069
79.2267
78.9198
78.5861
78.2254
77.8374
77.4218
76.9786
76.5073
76.008
75.4807
74.9248
74.341
73.729
73.0896
72.4233
71.7309
71.0145
70.2763
69.5196
68.7492
67.972
67.1979
66.4406
65.719
65.0573
64.4818
64.0127
63.6547
63.3998
63.2341
63.1446
63.1193
63.1482
63.2222
63.3341
63.4775
63.6465
63.8363
64.0426
64.2616
64.4897
64.7238
64.9609
65.1983
65.4333
65.663
65.8855
66.0981
66.2978
66.4824
66.6489
64.4234
63.9252
63.4154
62.8946
62.3636
61.8229
61.2732
60.7154
60.1502
59.5786
59.0017
58.4207
57.837
57.2525
56.6692
56.0896
55.5168
54.9545
54.4074
53.8812
53.3831
52.9222
52.5098
52.1605
51.8926
51.7289
51.6963
51.8224
52.1253
52.602
53.2278
53.9698
54.7974
55.6858
56.6156
57.5715
58.5417
59.5169
60.4898
61.4551
62.4083
63.346
64.2654
65.1646
66.0421
66.8965
67.727
68.5329
69.3136
70.0689
70.7984
71.5022
72.1799
72.8318
73.4579
74.0581
74.6325
75.1813
75.7046
76.2025
76.6751
77.1225
77.5449
77.9423
78.3149
78.6627
78.9859
79.2844
79.5585
79.808
80.0332
80.2339
80.4102
80.5622
80.6898
80.7931
80.8719
80.9263
80.9562
80.9615
80.9422
80.8982
80.8294
80.7356
80.6169
80.4729
80.3036
80.1089
79.8885
79.6422
79.37
79.0716
78.7468
78.3954
78.0172
77.6121
77.1799
76.7205
76.2338
75.7198
75.1786
74.6105
74.0161
73.3957
72.7508
72.0825
71.3935
70.6865
69.9667
69.2399
68.5159
67.8069
67.1306
66.5091
65.9659
65.5174
65.1663
64.9053
64.7233
64.61
64.5557
64.5518
64.5905
64.6657
64.7712
64.9023
65.0538
65.2224
65.4037
65.5946
65.7923
65.9933
66.1952
66.3952
66.5907
66.7792
66.9581
67.1247
67.2763
67.4099
63.8859
63.3754
62.8531
62.3196
61.7756
61.2217
60.6585
60.0869
59.5077
58.9219
58.3305
57.7348
57.1362
56.5367
55.9384
55.3438
54.7563
54.1796
53.6188
53.08
52.5708
52.1008
51.6825
51.3314
51.0672
50.9142
50.9007
51.0535
51.3863
51.8901
52.5364
53.2923
54.1286
55.0222
55.9548
56.9122
57.8831
58.8591
59.8332
60.8002
61.756
62.6973
63.6214
64.5264
65.4108
66.2732
67.1128
67.9288
68.7208
69.4882
70.2309
70.9486
71.6412
72.3088
72.9512
73.5685
74.1608
74.728
75.2704
75.788
76.2808
76.7489
77.1926
77.6117
78.0066
78.3771
78.7234
79.0456
79.3436
79.6176
79.8676
80.0936
80.2956
80.4736
80.6277
80.7578
80.8639
80.946
81.004
81.0379
81.0476
81.0331
80.9941
80.9308
80.8429
80.7303
80.593
80.4307
80.2434
80.0309
79.7931
79.5297
79.2407
78.9259
78.5852
78.2184
77.8254
77.4063
76.961
76.4895
75.9921
75.469
74.9208
74.3481
73.7521
73.1344
72.4971
71.8435
71.1779
70.506
69.8363
69.1805
68.5536
67.9754
67.4651
67.0356
66.6893
66.4206
66.2217
66.0844
66.0013
65.9649
65.9689
66.0079
66.0764
66.1697
66.2838
66.4146
66.5585
66.7127
66.8735
67.0387
67.2049
67.37
67.5308
67.685
67.8301
67.963
68.0809
68.181
63.3624
62.8404
62.3065
61.7613
61.2053
60.6392
60.0637
59.4795
58.8875
58.2887
57.684
57.075
56.463
55.85
55.2382
54.6302
54.0296
53.4405
52.868
52.3187
51.8006
51.3244
50.9029
50.5532
50.2963
50.1581
50.1676
50.3501
50.714
51.2441
51.9096
52.6779
53.5216
54.419
55.3531
56.3104
57.2806
58.2557
59.2291
60.196
61.1524
62.0952
63.0218
63.9303
64.8192
65.6874
66.5337
67.3576
68.1584
68.9357
69.6892
70.4186
71.1239
71.8049
72.4616
73.0939
73.702
74.2857
74.8452
75.3806
75.8918
76.379
76.8421
77.2814
77.6969
78.0885
78.4565
78.8008
79.1214
79.4185
79.692
79.942
80.1684
80.3714
80.5508
80.7067
80.839
80.9478
81.0329
81.0944
81.1321
81.1461
81.1363
81.1025
81.0447
80.9628
80.8567
80.7263
80.5714
80.3921
80.1881
79.9593
79.7057
79.4271
79.1235
78.7948
78.4408
78.0618
77.6578
77.2287
76.7752
76.2973
75.7956
75.2713
74.7252
74.1591
73.5751
72.9762
72.3665
71.7516
71.139
70.5387
69.9639
69.4304
68.953
68.5421
68.2003
67.9246
67.71
67.5506
67.4403
67.3735
67.345
67.3494
67.3823
67.4394
67.5169
67.6111
67.7187
67.8366
67.9617
68.0912
68.2224
68.3523
68.4788
68.5989
68.7098
68.8089
68.8931
68.9593
62.8513
62.3188
61.7743
61.2183
60.6514
60.0741
59.4873
58.8917
58.288
57.6772
57.0606
56.4395
55.8153
55.1901
54.5663
53.9466
53.3347
52.7348
52.1525
51.5947
51.0702
50.59
50.1683
49.8231
49.5771
49.4576
49.4939
49.7086
50.104
50.6596
51.3427
52.1222
52.9722
53.8723
54.8068
55.7628
56.7312
57.704
58.6753
59.6405
60.5958
61.5382
62.4654
63.3756
64.2672
65.139
65.9901
66.8197
67.6272
68.4122
69.1744
69.9136
70.6294
71.3218
71.9908
72.6362
73.2581
73.8564
74.4312
74.9825
75.5103
76.0147
76.4958
76.9536
77.388
77.7993
78.1874
78.5523
78.8941
79.2129
79.5086
79.7812
80.0308
80.2574
80.4609
80.6414
80.7988
80.9331
81.0443
81.1323
81.1971
81.2387
81.2569
81.2518
81.2232
81.171
81.0953
80.9959
80.8727
80.7257
80.5548
80.3599
80.1409
79.8979
79.6307
79.3394
79.024
78.6845
78.3211
77.9341
77.524
77.0908
76.6354
76.159
75.6623
75.1475
74.6162
74.0719
73.5182
72.9602
72.4043
71.8597
71.3366
70.8471
70.4027
70.0112
69.6761
69.3965
69.1696
68.9916
68.8579
68.764
68.7057
68.6783
68.6783
68.7014
68.7446
68.804
68.8766
68.9595
69.05
69.1449
69.2416
69.3375
69.4299
69.5161
69.5932
69.6586
69.7091
69.7416
62.3513
61.8093
61.255
60.6891
60.1122
59.5248
58.9276
58.3215
57.7072
57.0857
56.4583
55.8262
55.1912
54.5552
53.9207
53.2907
52.6689
52.06
51.4697
50.9055
50.3766
49.8949
49.4757
49.1383
48.9068
48.8098
48.8764
49.125
49.5519
50.1317
50.8312
51.6207
52.476
53.378
54.3118
55.2659
56.2313
57.2008
58.1689
59.1311
60.0841
61.0248
61.9511
62.8613
63.7538
64.6275
65.4815
66.315
67.1274
67.9184
68.6874
69.4343
70.1587
70.8607
71.5401
72.1967
72.8306
73.4417
74.03
74.5955
75.1383
75.6583
76.1556
76.6302
77.0821
77.5114
77.9181
78.3022
78.6638
79.0028
79.3193
79.6133
79.8847
80.1336
80.36
80.5639
80.7451
80.9038
81.0399
81.1534
81.2441
81.3122
81.3574
81.3799
81.3795
81.3561
81.3098
81.2404
81.148
81.0324
80.8936
80.7316
80.5464
80.3379
80.1063
79.8515
79.5735
79.2727
78.9492
78.6033
78.2353
77.846
77.4359
77.0061
76.5578
76.093
75.6133
75.1218
74.6223
74.1189
73.618
73.1262
72.6523
72.2052
71.7932
71.423
71.0979
70.8188
70.5845
70.3926
70.24
70.1234
70.0393
69.9841
69.9543
69.9465
69.9578
69.9849
70.0247
70.0747
70.1318
70.1935
70.257
70.3197
70.3791
70.4321
70.4761
70.5082
70.5252
70.5239
61.861
61.3103
60.7471
60.1722
59.5861
58.9895
58.383
57.7673
57.1434
56.5122
55.875
55.2332
54.5884
53.9428
53.299
52.66
52.0299
51.4135
50.817
50.2482
49.7171
49.2364
48.8224
48.4959
48.2824
48.2117
48.3115
48.5954
49.0531
49.6558
50.3706
51.1691
52.0287
52.9318
53.8645
54.8158
55.7776
56.743
57.707
58.6653
59.6148
60.5527
61.4769
62.3857
63.2778
64.1519
65.0073
65.8431
66.6588
67.454
68.2281
68.9811
69.7125
70.4223
71.1103
71.7765
72.4207
73.0428
73.643
74.2211
74.7771
75.3111
75.823
76.313
76.7808
77.2266
77.6505
78.0523
78.4322
78.7901
79.126
79.44
79.7319
80.0019
80.2499
80.4758
80.6798
80.8616
81.0215
81.1591
81.2747
81.3681
81.4393
81.4882
81.5149
81.5192
81.5012
81.4608
81.398
81.3128
81.2051
81.075
80.9225
80.7476
80.5503
80.3309
80.0894
79.826
79.541
79.2349
78.9079
78.5609
78.1945
77.8099
77.4082
76.9912
76.5609
76.12
75.6717
75.2201
74.7702
74.3277
73.8996
73.4922
73.1123
72.7648
72.4533
72.1792
71.9424
71.7419
71.5755
71.4411
71.3357
71.2566
71.201
71.1659
71.1485
71.146
71.1557
71.1748
71.2009
71.2311
71.263
71.294
71.3212
71.3422
71.3538
71.3534
71.3374
71.3028
61.379
60.8202
60.249
59.666
59.0716
58.4666
57.8515
57.2273
56.5947
55.9548
55.3088
54.6583
54.0049
53.3509
52.699
52.0523
51.4152
50.7928
50.1917
49.6202
49.089
48.6116
48.2057
47.8932
47.7014
47.6604
47.7959
48.1157
48.6032
49.2275
49.9562
50.7629
51.6263
52.5299
53.4608
54.4089
55.3664
56.3273
57.2865
58.2402
59.1854
60.1195
61.0406
61.9471
62.8375
63.7108
64.5663
65.403
66.2207
67.0186
67.7964
68.5539
69.2908
70.0069
70.702
71.3761
72.029
72.6608
73.2712
73.8603
74.4281
74.9745
75.4996
76.0033
76.4856
76.9465
77.3861
77.8042
78.201
78.5764
78.9304
79.263
79.5741
79.8639
80.1322
80.379
80.6043
80.8082
80.9905
81.1512
81.2904
81.408
81.5039
81.5782
81.6308
81.6617
81.6709
81.6584
81.6241
81.5681
81.4904
81.391
81.2699
81.1273
80.9633
80.778
80.5716
80.3443
80.0964
79.8286
79.5411
79.2346
78.9102
78.5686
78.2114
77.8399
77.4562
77.0628
76.6626
76.2592
75.8566
75.4597
75.0735
74.7035
74.3545
74.0308
73.7354
73.4701
73.2354
73.031
72.8559
72.7084
72.5866
72.4882
72.4108
72.3521
72.3095
72.2806
72.2629
72.2539
72.2511
72.252
72.2542
72.2549
72.2517
72.2417
72.2221
72.1899
72.1418
72.0745
60.9036
60.3376
59.7592
59.1687
58.5669
57.9543
57.3316
56.6997
56.0593
55.4116
54.7578
54.0995
53.4386
52.7772
52.1183
51.4653
50.8225
50.1956
49.5915
49.019
48.4897
48.0181
47.6229
47.3277
47.1609
47.1529
47.3261
47.6816
48.1979
48.8423
49.584
50.398
51.2646
52.1682
53.097
54.0415
54.9945
55.9503
56.9043
57.8529
58.7931
59.7228
60.64
61.5432
62.431
63.3026
64.1571
64.9936
65.8119
66.6114
67.3916
68.1523
68.8933
69.6143
70.3152
70.9958
71.656
72.2959
72.9151
73.5139
74.092
74.6494
75.1862
75.7023
76.1977
76.6723
77.1261
77.5593
77.9716
78.3632
78.7339
79.0838
79.4129
79.7211
80.0084
80.2749
80.5204
80.7449
80.9486
81.1312
81.2928
81.4334
81.5529
81.6514
81.7287
81.785
81.8202
81.8344
81.8274
81.7994
81.7504
81.6805
81.5897
81.4782
81.3461
81.1934
81.0207
80.828
80.6158
80.3846
80.1348
79.8672
79.5825
79.2819
78.9666
78.6382
78.2983
77.9493
77.5938
77.2348
76.8757
76.5205
76.1733
75.8381
75.519
75.2193
74.9417
74.688
74.4591
74.2551
74.0757
73.9197
73.7858
73.6722
73.5772
73.4987
73.4345
73.3825
73.3404
73.3061
73.277
73.2509
73.2253
73.1978
73.1656
73.1262
73.0766
73.0138
72.9344
72.8351
60.4333
59.8609
59.2759
58.6789
58.0704
57.451
56.8215
56.1826
55.5353
54.8806
54.22
53.5549
52.8873
52.2196
51.5548
50.8965
50.2495
49.6194
49.0138
48.4422
47.9168
47.4532
47.0715
46.7967
46.6585
46.6864
46.8985
47.2894
47.8329
48.4961
49.2498
50.0705
50.9397
51.843
52.7694
53.7101
54.6583
55.6088
56.5572
57.5003
58.4352
59.3599
60.2726
61.1718
62.0564
62.9253
63.7779
64.6134
65.4314
66.2313
67.0128
67.7756
68.5195
69.2442
69.9495
70.6355
71.3017
71.9483
72.5752
73.1822
73.7693
74.3364
74.8836
75.4107
75.9178
76.4048
76.8717
77.3185
77.7451
78.1515
78.5377
78.9037
79.2494
79.5749
79.88
80.1648
80.4293
80.6734
80.8971
81.1004
81.2832
81.4456
81.5875
81.709
81.81
81.8905
81.9505
81.9901
82.0093
82.0081
81.9866
81.9448
81.883
81.8012
81.6996
81.5783
81.4378
81.2782
81.1
80.9036
80.6897
80.4589
80.212
79.9501
79.6744
79.3862
79.0873
78.7796
78.4654
78.1474
77.8284
77.5116
77.2002
76.8977
76.607
76.3312
76.0724
75.8323
75.6119
75.4117
75.2316
75.071
74.929
74.8043
74.6955
74.6008
74.5185
74.4467
74.3834
74.3265
74.2737
74.223
74.1719
74.118
74.0588
73.9914
73.9132
73.8211
73.7116
73.5811
59.9664
59.3883
58.7976
58.1947
57.5802
56.9548
56.3192
55.6743
55.0208
54.3601
53.6934
53.0224
52.3491
51.6761
51.0064
50.344
49.6937
49.0619
48.4564
47.8874
47.3679
46.9148
46.5493
46.2981
46.1917
46.258
46.5098
46.9349
47.5042
48.1851
48.9498
49.7765
50.6479
51.5507
52.4745
53.4112
54.3545
55.2995
56.2422
57.1795
58.1088
59.0281
59.9359
60.8306
61.7113
62.577
63.427
64.2607
65.0775
65.8769
66.6588
67.4227
68.1685
68.8958
69.6046
70.2946
70.9658
71.618
72.2512
72.8653
73.4602
74.0358
74.5921
75.1291
75.6467
76.1449
76.6235
77.0827
77.5224
77.9424
78.3429
78.7237
79.0849
79.4264
79.7481
80.0501
80.3323
80.5947
80.8373
81.0601
81.263
81.446
81.6092
81.7524
81.8758
81.9793
82.063
82.1268
82.1709
82.1953
82.2
82.1852
82.151
82.0975
82.025
81.9337
81.8238
81.6957
81.5498
81.3866
81.2066
81.0107
80.7995
80.574
80.3353
80.0849
79.824
79.5547
79.2788
78.9986
78.7165
78.435
78.1569
77.8848
77.6214
77.3689
77.1292
76.9039
76.694
76.5001
76.3224
76.1604
76.0138
75.8814
75.7622
75.6548
75.5577
75.4693
75.3876
75.3109
75.2371
75.1642
75.0898
75.0116
74.9271
74.8336
74.7284
74.6082
74.4697
74.3092
59.5014
58.9182
58.3224
57.7144
57.0948
56.4641
55.8232
55.1729
54.5141
53.848
53.1761
52.5
51.8219
51.1445
50.471
49.8055
49.1533
48.521
47.9171
47.3523
46.8408
46.4005
46.0542
45.8297
45.7582
45.865
46.1564
46.6146
47.2081
47.9054
48.6804
49.5125
50.3858
51.2878
52.2089
53.1415
54.0798
55.0193
55.9562
56.8875
57.811
58.7247
59.6272
60.5172
61.3936
62.2555
63.1024
63.9335
64.7484
65.5468
66.3282
67.0924
67.8391
68.5682
69.2794
69.9726
70.6477
71.3045
71.943
72.5631
73.1646
73.7476
74.312
74.8577
75.3846
75.8928
76.3821
76.8525
77.304
77.7366
78.1501
78.5446
78.9201
79.2764
79.6136
79.9316
80.2305
80.5101
80.7704
81.0115
81.2333
81.4358
81.619
81.7829
81.9275
82.0528
82.1589
82.2458
82.3136
82.3622
82.3919
82.4027
82.3948
82.3684
82.3236
82.2607
82.1799
82.0817
81.9665
81.8347
81.6869
81.5238
81.3461
81.1548
80.9509
80.7357
80.5103
80.2766
80.036
79.7907
79.5426
79.2937
79.0464
78.8029
78.5652
78.3353
78.1148
77.905
77.707
77.5213
77.3481
77.1875
77.039
76.9019
76.7754
76.6584
76.5494
76.4472
76.35
76.2562
76.1639
76.071
75.9755
75.8751
75.7673
75.6494
75.5186
75.3718
75.2055
75.0161
59.0363
58.449
57.8488
57.2364
56.6123
55.9771
55.3316
54.6767
54.0133
53.3426
52.6662
51.9859
51.3039
50.6229
49.9465
49.279
48.6261
47.9946
47.3937
46.835
46.3335
45.9085
45.5841
45.3896
45.3559
45.5044
45.835
46.3248
46.941
47.6536
48.438
49.2751
50.1499
51.051
51.9693
52.8979
53.8312
54.7651
55.6961
56.6215
57.5391
58.4471
59.3442
60.229
61.1007
61.9586
62.8018
63.63
64.4425
65.2391
66.0195
66.7832
67.5302
68.2602
68.973
69.6686
70.3466
71.0071
71.65
72.275
72.8823
73.4717
74.043
74.5964
75.1316
75.6486
76.1475
76.6281
77.0904
77.5344
77.96
78.367
78.7557
79.1258
79.4773
79.8102
80.1246
80.4202
80.6972
80.9555
81.195
81.4159
81.618
81.8014
81.9661
82.1121
82.2394
82.3482
82.4384
82.5101
82.5635
82.5987
82.6158
82.615
82.5964
82.5605
82.5074
82.4375
82.3513
82.2492
82.1317
81.9995
81.8534
81.6941
81.5227
81.3403
81.1479
80.9472
80.7394
80.5263
80.3095
80.0909
79.8723
79.6555
79.4422
79.234
79.0323
78.8383
78.6529
78.4767
78.3099
78.1526
78.0046
77.8653
77.7341
77.6099
77.4917
77.3783
77.2682
77.1597
77.0512
76.9408
76.8263
76.7056
76.5763
76.4357
76.281
76.109
75.9163
75.6989
58.5696
57.9787
57.375
56.7589
56.131
55.492
54.8427
54.1838
53.5165
52.8421
52.162
51.4783
50.7931
50.1095
49.4312
48.7628
48.1101
47.4807
46.8844
46.3335
45.8441
45.4368
45.1372
44.9758
44.9823
45.1735
45.5425
46.0621
46.6996
47.4263
48.2195
49.061
49.9372
50.8372
51.7527
52.6773
53.6057
54.5341
55.4593
56.3787
57.2903
58.1926
59.084
59.9636
60.8305
61.6839
62.5233
63.348
64.1578
64.9521
65.7309
66.4936
67.2402
67.9705
68.6842
69.3812
70.0616
70.7249
71.3713
72.0005
72.6126
73.2074
73.7848
74.3449
74.8874
75.4125
75.9199
76.4097
76.8818
77.3361
77.7726
78.1913
78.5921
78.9749
79.3397
79.6865
80.0152
80.3259
80.6184
80.8928
81.1491
81.3872
81.6071
81.8089
81.9925
82.158
82.3055
82.4349
82.5464
82.64
82.7159
82.7741
82.8149
82.8383
82.8448
82.8343
82.8074
82.7643
82.7055
82.6313
82.5424
82.4393
82.3227
82.1935
82.0524
81.9006
81.7389
81.5688
81.3913
81.208
81.0204
80.8297
80.6378
80.446
80.2557
80.0684
79.8851
79.7069
79.5346
79.3686
79.2094
79.057
78.9112
78.7717
78.6379
78.5089
78.3839
78.2615
78.1407
78.0198
77.8973
77.7714
77.6399
77.5009
77.3518
77.1902
77.013
76.8172
76.5992
76.3552
58.0993
57.5057
56.8991
56.28
55.6491
55.007
54.3545
53.6925
53.0221
52.3446
51.6616
50.9751
50.2877
49.6024
48.9231
48.2547
47.6035
46.9776
46.3873
45.846
45.3708
44.9837
44.712
44.5866
44.6354
44.8695
45.2754
45.8232
46.4806
47.2205
48.0217
48.8674
49.7447
50.6435
51.5562
52.4767
53.4004
54.3233
55.2428
56.1563
57.062
57.9584
58.8442
59.7186
60.5804
61.4293
62.2644
63.0856
63.8921
64.6839
65.4605
66.2218
66.9675
67.6975
68.4115
69.1095
69.7913
70.4569
71.106
71.7387
72.3548
72.9542
73.5369
74.1028
74.6519
75.184
75.6991
76.1971
76.678
77.1418
77.5883
78.0175
78.4295
78.824
79.2011
79.5608
79.9029
80.2276
80.5346
80.8241
81.096
81.3503
81.587
81.8061
82.0076
82.1915
82.3579
82.5069
82.6385
82.7528
82.8499
82.93
82.9931
83.0396
83.0696
83.0833
83.0811
83.0633
83.0303
82.9825
82.9204
82.8446
82.7558
82.6546
82.5419
82.4185
82.2853
82.1436
81.9943
81.8387
81.678
81.5134
81.3463
81.1779
81.0094
80.8419
80.6764
80.5138
80.3547
80.1996
80.0488
79.9024
79.7602
79.622
79.4873
79.3554
79.2254
79.0962
78.9666
78.8353
78.7007
78.5611
78.4146
78.2589
78.0918
77.9106
77.7125
77.4942
77.2522
76.9826
57.6235
57.0278
56.4192
55.7979
55.1647
54.5203
53.8654
53.2009
52.5281
51.8483
51.1631
50.4748
49.7859
49.0996
48.4203
47.753
47.1044
46.4833
45.9006
45.3707
44.912
44.5477
44.3067
44.2201
44.3128
44.5895
45.0308
45.605
46.281
47.0332
47.8418
48.6912
49.5694
50.467
51.377
52.2936
53.2124
54.1302
55.0439
55.9517
56.8515
57.7422
58.6224
59.4914
60.3481
61.1923
62.0232
62.8404
63.6436
64.4324
65.2066
65.966
66.7104
67.4397
68.1535
68.8519
69.5347
70.2018
70.853
71.4884
72.1079
72.7112
73.2984
73.8694
74.4241
74.9625
75.4844
75.9899
76.4788
76.9511
77.4068
77.8457
78.2679
78.6732
79.0617
79.4333
79.7879
80.1255
80.4462
80.7497
81.0363
81.3058
81.5582
81.7935
82.0118
82.2131
82.3975
82.5649
82.7155
82.8493
82.9665
83.0672
83.1515
83.2197
83.2719
83.3084
83.3296
83.3356
83.3269
83.3038
83.267
83.2168
83.1539
83.079
82.9927
82.8959
82.7893
82.674
82.5509
82.4209
82.2852
82.1449
82.001
81.8545
81.7065
81.5579
81.4095
81.2621
81.1161
80.9721
80.8303
80.6906
80.5532
80.4175
80.2833
80.1499
80.0165
79.8821
79.7455
79.6056
79.4607
79.3091
79.149
78.9783
78.7947
78.5955
78.3778
78.1383
77.8735
77.5792
57.14
56.5432
55.9332
55.3106
54.6759
54.0299
53.3733
52.7072
52.0327
51.3514
50.6648
49.9754
49.2858
48.5996
47.9211
47.2559
46.6112
45.9962
45.4227
44.906
44.4659
44.1273
43.9199
43.8747
44.0124
44.3307
44.8057
45.4047
46.0979
46.8616
47.6771
48.5299
49.4087
50.3051
51.2123
52.1251
53.0393
53.9519
54.8602
55.7623
56.6564
57.5413
58.416
59.2795
60.1313
60.9706
61.7971
62.6103
63.4099
64.1956
64.9672
65.7244
66.4671
67.1952
67.9084
68.6068
69.2901
69.9582
70.6111
71.2486
71.8707
72.4774
73.0684
73.6438
74.2035
74.7474
75.2755
75.7876
76.2837
76.7638
77.2277
77.6755
78.1071
78.5224
78.9214
79.304
79.6701
80.0199
80.3531
80.6699
80.9701
81.2538
81.521
81.7716
82.0057
82.2234
82.4246
82.6094
82.7779
82.9301
83.0663
83.1864
83.2907
83.3794
83.4527
83.5106
83.5537
83.5822
83.5963
83.5966
83.5834
83.5573
83.5187
83.4683
83.4067
83.3346
83.2528
83.1621
83.0632
82.9572
82.8448
82.7271
82.6048
82.4789
82.3502
82.2195
82.0875
81.9548
81.8218
81.6889
81.5562
81.4239
81.2918
81.1597
81.0271
80.8934
80.7579
80.6197
80.4776
80.3304
80.1766
80.0146
79.8426
79.6583
79.4595
79.2435
79.0075
78.7479
78.4613
78.1432
56.6466
56.0495
55.4391
54.8159
54.1806
53.5338
52.8764
52.2094
51.534
50.8519
50.1648
49.4751
48.7857
48.1004
47.4237
46.7617
46.122
45.5145
44.9518
44.4504
44.0313
43.721
43.5502
43.5485
43.7316
44.0904
44.5972
45.2194
45.9287
46.703
47.5248
48.3806
49.2601
50.1551
51.0596
51.9686
52.8784
53.7859
54.689
55.5854
56.474
57.3533
58.2225
59.0807
59.9274
60.7619
61.584
62.393
63.1889
63.9713
64.7401
65.4949
66.2357
66.9623
67.6746
68.3725
69.0558
69.7246
70.3786
71.0178
71.6421
72.2515
72.8458
73.425
73.989
74.5378
75.0713
75.5894
76.092
76.5791
77.0506
77.5065
77.9467
78.3712
78.7798
79.1726
79.5496
79.9105
80.2556
80.5846
80.8977
81.1947
81.4756
81.7406
81.9896
82.2226
82.4396
82.6408
82.8262
82.9958
83.1498
83.2883
83.4114
83.5194
83.6125
83.6907
83.7545
83.804
83.8397
83.8618
83.8709
83.8672
83.8514
83.824
83.7855
83.7365
83.6777
83.6098
83.5336
83.4498
83.3591
83.2624
83.1604
83.0538
82.9433
82.8296
82.7132
82.5947
82.4743
82.3524
82.2291
82.1044
81.9782
81.8502
81.72
81.587
81.4505
81.3096
81.1632
81.01
80.8487
80.6775
80.4947
80.2981
80.0854
79.8538
79.6005
79.322
79.0145
78.6737
56.1407
55.5443
54.9345
54.3117
53.6765
53.0299
52.3724
51.7054
51.03
50.3479
49.661
48.9719
48.2836
47.6001
46.9262
46.2685
45.6351
45.0365
44.4864
44.0023
43.6067
43.3275
43.196
43.2397
43.468
43.8658
44.4025
45.0463
45.7706
46.5547
47.3824
48.2409
49.1209
50.0146
50.9164
51.8218
52.7272
53.6299
54.5277
55.4188
56.3018
57.1757
58.0395
58.8925
59.7342
60.564
61.3815
62.1865
62.9786
63.7576
64.5233
65.2755
66.0142
66.7391
67.4502
68.1473
68.8304
69.4994
70.1541
70.7945
71.4206
72.0322
72.6293
73.2118
73.7796
74.3327
74.871
75.3944
75.9029
76.3963
76.8748
77.3381
77.7862
78.2191
78.6366
79.0389
79.4258
79.7972
80.1532
80.4937
80.8187
81.1282
81.4221
81.7005
81.9634
82.2109
82.4428
82.6594
82.8607
83.0466
83.2175
83.3733
83.5142
83.6404
83.752
83.8493
83.9325
84.0019
84.0578
84.1005
84.1304
84.1478
84.1533
84.1473
84.1303
84.1029
84.0657
84.0191
83.964
83.9009
83.8305
83.7534
83.6703
83.5818
83.4885
83.3908
83.2893
83.1844
83.0762
82.9651
82.8511
82.7342
82.6142
82.4908
82.3636
82.2321
82.0954
81.9527
81.8029
81.6449
81.477
81.2978
81.1053
80.8975
80.6719
80.4258
80.1562
79.8597
79.5322
79.1694
55.6196
55.025
54.4167
53.7952
53.1613
52.5156
51.8592
51.193
50.5185
49.8373
49.1515
48.4639
47.7776
47.0969
46.4269
45.7747
45.1488
44.5607
44.0248
43.5602
43.1906
42.9453
42.8558
42.9461
43.2191
43.654
44.2188
44.8827
45.6211
46.4143
47.2473
48.1084
48.9886
49.881
50.7802
51.682
52.5832
53.4812
54.3739
55.2598
56.1375
57.006
57.8646
58.7125
59.5492
60.3743
61.1874
61.9882
62.7764
63.5519
64.3146
65.0641
65.8005
66.5236
67.2332
67.9293
68.6119
69.2808
69.9359
70.5772
71.2046
71.818
72.4174
73.0027
73.5739
74.1308
74.6733
75.2015
75.7153
76.2146
76.6993
77.1693
77.6247
78.0653
78.4912
78.9022
79.2983
79.6795
80.0457
80.3968
80.733
81.0542
81.3602
81.6513
81.9273
82.1882
82.4342
82.6653
82.8815
83.0829
83.2695
83.4417
83.5992
83.7426
83.8718
83.987
84.0885
84.1766
84.2514
84.3133
84.3628
84.4
84.4254
84.4395
84.4427
84.4354
84.4182
84.3916
84.3562
84.3124
84.2609
84.2022
84.1368
84.0653
83.9881
83.9056
83.8183
83.7263
83.63
83.5293
83.4245
83.3154
83.2017
83.0833
82.9595
82.8299
82.6937
82.55
82.3976
82.2355
82.0621
81.8757
81.6745
81.4564
81.2189
80.9591
80.6742
80.3604
80.0136
79.6295
55.08
54.4885
53.8829
53.2639
52.6322
51.9886
51.3341
50.6698
49.9971
49.3178
48.6341
47.9489
47.2656
46.5887
45.9238
45.2782
44.6613
44.0852
43.5655
43.1225
42.7816
42.5732
42.528
42.6656
42.9822
43.4523
44.0433
44.7261
45.4775
46.2792
47.1171
47.9804
48.8608
49.7518
50.6484
51.5468
52.444
53.3373
54.2252
55.106
55.9785
56.8419
57.6953
58.5382
59.37
60.1905
60.9991
61.7958
62.5803
63.3523
64.1118
64.8586
65.5925
66.3135
67.0216
67.7166
68.3983
69.0669
69.7221
70.364
70.9925
71.6073
72.2087
72.7964
73.3704
73.9307
74.4771
75.0096
75.5281
76.0326
76.5231
76.9993
77.4614
77.9092
78.3427
78.7618
79.1664
79.5567
79.9324
80.2936
80.6402
80.9722
81.2897
81.5925
81.8808
82.1545
82.4137
82.6584
82.8886
83.1045
83.3061
83.4936
83.6668
83.8263
83.972
84.1041
84.2228
84.3283
84.4211
84.5012
84.5689
84.6247
84.6687
84.7016
84.7236
84.7352
84.7367
84.7287
84.7117
84.686
84.6522
84.6107
84.5619
84.5064
84.4443
84.3762
84.3022
84.2227
84.1376
84.0472
83.9513
83.85
83.7427
83.6294
83.5093
83.3821
83.2468
83.1026
82.9483
82.7827
82.6044
82.4118
82.2027
81.975
81.7263
81.4537
81.1542
80.8237
80.4584
80.0535
54.5185
53.9312
53.3296
52.7144
52.0863
51.4459
50.7944
50.1331
49.4633
48.787
48.1064
47.4247
46.7455
46.0734
45.4147
44.7771
44.1706
43.6082
43.1068
42.6878
42.3783
42.2094
42.2106
42.3957
42.7544
43.2577
43.8734
44.5738
45.3373
46.1468
46.9892
47.8545
48.735
49.6246
50.5187
51.4138
52.3069
53.1959
54.0789
54.9548
55.8224
56.6806
57.5291
58.3671
59.1942
60.0101
60.8145
61.6071
62.3877
63.1562
63.9126
64.6565
65.388
66.1069
66.8132
67.5069
68.1877
68.8557
69.5109
70.1531
70.7823
71.3984
72.0014
72.5912
73.1677
73.7309
74.2807
74.8171
75.34
75.8493
76.345
76.8269
77.2951
77.7496
78.1901
78.6167
79.0294
79.428
79.8126
80.1831
80.5395
80.8817
81.2099
81.5238
81.8236
82.1093
82.3809
82.6384
82.8819
83.1114
83.327
83.5288
83.717
83.8917
84.0529
84.2008
84.3357
84.4578
84.5672
84.6643
84.7492
84.8224
84.884
84.9345
84.9741
85.0033
85.0224
85.0319
85.032
85.0232
85.006
84.9805
84.9474
84.9068
84.8591
84.8045
84.7433
84.6755
84.6013
84.5207
84.4335
84.3397
84.2389
84.1306
84.0145
83.8899
83.7558
83.6116
83.4559
83.2875
83.1049
82.9065
82.6901
82.4536
82.1944
81.9096
81.5959
81.2497
80.8663
80.4409
53.9306
53.3492
52.7532
52.1432
51.5199
50.8841
50.237
49.5798
48.9141
48.242
47.5657
46.8886
46.2146
45.5488
44.8975
44.2693
43.6748
43.1279
42.6468
42.2543
41.979
41.8525
41.9015
42.1339
42.5329
43.0675
43.7062
44.423
45.1978
46.0145
46.8611
47.7282
48.6086
49.4968
50.3885
51.2802
52.1695
53.0541
53.9327
54.8037
55.6664
56.5198
57.3634
58.1967
59.0192
59.8306
60.6307
61.4194
62.1962
62.9614
63.7145
64.4556
65.1846
65.9013
66.6058
67.298
67.9779
68.6452
69.3001
69.9425
70.5722
71.1893
71.7936
72.3852
72.9639
73.5298
74.0827
74.6226
75.1494
75.663
76.1635
76.6508
77.1246
77.5852
78.0323
78.4659
78.886
79.2925
79.6854
80.0646
80.4301
80.782
81.1201
81.4445
81.7552
82.0521
82.3353
82.6049
82.8608
83.1032
83.332
83.5475
83.7496
83.9386
84.1143
84.2773
84.4274
84.565
84.6902
84.8032
84.9044
84.9938
85.0719
85.1389
85.195
85.2407
85.2763
85.302
85.3182
85.3254
85.3236
85.3133
85.2948
85.2683
85.2341
85.1923
85.1431
85.0866
85.0227
84.9515
84.8728
84.7863
84.6917
84.5887
84.4765
84.3547
84.2222
84.0782
83.9214
83.7506
83.5643
83.3605
83.1374
82.8925
82.6234
82.327
81.9997
81.6378
81.2368
80.7916
53.3115
52.7378
52.1491
51.5459
50.929
50.2995
49.6582
49.0066
48.3464
47.6797
47.009
46.3379
45.6704
45.012
44.3697
43.7523
43.1714
42.6421
42.1835
41.8202
41.5819
41.5003
41.5983
41.8771
42.3147
42.8786
43.5388
44.271
45.0561
45.8796
46.73
47.5987
48.4789
49.3657
50.2549
51.1434
52.0289
52.9094
53.7835
54.65
55.508
56.3567
57.1956
58.0242
58.8423
59.6494
60.4454
61.2301
62.0033
62.765
63.515
64.2533
64.9798
65.6944
66.3971
67.0878
67.7665
68.4331
69.0876
69.7299
70.36
70.9778
71.5833
72.1765
72.7572
73.3254
73.8811
74.4242
74.9546
75.4723
75.9772
76.4693
76.9485
77.4147
77.8679
78.3081
78.7351
79.149
79.5496
79.937
80.3112
80.6721
81.0196
81.3538
81.6747
81.9822
82.2764
82.5574
82.8251
83.0795
83.3209
83.5492
83.7643
83.9668
84.1564
84.3334
84.4979
84.6501
84.79
84.9181
85.0344
85.1393
85.2327
85.3152
85.3869
85.4481
85.4991
85.5401
85.5715
85.5934
85.6062
85.6102
85.6054
85.5922
85.5707
85.541
85.5033
85.4574
85.4034
85.3412
85.2706
85.1913
85.1029
85.0049
84.8968
84.7778
84.647
84.5034
84.3459
84.173
83.9832
83.7746
83.5452
83.2924
83.0137
82.7061
82.3656
81.9887
81.5702
81.1053
52.655
52.0912
51.5118
50.9175
50.309
49.6873
49.0536
48.4093
47.7562
47.0964
46.4329
45.7691
45.1097
44.4603
43.8283
43.2235
42.6582
42.1484
41.7147
41.3834
41.1851
41.1506
41.2983
41.6223
42.0963
42.6878
43.3681
44.1146
44.9095
45.7391
46.593
47.463
48.3431
49.2284
50.1152
51.0006
51.8825
52.759
53.6288
54.4907
55.3441
56.1883
57.0227
57.8469
58.6606
59.4635
60.2555
61.0364
61.8061
62.5645
63.3115
64.047
64.771
65.4835
66.1843
66.8735
67.551
68.2168
68.8709
69.5131
70.1434
70.7619
71.3684
71.963
72.5455
73.1158
73.6741
74.2201
74.7538
75.2753
75.7843
76.2809
76.765
77.2366
77.6955
78.1418
78.5753
78.9961
79.4041
79.7992
80.1815
80.5508
80.9072
81.2507
81.5812
81.8987
82.2033
82.495
82.7738
83.0397
83.2928
83.5331
83.7608
83.9759
84.1787
84.3688
84.5468
84.7128
84.8668
85.009
85.1397
85.2588
85.3669
85.4639
85.5503
85.626
85.6915
85.7469
85.7924
85.8284
85.8549
85.8722
85.8804
85.8798
85.8703
85.852
85.8251
85.7894
85.7448
85.6912
85.6284
85.556
85.4735
85.3806
85.2764
85.1603
85.0313
84.8884
84.7303
84.5555
84.3626
84.1494
83.9139
83.6537
83.3658
83.0471
82.6939
82.302
81.8665
81.3821
51.9539
51.4025
50.8349
50.2517
49.6539
49.0423
48.4182
47.7831
47.1389
46.488
45.8332
45.1786
44.5288
43.89
43.2703
42.6799
42.132
41.6441
41.238
40.9415
40.7861
40.8008
40.9981
41.3658
41.8743
42.4916
43.1908
43.9506
44.7546
45.5899
46.447
47.3182
48.198
49.0818
49.9662
50.8486
51.7269
52.5995
53.4652
54.3229
55.1719
56.0116
56.8417
57.6616
58.471
59.27
60.0581
60.8354
61.6016
62.3569
63.1009
63.8337
64.5554
65.2658
65.9648
66.6525
67.3289
67.9939
68.6474
69.2894
69.92
70.539
71.1465
71.7423
72.3264
72.8987
73.4593
74.0081
74.545
75.0699
75.5828
76.0837
76.5724
77.049
77.5133
77.9653
78.405
78.8323
79.2472
79.6496
80.0395
80.4169
80.7817
81.1339
81.4735
81.8006
82.115
82.4168
82.7061
82.9829
83.247
83.4989
83.7383
83.9655
84.1804
84.3832
84.5741
84.753
84.9202
85.0757
85.2198
85.3527
85.4744
85.5852
85.6852
85.7747
85.8539
85.9229
85.9818
86.0309
86.0703
86.1002
86.1207
86.1318
86.1337
86.1264
86.1097
86.0836
86.048
86.0027
85.9474
85.8816
85.8049
85.7168
85.6166
85.5034
85.3762
85.234
85.0755
84.899
84.7031
84.4856
84.2444
83.9769
83.68
83.3506
82.9849
82.5783
82.126
81.6219
51.199
50.6631
50.1103
49.5412
48.9566
48.3576
47.7456
47.1221
46.4891
45.849
45.2052
44.5616
43.9234
43.2973
42.6917
42.1177
41.5897
41.1261
40.7504
40.4917
40.3821
40.4475
40.6941
41.1036
41.6447
42.2863
43.0032
43.7754
44.5878
45.4285
46.2885
47.1607
48.0401
48.9224
49.8045
50.684
51.5588
52.4277
53.2894
54.1429
54.9877
55.8233
56.6491
57.4649
58.2704
59.0655
59.85
60.6238
61.3868
62.1389
62.8801
63.6104
64.3298
65.0382
65.7355
66.4218
67.0971
67.7613
68.4143
69.0562
69.687
70.3065
70.9148
71.5118
72.0975
72.6717
73.2346
73.786
74.3258
74.854
75.3706
75.8755
76.3686
76.8499
77.3193
77.7768
78.2224
78.6559
79.0774
79.4867
79.8839
80.2688
80.6416
81.0022
81.3504
81.6865
82.0102
82.3217
82.621
82.908
83.1828
83.4455
83.696
83.9346
84.1612
84.3759
84.5788
84.77
84.9497
85.1179
85.2748
85.4206
85.5552
85.679
85.792
85.8945
85.9865
86.0682
86.1398
86.2014
86.253
86.2948
86.3269
86.3492
86.3619
86.3648
86.3579
86.3411
86.314
86.2766
86.2284
86.1691
86.098
86.0146
85.9182
85.8078
85.6825
85.5411
85.3821
85.2042
85.0054
84.7838
84.537
84.2623
83.9569
83.6169
83.2388
82.8175
82.3483
81.8249
50.3789
49.8624
49.3279
48.7763
48.2083
47.6252
47.0282
46.419
45.7998
45.1733
44.5428
43.9127
43.2884
42.6771
42.0879
41.5328
41.027
40.5905
40.2482
40.0307
39.9695
40.0867
40.3817
40.8313
41.4031
42.0675
42.801
43.585
44.4052
45.2508
46.1134
46.9866
47.8655
48.7463
49.6262
50.5028
51.3743
52.2396
53.0974
53.9471
54.7879
55.6194
56.4413
57.2532
58.0549
58.8464
59.6274
60.3979
61.1578
61.9071
62.6457
63.3737
64.0909
64.7974
65.4931
66.1782
66.8525
67.5159
68.1686
68.8104
69.4413
70.0614
70.6706
71.2688
71.8559
72.432
72.997
73.551
74.0936
74.6251
75.1452
75.6539
76.1513
76.6371
77.1115
77.5742
78.0254
78.4649
78.8926
79.3085
79.7126
80.1049
80.4853
80.8538
81.2103
81.5549
81.8876
82.2083
82.517
82.8138
83.0987
83.3717
83.6329
83.8823
84.12
84.346
84.5604
84.7634
84.9548
85.135
85.3041
85.4619
85.6089
85.745
85.8704
85.9851
86.0893
86.1831
86.2667
86.34
86.4032
86.4564
86.4994
86.5324
86.5553
86.5681
86.5704
86.5624
86.5436
86.5137
86.4724
86.4192
86.3536
86.2748
86.182
86.0745
85.951
85.8103
85.6511
85.4717
85.2702
85.0446
84.7923
84.5107
84.1966
83.8463
83.4559
83.0202
82.5339
81.9911
49.4788
48.9864
48.4749
47.9451
47.3979
46.8344
46.2562
45.6649
45.0629
44.4529
43.8387
43.2249
42.6172
42.0235
41.4534
40.9198
40.4391
40.0327
39.7272
39.554
39.5438
39.7135
40.0558
40.5435
41.1444
41.8304
42.5794
43.3744
44.2019
45.0521
45.9172
46.7912
47.6697
48.5491
49.4267
50.3006
51.169
52.0308
52.8851
53.731
54.5681
55.3958
56.2139
57.0222
57.8204
58.6085
59.3863
60.1537
60.9108
61.6574
62.3937
63.1195
63.8348
64.5396
65.234
65.9179
66.5914
67.2543
67.9066
68.5485
69.1798
69.8005
70.4105
71.01
71.5987
72.1766
72.7438
73.3002
73.8457
74.3803
74.9039
75.4164
75.9179
76.4082
76.8873
77.3552
77.8117
78.2569
78.6906
79.113
79.5238
79.9231
80.3108
80.6869
81.0514
81.4042
81.7454
82.0749
82.3929
82.6989
82.9934
83.2764
83.5477
83.8074
84.0558
84.2925
84.5179
84.732
84.9347
85.1264
85.3069
85.4764
85.6351
85.7828
85.9198
86.0463
86.1621
86.2674
86.3623
86.4469
86.5211
86.585
86.6386
86.6817
86.7144
86.7364
86.7478
86.7481
86.7371
86.7145
86.6799
86.6326
86.5722
86.4978
86.4088
86.3039
86.1822
86.0424
85.8829
85.702
85.498
85.2683
85.0108
84.7224
84.3998
84.0392
83.6364
83.1863
82.6833
82.1205
