32.2645
32.5664
32.763
32.8752
32.9187
32.906
32.8465
32.7477
32.6156
32.4551
32.27
32.0634
31.838
31.5957
31.3383
31.0671
30.7832
30.4876
30.1808
29.8636
29.5362
29.199
28.8522
28.496
28.1304
27.7554
27.371
26.977
26.5733
26.1597
25.736
25.3017
24.8567
24.4003
23.9322
23.4519
22.9588
22.4521
21.9311
21.3951
20.843
20.2738
19.6865
19.0797
18.452
17.8021
17.1283
16.4292
15.7036
14.9508
14.1719
13.3718
12.5635
11.7776
11.0801
10.5909
10.4512
10.7041
11.2462
11.935
12.6739
13.4139
14.1328
14.8215
15.4764
16.0968
16.6831
17.236
17.7565
18.2452
18.7026
19.1289
19.5239
19.887
20.2171
20.5125
20.7709
20.9884
21.1604
32.3722
32.6673
32.8594
32.9689
33.0111
32.9979
32.9387
32.8408
32.7101
32.5512
32.368
32.1635
31.9403
31.7004
31.4455
31.1768
30.8955
30.6024
30.2982
29.9835
29.6586
29.3238
28.9794
28.6255
28.2621
27.8892
27.5067
27.1145
26.7124
26.3002
25.8777
25.4444
25.0001
24.5443
24.0765
23.5962
23.1027
22.5954
22.0735
21.5362
20.9824
20.4112
19.8214
19.2117
18.5807
17.927
17.2491
16.5455
15.8151
15.0576
14.2743
13.4709
12.6617
11.8803
11.1978
10.7395
10.6431
10.936
11.505
12.21
12.9599
13.7093
14.4376
15.1362
15.802
16.4342
17.0331
17.5993
18.1337
18.6369
19.1091
19.5505
19.9607
20.3391
20.6843
20.9947
21.2671
21.4979
21.6818
32.4398
32.7272
32.914
33.0199
33.06
33.0459
32.9865
32.889
32.7593
32.6018
32.4203
32.2178
31.9969
31.7593
31.5069
31.2408
30.9622
30.6719
30.3706
30.0587
29.7366
29.4047
29.063
28.7118
28.351
27.9806
27.6005
27.2105
26.8106
26.4004
25.9796
25.5479
25.105
24.6504
24.1835
23.7039
23.2108
22.7036
22.1816
21.6437
21.0892
20.5168
19.9254
19.3138
18.6806
18.0242
17.3432
16.6364
15.9025
15.1415
14.355
13.5495
12.7409
11.9657
11.3001
10.8746
10.8217
11.1529
11.7462
12.4649
13.2233
13.9794
14.7141
15.4195
16.0926
16.7329
17.3404
17.9159
18.4599
18.9731
19.4556
19.9075
20.3282
20.7169
21.0725
21.3923
21.6736
21.9123
22.1028
32.4686
32.7473
32.928
33.0299
33.0673
33.0516
32.9917
32.8944
32.7654
32.6092
32.4294
32.2289
32.0102
31.7752
31.5255
31.2624
30.9868
30.6996
30.4015
30.0929
29.7742
29.4455
29.1072
28.7592
28.4016
28.0343
27.6572
27.2702
26.873
26.4654
26.0471
25.6177
25.1769
24.7242
24.259
23.7809
23.2891
22.7829
22.2616
21.7242
21.1697
20.5971
20.0052
19.3927
18.7582
18.1002
17.4174
16.7082
15.9719
15.2085
14.42
13.6136
12.8068
12.0391
11.3924
11.0014
10.9921
11.3598
11.9752
12.7056
13.4707
14.2315
14.9704
15.6803
16.3583
17.0038
17.6172
18.1989
18.7495
19.2695
19.759
20.2178
20.6455
21.0411
21.4029
21.7286
22.0151
22.2579
22.451
32.4584
32.7278
32.9018
32.999
33.0333
33.0157
32.9549
32.8576
32.7293
32.5743
32.3962
32.1979
31.9817
31.7494
31.5028
31.2429
30.9708
30.6873
30.3929
30.0882
29.7734
29.4487
29.1144
28.7704
28.4167
28.0533
27.68
27.2967
26.9031
26.4989
26.0839
25.6577
25.2199
24.7699
24.3074
23.8316
23.342
22.8378
22.3181
21.7822
21.2289
20.6572
20.0658
19.4534
18.8187
18.1602
17.4764
16.7661
16.0284
15.2635
14.474
13.6677
12.8637
12.1051
11.479
11.1241
11.1584
11.5608
12.1965
12.937
13.7073
14.4713
15.213
15.9255
16.6065
17.2554
17.8723
18.458
19.0128
19.5372
20.0311
20.4943
20.9263
21.3259
21.6914
22.0202
22.3089
22.5529
22.7458
32.4082
32.6676
32.8344
32.9263
32.9571
32.9373
32.8754
32.778
32.6503
32.4965
32.3203
32.1243
31.9108
31.6817
31.4385
31.1824
30.9143
30.6351
30.3452
30.045
29.7349
29.4151
29.0856
28.7465
28.3976
28.039
27.6705
27.2918
26.9027
26.503
26.0922
25.6701
25.2363
24.7902
24.3313
23.859
23.3726
22.8715
22.3547
21.8213
21.2703
20.7006
20.1109
19.4998
18.8661
18.2081
17.5245
16.8141
16.0759
15.3105
14.5209
13.7156
12.9157
12.1674
11.5638
11.2467
11.3243
11.7597
12.4138
13.1631
13.9375
14.7036
15.4467
16.1606
16.8431
17.4937
18.1127
18.7006
19.2577
19.7845
20.2809
20.7466
21.1808
21.5823
21.9492
22.2789
22.5678
22.8108
23.0014
32.3158
32.5646
32.7235
32.8098
32.8367
32.8145
32.7513
32.6536
32.5264
32.3741
32.1998
32.0063
31.7959
31.5704
31.3312
31.0795
30.8161
30.5419
30.2573
29.9626
29.6582
29.3442
29.0205
28.6873
28.3444
27.9917
27.629
27.2561
26.8726
26.4784
26.0731
25.6563
25.2276
24.7865
24.3325
23.8649
23.383
22.8862
22.3735
21.844
21.2966
20.7302
20.1434
19.535
18.9034
18.2472
17.565
16.8555
16.118
15.3532
14.5643
13.761
12.9661
12.2297
11.6505
11.3725
11.493
11.9597
12.6306
13.3875
14.1651
14.9323
15.6758
16.3901
17.0729
17.724
18.3437
18.9324
19.4905
20.0182
20.5155
20.982
21.4168
21.8185
22.1852
22.5141
22.8013
23.0417
23.2283
32.1781
32.4157
32.5662
32.6464
32.669
32.6441
32.5794
32.4813
32.3547
32.2038
32.0316
31.841
31.6341
31.4126
31.178
30.9314
30.6735
30.4052
30.1269
29.8388
29.5411
29.2341
28.9176
28.5915
28.2558
27.9103
27.5547
27.1889
26.8124
26.4251
26.0266
25.6164
25.1942
24.7594
24.3116
23.8501
23.3742
22.8832
22.3761
21.852
21.3097
20.7481
20.1659
19.5615
18.9336
18.2805
17.601
16.8937
16.158
15.3947
14.6077
13.8074
13.0187
12.2957
11.7427
11.5051
11.6679
12.1643
12.8506
13.614
14.3937
15.1614
15.9046
16.6182
17.3004
17.951
18.5702
19.1586
19.7163
20.2437
20.7406
21.2066
21.6406
22.0411
22.4063
22.733
23.0172
23.2535
23.4347
31.9913
32.2171
32.3586
32.4322
32.45
32.422
32.3556
32.257
32.1309
31.9813
31.8115
31.624
31.4209
31.204
30.9746
30.7338
30.4825
30.2211
29.9501
29.6698
29.3803
29.0816
28.7736
28.4563
28.1293
27.7924
27.4456
27.0883
26.7204
26.3415
25.9512
25.5492
25.1351
24.7083
24.2684
23.8146
23.3464
22.8629
22.3632
21.8463
21.3109
20.756
20.18
19.5815
18.9589
18.3107
17.6354
16.9317
16.1992
15.4387
14.6547
13.8585
13.0772
12.3691
11.8444
11.6484
11.8527
12.377
13.0772
13.8462
14.6274
15.3947
16.1367
16.8489
17.5297
18.1788
18.7966
19.3836
19.94
20.466
20.9614
21.4256
21.8577
22.2559
22.6183
22.9415
23.2215
23.4526
23.6272
31.7512
31.9642
32.0961
32.1623
32.1749
32.1433
32.0748
31.9753
31.8495
31.7013
31.5338
31.3496
31.1508
30.9389
30.7154
30.4813
30.2374
29.9841
29.7219
29.4508
29.1709
28.8822
28.5844
28.2774
27.9609
27.6345
27.2981
26.9512
26.5936
26.2249
25.8447
25.4527
25.0485
24.6315
24.2013
23.7573
23.2987
22.8249
22.3347
21.8272
21.301
20.755
20.1875
19.597
18.9818
18.3404
17.6712
16.9729
16.2451
15.4889
14.7092
13.9184
13.1459
12.4544
11.9599
11.8065
12.0515
12.602
13.3148
14.0883
14.8702
15.6364
16.3766
17.0865
17.765
18.4118
19.0273
19.6119
20.166
20.6896
21.1824
21.6439
22.073
22.468
22.8263
23.1451
23.4198
23.6446
23.8116
31.4527
31.6521
31.7733
31.8315
31.838
31.8021
31.7309
31.6301
31.5042
31.3572
31.1919
31.0111
30.8166
30.6103
30.3933
30.1668
29.9313
29.6874
29.4354
29.1752
28.9067
28.6298
28.3441
28.0495
27.7454
27.4315
27.1075
26.773
26.4277
26.0712
25.7032
25.3232
24.931
24.526
24.1078
23.6758
23.2293
22.7676
22.2896
21.7942
21.28
20.7456
20.1894
19.6097
19.0046
18.3725
17.7117
17.0211
16.3
15.5498
14.7759
13.9921
13.23
12.5571
12.0948
11.9849
12.2693
12.8443
13.5682
14.3453
15.127
15.8914
16.6289
17.3358
18.011
18.6546
19.2668
19.8482
20.3989
20.9191
21.4084
21.8662
22.2913
22.6819
23.0355
23.3487
23.6171
23.8345
23.9928
31.0912
31.2757
31.3851
31.4339
31.4334
31.3922
31.3173
31.2144
31.0878
30.9412
30.7778
30.6002
30.4102
30.2096
29.9997
29.7816
29.5558
29.3228
29.0825
28.835
28.58
28.317
28.0457
27.7656
27.4762
27.1771
26.8678
26.5479
26.2172
25.8751
25.5214
25.1558
24.7778
24.3872
23.9835
23.5662
23.1347
22.6882
22.2256
21.7457
21.2471
20.728
20.1867
19.6212
19.0297
18.4101
17.7609
17.0806
16.3687
15.627
14.861
14.0859
13.336
12.6837
12.2557
12.1899
12.5126
13.1101
13.8437
14.6232
15.4038
16.1653
16.8991
17.6021
18.2732
18.9125
19.5204
20.0974
20.6438
21.1596
21.6443
22.0973
22.5174
22.9026
23.2503
23.5569
23.818
24.0271
24.1758
30.6625
30.8303
30.9263
30.9642
30.9549
30.907
30.8271
30.7206
30.592
30.4451
30.2827
30.1075
29.9217
29.727
29.5247
29.3158
29.1009
28.8803
28.6538
28.4213
28.1821
27.9356
27.6811
27.4181
27.1459
26.864
26.5718
26.269
25.955
25.6297
25.2928
24.9438
24.5826
24.209
23.8226
23.4231
23.0099
22.5823
22.1391
21.6791
21.2005
20.7015
20.1797
19.6332
19.0596
18.4569
17.8232
17.157
16.4578
15.7274
14.9721
14.2081
13.4726
12.8432
12.4515
12.4302
12.7895
13.4076
14.1491
14.9296
15.7078
16.4653
17.1943
17.8919
18.5576
19.1915
19.794
20.3655
20.9063
21.4165
21.8955
22.3426
22.7565
23.1352
23.476
23.7752
24.0277
24.2274
24.3653
30.1634
30.3124
30.3926
30.4174
30.3972
30.3402
30.2531
30.1411
30.0087
29.8594
29.6966
29.5228
29.3403
29.151
28.9564
28.7575
28.5549
28.3487
28.1384
27.9236
27.7031
27.4761
27.2416
26.9987
26.7466
26.4845
26.2121
25.9287
25.634
25.3278
25.0097
24.6798
24.3377
23.9836
23.6173
23.2387
22.8476
22.4432
22.0244
21.5898
21.1372
20.6643
20.1684
19.6469
19.0974
18.5172
17.9044
17.2573
16.5754
15.8605
15.1193
14.3695
13.6513
13.0475
12.6941
12.7173
13.1112
13.7475
14.4948
15.2745
16.0485
16.8002
17.5227
18.2135
18.8722
19.499
20.0945
20.6591
21.1929
21.6961
22.1681
22.608
23.0144
23.3854
23.718
24.0084
24.2513
24.4403
24.5662
29.5934
29.7207
29.7821
29.7906
29.7563
29.6871
29.5895
29.4688
29.3294
29.175
29.0091
28.8343
28.6534
28.4685
28.2812
28.093
27.9042
27.7148
27.524
27.3305
27.1328
26.9293
26.7186
26.4995
26.2708
26.0319
25.782
25.5206
25.2475
24.9624
24.6652
24.356
24.035
23.7023
23.3585
23.0038
22.6383
22.2619
21.8734
21.471
21.0521
20.6135
20.1519
19.6638
19.1462
18.5963
18.0118
17.3908
16.7325
16.0388
15.3169
14.5856
13.8882
13.313
13
13.0671
13.493
14.1442
14.8945
15.6706
16.4379
17.1814
17.895
18.5767
19.2262
19.8439
20.4304
20.9862
21.5113
22.0058
22.4691
22.9003
23.2977
23.6595
23.9824
24.2626
24.4945
24.6715
24.7839
28.9553
29.0573
29.096
29.0842
29.0314
28.9455
28.8329
28.6987
28.5476
28.3836
28.21
28.0304
27.8476
27.6645
27.4834
27.3059
27.1327
26.9634
26.7965
26.6297
26.4603
26.2859
26.1044
25.914
25.7132
25.5013
25.2773
25.0409
24.7917
24.5296
24.2547
23.9673
23.668
23.3576
23.0372
22.708
22.3711
22.0271
21.6754
21.3139
20.9386
20.5451
20.1287
19.6848
19.2099
18.7007
18.1544
17.5689
16.9433
16.2792
15.5839
14.8775
14.206
13.6634
13.3924
13.502
13.956
14.6176
15.3664
16.1349
16.8916
17.6233
18.3245
18.9939
19.6311
20.237
20.8118
21.3562
21.8703
22.3538
22.8064
23.2268
23.6136
23.9642
24.2758
24.5441
24.7634
24.9267
25.0241
28.2568
28.3291
28.3406
28.3034
28.2267
28.1183
27.9844
27.8303
27.6607
27.4798
27.2917
27.1003
26.9095
26.7231
26.5446
26.3767
26.2207
26.0759
25.9394
25.807
25.6743
25.5372
25.3925
25.2378
25.0713
24.8918
24.6985
24.4908
24.2685
24.0315
23.7802
23.515
23.237
22.9476
22.6491
22.3442
22.0361
21.7275
21.419
21.1081
20.7891
20.4547
20.0977
19.7123
19.2938
18.8386
18.3436
17.8066
17.2262
16.6037
15.9463
15.2743
14.6365
14.1315
13.9041
14.0531
14.5289
15.1937
15.9342
16.6886
17.4289
18.1431
18.827
19.4793
20.1002
20.6902
21.2499
21.7796
22.2796
22.7495
23.1886
23.5959
23.9695
24.3069
24.6051
24.8596
25.0643
25.2119
25.2923
27.5107
27.5491
27.5284
27.4601
27.3534
27.2155
27.0527
26.8702
26.673
26.4656
26.2525
26.0386
25.8291
25.6297
25.4461
25.2836
25.1453
25.0304
24.9337
24.8474
24.7636
24.6756
24.5789
24.47
24.3468
24.2078
24.0521
23.8791
23.6885
23.4803
23.2547
23.0124
22.7545
22.4833
22.2022
21.9163
21.6324
21.3576
21.0965
20.8468
20.5993
20.3414
20.0616
19.7517
19.4063
19.0214
18.5941
18.1221
17.6037
17.0398
16.4367
15.8145
15.2226
14.7627
14.5799
14.762
15.2488
15.9055
16.6266
17.3569
18.0715
18.7604
19.4198
20.0487
20.6475
21.2165
21.7564
22.2673
22.7493
23.2019
23.6245
24.0155
24.3733
24.6949
24.9773
25.2154
25.4033
25.5332
25.5943
26.7353
26.7358
26.6783
26.5737
26.4306
26.2561
26.0562
25.836
25.6005
25.3544
25.1028
24.8514
24.607
24.378
24.1743
24.0064
23.8826
23.8035
23.7601
23.7368
23.7193
23.6972
23.6637
23.6146
23.5472
23.4601
23.3523
23.2232
23.0724
22.8998
22.7054
22.4895
22.2531
21.9982
21.7291
21.4532
21.1826
20.9328
20.7174
20.538
20.3789
20.2171
20.0338
19.8179
19.5634
19.2666
18.9252
18.5372
18.1012
17.6178
17.0922
16.5423
16.0157
15.6127
15.4746
15.6783
16.1585
16.7884
17.4733
18.1648
18.8412
19.4937
20.1191
20.7164
21.2858
21.8275
22.3418
22.8288
23.2882
23.7195
24.1216
24.493
24.8317
25.1345
25.3981
25.6175
25.786
25.8956
25.9351
25.9525
25.9124
25.8147
25.6696
25.4851
25.268
25.0237
24.7572
24.473
24.1757
23.8707
23.5641
23.2641
22.9822
22.7339
22.5395
22.4191
22.3803
22.4074
22.4701
22.5421
22.6072
22.6563
22.6845
22.689
22.6685
22.6223
22.55
22.4514
22.326
22.1734
21.9935
21.7861
21.5523
21.2956
21.0241
20.755
20.5157
20.3372
20.2311
20.1734
20.1234
20.0516
19.944
19.7947
19.601
19.3616
19.0756
18.7425
18.363
17.9417
17.4935
17.0595
16.7309
16.6369
16.8443
17.292
17.8691
18.4954
19.1292
19.7517
20.3548
20.9351
21.4913
22.0231
22.5303
23.0128
23.4702
23.902
24.3074
24.6849
25.0329
25.349
25.6299
25.8718
26.0695
26.2159
26.3026
26.3179
25.1853
25.1038
24.9644
24.7767
24.5482
24.2848
23.9916
23.6729
23.3325
22.9747
22.6041
22.2268
21.8514
21.4916
21.1693
20.9184
20.7808
20.7813
20.8965
21.0705
21.2573
21.4327
21.5852
21.7094
21.803
21.8653
21.8962
21.896
21.8647
21.802
21.7073
21.5798
21.4182
21.222
20.9924
20.736
20.4716
20.2383
20.0877
20.0471
20.086
20.1451
20.1835
20.1847
20.1432
20.0575
19.9276
19.7537
19.5366
19.278
18.9827
18.6629
18.3502
18.1171
18.0683
18.2597
18.6465
19.144
19.6887
20.2463
20.7998
21.3409
21.8656
22.3718
22.8582
23.3241
23.7688
24.1912
24.5907
24.9658
25.3148
25.6358
25.9259
26.1818
26.3992
26.5723
26.6942
26.7555
26.7439
24.4546
24.3327
24.1525
23.9229
23.6505
23.3409
22.998
22.6257
22.227
21.8051
21.3638
20.9081
20.4463
19.9934
19.5766
19.2454
19.0703
19.1025
19.3131
19.6142
19.9334
20.2358
20.5071
20.7416
20.9379
21.0963
21.2177
21.3033
21.3538
21.3693
21.3497
21.294
21.2007
21.0679
20.8953
20.6866
20.4592
20.2561
20.1397
20.1471
20.2497
20.3843
20.5058
20.595
20.6459
20.6573
20.6294
20.5633
20.4607
20.3243
20.1593
19.9763
19.7982
19.6741
19.6751
19.8429
20.1553
20.5594
21.0106
21.4818
21.9575
22.429
22.8914
23.3416
23.7774
24.1972
24.5996
24.9832
25.3466
25.688
26.0055
26.2966
26.5582
26.7866
26.9769
27.1232
27.2182
27.2517
27.2112
23.7764
23.617
23.3989
23.1303
22.8172
22.4643
22.0752
21.6526
21.199
20.7166
20.208
19.6774
19.1325
18.589
18.0795
17.6682
17.4528
17.5096
17.8064
18.2278
18.6769
19.1065
19.4982
19.8461
20.1493
20.4091
20.6274
20.8062
20.947
21.051
21.1185
21.1492
21.1423
21.0964
21.011
20.8891
20.7447
20.6146
20.5531
20.5938
20.719
20.882
21.0448
21.1876
21.3025
21.3869
21.4402
21.4636
21.4586
21.4285
21.3782
21.3168
21.2605
21.2391
21.2925
21.4474
21.6985
22.0199
22.3848
22.7737
23.1737
23.5765
23.9765
24.3699
24.754
25.1263
25.4851
25.8283
26.1541
26.4603
26.7446
27.0042
27.2356
27.4349
27.5967
27.7148
27.7812
27.7854
27.7142
23.1597
22.967
22.7154
22.4124
22.0636
21.6731
21.2437
20.7778
20.2769
19.7428
19.1773
18.5839
17.9705
17.3542
16.7732
16.3044
16.0661
16.1485
16.514
17.0304
17.5859
18.1237
18.6215
19.072
19.4744
19.8304
20.1423
20.4127
20.6438
20.8374
20.9946
21.1162
21.2023
21.253
21.269
21.2537
21.2185
21.1884
21.1987
21.2727
21.4051
21.5713
21.7464
21.9142
22.0661
22.198
22.3084
22.3975
22.4665
22.518
22.5564
22.5885
22.6256
22.6845
22.7857
22.9442
23.1612
23.4267
23.7273
24.0507
24.3874
24.7305
25.0749
25.4166
25.7526
26.0803
26.3973
26.7015
26.9906
27.2623
27.5138
27.742
27.9431
28.113
28.2459
28.3352
28.3725
28.3467
28.2438
22.6069
22.3854
22.1053
21.7734
21.3948
20.9731
20.5108
20.0098
19.4712
18.8964
18.2868
17.6462
16.9829
16.3164
15.6905
15.1931
14.9547
15.0687
15.4878
16.0713
16.7027
17.3212
17.9015
18.4351
18.9206
19.3592
19.7536
20.1062
20.4195
20.6958
20.9367
21.1438
21.3182
21.4611
21.5745
21.6623
21.7329
21.8016
21.8877
22.005
22.1546
22.3269
22.5092
22.6909
22.8651
23.0276
23.1766
23.3116
23.4331
23.5432
23.6451
23.7436
23.846
23.9617
24.1012
24.2724
24.4776
24.7137
24.9745
25.2533
25.5439
25.8413
26.1412
26.4403
26.7357
27.0247
27.3051
27.5743
27.8302
28.07
28.2908
28.4895
28.6619
28.8036
28.9085
28.9697
28.9783
28.9226
28.788
22.1142
21.8687
21.5649
21.2094
20.8068
20.3604
19.8723
19.3442
18.7771
18.1719
17.5305
16.8567
16.1601
15.4629
14.8142
14.3109
14.0905
14.2412
14.7039
15.3338
16.0159
16.6899
17.3297
17.9255
18.4754
18.9801
19.4417
19.8629
20.246
20.5932
20.9068
21.1883
21.4398
21.663
21.8604
22.0359
22.1954
22.3479
22.5036
22.6705
22.8511
23.0427
23.24
23.4376
23.631
23.8173
23.995
24.1634
24.323
24.475
24.6217
24.7664
24.9136
25.0687
25.2371
25.4231
25.6286
25.8527
26.0926
26.3448
26.6056
26.8715
27.1394
27.4065
27.6704
27.9286
28.179
28.4192
28.6467
28.859
29.053
29.2253
29.3717
29.4876
29.5666
29.6014
29.5826
29.4983
29.3327
21.674
21.4086
21.0856
20.7113
20.2898
19.8242
19.3166
18.7682
18.1801
17.5532
16.8895
16.1935
15.476
14.7619
14.1055
13.6112
13.42
13.6103
14.1102
14.7735
15.4897
16.2011
16.8819
17.5224
18.1198
18.6747
19.1888
19.6643
20.1036
20.5087
20.882
21.2252
21.5405
21.83
22.0961
22.3422
22.5725
22.7924
23.0078
23.2233
23.4412
23.6614
23.8821
24.101
24.3159
24.5251
24.7278
24.9237
25.113
25.2968
25.4766
25.6547
25.8338
26.0171
26.2077
26.4079
26.6189
26.8405
27.0714
27.3097
27.5531
27.7992
28.0459
28.2909
28.5322
28.7676
28.9952
29.2127
29.4177
29.6075
29.7793
29.9293
30.0534
30.1467
30.2026
30.2135
30.1696
30.0584
29.8636
21.2761
20.9944
20.6561
20.2669
19.8309
19.3508
18.8286
18.2654
17.6621
17.02
16.3411
15.6305
14.9005
14.1785
13.5241
13.0481
12.8924
13.1235
13.6564
14.3454
15.0853
15.822
16.5311
17.2029
17.8348
18.4268
18.9804
19.4977
19.9806
20.4314
20.8521
21.2447
21.6112
21.9536
22.2744
22.5761
22.862
23.1355
23.4002
23.6591
23.914
24.1657
24.4138
24.6575
24.8961
25.1289
25.3556
25.5761
25.7909
26.0009
26.2071
26.4111
26.6147
26.8198
27.0283
27.2415
27.4602
27.6843
27.9131
28.1455
28.38
28.615
28.8488
29.0797
29.3059
29.5256
29.7369
29.9378
30.1258
30.2984
30.4526
30.5847
30.6905
30.7647
30.8008
30.7908
30.7245
30.5887
30.3667
20.9093
20.6145
20.2641
19.8635
19.4165
18.9258
18.3929
17.819
17.2052
16.5524
15.8633
15.1435
14.4065
13.6827
13.0364
12.5845
12.4681
12.7398
13.3027
14.0124
14.7696
15.5238
16.2525
16.9464
17.6029
18.2219
18.8048
19.3534
19.8697
20.3557
20.8133
21.2444
21.6511
22.0351
22.3986
22.7438
23.073
23.3888
23.6936
23.9894
24.2777
24.5594
24.8349
25.104
25.3667
25.6229
25.8726
26.1161
26.3539
26.5867
26.8153
27.041
27.2648
27.4882
27.7122
27.9376
28.1649
28.3942
28.625
28.8565
29.0877
29.3175
29.5444
29.7672
29.9842
30.1938
30.3943
30.5836
30.7596
30.9196
31.0605
31.1788
31.27
31.3287
31.3484
31.3205
31.2346
31.077
30.83
20.5619
20.2569
19.8974
19.4884
19.0335
18.5352
17.9949
17.4138
16.7927
16.133
15.4372
14.7119
13.9719
13.2502
12.6162
12.1924
12.1176
12.4291
13.0195
13.7465
14.5166
15.2833
16.0255
16.7349
17.4088
18.0474
18.6518
19.2238
19.7651
20.2778
20.7636
21.2245
21.6621
22.0784
22.475
22.8539
23.2169
23.566
23.903
24.2293
24.5462
24.8547
25.1551
25.4479
25.7333
26.0116
26.2828
26.5475
26.8061
27.0592
27.3076
27.5522
27.7937
28.033
28.271
28.5081
28.7446
28.9806
29.2157
29.4494
29.681
29.9095
30.1337
30.3526
30.5647
30.7685
30.9624
31.1444
31.3123
31.4636
31.595
31.703
31.7831
31.8296
31.8358
31.793
31.6902
31.5134
31.2441
20.2222
19.9097
19.5438
19.1292
18.6693
18.1662
17.6214
17.0359
16.4105
15.7466
15.0472
14.3192
13.579
12.8623
12.2439
11.8514
11.8193
12.1696
12.785
13.5266
14.3067
15.0821
15.8336
16.5537
17.2399
17.8924
18.5124
19.1014
19.6614
20.1941
20.7013
21.1847
21.6461
22.0871
22.5092
22.9142
23.3035
23.6787
24.0412
24.3923
24.7331
25.0642
25.3865
25.7003
26.006
26.3039
26.5946
26.8782
27.1554
27.4266
27.6925
27.9538
28.2109
28.4646
28.7154
28.9637
29.2096
29.4531
29.694
29.9319
30.1661
30.3959
30.6204
30.8384
31.0486
31.2498
31.4403
31.6181
31.7811
31.9267
32.0517
32.1524
32.2242
32.2614
32.2569
32.2017
32.0846
31.891
31.6016
19.8775
19.5604
19.1909
18.7736
18.3115
17.8066
17.2601
16.673
16.046
15.3805
14.6798
13.9516
13.2136
12.5046
11.9045
11.5457
11.5571
11.9447
12.5829
13.3368
14.1244
14.9058
15.6635
16.3906
17.0851
17.7472
18.3781
18.9794
19.5529
20.1004
20.6236
21.124
21.6034
22.0631
22.5048
22.9298
23.3394
23.735
24.1178
24.4888
24.8489
25.199
25.5396
25.8713
26.1945
26.5097
26.8172
27.1174
27.4109
27.698
27.9792
28.2552
28.5262
28.7928
29.0554
29.3142
29.5693
29.8207
30.0681
30.3113
30.5497
30.7825
31.009
31.2281
31.4388
31.6396
31.8289
32.0049
32.1654
32.3077
32.4287
32.5245
32.5904
32.6205
32.6077
32.5425
32.4134
32.2051
31.8978
19.5138
19.1953
18.8256
18.4088
17.9477
17.444
16.8988
16.313
15.6872
15.0228
14.3235
13.5974
12.8638
12.1648
11.5857
11.2629
11.3182
11.7413
12.4002
13.1644
13.9573
14.7424
15.5036
16.2348
16.9344
17.6027
18.2409
18.8507
19.4338
19.9918
20.5266
21.0396
21.5323
22.0063
22.4627
22.903
23.3283
23.7398
24.1384
24.5252
24.901
25.2665
25.6223
25.969
26.307
26.6368
26.9587
27.2732
27.5806
27.8814
28.176
28.4647
28.748
29.0261
29.2994
29.568
29.8319
30.091
30.3453
30.5943
30.8376
31.0745
31.3043
31.526
31.7385
31.9404
32.1303
32.3063
32.466
32.6069
32.7257
32.8185
32.8804
32.9055
32.8863
32.8132
32.6741
32.4531
32.1299
19.1143
18.7984
18.4324
18.02
17.5636
17.0649
16.5247
15.9436
15.3223
14.6621
13.9669
13.2457
12.5191
11.8326
11.2771
10.9922
11.0915
11.5483
12.2257
12.9982
13.7945
14.5811
15.3436
16.0765
16.7785
17.45
18.0925
18.7076
19.2969
19.8622
20.4051
20.9271
21.4296
21.914
22.3815
22.8333
23.2706
23.6942
24.1053
24.5046
24.8929
25.2709
25.6392
25.9982
26.3485
26.6905
27.0246
27.3511
27.6705
27.983
28.289
28.5888
28.8828
29.1711
29.4539
29.7314
30.0035
30.2702
30.5312
30.7862
31.0348
31.2764
31.5102
31.7353
31.9507
32.155
32.3466
32.5237
32.6841
32.825
32.9431
33.0344
33.094
33.1157
33.0918
33.0124
32.8651
32.6335
32.2964
18.6568
18.3488
17.9917
17.5887
17.142
16.653
16.1224
15.5504
14.9378
14.2858
13.5984
12.8852
12.1686
11.4976
10.9686
10.7238
10.8668
11.3554
12.0489
12.8276
13.6253
14.4114
15.1729
15.9051
16.607
17.2794
17.9235
18.5412
19.1341
19.7038
20.252
20.78
21.2893
21.7812
22.2568
22.7172
23.1635
23.5965
24.0172
24.4263
24.8246
25.2126
25.591
25.9602
26.3207
26.6729
27.0172
27.3539
27.6833
28.0058
28.3216
28.6311
28.9343
29.2316
29.523
29.8085
30.0882
30.3619
30.6295
30.8905
31.1446
31.3911
31.6294
31.8586
32.0775
32.2849
32.4791
32.6584
32.8204
32.9624
33.081
33.1722
33.2308
33.2505
33.2234
33.1394
32.9856
32.7451
32.3958
18.111
17.8179
17.4766
17.0899
16.6596
16.1868
15.672
15.1152
14.5169
13.8784
13.2037
12.5031
11.8006
11.1487
10.6496
10.447
10.6333
11.1514
11.8586
12.6412
13.438
14.2214
14.9796
15.7088
16.4083
17.0791
17.7226
18.3405
18.9345
19.5063
20.0573
20.589
21.1028
21.5998
22.0811
22.5477
23.0007
23.4409
23.869
24.2858
24.6921
25.0882
25.4748
25.8524
26.2214
26.5822
26.935
27.2804
27.6185
27.9496
28.2739
28.5917
28.9032
29.2084
29.5075
29.8004
30.0871
30.3675
30.6413
30.9083
31.1678
31.4195
31.6626
31.8962
32.1191
32.3302
32.5278
32.7101
32.8746
33.0187
33.1389
33.231
33.2898
33.3089
33.2801
33.193
33.0343
32.7867
32.4272
17.432
17.1641
16.8484
16.4876
16.0831
15.6356
15.1453
14.6122
14.0364
13.4192
12.7644
12.0828
11.4001
10.7725
10.3075
10.1495
10.3784
10.9233
11.6414
12.425
13.2183
13.9962
14.7487
15.4724
16.1672
16.8341
17.4747
18.0907
18.6838
19.2555
19.8075
20.341
20.8573
21.3575
21.8427
22.3138
22.7718
23.2174
23.6513
24.0743
24.487
24.8898
25.2834
25.668
26.0442
26.4124
26.7727
27.1256
27.4713
27.81
28.1419
28.4672
28.7861
29.0986
29.4047
29.7045
29.9979
30.2846
30.5646
30.8374
31.1026
31.3596
31.6078
31.8461
32.0736
32.289
32.4906
32.6765
32.8444
32.9914
33.1142
33.2084
33.2686
33.2884
33.2594
33.1708
33.0091
32.7562
32.3885
