32.111
32.3884
32.5665
32.6662
32.7032
32.6895
32.6344
32.5451
32.427
32.2847
32.1215
31.9403
31.7431
31.5317
31.3073
31.0709
30.8233
30.5651
30.2965
30.0179
29.7293
29.4307
29.1221
28.8034
28.4745
28.1352
27.7852
27.4243
27.0524
26.6691
26.2741
25.8672
25.4479
25.016
24.5708
24.1121
23.6393
23.1518
22.6491
22.1304
21.5949
21.0419
20.4706
19.88
19.2693
18.6375
17.9838
17.3078
16.6092
15.8889
15.1495
14.3973
13.6454
12.9213
12.2825
11.8362
11.7053
11.9208
12.3912
12.9965
13.6557
14.3253
14.9842
15.622
16.234
16.8179
17.373
17.8993
18.3968
18.8656
19.3059
19.7175
20.0999
20.4524
20.7736
21.062
21.315
21.5289
21.699
32.1805
32.4516
32.626
32.724
32.7609
32.7482
32.695
32.6083
32.4935
32.355
32.196
32.0193
31.827
31.6208
31.4017
31.171
30.9291
30.6766
30.4139
30.141
29.858
29.565
29.2619
28.9484
28.6244
28.2897
27.9441
27.5873
27.219
26.839
26.4469
26.0425
25.6254
25.1952
24.7514
24.2936
23.8212
23.3337
22.8305
22.3107
21.7737
21.2187
20.6447
20.0509
19.4364
18.8003
18.1419
17.4607
16.7568
16.0311
15.2868
14.5307
13.7774
13.0566
12.4304
12.011
11.9175
12.1675
12.6614
13.2819
13.9521
14.6315
15.3001
15.9483
16.5715
17.1675
17.7355
18.2753
18.7869
19.2705
19.7259
20.1529
20.551
20.9192
21.256
21.5599
21.8275
22.0553
22.238
32.2086
32.4725
32.6424
32.7379
32.7738
32.7616
32.7098
32.6253
32.5135
32.3785
32.2237
32.0516
31.8643
31.6634
31.4501
31.2253
30.9895
30.7433
30.4869
30.2204
29.9438
29.6571
29.36
29.0523
28.7339
28.4046
28.0639
27.7118
27.3478
26.9718
26.5833
26.1821
25.7678
25.34
24.8982
24.4421
23.9709
23.4842
22.9813
22.4613
21.9236
21.3673
20.7915
20.1954
19.578
18.9384
18.2761
17.5906
16.8821
16.152
15.4036
14.6446
13.8907
13.1742
12.5619
12.1707
12.1145
12.3969
12.912
13.545
14.2236
14.91
15.5854
16.2407
16.8716
17.4759
18.0528
18.6021
19.1237
19.6176
20.0836
20.5214
20.9303
21.3092
21.6569
21.9706
22.2478
22.484
22.6739
32.1974
32.4532
32.6178
32.7101
32.7446
32.7322
32.6814
32.5988
32.4898
32.3583
32.2076
32.0402
31.8582
31.663
31.4558
31.2374
31.0084
30.7692
30.5199
30.2606
29.9911
29.7114
29.4212
29.1203
28.8084
28.4852
28.1503
27.8037
27.4448
27.0735
26.6894
26.2922
25.8815
25.457
25.0182
24.5645
24.0955
23.6104
23.1087
22.5895
22.052
21.4954
20.9188
20.3211
19.7016
19.0595
18.394
17.705
16.9927
16.2587
15.5068
14.7455
13.9917
13.2804
12.6834
12.3215
12.3021
12.6151
13.149
13.7926
14.4777
15.169
15.8489
16.509
17.1449
17.7548
18.3377
18.8935
19.4219
19.9229
20.3962
20.8413
21.2575
21.6437
21.998
22.3181
22.6009
22.8418
23.0348
32.1479
32.3949
32.5535
32.642
32.6744
32.6614
32.6112
32.5303
32.4239
32.2958
32.1493
31.9869
31.8104
31.6213
31.4208
31.2096
30.9881
30.7567
30.5154
30.2642
30.0029
29.7312
29.449
29.1558
28.8514
28.5353
28.2073
27.8671
27.5143
27.1486
26.7698
26.3776
25.9715
25.5512
25.1162
24.6661
24.2002
23.718
23.2185
22.7012
22.165
21.6092
21.0326
20.4345
19.8138
19.1699
18.502
17.8101
17.0945
16.3572
15.6024
14.8391
14.0859
13.3805
12.7999
12.4683
12.4852
12.8269
13.3777
14.0301
14.7201
15.4147
16.0975
16.7604
17.3995
18.0129
18.5997
19.1596
19.6925
20.1981
20.6761
21.1259
21.5467
21.9373
22.2956
22.6192
22.9047
23.1472
23.3406
32.0605
32.2979
32.4497
32.5338
32.5637
32.5496
32.4997
32.4202
32.3162
32.1916
32.0494
31.8921
31.7216
31.5392
31.346
31.1427
30.9296
30.707
30.4748
30.2329
29.9809
29.7186
29.4455
29.1612
28.8654
28.5577
28.2376
27.9049
27.5592
27.2003
26.8279
26.4416
26.0412
25.6263
25.1963
24.7509
24.2894
23.8112
23.3154
22.8011
22.2676
21.7137
21.1384
20.5408
19.92
19.2751
18.6056
17.9114
17.193
16.4528
15.6953
14.9304
14.1782
13.4793
12.9162
12.6155
12.6678
13.0363
13.6022
14.262
14.9556
15.6522
16.3365
17.0009
17.6416
18.2569
18.8459
19.4082
19.9436
20.4519
20.9326
21.3851
21.8084
22.2012
22.5614
22.8863
23.1722
23.4142
23.6056
31.9345
32.1617
32.3062
32.3853
32.4119
32.3963
32.3463
32.268
32.1663
32.0451
31.9073
31.7555
31.5913
31.4162
31.2311
31.0366
30.833
30.6204
30.3985
30.1672
29.926
29.6743
29.4118
29.1379
28.852
28.5539
28.243
27.919
27.5817
27.2307
26.8658
26.4867
26.0931
25.6848
25.2612
24.8219
24.3663
23.8935
23.4028
22.8933
22.3638
21.8133
21.2408
20.6451
20.0252
19.3803
18.7099
18.014
17.2935
16.5506
15.7906
15.0242
14.2732
13.5813
13.0366
12.7673
12.8541
13.2475
13.8266
14.4925
15.1886
15.8861
16.5707
17.2354
17.8765
18.4923
19.0821
19.6454
20.1818
20.6913
21.1731
21.6266
22.0508
22.444
22.8043
23.1287
23.4133
23.6531
23.8408
31.7692
31.9854
32.1218
32.1951
32.2181
32.2004
32.1498
32.0723
31.9727
31.8548
31.7216
31.5754
31.4181
31.2509
31.0748
30.8901
30.6972
30.4959
30.286
30.0668
29.8379
29.5986
29.3482
29.0862
28.8118
28.5247
28.2244
27.9105
27.5828
27.241
26.8849
26.5142
26.1289
25.7286
25.3128
24.8812
24.4331
23.9677
23.484
22.981
22.4575
21.9123
21.3442
20.7518
20.1343
19.4906
18.8203
18.1235
17.4011
16.6558
15.8934
15.1256
14.3757
13.6912
13.1657
12.9282
13.0481
13.4643
14.055
14.7256
15.4231
16.1204
16.8045
17.4684
18.1089
18.7242
19.3135
19.8765
20.4128
20.922
21.4036
21.8568
22.2804
22.6727
23.0316
23.3541
23.636
23.8719
24.0546
31.563
31.7674
31.8949
31.9618
31.9802
31.9599
31.9082
31.831
31.7332
31.6184
31.4898
31.3495
31.1995
31.041
30.8747
30.7011
30.5203
30.332
30.1356
29.9304
29.7157
29.4906
29.2543
29.0059
28.7448
28.4703
28.1821
27.8797
27.5629
27.2316
26.8856
26.5248
26.1491
25.7583
25.3521
24.93
24.4914
24.0355
23.5611
23.067
22.5519
22.0143
21.4528
20.8659
20.2524
19.6114
18.9424
18.2454
17.5217
16.7743
16.0095
15.2401
14.4912
13.8144
13.3086
13.1027
13.2543
13.6912
14.2916
14.9656
15.6633
16.3597
17.0422
17.7045
18.3433
18.957
19.5449
20.1065
20.6415
21.1493
21.6295
22.0811
22.5029
22.893
23.2494
23.5686
23.8465
24.0775
24.2538
31.3142
31.5058
31.6236
31.683
31.6962
31.6723
31.6187
31.5413
31.4448
31.3329
31.2087
31.0745
30.9322
30.783
30.6276
30.4665
30.2993
30.1258
29.945
29.756
29.5577
29.349
29.1288
28.8961
28.65
28.39
28.1154
27.8261
27.5217
27.2022
26.8677
26.5181
26.1535
25.7739
25.379
24.9685
24.5418
24.0979
23.6356
23.1535
22.6498
22.1228
21.5707
20.9919
20.3848
19.7484
19.0822
18.3862
17.6619
16.9126
16.1454
15.3741
14.6261
13.9569
13.4711
13.2964
13.4777
13.9329
14.5413
15.2173
15.9142
16.6086
17.2886
17.9481
18.5843
19.1955
19.781
20.3402
20.8727
21.3781
21.8558
22.3047
22.7235
23.1106
23.4629
23.7778
24.0506
24.2754
24.4443
31.0209
31.1987
31.3055
31.3564
31.3631
31.3346
31.2782
31.1997
31.1037
30.9942
30.8741
30.746
30.6117
30.4725
30.3292
30.1819
30.0303
29.8737
29.711
29.5408
29.3615
29.1718
28.9702
28.7554
28.5266
28.2828
28.0237
27.7488
27.4581
27.1518
26.8299
26.4928
26.1407
25.7739
25.3923
24.9957
24.5835
24.1548
23.7081
23.2416
22.7533
22.2408
21.702
21.1347
20.5372
19.9081
19.2468
18.5534
17.8294
17.0788
16.3091
15.5357
14.788
14.1262
13.6604
13.5159
13.7245
14.1956
14.8099
15.4863
16.1812
16.8724
17.5487
18.2046
18.8371
19.4447
20.0266
20.5823
21.1114
21.6133
22.0873
22.5324
22.9472
23.3298
23.6775
23.9867
24.2532
24.4707
24.631
30.6813
30.8439
30.9383
30.9793
30.9781
30.9437
30.8831
30.8022
30.7057
30.5975
30.481
30.3586
30.2325
30.1039
29.9737
29.842
29.7082
29.5713
29.4295
29.2812
29.1241
28.9565
28.7764
28.5823
28.373
28.1476
27.9056
27.6467
27.371
27.0788
26.7706
26.447
26.1086
25.7559
25.3894
25.0089
24.6143
24.2043
23.7774
23.3312
22.8632
22.3705
21.85
21.299
20.7153
20.0972
19.4438
18.7553
18.0333
17.2822
16.5103
15.7344
14.9864
14.3316
13.8854
13.7694
14.0025
14.4864
15.1044
15.7795
16.4708
17.1574
17.8289
18.4798
19.1074
19.7102
20.2873
20.8383
21.3627
21.8599
22.3291
22.7692
23.1788
23.5558
23.8975
24.2001
24.4592
24.6683
24.8189
30.2939
30.4395
30.5199
30.5491
30.5383
30.496
30.4295
30.3444
30.2457
30.1376
30.0234
29.906
29.7878
29.6703
29.5543
29.44
29.3265
29.2123
29.0953
28.9727
28.8419
28.7002
28.5452
28.3749
28.188
27.9832
27.7602
27.5188
27.2591
26.9819
26.688
26.3783
26.0541
25.7165
25.3663
25.0042
24.63
24.2427
23.8404
23.4204
22.9791
22.5126
22.017
21.4887
20.9246
20.3226
19.6815
19.0014
18.284
17.5339
16.7606
15.982
15.2332
14.5847
14.157
14.0674
14.3215
14.8148
15.4336
16.1051
16.7909
17.4712
18.1362
18.7806
19.4017
19.9982
20.5692
21.1141
21.6324
22.1235
22.5865
23.0204
23.4234
23.7936
24.128
24.423
24.6733
24.8728
25.0125
29.858
29.9846
30.0487
30.064
30.0411
29.9886
29.9136
29.8219
29.7188
29.6084
29.4946
29.3808
29.2696
29.1631
29.0622
28.9672
28.877
28.7895
28.7017
28.61
28.5104
28.3995
28.2741
28.1318
27.9705
27.7892
27.5873
27.3648
27.1221
26.8603
26.5805
26.2846
25.9743
25.6516
25.3184
24.9758
24.6246
24.2639
23.8917
23.5045
23.0977
22.6658
22.2035
21.706
21.1694
20.5906
19.968
19.3014
18.5926
17.8467
17.0736
16.2931
15.5432
14.9003
14.4897
14.4233
14.694
15.1926
15.8087
16.4737
17.1514
17.823
18.4793
19.115
19.7278
20.316
20.879
21.416
21.9265
22.4099
22.8653
23.2914
23.6864
24.0484
24.3742
24.6599
24.9003
25.0888
25.2163
29.3741
29.4793
29.5245
29.523
29.485
29.4192
29.3325
29.2309
29.1198
29.0039
28.8876
28.7747
28.6687
28.572
28.4866
28.4127
28.3491
28.2931
28.2404
28.1858
28.1242
28.0505
27.9606
27.8512
27.72
27.5657
27.3877
27.1859
26.9612
26.7149
26.4488
26.1654
25.8675
25.5581
25.2405
24.9173
24.5902
24.2595
23.9229
23.5761
23.2128
22.8256
22.4072
21.9511
21.4517
20.9054
20.3097
19.6643
18.9706
18.2338
17.4647
16.6843
15.9342
15.2965
14.9012
14.8539
15.1357
15.6343
16.2433
16.8979
17.5638
18.2236
18.8681
19.4924
20.0941
20.6716
21.2242
21.7512
22.2519
22.7256
23.1714
23.5879
23.9733
24.3254
24.641
24.916
25.1449
25.321
25.4347
28.8444
28.9255
28.9488
28.9271
28.8705
28.7874
28.6848
28.5689
28.4453
28.3193
28.1957
28.0794
27.9748
27.8856
27.8147
27.763
27.7295
27.7106
27.7003
27.6913
27.6761
27.6478
27.6009
27.5313
27.4361
27.3136
27.1631
26.9848
26.7796
26.5492
26.2961
26.0233
25.7349
25.4354
25.1298
24.8231
24.5191
24.2196
23.9232
23.6246
23.3151
22.9845
22.6223
22.2198
21.77
21.2678
20.7103
20.0964
19.4273
18.708
17.9494
17.1741
16.4265
15.7949
15.413
15.3798
15.666
16.1579
16.7536
17.3923
18.0417
18.6851
19.3137
19.9229
20.5099
21.0736
21.6128
22.127
22.6153
23.077
23.5109
23.9158
24.2897
24.6298
24.9334
25.196
25.4118
25.5738
25.6721
28.2737
28.3276
28.3256
28.2799
28.2005
28.0954
27.9719
27.8361
27.6941
27.5515
27.4141
27.2878
27.1784
27.0915
27.0317
27.0018
27.0014
27.026
27.0671
27.1143
27.1564
27.1841
27.1901
27.169
27.1174
27.0334
26.916
26.7656
26.5829
26.3701
26.1297
25.8658
25.5833
25.2885
24.9887
24.692
24.4059
24.1357
23.8817
23.6381
23.393
23.1316
22.8394
22.5044
22.1178
21.6736
21.1678
20.5988
19.9674
19.2779
18.5412
17.78
17.0416
16.4192
16.0497
16.0247
16.3067
16.7831
17.3575
17.9729
18.5991
19.2201
19.8274
20.4163
20.9844
21.5301
22.0523
22.5502
23.0231
23.4699
23.8895
24.2802
24.6402
24.9665
25.2561
25.5043
25.7052
25.8513
25.9324
27.6692
27.6929
27.6621
27.5885
27.4817
27.3497
27.1994
27.0372
26.8694
26.7022
26.5421
26.3963
26.2725
26.1788
26.123
26.1112
26.145
26.2197
26.3233
26.4397
26.5529
26.6496
26.7204
26.7587
26.7606
26.724
26.6477
26.5319
26.3774
26.1861
25.9609
25.7058
25.4267
25.1312
24.8291
24.5323
24.2539
24.0052
23.7914
23.607
23.4359
23.2561
23.0472
22.7934
22.4841
22.1122
21.6732
21.165
20.5876
19.9447
19.2462
18.5145
17.7976
17.1922
16.8356
16.8124
17.0798
17.5295
18.072
18.6545
19.2487
19.8396
20.4187
20.9814
21.5251
22.0479
22.5488
23.0266
23.4805
23.9092
24.3115
24.6855
25.0291
25.3393
25.6127
25.8445
26.0285
26.1568
26.2188
27.0409
27.0318
26.969
26.8637
26.7252
26.561
26.3781
26.1827
25.9811
25.7799
25.5865
25.4091
25.2576
25.1432
25.0784
25.0751
25.1403
25.2706
25.4491
25.6507
25.8511
26.0319
26.1813
26.2917
26.359
26.3807
26.3559
26.2844
26.167
26.0052
25.8014
25.5596
25.2853
24.9868
24.6756
24.3676
24.0824
23.8409
23.6581
23.5323
23.4413
23.3526
23.2373
23.0756
22.8551
22.5682
22.2102
21.7788
21.2737
20.6974
20.0587
19.3782
18.7027
18.1282
17.7885
17.7608
18.0016
18.411
18.9086
19.4466
19.9986
20.5503
21.0934
21.623
22.1362
22.6309
23.1057
23.5593
23.9904
24.3977
24.7795
25.134
25.4587
25.7503
26.0054
26.2188
26.3839
26.4925
26.5335
26.401
26.357
26.2597
26.1198
25.9459
25.7453
25.5244
25.2894
25.0464
24.8021
24.5642
24.3419
24.1469
23.9937
23.9007
23.8886
23.9754
24.1635
24.4297
24.7338
25.0384
25.3189
25.561
25.7567
25.9018
25.9942
26.033
26.0181
25.9499
25.8295
25.6587
25.4405
25.1796
24.8835
24.564
24.239
23.9345
23.6834
23.5159
23.44
23.4275
23.431
23.4117
23.3455
23.2191
23.0248
22.7581
22.4168
22.0002
21.5106
20.9554
20.3528
19.7455
19.2229
18.9085
18.8714
19.073
19.4278
19.867
20.3481
20.8474
21.3509
21.8501
22.3398
22.8165
23.278
23.7221
24.1474
24.5521
24.9347
25.2932
25.6255
25.9289
26.1999
26.4346
26.6275
26.7719
26.859
26.8773
25.7628
25.683
25.5499
25.3736
25.1619
24.9219
24.6594
24.3802
24.0901
23.7953
23.5037
23.2246
22.9711
22.7605
22.6174
22.5741
22.6653
22.9069
23.2692
23.6896
24.1123
24.505
24.8514
25.1436
25.3777
25.5523
25.6669
25.7213
25.7161
25.6518
25.5296
25.3514
25.1205
24.8428
24.5286
24.1955
23.873
23.605
23.4392
23.3965
23.4454
23.526
23.5901
23.6107
23.5736
23.4707
23.2978
23.0527
22.7351
22.3471
21.8954
21.3959
20.8854
20.4401
20.1637
20.1156
20.2688
20.558
20.9279
21.343
21.7813
22.2292
22.6783
23.1226
23.5582
23.9821
24.3919
24.7854
25.1608
25.5161
25.8489
26.1568
26.4368
26.6852
26.8978
27.0686
27.1908
27.2549
27.2488
25.1394
25.0242
24.8554
24.6423
24.3925
24.1122
23.8068
23.4814
23.1413
22.7924
22.4417
22.0987
21.7769
21.4959
21.286
21.192
21.2698
21.5538
22.0092
22.5474
23.0914
23.6004
24.0561
24.4506
24.7806
25.0453
25.2447
25.3792
25.4492
25.4552
25.3981
25.2788
25.0996
24.8647
24.5823
24.2681
23.9515
23.6822
23.5183
23.4892
23.5668
23.6901
23.8086
23.8935
23.9287
23.9055
23.8189
23.6666
23.4484
23.1667
22.828
22.4465
22.0528
21.7052
21.4808
21.4271
21.5324
21.7542
22.0525
22.3985
22.7726
23.1621
23.558
23.9542
24.3461
24.73
25.1032
25.4631
25.8072
26.1334
26.4389
26.721
26.9763
27.201
27.3901
27.5378
27.6366
27.6765
27.6449
24.5425
24.3934
24.1903
23.942
23.6553
23.336
22.9889
22.6185
22.2294
21.8267
21.4171
21.0097
20.6179
20.2633
19.9813
19.8291
19.8833
20.1957
20.7272
21.3671
22.0199
22.6367
23.1966
23.6908
24.1165
24.4731
24.761
24.9811
25.1339
25.2203
25.241
25.1967
25.0893
24.9221
24.7019
24.4425
24.1708
23.9338
23.787
23.7599
23.834
23.962
24.0999
24.2191
24.302
24.3383
24.3219
24.2498
24.1216
23.9394
23.7097
23.4452
23.1702
22.9258
22.763
22.7168
22.7876
22.9535
23.1885
23.4709
23.7847
24.118
24.4622
24.811
25.1593
25.5034
25.8398
26.1656
26.4782
26.7749
27.0526
27.3084
27.5385
27.7389
27.9042
28.0282
28.103
28.1181
28.0603
23.9806
23.8002
23.5655
23.2848
22.9643
22.6093
22.2239
21.8122
21.3781
20.9264
20.4629
19.9964
19.5406
19.1187
18.7709
18.5651
18.5947
18.9235
19.5072
20.2206
20.9572
21.6618
22.3105
22.8932
23.4064
23.8493
24.2226
24.5273
24.7642
24.9344
25.0388
25.0786
25.0555
24.9729
24.8374
24.6612
24.4675
24.294
24.1842
24.1627
24.2224
24.3346
24.4675
24.5964
24.7038
24.7783
24.8128
24.8034
24.749
24.6516
24.5166
24.3549
24.1848
24.0339
23.9343
23.9098
23.9666
24.0962
24.2841
24.5157
24.7787
25.0631
25.3611
25.6666
25.9746
26.2812
26.5827
26.8761
27.1582
27.4262
27.6769
27.907
28.1124
28.2888
28.4305
28.531
28.5819
28.5723
28.4881
23.4588
23.2503
22.9876
22.6782
22.3281
21.9417
21.5231
21.0757
20.603
20.1093
19.6
19.0838
18.5745
18.0971
17.696
17.4479
17.4581
17.7953
18.4092
19.1669
19.9582
20.725
21.4411
22.0945
22.6809
23.1987
23.6484
24.0307
24.3467
24.5977
24.7848
24.9095
24.974
24.9821
24.94
24.8591
24.7579
24.6637
24.6063
24.6051
24.6609
24.7597
24.882
25.0092
25.1267
25.2236
25.2924
25.329
25.3316
25.3014
25.2428
25.1643
25.0792
25.0056
24.9635
24.9689
25.0288
25.1418
25.3007
25.4969
25.7216
25.9672
26.2271
26.496
26.7691
27.0426
27.3128
27.5767
27.8309
28.0724
28.2979
28.5037
28.6857
28.8393
28.9585
29.0364
29.064
29.0302
28.92
22.978
22.7452
22.4584
22.1246
21.7493
21.3368
20.8905
20.4137
19.9095
19.3818
18.8359
18.2803
17.7295
17.2096
16.769
16.4914
16.4897
16.8321
17.4607
18.2397
19.0602
19.8646
20.6257
21.3301
21.9724
22.5502
23.0633
23.5123
23.898
24.2218
24.4849
24.6893
24.8374
24.933
24.9823
24.995
24.9853
24.9723
24.9758
25.0101
25.0796
25.1792
25.2983
25.4251
25.5486
25.6601
25.7529
25.823
25.8685
25.89
25.8907
25.8768
25.8575
25.8449
25.8517
25.8886
25.9617
26.0721
26.2171
26.3918
26.5906
26.808
27.0389
27.2787
27.5234
27.7693
28.013
28.2513
28.481
28.699
28.9019
29.0858
29.2465
29.379
29.4772
29.5338
29.5395
29.4824
29.3471
22.536
22.2826
21.9755
21.6216
21.2258
20.7922
20.3238
19.8238
19.2949
18.7408
18.1669
17.5816
16.9999
16.4494
15.9817
15.6866
15.681
16.0287
16.6632
17.4484
18.2797
19.1023
19.8891
20.6263
21.3074
21.9296
22.4921
22.9948
23.4385
23.8244
24.1538
24.4287
24.6515
24.8263
24.9584
25.0559
25.1295
25.1925
25.2583
25.3372
25.4345
25.5493
25.6769
25.8105
25.9429
26.0678
26.1801
26.2765
26.3554
26.4169
26.4633
26.499
26.5303
26.5654
26.6124
26.6786
26.7688
26.8849
27.0261
27.1901
27.3733
27.5719
27.7822
28.0004
28.2232
28.4471
28.6692
28.8864
29.0956
29.2936
29.4769
29.6416
29.7833
29.897
29.9762
30.0133
29.9986
29.9197
29.7605
22.1274
21.8569
21.5334
21.1633
20.7513
20.3011
19.8158
19.2979
18.7503
18.1766
17.5819
16.9749
16.371
15.7995
15.3152
15.0126
15.0109
15.3662
16.0028
16.7858
17.6167
18.4442
19.2422
19.9974
20.703
21.3556
21.9539
22.4975
22.9871
23.4235
23.808
24.1425
24.4295
24.6724
24.876
25.0468
25.193
25.3237
25.4484
25.5747
25.7072
25.8473
25.9931
26.1413
26.2877
26.4282
26.5594
26.6789
26.7854
26.8792
26.9617
27.0363
27.1072
27.1798
27.2597
27.3518
27.4599
27.5857
27.7294
27.8899
28.0651
28.2525
28.4491
28.6522
28.8589
29.0663
29.2716
29.4721
29.6646
29.846
30.0129
30.1614
30.2868
30.3841
30.4464
30.466
30.4327
30.3336
30.1519
21.7448
21.4605
21.124
20.7413
20.317
19.8544
19.3564
18.8254
18.2641
17.6761
17.0663
16.4439
15.8248
15.2398
14.7469
14.4453
14.4544
14.8202
15.4582
16.2356
17.0601
17.8845
18.6845
19.4472
20.1661
20.8376
21.4603
22.0336
22.5577
23.0335
23.4621
23.8452
24.185
24.4846
24.7481
24.9805
25.1879
25.3772
25.5549
25.7268
25.8969
26.0669
26.2368
26.4054
26.5703
26.7292
26.8801
27.0215
27.1527
27.2739
27.3864
27.4924
27.5951
27.6981
27.8053
27.9202
28.0455
28.1827
28.3324
28.4941
28.6666
28.8481
29.0366
29.2298
29.4254
29.6209
29.8137
30.0013
30.1807
30.3489
30.5025
30.6375
30.7493
30.8324
30.8802
30.8843
30.8343
30.7168
30.514
21.3791
21.084
20.7377
20.3458
19.9125
19.4411
18.9342
18.394
17.8231
17.2251
16.6049
15.9719
15.3428
14.7501
14.2551
13.9615
13.9872
14.3668
15.0071
15.778
16.5938
17.411
18.2073
18.9707
19.6952
20.3772
21.0153
21.6088
22.158
22.6633
23.126
23.5474
23.9296
24.2751
24.5874
24.8703
25.1285
25.3671
25.591
25.8044
26.0106
26.2115
26.408
26.5997
26.7858
26.9652
27.1367
27.2996
27.4538
27.5994
27.7377
27.8703
27.9995
28.128
28.2584
28.3933
28.5346
28.6838
28.8414
29.0072
29.1805
29.3602
29.5446
29.7319
29.9204
30.1077
30.2916
30.4697
30.6392
30.7972
30.9403
31.0644
31.1649
31.2362
31.2715
31.2621
31.1973
31.0629
30.8408
21.0198
20.7169
20.3639
19.9659
19.5269
19.0499
18.5373
17.9913
17.4144
16.8099
16.183
15.5433
14.9083
14.3125
13.8208
13.5409
13.5879
13.984
14.6279
15.3931
16.1998
17.0082
17.7979
18.558
19.2829
19.9695
20.6164
21.223
21.7894
22.3163
22.8045
23.2554
23.6707
24.0525
24.4036
24.7272
25.0268
25.3063
25.5692
25.8189
26.058
26.2885
26.5113
26.7269
26.9351
27.1355
27.3278
27.5118
27.6875
27.8555
28.0167
28.1725
28.3246
28.475
28.6256
28.7784
28.9348
29.0959
29.2623
29.434
29.6105
29.791
29.9743
30.1589
30.3432
30.5254
30.7034
30.8748
31.0372
31.1875
31.3224
31.438
31.5294
31.591
31.6157
31.5947
31.5167
31.3672
31.127
20.6549
20.3474
19.9907
19.5897
19.1482
18.6688
18.1537
17.6051
17.0253
16.4175
15.7871
15.144
14.5067
13.9116
13.4277
13.1662
13.2382
13.653
14.3019
15.0624
15.8606
16.6599
17.4417
18.1963
18.9184
19.6057
20.2566
20.871
21.4488
21.9908
22.4976
22.9705
23.411
23.821
24.2027
24.5585
24.8913
25.204
25.4993
25.78
26.0481
26.3054
26.5529
26.7913
27.021
27.2421
27.4546
27.6587
27.8547
28.0433
28.2251
28.4016
28.5739
28.7436
28.9122
29.0811
29.2516
29.4244
29.6001
29.7787
29.9599
30.1432
30.3275
30.5117
30.6943
30.8738
31.0481
31.2153
31.3727
31.5175
31.6464
31.7553
31.8396
31.8934
31.9093
31.8783
31.7888
31.6256
31.369
20.2704
19.9616
19.6047
19.2042
18.7635
18.2851
17.7709
17.2229
16.6434
16.0354
15.4046
14.7611
14.1246
13.5338
13.0616
12.8227
12.9228
13.3577
14.0126
14.7694
15.5599
16.3503
17.1238
17.8715
18.5892
19.2743
19.9261
20.5443
21.1291
21.681
22.201
22.69
23.1495
23.5809
23.9861
24.3672
24.7263
25.0657
25.3876
25.6941
25.987
26.2678
26.5375
26.797
27.0468
27.2873
27.5189
27.7418
27.9566
28.1639
28.3646
28.5595
28.7499
28.9369
29.1218
29.3055
29.4891
29.6732
29.8583
30.0445
30.2314
30.4187
30.6056
30.7911
30.9739
31.1525
31.3252
31.4899
31.6442
31.7854
31.9101
32.0142
32.0931
32.1406
32.1494
32.11
32.0105
31.8352
31.5634
19.8488
19.543
19.19
18.7941
18.3582
17.8846
17.3751
16.8315
16.2558
15.6511
15.0232
14.3825
13.75
13.1668
12.7101
12.4974
12.6278
13.0836
13.7451
14.4991
15.2824
16.0643
16.8293
17.5696
18.2813
18.9626
19.6129
20.232
20.8204
21.3785
21.9073
22.4077
22.8809
23.3284
23.7516
24.1521
24.5318
24.8925
25.2359
25.5638
25.8776
26.1786
26.4678
26.7461
27.0142
27.2725
27.5215
27.7617
27.9938
28.2182
28.4359
28.6476
28.8542
29.0568
29.2564
29.4538
29.6497
29.8447
30.0391
30.2331
30.4264
30.6187
30.8094
30.9974
31.1818
31.361
31.5336
31.6975
31.8503
31.9895
32.1115
32.2124
32.2874
32.3302
32.3333
32.2871
32.1791
31.9931
31.7077
19.3675
19.07
18.7262
18.3399
17.9139
17.4501
16.9501
16.4154
15.8479
15.2507
14.6296
13.9956
13.3707
12.7988
12.3613
12.1781
12.3405
12.8175
13.4856
14.237
15.0135
15.7868
16.543
17.2752
17.9802
18.6563
19.3032
19.9212
20.5104
21.0718
21.6061
22.1142
22.5972
23.0564
23.493
23.9084
24.3042
24.6817
25.0424
25.3878
25.719
26.0372
26.3433
26.6381
26.9224
27.1967
27.4615
27.7175
27.9651
28.2051
28.4382
28.665
28.8864
29.1032
29.3163
29.5262
29.7337
29.9391
30.1428
30.3448
30.5449
30.7429
30.9381
31.1298
31.3169
31.498
31.6718
31.8361
31.9889
32.1274
32.2482
32.3473
32.4198
32.4594
32.4583
32.4066
32.2916
32.0963
31.7988
18.7949
18.5129
18.1854
17.8158
17.4064
16.9589
16.4747
15.955
15.4016
14.8175
14.2084
13.5858
12.973
12.4166
12.0024
11.852
12.0476
12.5454
13.2197
13.9682
14.7376
15.502
16.2489
16.9723
17.6694
18.3392
18.9813
19.5963
20.1845
20.7468
21.2839
21.7968
22.2865
22.7541
23.2006
23.6274
24.0355
24.4263
24.8009
25.1606
25.5063
25.839
26.1596
26.4689
26.7676
27.0561
27.3352
27.6054
27.8672
28.1214
28.3684
28.609
28.8439
29.0737
29.2992
29.5209
29.7393
29.9548
30.1676
30.3777
30.585
30.7892
30.9897
31.1858
31.3765
31.5607
31.7367
31.9028
32.0567
32.1958
32.3167
32.4154
32.4868
32.5245
32.5207
32.4651
32.3445
32.1417
31.8335
18.0851
17.8289
17.5276
17.1842
16.8008
16.3788
15.9192
15.4231
14.892
14.3288
13.739
13.1345
12.5399
12.0045
11.6185
11.5041
11.7338
12.2515
12.9308
13.6755
14.4368
15.1914
15.9281
16.6416
17.3298
17.9919
18.628
19.2385
19.824
20.3854
20.9234
21.4389
21.9329
22.4064
22.8602
23.2955
23.7133
24.1147
24.5006
24.872
25.2299
25.5751
25.9084
26.2304
26.5419
26.8433
27.1353
27.4185
27.6933
27.9603
28.2202
28.4736
28.7209
28.963
29.2001
29.433
29.6619
29.8872
30.109
30.3274
30.5422
30.7531
30.9595
31.1608
31.3562
31.5442
31.7236
31.8926
32.0489
32.1899
32.3122
32.4117
32.4835
32.5209
32.5159
32.4579
32.3335
32.1247
31.8078
