32.4833
32.7979
33.0063
33.1291
33.1824
33.1782
33.126
33.0336
32.9067
32.7502
32.568
32.3633
32.1387
31.8962
31.6377
31.3645
31.0778
30.7786
30.4676
30.1455
29.8126
29.4696
29.1164
28.7534
28.3807
27.9982
27.606
27.2039
26.7918
26.3694
25.9366
25.493
25.0382
24.5718
24.0933
23.6022
23.0979
22.5796
22.0467
21.4981
20.9329
20.35
19.7482
19.1261
18.4821
17.8145
17.1213
16.4005
15.6502
14.8684
14.0542
13.2096
12.3428
11.4796
10.6884
10.1188
9.96289
10.2656
10.8812
11.6389
12.4328
13.2145
13.9651
14.6782
15.3523
15.9882
16.587
17.1503
17.6793
18.1751
18.6383
19.0694
19.4684
19.8346
20.1671
20.4642
20.7236
20.9414
21.1132
32.6273
32.9356
33.1397
33.2599
33.3117
33.3068
33.2546
33.1625
33.0364
32.8809
32.6999
32.4965
32.2733
32.0324
31.7754
31.5038
31.2188
30.9213
30.612
30.2915
29.9604
29.6189
29.2673
28.9058
28.5344
28.1532
27.762
27.3609
26.9495
26.5278
26.0953
25.6518
25.1969
24.7301
24.251
23.7589
23.2532
22.7333
22.1983
21.6473
21.0793
20.4932
19.8878
19.2616
18.613
17.9404
17.2419
16.5153
15.7589
14.9708
14.1506
13.3006
12.4305
11.5691
10.7915
10.2566
10.1515
10.4984
11.1412
11.9138
12.7173
13.5073
14.2666
14.9893
15.6742
16.3217
16.9331
17.5097
18.0527
18.563
19.0412
19.4876
19.9019
20.2835
20.6312
20.9434
21.2169
21.4482
21.6319
32.7369
33.0378
33.2368
33.3536
33.403
33.3968
33.344
33.2517
33.1258
32.971
32.7908
32.5885
32.3666
32.127
31.8715
31.6016
31.3182
31.0225
30.7149
30.3963
30.067
29.7273
29.3775
29.0178
28.6481
28.2684
27.8788
27.4789
27.0688
26.648
26.2163
25.7734
25.3188
24.8522
24.3728
23.8803
23.3738
22.8528
22.3164
21.7636
21.1935
20.6049
19.9965
19.367
18.7148
18.0381
17.3351
16.6039
15.8424
15.0493
14.2242
13.37
12.4979
11.6398
10.8782
10.3806
10.3264
10.7151
11.3822
12.1671
12.9777
13.7733
14.5383
15.2673
15.9593
16.6147
17.2348
17.8206
18.3734
18.8938
19.3824
19.8393
20.2642
20.6563
21.0145
21.3363
21.6189
21.8582
22.0485
32.8141
33.1069
33.3
33.4126
33.4592
33.451
33.397
33.3042
33.1783
33.0237
32.8442
32.6428
32.422
32.1838
31.9299
31.6616
31.3801
31.0863
30.7808
30.4643
30.1371
29.7997
29.4521
29.0945
28.7269
28.3494
27.9617
27.5637
27.1552
26.736
26.3057
25.8639
25.4102
24.9442
24.4653
23.9729
23.4663
22.9448
22.4076
21.8537
21.2822
20.6917
20.0813
19.4493
18.7941
18.1142
17.4077
16.6725
15.907
15.1097
14.2805
13.4232
12.5501
11.6969
10.9536
10.4955
10.4921
10.9204
11.6093
12.4045
13.2203
14.0196
14.788
15.521
16.2175
16.8782
17.5039
18.096
18.6553
19.1827
19.6783
20.1424
20.5744
20.9735
21.3381
21.666
21.9539
22.1974
22.3905
32.8599
33.1439
33.3305
33.4384
33.4815
33.471
33.4155
33.3218
33.1955
33.0411
32.8621
32.6615
32.4419
32.2051
31.9528
31.6864
31.407
31.1154
30.8124
30.4984
30.1739
29.8391
29.4943
29.1395
28.7746
28.3997
28.0147
27.6192
27.2131
26.7961
26.3678
25.9278
25.4758
25.0111
24.5333
24.0417
23.5357
23.0144
22.4771
21.9228
21.3505
20.7591
20.1472
19.5134
18.8561
18.1738
17.4644
16.7262
15.9573
15.1566
14.3242
13.4645
12.5914
11.7445
11.0216
10.6052
10.6523
11.1179
11.8265
12.6302
13.4497
14.2512
15.0216
15.7568
16.456
17.1198
17.7492
18.3452
18.9088
19.4405
19.9407
20.4093
20.8458
21.2491
21.6175
21.9486
22.239
22.4839
22.6771
32.8741
33.1488
33.3284
33.431
33.4703
33.457
33.3996
33.3048
33.178
33.0236
32.8451
32.6454
32.427
32.1918
31.9414
31.6772
31.4002
31.1113
30.8112
30.5003
30.179
29.8476
29.5063
29.1549
28.7936
28.4222
28.0405
27.6483
27.2454
26.8314
26.4059
25.9686
25.5189
25.0564
24.5805
24.0905
23.5858
23.0655
22.5289
21.975
21.4027
20.8109
20.1983
19.5635
18.9049
18.2208
17.5093
16.7687
15.9972
15.1937
14.3588
13.4974
12.6253
11.7859
11.0857
10.7129
10.8099
11.3106
12.0369
12.8478
13.6699
14.4724
15.2436
15.9797
16.6801
17.3455
17.9768
18.5751
19.141
19.6754
20.1782
20.6493
21.0882
21.4936
21.8638
22.196
22.4867
22.731
22.9221
32.8557
33.1204
33.2926
33.3895
33.4245
33.4082
33.3487
33.2526
33.1252
32.9707
32.7926
32.5939
32.3769
32.1435
31.8953
31.6337
31.3596
31.074
30.7774
30.4704
30.1532
29.826
29.4889
29.142
28.7851
28.4181
28.0408
27.653
27.2542
26.8441
26.4224
25.9887
25.5423
25.0829
24.6097
24.1222
23.6196
23.1012
22.5661
22.0133
21.4418
20.8505
20.238
19.6029
18.9436
18.2584
17.5456
16.8033
16.0297
15.2241
14.3873
13.5249
12.6545
11.8241
11.1489
10.8215
10.9674
11.5011
12.2433
13.0602
13.884
14.6866
15.4576
16.1936
16.8942
17.5599
18.1919
18.791
19.358
19.8934
20.3973
20.8694
21.3091
21.715
22.0852
22.4169
22.7063
22.9483
23.1357
32.8021
33.0566
33.2207
33.3116
33.3421
33.3224
33.2606
33.1631
33.0349
32.8804
32.7028
32.5052
32.2898
32.0585
31.813
31.5545
31.284
31.0024
30.7102
30.4079
30.0957
29.7738
29.4422
29.1009
28.7496
28.3882
28.0165
27.634
27.2406
26.8356
26.4189
25.9898
25.5478
25.0925
24.6231
24.139
23.6396
23.1239
22.5912
22.0405
21.4707
20.8806
20.269
19.6343
18.9752
18.2897
17.5762
16.8327
16.0578
15.2507
14.4125
13.5497
12.6818
11.8619
11.2139
10.9334
11.1273
11.6919
12.4484
13.2701
14.0948
14.8968
15.6669
16.4019
17.1017
17.7669
18.3984
18.9973
19.5641
20.0994
20.6031
21.075
21.5142
21.9192
22.2882
22.618
22.9048
23.1431
23.3257
32.7099
32.9535
33.1093
33.1938
33.2195
33.1963
33.132
33.0328
32.9039
32.7493
32.5724
32.3761
32.1626
31.9339
31.6915
31.4367
31.1706
30.8939
30.6072
30.3107
30.0049
29.6896
29.3649
29.0305
28.6863
28.332
27.9673
27.5918
27.205
26.8066
26.3961
25.973
25.5367
25.0866
24.6222
24.1428
23.6475
23.1357
22.6064
22.0587
21.4915
20.9036
20.2937
19.6604
19.0021
18.3171
17.6036
16.8598
16.0841
15.276
14.437
13.5744
12.7099
11.9019
11.2835
11.0513
11.2918
11.8852
12.6544
13.4801
14.305
15.1059
15.8743
16.6076
17.3059
17.9696
18.5999
19.1976
19.7633
20.2975
20.8
21.2705
21.7081
22.1112
22.4778
22.8048
23.0878
23.3214
23.498
32.5737
32.8061
32.9532
33.0309
33.0515
33.0245
32.9575
32.8567
32.727
32.5724
32.3963
32.2015
31.9902
31.7645
31.5259
31.2758
31.015
30.7444
30.4644
30.1754
29.8774
29.5705
29.2544
28.9289
28.5936
28.2482
27.8923
27.5255
27.1472
26.757
26.3544
25.9388
25.5096
25.0664
24.6083
24.1348
23.6451
23.1383
22.6136
22.07
21.5065
20.9218
20.3146
19.6835
19.027
18.3432
17.6304
16.8868
16.1111
15.3026
14.4634
13.6016
12.7416
11.947
11.3606
11.1777
11.4634
12.0835
12.864
13.6928
14.5172
15.3164
16.0825
16.8136
17.5096
18.1713
18.7995
19.3952
19.959
20.4911
20.9915
21.4598
21.8949
22.2953
22.6584
22.9815
23.2599
23.4879
23.6575
32.3867
32.6074
32.7454
32.816
32.8311
32.8001
32.7303
32.6277
32.4971
32.3425
32.1673
31.9742
31.7656
31.5434
31.3094
31.0648
30.8106
30.5475
30.276
29.9963
29.7084
29.412
29.1068
28.7925
28.4685
28.1344
27.7896
27.4336
27.066
26.686
26.2933
25.8871
25.467
25.0323
24.5823
24.1163
23.6335
23.1332
22.6144
22.0763
21.5176
20.9372
20.3338
19.706
19.0522
18.3705
17.6593
16.9168
16.1416
15.3334
14.4945
13.6343
12.7796
12.0003
11.4482
11.3154
11.6447
12.2895
13.0799
13.9109
14.7343
15.5311
16.2945
17.0228
17.7159
18.3747
19.0002
19.5932
20.1542
20.6836
21.1811
21.6463
22.078
22.4747
22.8339
23.152
23.4249
23.6464
23.8083
32.1395
32.348
32.4764
32.5395
32.5489
32.5136
32.4407
32.336
32.2044
32.0498
31.8754
31.6843
31.4787
31.2606
31.032
30.7941
30.5479
30.2943
30.0335
29.7657
29.4905
29.2076
28.9164
28.6163
28.3066
27.9867
27.6559
27.3137
26.9593
26.5922
26.2118
25.8175
25.4086
24.9845
24.5445
24.0879
23.6139
23.1218
22.6105
22.0792
21.5268
20.9521
20.3538
19.7304
19.0803
18.4019
17.6932
16.9526
16.1788
15.3716
14.5338
13.6759
12.8274
12.0652
11.5497
11.4675
11.8386
12.5061
13.3051
14.1375
14.9592
15.7532
16.5133
17.238
17.9276
18.583
19.205
19.7945
20.3521
20.8779
21.3717
21.8331
22.2606
22.6528
23.007
23.3196
23.5862
23.8004
23.9539
31.8202
32.0158
32.1341
32.1892
32.1924
32.1523
32.0759
31.9688
31.8359
31.681
31.5074
31.3181
31.1157
30.9023
30.6799
30.45
30.2138
29.972
29.7249
29.4722
29.2136
28.9481
28.6749
28.3931
28.1017
27.7999
27.4868
27.1619
26.8242
26.4732
26.1083
25.7287
25.3337
24.9229
24.4953
24.0504
23.5874
23.1053
22.6035
22.0809
21.5364
20.969
20.3772
19.7596
19.1146
18.4404
17.7354
16.9977
16.2262
15.4208
14.5848
13.7299
12.889
12.1458
11.6691
11.6377
12.0487
12.737
13.5432
14.3761
15.1955
15.986
16.7421
17.4627
18.1481
18.7993
19.4172
20.0025
20.5558
21.0773
21.5666
22.0233
22.446
22.8329
23.1813
23.4878
23.7471
23.9533
24.0974
31.4134
31.5953
31.7027
31.7491
31.7453
31.6998
31.6192
31.5091
31.3742
31.2184
31.045
30.8573
30.658
30.4495
30.2341
30.0136
29.7896
29.5627
29.3332
29.1004
28.8633
28.6207
28.371
28.1128
27.8451
27.5664
27.276
26.9729
26.6563
26.3256
25.9799
25.6187
25.2412
24.8467
24.4347
24.0042
23.5547
23.0853
22.5952
22.0834
21.5489
20.9905
20.4069
19.7968
19.1584
18.4901
17.79
17.0564
16.2881
15.4855
14.6523
13.8014
12.9692
12.247
11.8113
11.8306
12.2793
12.9864
13.7984
14.6309
15.4472
16.2334
16.9849
17.7006
18.381
19.0272
19.6401
20.2204
20.7687
21.285
21.7691
22.2203
22.6372
23.018
23.36
23.6592
23.9107
24.108
24.242
30.9004
31.0674
31.1626
31.1992
31.1873
31.135
31.049
30.9346
30.7965
30.6384
30.4642
30.277
30.0799
29.8758
29.6677
29.458
29.2487
29.0408
28.8342
28.6278
28.4197
28.2075
27.989
27.762
27.5249
27.2762
27.0148
26.7396
26.4497
26.1445
25.8231
25.4848
25.1291
24.7551
24.3623
23.9498
23.5171
23.0633
22.5876
22.0892
21.567
21.02
20.4469
19.8461
19.2162
18.5554
17.8618
17.1338
16.3702
15.5714
14.7419
13.8961
13.074
12.3749
11.9823
12.0517
12.536
13.2596
14.0761
14.907
15.7193
16.5004
17.2462
17.956
18.6306
19.2709
19.8779
20.4523
20.9946
21.5048
21.9828
22.4277
22.8379
23.2118
23.5463
23.8375
24.0802
24.2677
24.3907
30.2596
30.4097
30.4908
30.5154
30.4933
30.4323
30.3386
30.2175
30.0737
29.9111
29.7333
29.5441
29.3469
29.1455
28.9437
28.7452
28.5533
28.3695
28.1936
28.0232
27.8547
27.684
27.5074
27.322
27.1253
26.9157
26.6916
26.4522
26.1963
25.9234
25.6326
25.3233
24.9948
24.6465
24.2776
23.8875
23.4755
23.041
22.5832
22.1013
21.5945
21.0616
20.5014
19.9126
19.2934
18.6423
17.9572
17.2365
16.4792
15.6858
14.8613
14.0218
13.2113
12.5376
12.1898
12.3084
12.8257
13.5636
14.3828
15.2109
16.0178
16.7926
17.5316
18.2345
18.902
19.5353
20.1352
20.7026
21.2379
21.7411
22.2118
22.6493
23.0521
23.4178
23.7439
24.0261
24.259
24.4358
24.5467
29.4712
29.6007
29.664
29.6729
29.6368
29.5629
29.4574
29.3255
29.1714
28.9994
28.8132
28.6167
28.4142
28.2105
28.0111
27.8221
27.6493
27.4961
27.3621
27.2424
27.1297
27.0167
26.8976
26.7681
26.6252
26.4667
26.2913
26.0979
25.8857
25.6539
25.4019
25.1292
24.835
24.5188
24.1799
23.8176
23.4315
23.0208
22.5851
22.1237
21.6358
21.1205
20.5766
20.0026
19.3971
18.7583
18.0842
17.3732
16.6242
15.838
15.0201
14.1883
13.3913
12.7453
12.4437
12.6102
13.1575
13.9072
14.727
15.5504
16.3505
17.1174
17.848
18.5425
19.2015
19.8263
20.4178
20.9768
21.5038
21.9987
22.461
22.8899
23.2839
23.6405
23.9571
24.2292
24.4512
24.616
24.7137
28.5301
28.6322
28.6706
28.6567
28.5992
28.5051
28.3801
28.2292
28.0566
27.8663
27.6621
27.4483
27.2297
27.0127
26.8053
26.6179
26.4621
26.3467
26.2713
26.2252
26.1932
26.1621
26.1226
26.069
25.9976
25.9066
25.7945
25.6606
25.5043
25.325
25.1225
24.8961
24.6453
24.3696
24.0682
23.7408
23.3867
23.0057
22.5974
22.1613
21.6969
21.2035
20.6798
20.1247
19.5365
18.9135
18.2537
17.5553
16.8173
16.0406
15.2315
14.4094
13.6277
13.0116
12.7573
12.9696
13.5436
14.302
15.1197
15.9363
16.7272
17.484
18.2042
18.8881
19.5368
20.1513
20.7327
21.2817
21.7987
22.2837
22.7361
23.1551
23.5389
23.8851
24.1907
24.4514
24.6612
24.8128
24.8958
27.4758
27.5385
27.5399
27.4907
27.3989
27.2713
27.1131
26.9288
26.7225
26.4978
26.2585
26.0087
25.7537
25.5012
25.2625
25.0552
24.9037
24.8305
24.8379
24.9007
24.9863
25.0709
25.1407
25.1889
25.2122
25.2091
25.1789
25.1213
25.0365
24.9241
24.7842
24.6165
24.4206
24.1959
23.9418
23.658
23.344
22.9998
22.6254
22.2207
21.7856
21.3194
20.8211
20.2898
19.7236
19.121
18.4797
17.798
17.0748
16.3109
15.5133
14.7033
13.9393
13.3555
13.1489
13.404
14.0006
14.7634
15.5756
16.3819
17.1606
17.9042
18.6112
19.282
19.9177
20.5194
21.0884
21.6253
22.1304
22.6036
23.0443
23.4515
23.8234
24.1575
24.4507
24.6983
24.8943
25.031
25.0978
26.4058
26.4169
26.3679
26.2686
26.1269
25.9486
25.7387
25.5014
25.2399
24.9575
24.6573
24.3431
24.0199
23.6956
23.3849
23.1152
22.9335
22.8951
23.0115
23.2268
23.4738
23.7122
23.9241
24.1027
24.2458
24.3533
24.4257
24.4637
24.4681
24.4393
24.3777
24.2834
24.1561
23.9954
23.8006
23.5712
23.307
23.0085
22.6761
22.3105
21.9117
21.4797
21.0137
20.5125
19.9746
19.3983
18.7814
18.1219
17.4185
16.6722
15.8901
15.0956
14.3521
13.8029
13.6434
13.9372
14.5507
15.3125
16.114
16.9052
17.6671
18.3935
19.0832
19.7372
20.3565
20.9424
21.496
22.018
22.5085
22.9674
23.3941
23.7874
24.1453
24.4653
24.7441
24.9768
25.1571
25.277
25.3256
25.4206
25.3761
25.2714
25.1157
24.9158
24.6772
24.4042
24.1002
23.7678
23.4093
23.027
22.6234
22.2024
21.7714
21.3471
20.9676
20.7111
20.6836
20.9138
21.3008
21.7298
22.141
22.5124
22.8378
23.1168
23.3507
23.5413
23.6903
23.7993
23.8694
23.9012
23.8953
23.8513
23.7687
23.6466
23.4842
23.2814
23.0391
22.7587
22.4415
22.0883
21.6993
21.2741
20.8116
20.3103
19.7685
19.1839
18.5543
17.8782
17.1564
16.3961
15.6221
14.9031
14.3906
14.2764
14.6026
15.2247
15.9776
16.7608
17.5299
18.2684
18.9715
19.6386
20.2706
20.869
21.4348
21.9692
22.4726
22.9452
23.3868
23.7965
24.1731
24.5144
24.8178
25.0797
25.2949
25.4573
25.5582
25.5863
24.5639
24.4684
24.3122
24.1037
23.8491
23.5532
23.2194
22.8504
22.448
22.0135
21.5479
21.0525
20.5299
19.9869
19.4423
18.9453
18.6049
18.5727
18.8891
19.4137
19.9939
20.5535
21.066
21.5251
21.931
22.2862
22.5931
22.854
23.0708
23.245
23.3774
23.4685
23.518
23.5247
23.4873
23.4042
23.2748
23.1005
22.8836
22.6263
22.3301
21.9956
21.6225
21.2099
20.7565
20.2604
19.7193
19.1308
18.4931
17.8063
17.0777
16.3328
15.6446
15.1712
15.0983
15.4468
16.0653
16.7968
17.5501
18.2866
18.9924
19.6638
20.3006
20.9039
21.4751
22.0152
22.5251
23.0052
23.4556
23.8757
24.2647
24.6211
24.9425
25.2263
25.4682
25.6632
25.8047
25.8836
25.8883
23.8343
23.6951
23.4951
23.2419
22.9411
22.5968
22.212
21.7885
21.3275
20.8294
20.2945
19.7231
19.1174
18.4846
17.8471
17.2657
16.8736
16.847
17.2207
17.8307
18.5081
19.1684
19.7818
20.3406
20.8449
21.2972
21.7002
22.0564
22.3679
22.6362
22.8623
23.0465
23.1882
23.2862
23.3381
23.3416
23.2952
23.2003
23.0595
22.8757
22.6504
22.3846
22.0782
21.7304
21.34
20.905
20.4233
19.8923
19.3096
18.6751
17.9949
17.2944
16.6484
16.2181
16.1791
16.5334
17.1286
17.8195
18.5258
19.2143
19.8741
20.502
21.0981
21.6635
22.1992
22.7062
23.185
23.6357
24.0582
24.4518
24.8152
25.1469
25.4442
25.7043
25.9225
26.0937
26.2109
26.2644
26.2423
23.2135
23.0379
22.8017
22.5119
22.1736
21.7905
21.365
20.8984
20.3915
19.8444
19.2566
18.6285
17.9623
17.2668
16.5691
15.941
15.5334
15.5299
15.9483
16.6104
17.3453
18.0681
18.7473
19.3742
19.9483
20.4716
20.9469
21.3767
21.7631
22.1077
22.4117
22.6753
22.8981
23.0789
23.2153
23.3047
23.3454
23.3379
23.2844
23.1871
23.0477
22.8668
22.6445
22.38
22.0722
21.7192
21.3189
20.8688
20.3665
19.8113
19.2082
18.5805
18
17.6221
17.6056
17.9393
18.4807
19.1025
19.737
20.3568
20.9526
21.5217
22.0639
22.5796
23.0694
23.5339
23.973
24.3867
24.7743
25.1349
25.4669
25.7684
26.0365
26.268
26.4581
26.6011
26.6897
26.7138
26.6607
22.6805
22.4746
22.2087
21.8893
21.521
21.1071
20.6496
20.1498
19.6078
19.0237
18.3969
17.7278
17.0194
16.2825
15.5492
14.901
14.5022
14.5345
14.9937
15.6918
16.4625
17.2244
17.9466
18.6197
19.2428
19.8174
20.346
20.8312
21.275
21.6792
22.0449
22.3727
22.6625
22.9133
23.1236
23.2915
23.4155
23.4958
23.5334
23.53
23.4865
23.4033
23.2805
23.1172
22.9125
22.6648
22.3722
22.0326
21.6441
21.2061
20.7233
20.2155
19.7445
19.442
19.437
19.7162
20.1652
20.6838
21.2184
21.7463
22.2586
22.752
23.2255
23.6785
24.111
24.5224
24.9126
25.2805
25.6253
25.9455
26.2393
26.5042
26.7372
26.9347
27.0913
27.2011
27.2562
27.2461
27.1573
22.2158
21.9849
21.6946
21.3512
20.9589
20.5206
20.0383
19.5127
18.9442
18.3323
17.6768
16.9784
16.2409
15.4773
14.7244
14.0732
13.698
13.7737
14.2719
14.9979
15.7929
16.5805
17.3314
18.0365
18.6944
19.3063
19.8745
20.4015
20.8893
21.3396
21.7538
22.1326
22.4763
22.7846
23.0567
23.2916
23.4887
23.6479
23.77
23.8558
23.9061
23.9213
23.9012
23.8455
23.7536
23.6243
23.4567
23.2494
23.0018
22.7146
22.3931
22.0543
21.7445
21.5531
21.5647
21.7742
22.1114
22.5097
22.9303
23.3541
23.7724
24.1807
24.5767
24.9587
25.3258
25.6768
26.0106
26.326
26.6214
26.895
27.1445
27.3671
27.5594
27.7174
27.8354
27.907
27.9237
27.8744
27.7451
21.8029
21.5512
21.2409
20.878
20.4664
20.009
19.5072
18.9619
18.373
17.7404
17.0638
16.3443
15.5868
14.8064
14.0444
13.401
13.0589
13.1819
13.7174
14.4667
15.2794
16.0847
16.8555
17.5831
18.266
18.9053
19.5032
20.0618
20.5833
21.0695
21.5217
21.9409
22.3277
22.6824
23.0048
23.2947
23.5521
23.777
23.9702
24.1323
24.2639
24.3655
24.4374
24.4796
24.492
24.4744
24.4267
24.3489
24.2418
24.1078
23.9532
23.7923
23.6552
23.5907
23.6414
23.8092
24.0623
24.3648
24.6916
25.028
25.3655
25.6992
26.026
26.3436
26.6503
26.9444
27.2243
27.4885
27.735
27.9617
28.1661
28.3451
28.4949
28.6113
28.6882
28.7188
28.6941
28.6024
28.4288
21.4275
21.1584
20.8319
20.4533
20.0265
19.5539
19.0371
18.4765
17.8722
17.2241
16.532
15.7973
15.026
14.2353
13.4715
12.8432
12.5403
12.7126
13.2836
14.0529
14.879
15.6969
16.4817
17.2253
17.9264
18.586
19.2062
19.7889
20.3364
20.8505
21.3325
21.7837
22.2049
22.5968
22.9596
23.2937
23.5993
23.877
24.1273
24.3509
24.5485
24.7207
24.8679
24.9907
25.0895
25.1646
25.2167
25.2468
25.2568
25.2498
25.2321
25.2146
25.2149
25.2568
25.359
25.5249
25.7425
25.995
26.2679
26.5512
26.8378
27.1232
27.404
27.6778
27.9425
28.1961
28.4368
28.6628
28.872
29.0621
29.2302
29.3732
29.4871
29.5673
29.6076
29.6008
29.5373
29.4051
29.1883
21.0771
20.7939
20.4542
20.0632
19.6244
19.1402
18.6118
18.0397
17.4239
16.7642
16.0607
15.3152
14.5346
13.7383
12.9776
12.37
12.1107
12.3327
12.9371
13.7238
14.5604
15.3873
16.182
16.9371
17.6514
18.326
18.9628
19.5639
20.1315
20.6671
21.1726
21.649
22.0976
22.5191
22.9142
23.2834
23.6274
23.9469
24.2423
24.5145
24.7643
24.9922
25.199
25.3855
25.5521
25.6999
25.8299
25.9434
26.0427
26.1309
26.2131
26.2968
26.3921
26.5104
26.6603
26.8442
27.0579
27.2938
27.5441
27.8023
28.0634
28.3236
28.5798
28.8297
29.071
29.3017
29.52
29.7238
29.9108
30.0786
30.2242
30.3442
30.4344
30.49
30.5045
30.4703
30.3773
30.2129
29.9602
20.7403
20.4458
20.0959
19.6954
19.2476
18.7548
18.218
17.6375
17.0134
16.3454
15.6337
14.8807
14.0941
13.2957
12.5419
11.9593
11.7469
12.0182
12.6537
13.4556
14.3003
15.1336
15.9351
16.6982
17.422
18.1075
18.7568
19.3718
19.9546
20.5071
21.0308
21.5271
21.9973
22.4423
22.863
23.2602
23.6345
23.9868
24.3178
24.6282
24.9189
25.1905
25.4439
25.6798
25.8991
26.1028
26.2921
26.4684
26.6339
26.7913
26.9442
27.0977
27.2575
27.4295
27.618
27.8244
28.0473
28.2831
28.5277
28.7771
29.0277
29.2765
29.5211
29.7592
29.9888
30.208
30.4147
30.6068
30.7821
30.9379
31.0711
31.1782
31.2548
31.2957
31.2943
31.2423
31.1294
30.9422
30.6629
20.4062
20.1031
19.7458
19.3386
18.8848
18.3862
17.8437
17.2578
16.6282
15.9546
15.2376
14.4798
13.6899
12.8922
12.1485
11.5947
11.4315
11.751
12.4152
13.2302
14.0812
14.9188
15.7247
16.4932
17.2234
17.9167
18.575
19.2002
19.7946
20.3599
20.8977
21.4096
21.8967
22.3603
22.8012
23.2204
23.6187
23.9969
24.3559
24.6963
25.019
25.3248
25.6144
25.8887
26.1487
26.3953
26.6296
26.8532
27.0676
27.2752
27.4786
27.681
27.8859
28.0964
28.3149
28.5425
28.7783
29.0208
29.2677
29.5163
29.7642
30.0093
30.2493
30.4825
30.7068
30.9205
31.1216
31.3079
31.4771
31.6265
31.753
31.8528
31.9214
31.9533
31.9416
31.8778
31.7508
31.5467
31.2467
20.0629
19.7543
19.3925
18.9817
18.5247
18.0233
17.4781
16.8895
16.2571
15.5807
14.8609
14.1007
13.3099
12.5153
11.7847
11.263
11.1508
11.5171
12.2075
13.0337
13.8893
14.7294
15.5377
16.3092
17.0435
17.7419
18.4063
19.0389
19.6416
20.2165
20.765
21.2888
21.7891
22.2672
22.724
23.1605
23.5777
23.9763
24.3572
24.7212
25.069
25.4015
25.7195
26.0237
26.3152
26.5947
26.8634
27.1226
27.3736
27.6182
27.8583
28.0959
28.3333
28.5722
28.8142
29.0598
29.3087
29.56
29.8123
30.064
30.3133
30.5584
30.7978
31.0296
31.2522
31.4639
31.6626
31.8463
32.0126
32.1588
32.2815
32.377
32.4406
32.4666
32.4478
32.3752
32.2374
32.0196
31.7024
19.6973
19.3866
19.0236
18.6125
18.1557
17.6546
17.1099
16.5217
15.8895
15.2131
14.4931
13.733
12.9436
12.1545
11.4398
10.9535
10.8935
11.3049
12.019
12.8544
13.713
14.554
15.3629
16.1355
16.8716
17.5727
18.2409
18.8783
19.4868
20.0685
20.6248
21.1575
21.6679
22.157
22.6261
23.0762
23.5081
23.9227
24.3208
24.7033
25.0709
25.4244
25.7645
26.0922
26.408
26.7131
27.0083
27.2946
27.5732
27.8455
28.1128
28.3765
28.638
28.8985
29.159
29.4196
29.6803
29.9406
30.1994
30.4558
30.7083
30.9556
31.1962
31.4288
31.6517
31.8632
32.0615
32.2444
32.4096
32.5543
32.6752
32.7682
32.8286
32.8505
32.8264
32.747
32.6004
32.371
32.0386
19.293
18.9842
18.6242
18.2168
17.7641
17.2673
16.7269
16.1426
15.5141
14.841
14.1239
13.3666
12.5812
11.8002
11.1044
10.6566
10.6498
11.104
11.8394
12.6822
13.542
14.3822
15.19
15.9617
16.6977
17.3995
18.0693
18.7092
19.3211
19.9072
20.469
21.008
21.5256
22.0231
22.5016
22.962
23.4053
23.8324
24.244
24.641
25.0241
25.3941
25.7517
26.0976
26.4327
26.7576
27.0733
27.3805
27.6803
27.9737
28.2616
28.5451
28.8251
29.1024
29.3774
29.6506
29.9216
30.1902
30.4557
30.7173
30.9738
31.2243
31.4674
31.7019
31.9262
32.1387
32.3377
32.5211
32.6863
32.8307
32.9508
33.0426
33.1011
33.1202
33.0921
33.0073
32.8533
32.614
32.2683
18.8283
18.5267
18.1751
17.7765
17.3329
16.8453
16.314
15.7383
15.1179
14.4521
13.7416
12.9907
12.2125
11.4427
10.7692
10.363
10.4101
10.9047
11.6587
12.5067
13.366
14.2036
15.0083
15.7773
16.5112
17.2117
17.8811
18.5214
19.1348
19.7231
20.2881
20.8313
21.354
21.8575
22.3428
22.811
23.2631
23.6997
24.1219
24.5303
24.9256
25.3086
25.6799
26.0403
26.3904
26.731
27.0627
27.3863
27.7026
28.0123
28.3163
28.6152
28.9096
29.2002
29.4871
29.7707
30.0507
30.3269
30.5988
30.8656
31.1266
31.3807
31.6269
31.864
32.0905
32.3049
32.5054
32.6899
32.8562
33.0011
33.1214
33.2129
33.2705
33.2878
33.2569
33.1679
33.0078
32.7601
32.4026
18.2729
17.9858
17.6495
17.2668
16.8392
16.3674
15.8514
15.2906
14.6841
14.0312
13.3327
12.5928
11.826
11.0714
10.4241
10.063
10.164
10.6963
11.4661
12.317
13.1735
14.0065
14.8061
15.5704
16.3001
16.9973
17.6642
18.303
18.9159
19.5046
20.0709
20.6163
21.1422
21.6497
22.1399
22.6138
23.0724
23.5165
23.9468
24.3641
24.769
25.1623
25.5446
25.9165
26.2787
26.6317
26.9762
27.3129
27.6423
27.965
28.2817
28.5929
28.899
29.2004
29.4973
29.7898
30.0777
30.3608
30.6387
30.9108
31.1763
31.4345
31.6842
31.9243
32.1535
32.3704
32.5731
32.7596
32.9275
33.0738
33.1952
33.2873
33.3448
33.3615
33.329
33.237
33.0723
32.8176
32.45
17.5824
17.3199
17.0089
16.6517
16.2494
15.8027
15.3111
14.7738
14.1896
13.5577
12.8784
12.1565
11.4072
10.6732
10.0572
9.74485
9.89964
10.4665
11.2487
12.0995
12.9506
13.7763
14.5684
15.3255
16.0488
16.7406
17.4032
18.0387
18.6492
19.2366
19.8027
20.3487
20.8761
21.386
21.8795
22.3576
22.8211
23.2708
23.7075
24.1318
24.5445
24.9461
25.3373
25.7186
26.0906
26.4538
26.8089
27.1562
27.4963
27.8298
28.157
28.4784
28.7942
29.1048
29.4103
29.7107
30.0058
30.2954
30.5791
30.8565
31.1267
31.3892
31.6428
31.8865
32.1191
32.339
32.5446
32.7338
32.9041
33.0527
33.1759
33.2696
33.3283
33.3453
33.3125
33.219
33.0512
32.7913
32.4156
