32.2647
32.5666
32.7632
32.8754
32.919
32.9064
32.8469
32.7482
32.6162
32.4558
32.2707
32.0643
31.8389
31.5967
31.3394
31.0683
30.7845
30.489
30.1824
29.8652
29.5379
29.2008
28.8541
28.498
28.1325
27.7576
27.3733
26.9794
26.5759
26.1624
25.7387
25.3046
24.8596
24.4034
23.9354
23.4552
22.9622
22.4557
21.9349
21.399
20.8471
20.2782
19.6911
19.0845
18.4572
17.8076
17.1342
16.4356
15.7105
14.9582
14.1799
13.3802
12.572
11.7855
11.0863
10.595
10.4546
10.7086
11.2523
11.9423
12.6816
13.4214
14.1399
14.828
15.4824
16.1022
16.688
17.2405
17.7606
18.2489
18.706
19.1319
19.5267
19.8895
20.2194
20.5145
20.7727
20.9901
21.1619
32.3723
32.6674
32.8596
32.9691
33.0114
32.9983
32.9392
32.8413
32.7107
32.5519
32.3688
32.1644
31.9413
31.7015
31.4466
31.1781
30.8969
30.6039
30.2998
29.9852
29.6604
29.3258
28.9815
28.6277
28.2643
27.8915
27.5091
27.117
26.715
26.303
25.8806
25.4474
25.0032
24.5475
24.0799
23.5997
23.1063
22.5992
22.0775
21.5403
20.9867
20.4157
19.8261
19.2167
18.586
17.9327
17.2552
16.5521
15.8222
15.0652
14.2825
13.4795
12.6703
11.8882
11.204
10.7436
10.6466
10.9408
11.5114
12.2175
12.9677
13.7169
14.4448
15.1428
15.8081
16.4397
17.0381
17.6038
18.1378
18.6406
19.1124
19.5535
19.9635
20.3416
20.6866
20.9967
21.2689
21.4995
21.6833
32.4399
32.7272
32.9141
33.0201
33.0603
33.0462
32.9869
32.8895
32.7599
32.6025
32.4211
32.2188
31.9979
31.7605
31.5081
31.2422
30.9637
30.6735
30.3723
30.0605
29.7386
29.4067
29.0652
28.7141
28.3534
27.9831
27.6031
27.2132
26.8134
26.4033
25.9826
25.5511
25.1083
24.6538
24.187
23.7075
23.2146
22.7076
22.1857
21.648
21.0936
20.5215
19.9303
19.319
18.6861
18.03
17.3495
16.6431
15.9097
15.1493
14.3634
13.5583
12.7496
11.9735
11.3061
10.8786
10.8254
11.1579
11.7528
12.4725
13.2312
13.987
14.7213
15.4261
16.0987
16.7384
17.3454
17.9204
18.4641
18.9768
19.459
19.9105
20.331
20.7194
21.0747
21.3943
21.6755
21.914
22.1043
32.4686
32.7473
32.9281
33.03
33.0675
33.0519
32.9921
32.8949
32.766
32.6099
32.4302
32.2299
32.0113
31.7764
31.5268
31.2638
30.9884
30.7013
30.4033
30.0948
29.7762
29.4477
29.1095
28.7616
28.4042
28.037
27.66
27.2731
26.876
26.4685
26.0503
25.6211
25.1804
24.7278
24.2627
23.7847
23.2931
22.787
22.2659
21.7286
21.1744
20.602
20.0104
19.3981
18.7639
18.1063
17.4238
16.7152
15.9794
15.2164
14.4285
13.6224
12.8155
12.0469
11.3982
11.0053
10.996
11.365
11.982
12.7134
13.4786
14.2392
14.9776
15.6869
16.3643
17.0093
17.6222
18.2034
18.7536
19.2732
19.7623
20.2209
20.6483
21.0436
21.4052
21.7307
22.017
22.2596
22.4525
32.4583
32.7278
32.9019
32.9991
33.0335
33.016
32.9553
32.8581
32.7299
32.5751
32.3971
32.1989
31.9828
31.7507
31.5042
31.2444
30.9725
30.6891
30.3949
30.0902
29.7756
29.4511
29.1169
28.773
28.4194
28.0561
27.683
27.2998
26.9063
26.5022
26.0873
25.6612
25.2235
24.7737
24.3113
23.8357
23.3462
22.8421
22.3226
21.7869
21.2338
20.6623
20.0711
19.459
18.8246
18.1665
17.4831
16.7732
16.036
15.2716
14.4826
13.6766
12.8725
12.1128
11.4847
11.1281
11.1624
11.5663
12.2035
12.9448
13.7153
14.479
15.2201
15.9321
16.6125
17.2608
17.8773
18.4625
19.0169
19.5409
20.0344
20.4974
20.9291
21.3284
21.6936
22.0222
22.3108
22.5546
22.7474
32.408
32.6675
32.8343
32.9263
32.9572
32.9376
32.8758
32.7785
32.6509
32.4973
32.3212
32.1253
31.912
31.683
31.44
31.184
30.9161
30.637
30.3473
30.0473
29.7373
29.4176
29.0883
28.7493
28.4006
28.0421
27.6737
27.2951
26.9062
26.5065
26.0959
25.674
25.2402
24.7942
24.3354
23.8633
23.3771
22.8761
22.3594
21.8262
21.2754
20.7059
20.1164
19.5056
18.8722
18.2146
17.5314
16.8214
16.0837
15.3189
14.5297
13.7247
12.9245
12.1751
11.5694
11.2506
11.3284
11.7654
12.4209
13.171
13.9454
14.7112
15.4538
16.1671
16.849
17.4991
18.1176
18.705
19.2618
19.7882
20.2842
20.7496
21.1835
21.5848
21.9515
22.281
22.5696
22.8125
23.0029
32.3154
32.5644
32.7234
32.8098
32.8367
32.8147
32.7517
32.6541
32.5271
32.3748
32.2007
32.0074
31.7972
31.5718
31.3328
31.0812
30.8181
30.544
30.2595
29.9651
29.6608
29.3469
29.0235
28.6904
28.3476
27.9951
27.6325
27.2597
26.8764
26.4823
26.0771
25.6605
25.2319
24.7909
24.3369
23.8694
23.3878
22.891
22.3785
21.8492
21.302
20.7357
20.1492
19.5411
18.9098
18.2539
17.5721
16.863
16.126
15.3617
14.5733
13.7702
12.975
12.2373
11.656
11.3764
11.4973
11.9656
12.638
13.3955
14.173
14.94
15.6829
16.3966
17.0789
17.7294
18.3486
18.9368
19.4945
20.0219
20.5188
20.985
21.4195
21.8209
22.1874
22.5161
22.8032
23.0434
23.2297
32.1776
32.4154
32.566
32.6463
32.669
32.6442
32.5797
32.4818
32.3554
32.2046
32.0326
31.8422
31.6354
31.4141
31.1797
30.9332
30.6756
30.4075
30.1293
29.8414
29.544
29.2371
28.9207
28.5949
28.2593
27.914
27.5586
27.1928
26.8165
26.4293
26.0309
25.6209
25.1988
24.7641
24.3164
23.855
23.3793
22.8884
22.3814
21.8575
21.3154
20.754
20.172
19.5678
18.9402
18.2875
17.6084
16.9015
16.1663
15.4035
14.6169
13.8167
13.0276
12.3031
11.748
11.509
11.6724
12.1704
12.858
13.622
14.4017
15.1689
15.9116
16.6246
17.3063
17.9563
18.5751
19.163
19.7203
20.2474
20.7439
21.2095
21.6433
22.0436
22.4085
22.7349
23.019
23.2551
23.4361
31.9908
32.2166
32.3583
32.4319
32.45
32.4221
32.3559
32.2574
32.1315
31.9822
31.8125
31.6252
31.4224
31.2057
30.9765
30.7359
30.4847
30.2236
29.9528
29.6727
29.3834
29.0849
28.7772
28.46
28.1332
27.7965
27.4498
27.0927
26.7249
26.3462
25.956
25.5542
25.1401
24.7135
24.2736
23.82
23.3519
22.8685
22.3689
21.8522
21.317
20.7622
20.1865
19.5882
18.9659
18.318
17.643
16.9398
16.2077
15.4477
14.664
13.8679
13.086
12.3764
11.8495
11.6523
11.8574
12.3833
13.0847
13.8542
14.6353
15.4022
16.1437
16.8553
17.5355
18.1841
18.8014
19.3879
19.9439
20.4695
20.9646
21.4285
21.8603
22.2583
22.6204
22.9435
23.2233
23.4542
23.6286
31.7504
31.9636
32.0956
32.162
32.1748
32.1433
32.075
31.9757
31.8502
31.7022
31.5349
31.3509
31.1523
30.9407
30.7174
30.4835
30.2398
29.9868
29.7248
29.454
29.1744
28.8859
28.5883
28.2815
27.9652
27.6391
27.3028
26.9561
26.5986
26.2301
25.85
25.4582
25.054
24.6372
24.2071
23.7632
23.3048
22.831
22.3409
21.8335
21.3076
20.7617
20.1944
19.6041
18.9892
18.3481
17.6792
16.9813
16.2539
15.4982
14.7187
13.9279
13.1548
12.4616
11.9649
11.8105
12.0563
12.6085
13.3224
14.0964
14.8781
15.6439
16.3835
17.0928
17.7707
18.417
19.032
19.6162
20.1698
20.693
21.1855
21.6468
22.0755
22.4703
22.8284
23.147
23.4215
23.6461
23.8129
31.4518
31.6514
31.7727
31.831
31.8378
31.8021
31.7311
31.6305
31.5049
31.358
31.1931
31.0124
30.8182
30.6121
30.3954
30.1691
29.934
29.6904
29.4386
29.1786
28.9105
28.6338
28.3485
28.0541
27.7502
27.4366
27.1128
26.7785
26.4334
26.077
25.7092
25.3293
24.9372
24.5323
24.1142
23.6823
23.2359
22.7743
22.2964
21.8011
21.2871
20.7529
20.1968
19.6173
19.0125
18.3807
17.7202
17.0298
16.3091
15.5594
14.7857
14.0018
13.2389
12.5641
12.0996
11.9889
12.2743
12.8509
13.5759
14.3533
15.1349
15.8987
16.6357
17.342
18.0167
18.6597
19.2714
19.8524
20.4027
20.9225
21.4115
21.869
22.2937
22.6841
23.0375
23.3504
23.6187
23.8359
23.9941
31.0901
31.2748
31.3844
31.4334
31.433
31.3921
31.3175
31.2147
31.0884
30.9421
30.779
30.6016
30.4119
30.2115
30.002
29.7841
29.5587
29.3259
29.086
28.8389
28.5842
28.3216
28.0506
27.7708
27.4817
27.1828
26.8738
26.5542
26.2236
25.8817
25.5282
25.1627
24.7848
24.3943
23.9907
23.5735
23.1421
22.6957
22.2332
21.7534
21.2549
20.736
20.1948
19.6295
19.0382
18.4189
17.7699
17.0899
16.3783
15.6369
14.8711
14.0958
13.3449
12.6906
12.2604
12.1939
12.5177
13.1169
13.8514
14.6312
15.4115
16.1725
16.9058
17.6081
18.2787
18.9174
19.5249
20.1015
20.6475
21.1629
21.6473
22.1
22.5197
22.9047
23.2522
23.5586
23.8196
24.0285
24.177
30.6611
30.8292
30.9253
30.9635
30.9544
30.9068
30.8271
30.7209
30.5926
30.4459
30.2838
30.109
29.9235
29.729
29.527
29.3185
29.1039
28.8837
28.6577
28.4255
28.1867
27.9406
27.6866
27.424
27.1521
26.8705
26.5786
26.2761
25.9624
25.6373
25.3005
24.9517
24.5906
24.2171
23.8308
23.4313
23.0182
22.5906
22.1476
21.6877
21.2092
20.7103
20.1887
19.6423
19.0689
18.4664
17.8329
17.1669
16.4679
15.7377
14.9824
14.2181
13.4814
12.8499
12.4561
12.4342
12.7947
13.4144
14.1568
14.9375
15.7154
16.4724
17.2008
17.8978
18.563
19.1963
19.7983
20.3694
20.9098
21.4196
21.8983
22.3452
22.7587
23.1372
23.4778
23.7768
24.0291
24.2286
24.3664
30.1619
30.3111
30.3915
30.4165
30.3966
30.3399
30.253
30.1413
30.0092
29.8603
29.6977
29.5242
29.342
29.1531
28.9588
28.7603
28.5581
28.3523
28.1426
27.9282
27.7083
27.4818
27.2478
27.0054
26.7537
26.4921
26.22
25.9369
25.6425
25.3365
25.0186
24.6888
24.3469
23.9929
23.6266
23.2481
22.857
22.4526
22.034
21.5994
21.147
20.6742
20.1784
19.6571
19.1077
18.5277
17.915
17.268
16.5862
15.8713
15.13
14.3797
13.6601
13.054
12.6985
12.7213
13.1165
13.7542
14.5023
15.2822
16.0559
16.8071
17.529
18.2192
18.8773
19.5037
20.0987
20.6628
21.1963
21.6991
22.1708
22.6104
23.0165
23.3873
23.7197
24.0099
24.2526
24.4415
24.5672
29.5917
29.7192
29.7808
29.7896
29.7555
29.6866
29.5893
29.4689
29.3298
29.1758
29.0101
28.8357
28.6551
28.4705
28.2836
28.0958
27.9075
27.7186
27.5284
27.3356
27.1385
26.9357
26.7257
26.5071
26.279
26.0406
25.7911
25.5301
25.2573
24.9725
24.6755
24.3665
24.0455
23.713
23.3692
23.0145
22.649
22.2726
21.8842
21.4819
21.0632
20.6247
20.1632
19.6753
19.1578
18.608
18.0235
17.4025
16.7442
16.0503
15.328
14.5958
13.8969
13.3192
13.0041
13.071
13.4983
14.1509
14.9019
15.6781
16.4451
17.1881
17.9011
18.5822
19.2312
19.8484
20.4344
20.9897
21.5145
22.0086
22.4716
22.9025
23.2996
23.6612
23.9839
24.2639
24.4957
24.6725
24.7848
28.9534
29.0556
29.0946
29.083
29.0305
28.9449
28.8326
28.6987
28.5479
28.3841
28.2109
28.0316
27.8491
27.6663
27.4856
27.3085
27.1359
26.9672
26.8011
26.635
26.4665
26.293
26.1123
25.9227
25.7227
25.5113
25.2879
25.0519
24.8031
24.5414
24.2667
23.9795
23.6803
23.3699
23.0495
22.7202
22.3833
22.0393
21.6876
21.3261
20.9511
20.5578
20.1416
19.698
19.2232
18.714
18.1677
17.582
16.956
16.2914
15.5954
14.8877
14.2143
13.669
13.396
13.5056
13.9611
14.624
15.3736
16.1421
16.8985
17.6296
18.3303
18.9991
19.6359
20.2412
20.8156
21.3595
21.8732
22.3564
22.8087
23.2288
23.6154
23.9657
24.2771
24.5452
24.7644
24.9275
25.0247
28.2547
28.3273
28.3391
28.302
28.2257
28.1175
27.9839
27.8301
27.6608
27.4802
27.2924
27.1012
26.9107
26.7246
26.5464
26.379
26.2236
26.0795
25.9439
25.8125
25.6809
25.545
25.4014
25.2478
25.0822
24.9035
24.7108
24.5037
24.2819
24.0453
23.7943
23.5293
23.2513
22.9619
22.6632
22.3582
22.05
21.7412
21.4327
21.1218
20.803
20.4689
20.1123
19.7273
19.3091
18.8539
18.3588
17.8213
17.2402
16.6168
15.958
15.2843
14.6441
14.1361
13.9069
14.0562
14.5335
15.1998
15.9411
16.6955
17.4354
18.1491
18.8325
19.4842
20.1046
20.6941
21.2534
21.7827
22.2823
22.7518
23.1906
23.5976
23.971
24.3082
24.6062
24.8604
25.065
25.2125
25.2928
27.5086
27.5472
27.5268
27.4587
27.3522
27.2146
27.0521
26.8699
26.6729
26.4657
26.2529
26.0392
25.8299
25.6307
25.4474
25.2853
25.1475
25.0334
24.9378
24.8528
24.7705
24.6842
24.5889
24.4814
24.3593
24.2213
24.0664
23.8941
23.7041
23.4964
23.2712
23.0291
22.7713
22.4999
22.2185
21.9323
21.6479
21.3728
21.1113
20.8616
20.6143
20.3569
20.0777
19.7685
19.4236
19.039
18.6115
18.1388
17.6193
17.0538
16.4487
15.8239
15.2289
14.7659
14.5815
14.7643
15.253
15.9112
16.633
17.3634
18.0776
18.766
19.4249
20.0533
20.6515
21.2201
21.7595
22.27
22.7516
23.204
23.6262
24.017
24.3745
24.6959
24.978
25.2161
25.4038
25.5335
25.5946
26.7332
26.734
26.6767
26.5723
26.4295
26.2552
26.0555
25.8356
25.6003
25.3543
25.1028
24.8515
24.6072
24.3783
24.1747
24.007
23.8836
23.8052
23.763
23.7415
23.7263
23.7064
23.6749
23.6274
23.5615
23.4755
23.3687
23.2405
23.0906
22.9187
22.7247
22.5091
22.2726
22.0174
21.7477
21.4712
21.1998
20.9491
20.7331
20.5533
20.3945
20.2333
20.051
19.8361
19.5825
19.2863
18.9448
18.556
18.1185
17.6328
17.1042
16.5507
16.0202
15.6139
15.4747
15.6798
16.1623
16.7937
17.4793
18.1708
18.8469
19.4989
20.1237
20.7205
21.2894
21.8307
22.3446
22.8312
23.2903
23.7212
24.123
24.4941
24.8326
25.1352
25.3986
25.6178
25.7861
25.8956
25.935
25.9506
25.9107
25.8132
25.6683
25.4841
25.2672
25.0231
24.7567
24.4726
24.1755
23.8705
23.5638
23.2637
22.9816
22.7332
22.5387
22.4183
22.3798
22.4082
22.4735
22.5487
22.6169
22.6687
22.699
22.7051
22.6859
22.6408
22.5696
22.472
22.3476
22.1957
22.0161
21.8086
21.5743
21.3166
21.0439
20.7734
20.5327
20.3531
20.2463
20.1887
20.1395
20.0689
19.9627
19.8147
19.622
19.3827
19.096
18.7611
18.3787
17.9536
17.5009
17.0622
16.7304
16.636
16.8454
17.2955
17.8741
18.501
19.1346
19.7568
20.3594
20.9392
21.495
22.0263
22.5331
23.0152
23.4722
23.9037
24.3087
24.686
25.0337
25.3495
25.6302
25.872
26.0695
26.2158
26.3024
26.3176
25.1836
25.1022
24.9631
24.7756
24.5473
24.2842
23.9912
23.6725
23.3323
22.9745
22.6038
22.2262
21.8505
21.4903
21.1674
20.9158
20.7774
20.7774
20.8941
21.0719
21.2634
21.4432
21.5991
21.7257
21.821
21.8845
21.9166
21.9176
21.8875
21.826
21.7323
21.6053
21.4436
21.2466
21.0156
20.7572
20.4907
20.2553
20.1031
20.0617
20.1008
20.1607
20.2002
20.2028
20.1629
20.0784
19.949
19.7745
19.5557
19.2941
18.9947
18.6699
18.3525
18.1164
18.0677
18.2612
18.6501
19.1486
19.6937
20.2511
20.8043
21.345
21.8692
22.375
22.861
23.3265
23.7707
24.1928
24.5919
24.9667
25.3155
25.6362
25.9261
26.1818
26.399
26.5719
26.6937
26.7548
26.7433
24.4533
24.3315
24.1515
23.9221
23.65
23.3405
22.9979
22.6257
22.227
21.8051
21.3636
20.9077
20.4455
19.9918
19.5739
19.241
19.0637
19.0945
19.3073
19.6138
19.9394
20.2473
20.5227
20.7599
20.9578
21.1172
21.2396
21.3263
21.3781
21.3951
21.3766
21.3216
21.2282
21.0946
20.9201
20.709
20.4788
20.2731
20.155
20.1618
20.2647
20.3998
20.5219
20.6122
20.6644
20.6768
20.6495
20.583
20.479
20.34
20.1714
19.9841
19.8019
19.6753
19.6761
19.8452
20.1589
20.5636
21.015
21.486
21.9613
22.4325
22.8945
23.3443
23.7797
24.1991
24.6011
24.9844
25.3475
25.6887
26.0059
26.2967
26.558
26.7862
26.9763
27.1225
27.2173
27.2508
27.2102
23.7755
23.6162
23.3984
23.13
22.8171
22.4644
22.0755
21.6531
21.1996
20.7172
20.2085
19.6777
19.1323
18.5878
18.0767
17.6628
17.4445
17.5001
17.7999
18.2276
18.6836
19.1191
19.515
19.8657
20.1705
20.4313
20.6503
20.83
20.9719
21.0772
21.1458
21.1773
21.1704
21.1238
21.0367
20.9123
20.765
20.6324
20.5693
20.6094
20.7346
20.8977
21.0607
21.204
21.3196
21.4045
21.4582
21.4812
21.4752
21.4431
21.3902
21.3255
21.2662
21.2427
21.2954
21.4506
21.7021
22.0237
22.3886
22.7773
23.1771
23.5795
23.9791
24.3722
24.7559
25.1279
25.4863
25.8292
26.1546
26.4606
26.7446
27.004
27.2351
27.4341
27.5957
27.7137
27.78
27.7841
27.7128
23.1593
22.9667
22.7154
22.4126
22.0641
21.6737
21.2446
20.7789
20.2782
19.7442
19.1786
18.5852
17.9713
17.354
16.7712
16.2998
16.0588
16.141
16.5101
17.0323
17.5939
18.1369
18.6385
19.0916
19.4957
19.8526
20.1652
20.4363
20.6683
20.8627
21.0208
21.1431
21.2293
21.2795
21.2941
21.2769
21.2394
21.2072
21.216
21.2892
21.4211
21.587
21.7619
21.9298
22.0818
22.2139
22.3243
22.413
22.4811
22.5313
22.5677
22.5977
22.6326
22.6899
22.7901
22.9482
23.165
23.4305
23.7309
24.054
24.3904
24.7332
25.0772
25.4186
25.7542
26.0815
26.3982
26.7021
26.991
27.2623
27.5135
27.7414
27.9423
28.112
28.2447
28.3339
28.371
28.3451
28.2421
22.6069
22.3857
22.1058
21.7742
21.3958
20.9744
20.5124
20.0116
19.4733
18.8987
18.2893
17.6487
16.985
16.3176
15.69
15.1902
14.9502
15.065
15.4878
16.076
16.7119
17.3343
17.9177
18.4535
18.9404
19.3801
19.7751
20.1283
20.4423
20.7192
20.9608
21.1683
21.3428
21.4853
21.5978
21.6843
21.7533
21.8204
21.9051
22.0215
22.1705
22.3423
22.5242
22.7056
22.8795
23.0419
23.1906
23.3251
23.446
23.5551
23.6556
23.7527
23.8535
23.9679
24.1064
24.277
24.4818
24.7175
24.978
25.2564
25.5467
25.8438
26.1434
26.4421
26.7372
27.0259
27.3059
27.5748
27.8303
28.0698
28.2903
28.4887
28.6609
28.8023
28.907
28.9681
28.9765
28.9208
28.7861
22.1147
21.8694
21.5659
21.2107
20.8084
20.3622
19.8745
19.3468
18.78
18.1751
17.534
16.8603
16.1636
15.4656
14.8154
14.3102
14.0888
14.241
14.707
15.3406
16.0259
16.7026
17.3445
17.942
18.4931
18.9987
19.4611
19.8828
20.2664
20.6141
20.928
21.2098
21.4614
21.6844
21.8812
22.0558
22.2143
22.3656
22.5203
22.6863
22.8662
23.0573
23.2541
23.4512
23.6443
23.8303
24.0075
24.1755
24.3344
24.4856
24.6314
24.775
24.9211
25.0752
25.2427
25.4281
25.6331
25.8567
26.0962
26.348
26.6084
26.8739
27.1415
27.4083
27.6718
27.9297
28.1797
28.4195
28.6467
28.8587
29.0524
29.2244
29.3706
29.4862
29.565
29.5996
29.5807
29.4962
29.3307
21.675
21.4098
21.0871
20.713
20.2918
19.8267
19.3194
18.7714
18.1837
17.5573
16.8939
16.1982
15.4806
14.7658
14.1081
13.6122
13.4204
13.6124
14.1154
14.7816
15.5001
16.2131
16.8954
17.537
18.1353
18.6909
19.2056
19.6816
20.1213
20.5268
20.9003
21.2437
21.5591
21.8484
22.1142
22.3597
22.5893
22.8085
23.0232
23.2379
23.4552
23.6749
23.8951
24.1135
24.328
24.5368
24.7391
24.9345
25.1232
25.3064
25.4854
25.6627
25.841
26.0236
26.2134
26.413
26.6235
26.8446
27.0751
27.3129
27.5559
27.8017
28.048
28.2927
28.5336
28.7687
28.9959
29.213
29.4177
29.6072
29.7786
29.9284
30.0522
30.1452
30.2009
30.2116
30.1676
30.0563
29.8614
21.2774
20.996
20.658
20.2691
19.8334
19.3537
18.8319
18.2692
17.6664
17.0247
16.3463
15.636
14.906
14.1834
13.5277
13.0502
12.8942
13.1271
13.6629
14.3542
15.0957
15.8335
16.5434
17.2159
17.8484
18.4409
18.9949
19.5125
19.9958
20.4468
20.8677
21.2604
21.627
21.9693
22.2898
22.5912
22.8766
23.1496
23.4138
23.6722
23.9267
24.1779
24.4255
24.6688
24.907
25.1394
25.3657
25.5858
25.8001
26.0095
26.2151
26.4185
26.6214
26.826
27.0339
27.2466
27.4647
27.6884
27.9168
28.1488
28.3829
28.6176
28.851
29.0815
29.3074
29.5268
29.7377
29.9382
30.1259
30.2981
30.452
30.5838
30.6892
30.7632
30.7991
30.7889
30.7224
30.5866
30.3645
20.9109
20.6164
20.2663
19.8661
19.4195
18.9291
18.3967
17.8233
17.2099
16.5577
15.869
15.1496
14.4126
13.6882
13.0406
12.5872
12.4707
12.7443
13.3099
14.0216
14.7799
15.5347
16.2638
16.9581
17.6149
18.2342
18.8174
19.3662
19.8827
20.3689
20.8266
21.2578
21.6645
22.0484
22.4118
22.7567
23.0856
23.4011
23.7055
24.0009
24.2889
24.5703
24.8453
25.1141
25.3765
25.6323
25.8817
26.1248
26.3622
26.5945
26.8226
27.0478
27.2711
27.494
27.7175
27.9424
28.1694
28.3982
28.6286
28.8597
29.0906
29.32
29.5466
29.769
29.9857
30.195
30.3951
30.5841
30.7597
30.9194
31.06
31.1779
31.2688
31.3273
31.3467
31.3186
31.2326
31.0749
30.8279
20.5638
20.2591
19.8999
19.4913
19.0367
18.5388
17.9991
17.4185
16.7979
16.1387
15.4435
14.7185
13.9785
13.2561
12.6207
12.1956
12.1207
12.4343
13.0271
13.7558
14.5267
15.2937
16.0361
16.7456
17.4197
18.0583
18.6629
19.2349
19.7764
20.2891
20.775
21.2359
21.6736
22.0897
22.4862
22.865
23.2278
23.5767
23.9133
24.2394
24.556
24.8642
25.1643
25.4569
25.742
26.0199
26.2908
26.5552
26.8134
27.0662
27.3142
27.5583
27.7994
28.0384
28.2759
28.5126
28.7488
28.9844
29.2192
29.4526
29.6838
29.912
30.1359
30.3544
30.5662
30.7697
30.9633
31.145
31.3125
31.4634
31.5946
31.7023
31.782
31.8283
31.8343
31.7913
31.6883
31.5114
31.2421
20.2243
19.9121
19.5465
19.1323
18.6728
18.1701
17.6258
17.0409
16.4161
15.7527
15.0538
14.3261
13.5858
12.8684
12.2487
11.8548
11.8228
12.1752
12.7929
13.5359
14.3166
15.0921
15.8436
16.5636
17.2498
17.9022
18.5222
19.1113
19.6712
20.2039
20.7112
21.1946
21.6559
22.0968
22.5189
22.9237
23.3128
23.6879
24.0502
24.4011
24.7416
25.0726
25.3946
25.7081
26.0136
26.3113
26.6017
26.8851
27.1619
27.4329
27.6985
27.9593
28.2162
28.4695
28.72
28.9679
29.2135
29.4567
29.6973
29.9349
30.1689
30.3984
30.6225
30.8402
31.0502
31.251
31.4412
31.6187
31.7814
31.9266
32.0514
32.1518
32.2233
32.2602
32.2555
32.2001
32.0829
31.8892
31.5997
19.8798
19.5629
19.1938
18.7769
18.3152
17.8107
17.2647
16.6781
16.0517
15.3868
14.6867
13.9588
13.2206
12.5107
11.9092
11.5491
11.5609
11.9505
12.5909
13.3461
14.134
14.9154
15.6729
16.3999
17.0942
17.7562
18.387
18.9882
19.5617
20.1091
20.6322
21.1326
21.6119
22.0716
22.5132
22.938
23.3475
23.743
24.1256
24.4964
24.8564
25.2063
25.5467
25.8782
26.2012
26.5162
26.8235
27.1235
27.4167
27.7035
27.9845
28.2602
28.5309
28.7973
29.0596
29.3181
29.5729
29.8241
30.0712
30.3141
30.5522
30.7848
31.011
31.2299
31.4402
31.6408
31.8298
32.0055
32.1657
32.3077
32.4284
32.5239
32.5896
32.6195
32.6064
32.5411
32.4119
32.2035
31.8961
19.5163
19.198
18.8287
18.4123
17.9515
17.4483
16.9037
16.3184
15.6931
15.0294
14.3305
13.6047
12.8709
12.171
11.5904
11.2663
11.3221
11.7473
12.4083
13.1735
13.9667
14.7517
15.5126
16.2436
16.9429
17.611
18.249
18.8587
19.4416
19.9996
20.5343
21.0472
21.5399
22.0137
22.4701
22.9102
23.3354
23.7467
24.1453
24.5319
24.9076
25.2729
25.6286
25.9751
26.313
26.6425
26.9643
27.2785
27.5858
27.8864
28.1807
28.4692
28.7523
29.0302
29.3032
29.5715
29.8352
30.0941
30.3481
30.5969
30.8399
31.0766
31.3061
31.5276
31.7398
31.9416
32.1312
32.3069
32.4663
32.607
32.7255
32.8181
32.8798
32.9047
32.8852
32.8119
32.6727
32.4517
32.1284
19.1168
18.8012
18.4355
18.0235
17.5676
17.0693
16.5296
15.9491
15.3283
14.6688
13.974
13.253
12.5261
11.8386
11.2816
10.9956
11.0955
11.5545
12.2338
13.0072
13.8037
14.5901
15.3522
16.0848
16.7864
17.4577
18.1
18.7149
19.3041
19.8693
20.412
20.9339
21.4363
21.9206
22.388
22.8397
23.2769
23.7004
24.1114
24.5106
24.8987
25.2766
25.6447
26.0036
26.3538
26.6956
27.0295
27.3559
27.6751
27.9874
28.2932
28.5929
28.8866
29.1747
29.4573
29.7346
30.0065
30.273
30.5337
30.7886
31.037
31.2783
31.5119
31.7368
31.952
32.156
32.3475
32.5243
32.6845
32.8251
32.943
33.0341
33.0935
33.115
33.0909
33.0114
32.8639
32.6323
32.2951
18.6594
18.3517
17.9949
17.5922
17.146
16.6575
16.1274
15.556
14.9439
14.2925
13.6055
12.8925
12.1756
11.5035
10.9729
10.7271
10.8709
11.3617
12.057
12.8364
13.6342
14.4201
15.1812
15.913
16.6146
17.2866
17.9305
18.548
19.1407
19.7102
20.2583
20.7862
21.2954
21.7871
22.2626
22.7229
23.1691
23.602
24.0226
24.4316
24.8298
25.2177
25.5959
25.965
26.3253
26.6774
27.0215
27.3581
27.6874
28.0097
28.3254
28.6347
28.9378
29.2348
29.5261
29.8114
30.0909
30.3645
30.6318
30.8927
31.1466
31.3929
31.631
31.86
32.0787
32.2859
32.4799
32.659
32.8208
32.9626
33.081
33.172
33.2304
33.2499
33.2227
33.1386
32.9846
32.7441
32.3948
18.1135
17.8208
17.4798
17.0935
16.6637
16.1913
15.677
15.1208
14.523
13.8851
13.2108
12.5104
11.8074
11.1544
10.6537
10.4502
10.6375
11.1578
11.8667
12.6499
13.4467
14.2297
14.9876
15.7163
16.4155
17.0859
17.7291
18.3468
18.9406
19.5122
20.0631
20.5947
21.1083
21.6052
22.0863
22.5529
23.0058
23.4458
23.8739
24.2906
24.6967
25.0927
25.4792
25.8567
26.2256
26.5862
26.939
27.2842
27.6221
27.9531
28.2773
28.595
28.9063
29.2113
29.5102
29.803
30.0896
30.3698
30.6434
30.9102
31.1696
31.4212
31.6641
31.8975
32.1202
32.3311
32.5286
32.7106
32.875
33.0189
33.1389
33.2308
33.2895
33.3085
33.2795
33.1923
33.0336
32.7859
32.4263
17.4345
17.1669
16.8516
16.4912
16.087
15.64
15.1503
14.6177
14.0425
13.4258
12.7714
12.09
11.4067
10.7779
10.3113
10.1525
10.3827
10.9298
11.6493
12.4335
13.2267
14.0043
14.7563
15.4796
16.1739
16.8405
17.4808
18.0966
18.6895
19.2611
19.8129
20.3462
20.8623
21.3624
21.8475
22.3185
22.7764
23.2219
23.6557
24.0786
24.4912
24.8939
25.2873
25.6719
26.048
26.416
26.7762
27.129
27.4745
27.8131
28.1449
28.4701
28.7888
29.1012
29.4072
29.7068
30.0001
30.2867
30.5665
30.8392
31.1042
31.3611
31.6091
31.8473
32.0747
32.2898
32.4913
32.677
32.8448
32.9917
33.1142
33.2083
33.2684
33.2881
33.259
33.1703
33.0085
32.7556
32.3878
