32.2366
32.5382
32.7344
32.8463
32.8896
32.8765
32.8167
32.7177
32.5854
32.4247
32.2396
32.033
31.8077
31.5656
31.3084
31.0376
30.7541
30.4589
30.1527
29.8359
29.5089
29.1721
28.8256
28.4695
28.1039
27.7288
27.3441
26.9496
26.5453
26.1309
25.7062
25.2708
24.8245
24.3667
23.8971
23.4151
22.9202
22.4116
21.8887
21.3506
20.7964
20.2251
19.6356
19.0266
18.397
17.7452
17.0699
16.3698
15.644
14.8924
14.1166
13.3222
12.5232
11.7508
11.0711
10.6009
10.4744
10.7328
11.2767
11.9647
12.7004
13.4359
14.1503
14.8348
15.486
16.1033
16.687
17.2378
17.7564
18.2436
18.6998
19.125
19.5192
19.8816
20.2111
20.5061
20.7641
20.9814
21.1532
32.3411
32.636
32.8281
32.9374
32.9796
32.9664
32.9071
32.8093
32.6786
32.5199
32.337
32.1329
31.9101
31.6707
31.4164
31.1485
30.868
30.5757
30.2723
29.9584
29.6343
29.3002
28.9563
28.6027
28.2395
27.8666
27.4839
27.0913
26.6886
26.2757
25.8522
25.4178
24.9721
24.5148
24.0454
23.5633
23.0679
22.5586
22.0346
21.4951
20.9391
20.3656
19.7735
19.1615
18.5284
17.8727
17.1931
16.4884
15.7579
15.0015
14.2213
13.4237
12.624
11.8565
11.1919
10.7521
10.6678
10.9656
11.5359
12.2397
12.9861
13.7308
14.4545
15.1488
15.8109
16.4399
17.0361
17.6002
18.1327
18.6343
19.1052
19.5456
19.955
20.3327
20.6773
20.9872
21.2592
21.4898
21.6736
32.405
32.6924
32.8793
32.9855
33.0258
33.0119
32.9528
32.8557
32.7264
32.5695
32.3887
32.187
31.9669
31.7303
31.479
31.2141
30.9368
30.6477
30.3477
30.037
29.7161
29.3851
29.0443
28.6938
28.3334
27.9632
27.583
27.1928
26.7922
26.3812
25.9595
25.5266
25.0822
24.626
24.1574
23.6758
23.1808
22.6715
22.1472
21.6071
21.0501
20.4753
19.8815
19.2675
18.6319
17.9734
17.2906
16.5825
15.8483
15.0883
14.3049
13.5053
12.7064
11.9451
11.2975
10.8899
10.848
11.1833
11.7775
12.4944
13.249
14.0002
14.7302
15.4312
16.1005
16.7375
17.3424
17.9156
18.4578
18.9693
19.4506
19.9013
20.3212
20.7091
21.0642
21.3835
21.6646
21.903
22.0934
32.4295
32.7086
32.8897
32.992
33.03
33.0149
32.9556
32.8592
32.731
32.5758
32.3971
32.1979
31.9806
31.7472
31.4991
31.2377
30.9639
30.6786
30.3823
30.0754
29.7583
29.4312
29.0941
28.7471
28.3902
28.0233
27.6463
27.2591
26.8614
26.453
26.0336
25.603
25.1606
24.7062
24.2391
23.759
23.265
22.7566
22.2329
21.693
21.1361
20.5609
19.9664
19.3513
18.7143
18.0539
17.369
16.6584
15.9216
15.159
14.3735
13.573
12.7759
12.0223
11.3934
11.0195
11.02
11.391
12.0068
12.735
13.4958
14.2515
14.9855
15.6909
16.365
17.0073
17.6179
18.1972
18.7459
19.2643
19.7524
20.2102
20.637
21.0319
21.3931
21.7184
22.0046
22.2472
22.4402
32.4145
32.6845
32.8593
32.9572
32.9924
32.9759
32.9162
32.8201
32.6931
32.5397
32.3632
32.1667
31.9525
31.7225
31.4782
31.2207
30.9511
30.6702
30.3783
30.0759
29.7634
29.4408
29.1082
28.7656
28.413
28.0503
27.6773
27.2939
26.8998
26.4949
26.0787
25.6511
25.2116
24.7598
24.2952
23.8172
23.3253
22.8187
22.2965
21.758
21.202
20.6276
20.0334
19.4183
18.7808
18.1197
17.4336
16.7215
15.9831
15.2188
14.432
13.6314
12.8371
12.0925
11.484
11.1453
11.188
11.5929
12.2283
12.966
13.7316
14.4903
15.2268
15.9347
16.6117
17.2572
17.8714
18.4547
19.0075
19.5302
20.0228
20.4849
20.916
21.3149
21.6798
22.0082
22.2967
22.5405
22.7334
32.3587
32.6191
32.7869
32.8801
32.9122
32.8939
32.8336
32.7379
32.6121
32.4605
32.2865
32.093
31.8823
31.6561
31.4161
31.1633
30.8986
30.6227
30.3362
30.0393
29.7323
29.4152
29.0881
28.7509
28.4036
28.046
27.678
27.2994
26.9099
26.5093
26.0973
25.6736
25.2379
24.7897
24.3285
23.8539
23.365
22.8612
22.3418
21.8057
21.2519
20.6792
20.0866
19.4725
18.8358
18.1749
17.4887
16.7761
16.0368
15.2717
14.4844
13.6846
12.8941
12.1597
11.5732
11.271
11.3556
11.7926
12.4457
13.1915
13.9607
14.7212
15.4589
16.168
16.8464
17.4936
18.1097
18.6952
19.2503
19.7755
20.2705
20.735
21.1684
21.5692
21.9356
22.2649
22.5535
22.7964
22.987
32.2598
32.51
32.6705
32.7584
32.7871
32.7669
32.7058
32.6104
32.4858
32.3362
32.165
31.9749
31.7681
31.5465
31.3114
31.064
30.8051
30.5354
30.2552
29.9649
29.6645
29.3541
29.0337
28.7032
28.3624
28.0111
27.6492
27.2765
26.8927
26.4976
26.0908
25.6722
25.2414
24.7979
24.3413
23.8711
23.3865
22.8869
22.3714
21.839
21.2886
20.7192
20.1293
19.5176
18.8828
18.2233
17.538
16.826
16.0868
15.3216
14.5347
13.7364
12.9505
12.2275
11.6647
11.4001
11.5261
11.9934
12.6625
13.4151
14.1869
14.9482
15.6861
16.3953
17.074
17.7215
18.3382
18.9244
19.4805
20.0065
20.5025
20.9678
21.4017
21.8028
22.169
22.4976
22.7846
23.0249
23.2115
32.1147
32.3542
32.5067
32.589
32.614
32.5915
32.5296
32.4345
32.3111
32.1637
31.9955
31.8092
31.6069
31.3905
31.1612
30.9202
30.6682
30.4057
30.1332
29.8508
29.5585
29.2563
28.944
28.6216
28.2887
27.9451
27.5907
27.2252
26.8484
26.46
26.0599
25.6476
25.2229
24.7854
24.3347
23.8703
23.3914
22.8974
22.3873
21.8602
21.3149
20.7501
20.1645
19.5567
18.9252
18.2685
17.5854
16.8749
16.1368
15.3725
14.5866
13.7906
13.0102
12.2998
11.7622
11.5363
11.7028
12.1986
12.882
13.6404
14.4137
15.175
15.9123
16.6207
17.2985
17.9455
18.5616
19.1475
19.7032
20.2289
20.7244
21.1892
21.6224
22.0223
22.387
22.7134
22.9975
23.2338
23.4151
31.9193
32.1474
32.2915
32.3677
32.3885
32.3635
32.3005
32.2056
32.0835
31.9384
31.7735
31.5914
31.3942
31.1837
30.9611
30.7276
30.4837
30.2299
29.9666
29.6937
29.4112
29.1189
28.8165
28.5039
28.1806
27.8464
27.5011
27.1444
26.7761
26.396
26.0038
25.5993
25.1822
24.7522
24.3089
23.8519
23.3804
22.8937
22.3909
21.8709
21.3325
20.7744
20.195
19.5928
18.9663
18.3139
17.6344
16.9267
16.1908
15.4283
14.6443
13.8513
13.0772
12.3807
11.8697
11.6832
11.8894
12.4117
13.1079
13.8707
14.6449
15.4053
16.1411
16.8479
17.5241
18.1695
18.7842
19.3686
19.9229
20.4472
20.9412
21.4044
21.8357
22.2333
22.5953
22.9184
23.1983
23.4295
23.6043
31.6689
31.8849
32.0198
32.0893
32.1054
32.0775
32.0131
31.9181
31.7972
31.6545
31.493
31.3155
31.124
30.9202
30.7054
30.4805
30.2462
30.0028
29.7504
29.489
29.2183
28.9379
28.6476
28.3467
28.0351
27.7122
27.3779
27.0318
26.6737
26.3035
25.9209
25.5258
25.118
24.6972
24.2631
23.8154
23.3532
22.8761
22.3828
21.8723
21.3433
20.7941
20.2233
19.6291
19.0097
18.3636
17.6893
16.9859
16.2535
15.4938
14.7125
13.9233
13.1564
12.4747
11.9919
11.8453
12.0898
12.6367
13.344
14.1103
14.8843
15.6431
16.3766
17.0809
17.7547
18.3976
19.01
19.592
20.144
20.6659
21.1575
21.618
22.0463
22.4409
22.7989
23.1176
23.3923
23.6173
23.7847
31.3583
31.5612
31.686
31.748
31.7587
31.7272
31.6608
31.5652
31.4453
31.3047
31.1469
30.9742
30.7888
30.5925
30.3865
30.1717
29.9486
29.7175
29.4783
29.2307
28.9742
28.7083
28.4323
28.1457
27.848
27.5387
27.2174
26.8838
26.5379
26.1794
25.8082
25.4244
25.0277
24.6181
24.1953
23.759
23.3087
22.8437
22.3628
21.8648
21.3482
20.8112
20.252
19.6686
19.0591
18.4217
17.7549
17.0578
16.3303
15.5746
14.7969
14.0123
13.2533
12.5877
12.1342
12.0277
12.309
12.8783
13.5949
14.3634
15.1364
15.8927
16.6232
17.3242
17.9946
18.6343
19.2433
19.8221
20.3709
20.8895
21.3776
21.8345
22.2589
22.6492
23.0026
23.3158
23.5844
23.8022
23.9611
30.9822
31.1706
31.2842
31.3374
31.3415
31.3054
31.236
31.1392
31.0195
30.8807
30.7261
30.5584
30.3796
30.1915
29.9954
29.7922
29.5823
29.3658
29.1423
28.9113
28.672
28.4235
28.1649
27.8953
27.6141
27.3208
27.0148
26.6961
26.3643
26.0194
25.6616
25.2909
24.9073
24.5109
24.1017
23.6796
23.244
22.7944
22.3295
21.848
21.3479
20.8272
20.2837
19.7151
19.1192
18.4939
17.8375
17.149
16.4284
15.6783
14.9053
14.1259
13.3755
12.7269
12.3035
12.2368
12.5528
13.1421
13.8664
14.6358
15.4066
16.1594
16.8859
17.5827
18.2489
18.8842
19.4891
20.0637
20.6082
21.1225
21.6062
22.0585
22.478
22.863
23.2108
23.5176
23.7791
23.9887
24.1381
30.5359
30.708
30.8084
30.8511
30.8469
30.8046
30.7308
30.6312
30.5106
30.3726
30.2206
30.0574
29.8852
29.7059
29.5209
29.331
29.1367
28.9376
28.7332
28.5224
28.3039
28.0764
27.8387
27.5895
27.3279
27.0532
26.7651
26.4632
26.1476
25.8183
25.4756
25.1197
24.7511
24.37
23.9768
23.5716
23.1542
22.7239
22.2797
21.8198
21.3418
20.8431
20.321
19.7726
19.1952
18.5864
17.9444
17.2679
16.557
15.8142
15.0473
14.274
13.5327
12.9015
12.5086
12.4808
12.8291
13.4357
14.1654
14.9341
15.7014
16.4496
17.1709
17.8623
18.5231
19.1532
19.7527
20.322
20.8612
21.3701
21.8484
22.295
22.7086
23.0874
23.4284
23.7281
23.9812
24.1817
24.3205
30.0161
30.1694
30.2541
30.2837
30.2687
30.2175
30.1369
30.0323
29.9085
29.7695
29.6185
29.4587
29.2927
29.1224
28.9495
28.7749
28.5989
28.4209
28.2398
28.054
27.8612
27.6596
27.4471
27.2223
26.9839
26.731
26.4633
26.1804
25.8827
25.5705
25.2441
24.9044
24.5521
24.1879
23.8127
23.4271
23.0315
22.6255
22.2077
21.7761
21.3276
20.8587
20.3656
19.8449
19.293
18.7072
18.0851
17.4253
16.7278
15.9953
15.2362
14.4698
13.7379
13.1243
12.7615
12.7706
13.1479
13.7684
14.501
15.2671
16.0293
16.7711
17.4858
18.1705
18.8245
19.4478
20.0407
20.6034
21.136
21.6383
22.1099
22.5497
22.9562
23.3276
23.6608
23.9519
24.1958
24.3859
24.513
29.4227
29.5537
29.6192
29.632
29.6024
29.5386
29.4473
29.334
29.2035
29.0599
28.9071
28.7484
28.5867
28.4247
28.2645
28.1072
27.9531
27.8011
27.6493
27.4948
27.3345
27.1652
26.9841
26.7889
26.5781
26.3506
26.106
25.8444
25.5661
25.2718
24.9624
24.6391
24.3032
23.9562
23.5998
23.2358
22.8652
22.4883
22.1039
21.7094
21.3003
20.8718
20.4185
19.9356
19.419
18.865
18.2708
17.6347
16.9562
16.2382
15.4896
14.7314
14.0091
13.4122
13.078
13.1208
13.5226
14.153
14.8854
15.6461
16.4007
17.1343
17.8402
18.5162
19.1616
19.7764
20.3609
20.9154
21.4398
21.934
22.3975
22.829
23.227
23.5896
23.9136
24.1949
24.4282
24.6066
24.7207
28.7594
28.864
28.9057
28.8969
28.8477
28.766
28.6585
28.5308
28.3879
28.2342
28.0741
27.9116
27.7504
27.5942
27.4459
27.3076
27.1794
27.0599
26.9457
26.8319
26.7135
26.5857
26.4442
26.2859
26.1087
25.9113
25.6936
25.4556
25.1982
24.9223
24.6295
24.3213
24
23.6682
23.329
22.9857
22.6414
22.2981
21.9549
21.6082
21.2516
20.8774
20.4781
20.0469
19.5786
19.0687
18.5138
17.9114
17.2607
16.564
15.8306
15.083
14.3704
13.7889
13.4799
13.5512
13.9715
14.6065
15.3342
16.0859
16.8298
17.552
18.2464
18.911
19.5452
20.1491
20.723
21.267
21.7812
22.2654
22.7187
23.1402
23.5282
23.8802
24.1933
24.4633
24.6844
24.8496
24.9492
28.0361
28.1095
28.122
28.0859
28.0107
27.9042
27.7732
27.6232
27.4595
27.2872
27.111
26.9361
26.7676
26.6109
26.4709
26.3513
26.2532
26.1745
26.1091
26.0493
25.9865
25.9132
25.823
25.7117
25.5765
25.4161
25.2304
25.0198
24.7856
24.529
24.252
23.9568
23.6464
23.3246
22.9965
22.6686
22.3476
22.0389
21.7439
21.4576
21.1697
20.8679
20.5406
20.1787
19.7755
19.3257
18.8253
18.2709
17.6608
16.9964
16.2866
15.5548
14.8538
14.2856
13.9966
14.0886
14.5191
15.1514
15.8685
16.6059
17.3343
18.0406
18.7194
19.3688
19.9882
20.5779
21.138
21.6686
22.1699
22.6414
23.0823
23.4915
23.8672
24.2067
24.507
24.7637
24.9708
25.121
25.2041
27.2686
27.3058
27.2839
27.2142
27.1061
26.9671
26.8037
26.6217
26.4266
26.2237
26.0187
25.818
25.6286
25.4588
25.3173
25.2117
25.146
25.1176
25.1165
25.1289
25.1406
25.1394
25.1165
25.0658
24.9842
24.8705
24.7249
24.5482
24.3419
24.1078
23.8478
23.5642
23.2603
22.9412
22.6141
22.2894
21.9806
21.7009
21.4573
21.2441
21.0439
20.8357
20.6015
20.3292
20.0105
19.6399
19.2128
18.725
18.1735
17.5582
16.8863
16.181
15.497
14.9416
14.666
14.7683
15.1978
15.8174
16.5149
17.2302
17.9358
18.6197
19.2768
19.9055
20.5052
21.076
21.6181
22.1316
22.6164
23.0719
23.4974
23.8914
24.2521
24.5767
24.8619
25.1031
25.294
25.427
25.4914
26.4781
26.4753
26.4141
26.3054
26.1579
25.9788
25.7744
25.5502
25.3118
25.0646
24.815
24.5705
24.3403
24.1366
23.9742
23.869
23.8324
23.8635
23.9454
24.0535
24.1637
24.2574
24.3215
24.3487
24.3355
24.2814
24.1872
24.0547
23.8855
23.6814
23.4441
23.1755
22.8782
22.5567
22.2195
21.8814
21.5648
21.2976
21.1005
20.9698
20.8759
20.7825
20.6623
20.4989
20.2836
20.011
19.6769
19.2766
18.8058
18.2622
17.6507
16.992
16.3394
15.8016
15.5338
15.6337
16.0472
16.6395
17.3044
17.9858
18.658
19.31
19.9371
20.5375
21.1108
21.6567
22.1755
22.667
23.1308
23.5664
23.9727
24.3481
24.6907
24.9974
25.2647
25.4877
25.6599
25.7732
25.8166
25.689
25.6439
25.5405
25.389
25.1975
24.9728
24.7205
24.4458
24.1538
23.8498
23.54
23.2325
22.9384
22.6734
22.4605
22.3294
22.3083
22.4036
22.5883
22.818
23.0533
23.2662
23.4388
23.5624
23.6341
23.6546
23.6263
23.5517
23.4333
23.2728
23.0714
22.8296
22.5481
22.2295
21.8807
21.518
21.1726
20.8928
20.7264
20.6786
20.7014
20.7355
20.7413
20.6987
20.5989
20.4377
20.2119
19.917
19.548
19.1011
18.5784
17.9968
17.404
16.9023
16.6442
16.7295
17.108
17.6528
18.2663
18.8969
19.5213
20.129
20.7153
21.2781
21.8167
22.3306
22.8196
23.2833
23.721
24.132
24.5149
24.8679
25.1888
25.4743
25.7206
25.9226
26.0733
26.1643
26.184
24.9257
24.838
24.6918
24.4964
24.2594
23.9867
23.6833
23.3538
23.0025
22.634
22.2538
21.8695
21.4925
21.1411
20.846
20.6547
20.6234
20.778
21.0784
21.4498
21.8305
22.1812
22.4793
22.7148
22.8862
22.9961
23.0485
23.0475
22.9963
22.8972
22.7508
22.5564
22.3123
22.0177
21.6757
21.3
20.9254
20.619
20.4634
20.4827
20.6105
20.7618
20.8852
20.9579
20.9713
20.9224
20.8093
20.6283
20.3748
20.0443
19.6374
19.167
18.6735
18.2449
18.0162
18.0811
18.4025
18.8744
19.413
19.9733
20.5333
21.0828
21.6164
22.1316
22.6268
23.101
23.5536
23.9835
24.3898
24.7715
25.1266
25.4533
25.7488
26.0098
26.2321
26.4099
26.5364
26.6023
26.5956
24.2086
24.0803
23.8931
23.6556
23.3746
23.0554
22.7022
22.3189
21.9088
21.4755
21.0235
20.5593
20.0937
19.6458
19.252
18.977
18.9105
19.1069
19.5163
20.028
20.5542
21.0444
21.4719
21.8259
22.1057
22.3153
22.4605
22.5467
22.5783
22.5581
22.487
22.3639
22.1856
21.9487
21.6525
21.3063
20.9429
20.6363
20.4894
20.5438
20.7305
20.9546
21.1592
21.319
21.4246
21.473
21.4623
21.39
21.2523
21.0459
20.7711
20.4391
20.0822
19.7684
19.5988
19.6471
19.8967
20.2756
20.7208
21.1947
21.6771
22.1571
22.6286
23.0878
23.5325
23.9607
24.3712
24.7623
25.1328
25.4808
25.8045
26.1014
26.3684
26.602
26.7973
26.9484
27.0481
27.0864
27.0508
23.5515
23.3863
23.1619
22.8863
22.5657
22.2046
21.8067
21.375
20.9121
20.4208
19.9046
19.3689
18.8238
18.2891
17.8055
17.4519
17.3442
17.5604
18.0469
18.6677
19.3129
19.922
20.4652
20.9308
21.3175
21.6295
21.8731
22.0544
22.1787
22.2497
22.269
22.236
22.148
22.0014
21.7945
21.5342
21.2487
21.0032
20.8888
20.9491
21.1365
21.3734
21.6076
21.8127
21.9768
22.095
22.1644
22.1827
22.1472
22.056
21.911
21.7221
21.5143
21.3337
21.2435
21.292
21.4792
21.7683
22.1196
22.5049
22.9065
23.3137
23.7195
24.1195
24.5103
24.8894
25.2548
25.6043
25.9362
26.2482
26.538
26.8028
27.0391
27.2431
27.4094
27.532
27.6029
27.6117
27.5452
22.9607
22.7632
22.5066
22.1983
21.8438
21.4472
21.0118
20.5398
20.0335
19.4949
18.9269
18.3345
17.7277
17.1272
16.578
16.1687
16.0302
16.2515
16.7783
17.4643
18.1879
18.8822
19.5152
20.0739
20.5555
20.9631
21.302
21.5782
21.7972
21.9631
22.0784
22.1438
22.1581
22.1196
22.0284
21.8916
21.7318
21.5957
21.5435
21.6089
21.7718
21.9859
22.2127
22.4281
22.6191
22.7785
22.9022
22.9873
23.0317
23.035
22.9995
22.934
22.8561
22.7947
22.785
22.8545
23.0095
23.2361
23.514
23.8249
24.1556
24.4967
24.8416
25.1854
25.5244
25.8556
26.1766
26.4849
26.7781
27.0539
27.3094
27.5415
27.7465
27.9201
28.0567
28.1498
28.1908
28.169
28.0704
22.4355
22.2106
21.927
21.5915
21.2093
20.7841
20.3187
19.8151
19.275
18.7003
18.0936
17.4598
16.8093
16.1644
15.5735
15.1325
14.9789
15.2024
15.7459
16.4619
17.2274
17.9738
18.6681
19.2961
19.8536
20.342
20.7651
21.1279
21.4353
21.6914
21.8992
22.0605
22.1758
22.2458
22.2726
22.2638
22.2364
22.2194
22.2465
22.3388
22.4925
22.6865
22.8982
23.1101
23.3104
23.4918
23.6495
23.7804
23.8828
23.9565
24.004
24.032
24.0522
24.0816
24.1393
24.2404
24.3909
24.5872
24.8202
25.0802
25.3583
25.6476
25.9427
26.2391
26.5333
26.8222
27.1033
27.3738
27.6313
27.873
28.0959
28.2968
28.4715
28.6156
28.723
28.7869
28.7983
28.7458
28.6147
21.9699
21.7221
21.4163
21.0589
20.6546
20.2069
19.7183
19.1906
18.6253
18.0241
17.3896
16.7268
16.0468
15.3735
14.7591
14.305
14.1517
14.3827
14.9345
15.6614
16.4447
17.218
17.9493
18.6239
19.2367
19.7876
20.2789
20.7144
21.0979
21.4332
21.7233
21.9706
22.1769
22.3443
22.4763
22.5798
22.6668
22.7546
22.8613
22.9992
23.1695
23.3647
23.5736
23.7858
23.993
24.1893
24.3704
24.5336
24.6775
24.8021
24.9094
25.004
25.0934
25.1875
25.2967
25.4294
25.5899
25.7779
25.9899
26.2209
26.4657
26.7196
26.9787
27.2393
27.4985
27.7534
28.0015
28.2402
28.467
28.6789
28.873
29.0457
29.1928
29.3095
29.3897
29.4259
29.4089
29.3267
29.1639
21.5545
21.2878
20.964
20.5891
20.1675
19.7025
19.1963
18.6505
18.0667
17.4462
16.7919
16.1091
15.4095
14.7189
14.0931
13.639
13.4981
13.7441
14.3046
15.0357
15.8249
16.6102
17.3617
18.0653
18.7155
19.3113
19.8541
20.3463
20.7911
21.1915
21.5503
21.8701
22.1532
22.4023
22.6214
22.8162
22.9949
23.1679
23.3452
23.5343
23.7372
23.9518
24.1733
24.3963
24.6158
24.8278
25.0293
25.2185
25.3942
25.5567
25.7074
25.8495
25.9876
26.1274
26.275
26.435
26.6103
26.8015
27.0072
27.2248
27.4515
27.6842
27.9201
28.1564
28.3906
28.6205
28.8436
29.0574
29.2596
29.4473
29.6173
29.7661
29.8893
29.9821
30.0379
30.049
30.0059
29.8958
29.7028
21.1783
20.8962
20.5579
20.1692
19.7342
19.2559
18.7365
18.1773
17.5798
16.9455
16.2772
15.5804
14.8679
14.1673
13.5386
13.0941
12.9745
13.2421
13.8141
14.5485
15.3394
16.1295
16.8914
17.6122
18.2867
18.9134
19.493
20.0274
20.519
20.9702
21.3835
21.7615
22.1065
22.4214
22.7097
22.976
23.2261
23.4664
23.703
23.9404
24.1807
24.4237
24.6676
24.9097
25.1474
25.3784
25.601
25.8139
26.0166
26.2094
26.3935
26.5709
26.7446
26.9181
27.0948
27.2777
27.4684
27.6677
27.8749
28.0887
28.3075
28.5292
28.7517
28.973
29.1912
29.4041
29.6096
29.8055
29.9893
30.1583
30.3095
30.4391
30.5428
30.6154
30.6503
30.6395
30.573
30.4376
30.2165
20.8298
20.5352
20.1855
19.7861
19.3409
18.8528
18.3235
17.7546
17.1472
16.5029
15.8246
15.1183
14.3975
13.6922
13.0668
12.6388
12.5472
12.8412
13.4274
14.1662
14.9577
15.7497
16.517
17.248
17.9378
18.5851
19.1905
19.7552
20.2813
20.7708
21.2259
21.6489
22.0422
22.4083
22.7502
23.0717
23.3767
23.6696
23.9542
24.2337
24.5098
24.783
25.0526
25.3177
25.577
25.8293
26.0736
26.3094
26.5365
26.7553
26.9667
27.1722
27.3737
27.5734
27.7735
27.9756
28.1811
28.3903
28.603
28.8185
29.0356
29.2531
29.4693
29.6826
29.8913
30.0937
30.2879
30.4717
30.6427
30.7984
30.9355
31.0505
31.1388
31.1951
31.2128
31.1835
31.0966
30.9387
30.6921
20.4976
20.1932
19.8348
19.4275
18.9749
18.4797
17.9435
17.3677
16.7534
16.1022
15.417
14.7044
13.9789
13.2728
12.6553
12.2492
12.1905
12.5137
13.1162
13.8604
14.653
15.4457
16.2158
16.9527
17.6523
18.3134
18.9364
19.5225
20.0736
20.5912
21.0776
21.5347
21.9647
22.3698
22.7527
23.1161
23.4631
23.7967
24.1197
24.4342
24.7417
25.0428
25.3377
25.6261
25.9073
26.181
26.4467
26.7042
26.9537
27.1955
27.4303
27.6593
27.8838
28.1051
28.3248
28.5438
28.763
28.9828
29.2031
29.4233
29.6426
29.8601
30.0746
30.2847
30.4889
30.6857
30.8733
31.0496
31.2124
31.359
31.4863
31.5906
31.6674
31.7111
31.7149
31.6702
31.566
31.3885
31.1191
20.1703
19.8587
19.4942
19.0815
18.6242
18.1245
17.584
17.0039
16.3853
15.7297
15.0403
14.324
13.5966
12.893
12.2874
11.9075
11.8847
12.2389
12.8584
13.609
14.4029
15.1959
15.9672
16.7075
17.4132
18.0833
18.7184
19.3195
19.8883
20.4265
20.9358
21.4183
21.8757
22.3102
22.7239
23.1191
23.498
23.863
24.2161
24.5589
24.8926
25.2181
25.5357
25.8454
26.1472
26.4409
26.7264
27.0039
27.2735
27.5356
27.7909
28.0401
28.2841
28.5239
28.7605
28.9947
29.2269
29.4574
29.6861
29.9126
30.1365
30.3568
30.5726
30.7827
30.9858
31.1805
31.3649
31.5373
31.6953
31.8363
31.9572
32.0541
32.1225
32.1567
32.1496
32.0924
31.9737
31.7791
31.4894
19.8357
19.5196
19.1518
18.7366
18.2772
17.7757
17.2336
16.6518
16.0314
15.3739
14.6826
13.965
13.2382
12.5398
11.9495
11.5994
11.6148
12.0005
12.6371
13.3942
14.1895
14.9824
15.754
16.4959
17.2051
17.8809
18.524
19.1354
19.7166
20.2694
20.7955
21.2965
21.7743
22.2306
22.6673
23.0863
23.4895
23.8785
24.2549
24.6203
24.9755
25.3213
25.6582
25.9865
26.3064
26.6179
26.9211
27.2163
27.5036
27.7835
28.0564
28.323
28.5839
28.8398
29.0914
29.3391
29.5834
29.8243
30.0618
30.2956
30.5252
30.75
30.969
31.1813
31.3856
31.5805
31.7644
31.9354
32.0913
32.2293
32.3463
32.4385
32.5011
32.5283
32.5129
32.4457
32.3149
32.1056
31.7979
19.4802
19.1629
18.7949
18.3802
17.9218
17.4216
16.8807
16.3001
15.6806
15.0238
14.3332
13.6168
12.8929
12.2026
11.6308
11.3133
11.3684
11.7853
12.4387
13.2018
13.9983
14.7905
15.5613
16.3034
17.0141
17.6931
18.341
18.9591
19.5488
20.1118
20.6497
21.1642
21.6568
22.1292
22.583
23.0198
23.4411
23.8484
24.243
24.626
24.9984
25.3608
25.7139
26.0579
26.3932
26.7199
27.0384
27.3488
27.6514
27.9466
28.2347
28.5162
28.7917
29.0615
29.3262
29.5861
29.8414
30.0923
30.3385
30.5799
30.8159
31.0461
31.2696
31.4854
31.6924
31.8893
32.0744
32.2459
32.4014
32.5384
32.6536
32.7431
32.802
32.8243
32.8027
32.7276
32.587
32.3651
32.0414
19.0872
18.7726
18.4083
17.9981
17.5445
17.0491
16.5131
15.937
15.3218
14.6687
13.9816
13.2691
12.5509
11.8714
11.3212
11.0391
11.1347
11.5822
12.2512
13.0197
13.8166
14.6073
15.3763
16.1171
16.8275
17.5074
18.1577
18.7797
19.3747
19.9445
20.4905
21.0144
21.5176
22.0017
22.468
22.918
23.3529
23.7741
24.1826
24.5794
24.9654
25.3412
25.7074
26.0644
26.4126
26.7522
27.0836
27.4069
27.7224
28.0306
28.3316
28.6259
28.9139
29.1958
29.472
29.7427
30.0081
30.2682
30.5228
30.7717
31.0144
31.2504
31.479
31.6992
31.91
32.1099
32.2974
32.4707
32.6274
32.7649
32.8798
32.9681
33.025
33.0442
33.0182
32.9371
32.7884
32.556
32.2184
18.6351
18.3284
17.9729
17.5721
17.1281
16.6424
16.1158
15.5487
14.9418
14.2965
13.6166
12.9114
12.2021
11.5367
11.0113
10.7671
10.9037
11.3804
12.0637
12.8364
13.6326
14.4206
15.1864
15.9244
16.6328
17.3118
17.9622
18.5856
19.1834
19.7571
20.3083
20.8384
21.349
21.8412
22.3165
22.7761
23.2212
23.6528
24.072
24.4795
24.8763
25.2628
25.6397
26.0074
26.3662
26.7166
27.0587
27.3929
27.7194
28.0385
28.3505
28.6557
28.9544
29.2468
29.5331
29.8134
30.0879
30.3564
30.6189
30.8751
31.1244
31.3665
31.6006
31.8257
32.0408
32.2446
32.4354
32.6114
32.7703
32.9094
33.0253
33.1138
33.1701
33.1877
33.1587
33.0732
32.9182
32.677
32.3275
18.0935
17.8018
17.4621
17.0775
16.6499
16.1802
15.6692
15.1171
14.5243
13.8921
13.2244
12.5311
11.8349
11.1875
10.6906
10.4868
10.6644
11.1689
11.8645
12.6399
13.4337
14.2175
14.9785
15.7119
16.4164
17.0925
17.7411
18.3638
18.9621
19.5374
20.0913
20.6252
21.1404
21.6382
22.1198
22.5863
23.0388
23.4783
23.9056
24.3215
24.7267
25.1218
25.5074
25.8839
26.2516
26.6109
26.9621
27.3055
27.6414
27.9699
28.2913
28.6059
28.9138
29.2153
29.5105
29.7994
30.0821
30.3585
30.6284
30.8915
31.1474
31.3956
31.6353
31.8657
32.0856
32.2937
32.4885
32.6681
32.8301
32.9717
33.0896
33.1795
33.2364
33.2537
33.2233
33.135
32.9753
32.7271
32.3674
17.418
17.1513
16.8373
16.4785
16.0765
15.6321
15.1455
14.6168
14.0462
13.4349
12.7867
12.1118
11.4346
10.8105
10.3467
10.1858
10.4043
10.9344
11.64
12.4156
13.205
13.9823
14.7364
15.4632
16.1619
16.833
17.4779
18.098
18.6948
19.2698
19.8244
20.36
20.8778
21.3792
21.865
22.3364
22.7944
23.2398
23.6733
24.0958
24.5079
24.9101
25.3029
25.6867
26.062
26.429
26.7881
27.1395
27.4834
27.8201
28.1498
28.4727
28.7888
29.0985
29.4017
29.6984
29.9888
30.2725
30.5495
30.8194
31.0817
31.336
31.5816
31.8174
32.0426
32.2556
32.4549
32.6387
32.8046
32.9497
33.0705
33.1629
33.2216
33.2399
33.2096
33.1201
32.9575
32.7042
32.3365
