42.8951
46.2229
48.9299
51.0935
52.8064
54.1488
55.1844
55.9629
56.5229
56.895
57.1034
57.1678
57.1037
56.9241
56.6395
56.2589
55.7896
55.2384
54.6113
53.914
53.153
52.3354
51.4707
50.5723
49.659
48.76
47.9172
47.1897
46.6474
46.3518
46.3259
46.5436
46.9483
47.4811
48.0944
48.7546
49.4393
50.1341
50.8305
51.5229
52.2081
52.8848
53.552
54.2095
54.8573
55.4956
56.1249
56.7453
57.3572
57.9611
58.5573
59.1459
59.7275
60.3021
60.8701
61.4318
61.9873
62.5367
63.0804
63.6184
64.1509
64.678
65.1999
65.7166
66.2284
66.7352
67.2371
67.7343
68.2268
68.7148
69.1982
69.6771
70.1517
70.6219
71.0879
71.5497
72.0074
72.4609
72.9104
73.356
73.7976
74.2353
74.6692
75.0993
75.5257
75.9484
76.3674
76.7828
77.1947
77.603
78.0077
78.409
78.8068
79.2012
79.5921
79.9797
80.3638
80.7445
81.1218
81.4955
81.866
82.2329
82.5964
82.9563
83.3124
83.6651
84.014
84.3589
84.7001
85.0372
85.37
85.6988
86.0229
86.3426
86.6575
86.9674
87.2722
87.5716
87.8653
88.1534
88.4353
88.711
88.98
89.2421
89.4972
89.7448
89.9845
90.2165
90.4399
90.6547
90.8606
91.0572
91.2444
91.4216
91.5887
91.7454
91.8914
92.0264
92.1501
92.2623
92.3627
92.4511
92.5273
92.591
92.6419
92.68
92.7049
92.7165
92.7147
92.6991
92.6696
92.6262
92.5686
92.4966
92.4101
92.3088
92.1928
92.0617
91.9153
91.7536
91.5762
91.3831
91.1739
90.9484
90.7064
90.4476
90.1717
89.8781
89.5668
89.2372
88.8889
88.5214
88.1341
87.7264
87.2976
86.847
86.3737
85.8768
85.3554
84.8083
84.234
83.6316
82.9992
82.3349
81.637
80.9033
80.1311
79.3177
78.4601
77.5546
76.5968
75.5818
74.5045
44.2093
47.4922
50.1606
52.2977
53.9959
55.3328
56.3699
57.1549
57.7258
58.112
58.3372
58.4205
58.3772
58.22
57.9593
57.6038
57.161
56.6374
56.0387
55.3707
54.6395
53.8521
53.0174
52.148
51.2624
50.3886
49.5678
48.8575
48.3254
48.0287
47.9857
48.1686
48.5236
48.996
49.5423
50.1321
50.745
51.3683
51.9943
52.6183
53.2376
53.8511
54.458
55.0581
55.6515
56.2384
56.819
57.3935
57.9621
58.5252
59.0829
59.6354
60.1829
60.7255
61.2635
61.7969
62.3258
62.8504
63.3708
63.887
64.3991
64.9071
65.4113
65.9115
66.4078
66.9004
67.3892
67.8743
68.3556
68.8333
69.3074
69.7779
70.2449
70.7083
71.1682
71.6247
72.0777
72.5274
72.9737
73.4167
73.8564
74.2928
74.726
75.156
75.5828
76.0065
76.4271
76.8446
77.2591
77.6704
78.0791
78.4844
78.8869
79.2863
79.6831
80.0767
80.4674
80.8551
81.2399
81.6218
82.0006
82.3765
82.7493
83.119
83.4855
83.8489
84.209
84.5657
84.9189
85.2686
85.6143
85.9564
86.2946
86.6286
86.9581
87.2832
87.6037
87.9192
88.2294
88.5344
88.8335
89.1269
89.4141
89.6946
89.9686
90.2353
90.4949
90.7466
90.9905
91.226
91.4531
91.6711
91.8799
92.0793
92.2688
92.4482
92.6174
92.7758
92.9233
93.0597
93.1845
93.2976
93.3989
93.4879
93.5647
93.6288
93.6802
93.7185
93.7437
93.7556
93.7538
93.7385
93.7093
93.6661
93.6087
93.5369
93.4507
93.3496
93.2338
93.103
92.9569
92.7954
92.6181
92.4249
92.2156
91.9898
91.7473
91.4876
91.2104
90.9153
90.6019
90.2695
89.9177
89.5459
89.1533
88.7392
88.3027
87.8429
87.3588
86.8492
86.3125
85.7476
85.1529
84.5262
83.8658
83.1691
82.4338
81.6564
80.834
79.9621
79.0368
78.0529
77.0036
45.5411
48.7809
51.4141
53.529
55.2161
56.5507
57.5924
58.3873
58.9722
59.3757
59.6211
59.7269
59.7083
59.5777
59.3455
59.0204
58.6095
58.1196
57.5565
56.9256
56.2331
55.4856
54.6919
53.8639
53.0191
52.1841
51.3979
50.7148
50.1977
49.8975
49.8287
49.9642
50.2556
50.6539
51.1203
51.6275
52.1573
52.6987
53.2446
53.7913
54.3365
54.879
55.4185
55.9546
56.4875
57.0171
57.5436
58.0672
58.5878
59.1055
59.6206
60.1329
60.6425
61.1495
61.6539
62.1558
62.6551
63.1519
63.6461
64.1377
64.6268
65.1134
65.5974
66.0788
66.5576
67.0337
67.5073
67.9782
68.4465
68.9121
69.375
69.8353
70.2929
70.7478
71.2001
71.6497
72.0966
72.5409
72.9825
73.4215
73.8578
74.2915
74.7227
75.1512
75.5772
76.0006
76.4215
76.8398
77.2556
77.669
78.0798
78.4883
78.8941
79.2977
79.6987
80.0971
80.4934
80.887
81.2781
81.6669
82.053
82.4365
82.8175
83.196
83.5717
83.9446
84.3146
84.6817
85.0458
85.4068
85.7646
86.1189
86.4697
86.8168
87.16
87.4991
87.834
88.1643
88.4898
88.8104
89.1257
89.4355
89.7393
90.0372
90.3287
90.6135
90.8911
91.1615
91.4243
91.679
91.9256
92.1636
92.3926
92.6126
92.8229
93.0235
93.2139
93.3941
93.5635
93.7222
93.8695
94.0056
94.1299
94.2424
94.3428
94.4308
94.5065
94.5693
94.6192
94.6562
94.6798
94.69
94.6867
94.6696
94.6386
94.5935
94.5342
94.4604
94.3721
94.2689
94.1508
94.0175
93.8688
93.7044
93.5241
93.3275
93.1144
92.8844
92.6372
92.3723
92.0891
91.7873
91.4662
91.1253
90.7637
90.3807
89.9753
89.5468
89.0938
88.6153
88.1099
87.5758
87.0117
86.4153
85.7848
85.1172
84.4101
83.6604
82.864
82.0168
81.1146
80.1508
79.1192
46.8868
50.085
52.6865
54.7826
56.4618
57.7973
58.8462
59.6538
60.2554
60.6791
60.9476
61.079
61.0885
60.9882
60.7886
60.4982
60.1244
59.6738
59.1524
58.5658
57.9199
57.2217
56.4793
55.7045
54.9135
54.1311
53.393
52.7485
52.2526
51.9487
51.8474
51.9253
52.1413
52.4535
52.8283
53.2419
53.6787
54.1285
54.5857
55.0468
55.51
55.9743
56.4395
56.9052
57.3715
57.8381
58.3052
58.7725
59.2402
59.708
60.1759
60.6437
61.1115
61.5791
62.0463
62.5132
62.9795
63.4452
63.9102
64.3744
64.8377
65.3001
65.7613
66.2214
66.6802
67.1377
67.5938
68.0485
68.5016
68.9531
69.403
69.8512
70.2977
70.7424
71.1853
71.6263
72.0655
72.5028
72.9382
73.3717
73.8033
74.2329
74.6606
75.0863
75.5101
75.932
76.3518
76.7698
77.1859
77.5997
78.0119
78.4221
78.8302
79.2365
79.6409
80.0432
80.4436
80.8419
81.2385
81.6328
82.0252
82.4154
82.8037
83.1895
83.5734
83.9548
84.3337
84.7105
85.0844
85.4557
85.8242
86.1899
86.5523
86.9115
87.2672
87.6193
87.9677
88.3118
88.6515
88.9867
89.3169
89.6421
89.9618
90.2757
90.5837
90.8852
91.1801
91.468
91.7486
92.0213
92.2863
92.5429
92.791
93.0301
93.2601
93.4803
93.6908
93.8913
94.0814
94.2607
94.4291
94.5865
94.7323
94.8665
94.9888
95.0992
95.1971
95.2828
95.3557
95.4157
95.4627
95.4965
95.5169
95.5239
95.517
95.4964
95.4617
95.4128
95.3495
95.2715
95.1788
95.0711
94.9481
94.8096
94.6553
94.485
94.2983
94.0947
93.8741
93.6358
93.3795
93.1045
92.8102
92.4962
92.1614
91.8052
91.4267
91.0247
90.5982
90.1458
89.6664
89.1579
88.6188
88.0471
87.4402
86.7959
86.1108
85.3816
84.6045
83.775
82.8877
81.9368
80.915
48.2419
51.4005
53.9735
56.0537
57.7276
59.0662
60.1249
60.9472
61.5677
62.0139
62.3078
62.4676
62.5078
62.4408
62.2769
62.0248
61.6921
61.2853
60.8106
60.2739
59.6813
59.0397
58.3572
57.645
56.9186
56.2003
55.522
54.9258
54.4574
54.1511
54.0147
54.0293
54.1626
54.3809
54.6564
54.9691
55.3054
55.6568
56.0185
56.3875
56.7624
57.1424
57.5272
57.9166
58.3105
58.7086
59.1108
59.5168
59.9265
60.3395
60.7557
61.1747
61.5963
62.0203
62.4465
62.8745
63.3042
63.7355
64.168
64.6016
65.0361
65.4712
65.9069
66.343
66.7793
67.2157
67.6519
68.088
68.5237
68.959
69.3938
69.8279
70.2613
70.6939
71.1256
71.5564
71.9861
72.4149
72.8425
73.269
73.6942
74.1183
74.5411
74.9626
75.3829
75.8018
76.2194
76.6357
77.0506
77.4641
77.8763
78.287
78.6962
79.1042
79.5107
79.9158
80.3195
80.7217
81.1221
81.5213
81.9189
82.3147
82.709
83.1017
83.4924
83.8814
84.2684
84.6536
85.0365
85.4173
85.7956
86.1717
86.5449
86.9154
87.2828
87.6469
88.0078
88.3648
88.7179
89.067
89.4115
89.7511
90.0859
90.4151
90.7386
91.0561
91.3672
91.6716
91.9692
92.2592
92.5416
92.8159
93.0819
93.3393
93.5876
93.8267
94.0561
94.2757
94.4852
94.684
94.8723
95.0496
95.2158
95.3705
95.5135
95.6447
95.7637
95.8705
95.9648
96.0465
96.1152
96.171
96.2136
96.2427
96.2585
96.2604
96.2485
96.2225
96.1822
96.1275
96.058
95.9738
95.8743
95.7594
95.6289
95.4823
95.3194
95.1397
94.9429
94.7286
94.4961
94.245
93.9746
93.6842
93.3731
93.0403
92.685
92.306
91.9023
91.4722
91.0146
90.5276
90.0094
89.4576
88.8698
88.2435
87.5754
86.8618
86.0986
85.2811
84.4035
83.4596
82.4412
49.6023
52.723
55.2698
57.3365
59.0073
60.3509
61.421
62.2598
62.9009
63.3712
63.6923
63.882
63.955
63.9234
63.7975
63.5862
63.2972
62.9373
62.5127
62.0298
61.4947
60.9144
60.2971
59.6537
58.9983
58.3509
57.7388
57.1965
56.7595
56.4534
56.2831
56.235
56.2854
56.4087
56.5833
56.7929
57.0263
57.2766
57.5395
57.8129
58.0956
58.3869
58.6869
58.9952
59.3118
59.6365
59.9688
60.3085
60.6553
61.0087
61.3684
61.7339
62.1048
62.4809
62.8617
63.2469
63.6362
64.0292
64.4255
64.825
65.2273
65.6321
66.0391
66.4482
66.8591
67.2715
67.6853
68.1003
68.5161
68.9329
69.3502
69.7681
70.1863
70.6047
71.0233
71.4419
71.8604
72.2787
72.6968
73.1146
73.532
73.9489
74.3654
74.7812
75.1965
75.6111
76.0251
76.4384
76.8509
77.2626
77.6736
78.0837
78.4933
78.9017
79.3093
79.716
80.1218
80.5266
80.9304
81.3332
81.7347
82.1354
82.5349
82.9332
83.3302
83.7259
84.12
84.5128
84.904
85.2934
85.6807
86.0663
86.4497
86.8305
87.209
87.5847
87.9572
88.3266
88.6924
89.0546
89.4125
89.7662
90.115
90.459
90.7974
91.1301
91.457
91.7773
92.0909
92.3975
92.6966
92.9878
93.2712
93.5459
93.8119
94.0688
94.3164
94.5544
94.7823
94.9999
95.207
95.4034
95.5887
95.7628
95.9254
96.0763
96.2153
96.3422
96.4567
96.5587
96.648
96.7245
96.7879
96.838
96.8747
96.8978
96.9072
96.9025
96.8838
96.8506
96.8028
96.7402
96.6625
96.5694
96.4606
96.3359
96.1948
96.037
95.8619
95.6693
95.4584
95.2287
94.9797
94.7105
94.4204
94.1083
93.7735
93.4146
93.0305
92.6197
92.1808
91.7117
91.2108
90.6756
90.1033
89.4915
88.8365
88.1342
87.3808
86.571
85.6984
84.7569
83.7381
50.9633
54.0475
56.5701
58.625
60.2944
61.6444
62.727
63.5833
64.2461
64.7415
65.0908
65.3116
65.4183
65.4232
65.3366
65.1674
64.9234
64.6117
64.2389
63.8113
63.3353
62.8181
62.268
61.6949
61.112
60.5366
59.9912
59.5027
59.0977
58.7937
58.5941
58.4894
58.4633
58.4978
58.5766
58.6874
58.8213
58.9727
59.1384
59.3166
59.5066
59.7082
59.9213
60.1459
60.382
60.6293
60.8877
61.1568
61.4361
61.7252
62.0236
62.3309
62.6466
62.9702
63.3012
63.6391
63.9836
64.3342
64.6904
65.0519
65.4182
65.7891
66.164
66.5428
66.9251
67.3105
67.6988
68.0897
68.4831
68.8785
69.2759
69.6751
70.0757
70.4778
70.881
71.2853
71.6905
72.0965
72.5032
72.9105
73.3182
73.7263
74.1348
74.5434
74.9522
75.3611
75.77
76.1789
76.5876
76.9965
77.405
77.8133
78.2216
78.6294
79.0369
79.4441
79.8511
80.2575
80.6634
81.0689
81.4738
81.8782
82.2819
82.6852
83.0875
83.489
83.8896
84.2892
84.6876
85.0847
85.4805
85.8749
86.2676
86.6585
87.0473
87.4338
87.8175
88.1987
88.5768
88.9516
89.3225
89.6895
90.0523
90.4102
90.7633
91.111
91.4528
91.7887
92.1179
92.4405
92.7557
93.0635
93.3633
93.6551
93.9381
94.2124
94.4774
94.7329
94.9787
95.2143
95.4396
95.6544
95.8581
96.0508
96.2321
96.402
96.56
96.706
96.8398
96.9612
97.0701
97.1662
97.2493
97.3193
97.3759
97.4191
97.4485
97.464
97.4655
97.4525
97.425
97.3827
97.3254
97.2526
97.1641
97.0596
96.9388
96.8011
96.6461
96.4734
96.2823
96.0723
95.8426
95.5926
95.3213
95.0278
94.7112
94.3702
94.0034
93.6093
93.1866
92.733
92.2465
91.7251
91.1654
90.565
89.9197
89.2258
88.479
87.6732
86.8029
85.86
84.8369
52.3199
55.3687
57.8689
59.9135
61.5823
62.9395
64.0353
64.9096
65.5944
66.1153
66.4931
66.7452
66.886
66.9276
66.8803
66.7532
66.5543
66.2908
65.9693
65.5965
65.179
64.7238
64.2389
63.7339
63.2203
62.7128
62.2294
61.7904
61.4148
61.1144
60.8911
60.739
60.6474
60.6041
60.5979
60.6195
60.6626
60.7227
60.7974
60.8856
60.9868
61.1011
61.2287
61.3697
61.5245
61.6929
61.8748
62.0701
62.2783
62.4991
62.7321
62.9767
63.2325
63.4989
63.7754
64.0615
64.3566
64.6603
64.972
65.2913
65.6175
65.9504
66.2894
66.634
66.984
67.339
67.6985
68.0622
68.4298
68.801
69.1755
69.5532
69.9336
70.3167
70.7021
71.0897
71.4794
71.8709
72.264
72.6588
73.0549
73.4523
73.8509
74.2505
74.6512
75.0527
75.455
75.8581
76.2616
76.666
77.0709
77.476
77.8818
78.2877
78.6942
79.1007
79.5077
79.9146
80.3216
80.729
81.1362
81.5433
81.9506
82.3575
82.7642
83.1707
83.577
83.9826
84.3877
84.7921
85.1956
85.5982
85.9999
86.4
86.7986
87.1954
87.5902
87.9827
88.3726
88.7595
89.1431
89.5232
89.8995
90.2714
90.6387
91.0009
91.3576
91.7084
92.0532
92.3914
92.7226
93.0464
93.3627
93.6709
93.9706
94.2618
94.5439
94.8165
95.0797
95.3327
95.5757
95.8081
96.0299
96.2406
96.4401
96.6281
96.8046
96.969
97.1215
97.2615
97.3891
97.5041
97.6061
97.695
97.7708
97.833
97.8816
97.9163
97.9369
97.9432
97.935
97.9119
97.8737
97.8201
97.7507
97.6653
97.5633
97.4444
97.3081
97.1539
96.9811
96.7892
96.5774
96.3449
96.0909
95.8143
95.514
95.1889
94.8376
94.4583
94.0498
93.6096
93.1356
92.6254
92.0762
91.4845
90.8472
90.1592
89.4161
88.6122
87.7408
86.7948
85.7641
53.6677
56.6819
59.1607
61.1957
62.8646
64.2292
65.3383
66.2307
66.9373
67.4834
67.8894
68.1723
68.3466
68.4241
68.4154
68.3295
68.1744
67.9575
67.6855
67.3652
67.0032
66.6064
66.1825
65.7401
65.2895
64.8426
64.4134
64.0171
63.6668
63.3704
63.1292
62.9395
62.7948
62.6874
62.6097
62.5553
62.5197
62.4997
62.4936
62.5005
62.5205
62.5538
62.6007
62.6619
62.7376
62.8281
62.9336
63.0541
63.1894
63.3394
63.5037
63.6819
63.8738
64.0787
64.2962
64.5258
64.767
65.019
65.2815
65.5538
65.8355
66.1259
66.4245
66.7309
67.0446
67.365
67.6919
68.0246
68.363
68.7065
69.0549
69.4078
69.765
70.1261
70.4909
70.8591
71.2306
71.6051
71.9823
72.3622
72.7445
73.1291
73.5158
73.9045
74.2951
74.6875
75.0814
75.477
75.8739
76.2721
76.6717
77.0725
77.4744
77.8772
78.2811
78.686
79.0915
79.498
79.9053
80.3131
80.7217
81.1307
81.5403
81.9503
82.3608
82.7714
83.1824
83.5934
84.0045
84.4154
84.8261
85.2365
85.6462
86.0551
86.4631
86.8701
87.2754
87.6789
88.0803
88.4793
88.8757
89.2687
89.6583
90.0439
90.4253
90.8019
91.1734
91.5393
91.8993
92.253
92.6
92.9399
93.2722
93.5968
93.9131
94.2207
94.5196
94.8093
95.0895
95.3598
95.62
95.8699
96.1091
96.3374
96.5546
96.7605
96.9547
97.1372
97.3077
97.4658
97.6117
97.7448
97.8651
97.9725
98.0666
98.1472
98.2142
98.2674
98.3065
98.3312
98.3413
98.3366
98.3167
98.2813
98.2301
98.1627
98.0786
97.9775
97.8588
97.7219
97.5664
97.3913
97.1962
96.9799
96.7418
96.4807
96.1955
95.8849
95.5475
95.1814
94.7852
94.3567
93.8935
93.3931
92.8524
92.268
91.6361
90.9522
90.2112
89.4071
88.533
87.5809
86.5413
55.0017
57.982
60.4401
62.466
64.135
65.5068
66.6288
67.5387
68.2665
68.837
69.2702
69.583
69.7895
69.9017
69.9298
69.8831
69.7696
69.5967
69.3712
69.0998
68.7889
68.4454
68.0763
67.6895
67.2937
66.8987
66.5152
66.1541
65.8247
65.5323
65.2779
65.0598
64.8741
64.7161
64.5809
64.4645
64.3637
64.2764
64.2014
64.1383
64.0871
64.0484
64.0227
64.0106
64.0127
64.0296
64.0616
64.1091
64.1722
64.251
64.3454
64.4553
64.5805
64.7206
64.8754
65.0443
65.2269
65.4228
65.6313
65.8519
66.0841
66.3273
66.5808
66.8442
67.117
67.3985
67.6883
67.9859
68.2909
68.6028
68.9212
69.2458
69.5762
69.912
70.2529
70.5986
70.9489
71.3034
71.662
72.0244
72.3903
72.7596
73.1322
73.5077
73.8861
74.2672
74.6509
75.037
75.4254
75.8161
76.2087
76.6034
77
77.3983
77.7984
78.2001
78.6031
79.0078
79.414
79.8214
80.2302
80.64
81.0511
81.4632
81.8764
82.2904
82.7053
83.1209
83.5373
83.9542
84.3713
84.789
85.2065
85.624
86.0411
86.4577
86.8733
87.2878
87.7007
88.1116
88.5204
88.9264
89.3294
89.729
90.1244
90.5155
90.9018
91.283
91.6583
92.0276
92.3903
92.7461
93.0946
93.4357
93.7684
94.0928
94.4083
94.7148
95.0119
95.2993
95.5767
95.8437
96.1003
96.346
96.5805
96.8039
97.0158
97.2159
97.404
97.58
97.7435
97.8945
98.0327
98.1579
98.2699
98.3683
98.4533
98.5243
98.5812
98.6238
98.6517
98.6646
98.6623
98.6445
98.6107
98.5605
98.4936
98.4094
98.3074
98.1871
98.0477
97.8886
97.709
97.5081
97.2848
97.0381
96.7668
96.4695
96.1448
95.791
95.4059
94.9878
94.5341
94.0419
93.5083
92.9298
92.3022
91.6205
90.8801
90.0743
89.1961
88.2369
87.1863
56.318
59.2645
61.7021
63.7189
65.3876
66.7662
67.9003
68.8266
69.5746
70.1683
70.6274
70.9684
71.2054
71.3501
71.413
71.4029
71.3281
71.1958
71.0129
70.7858
70.5209
70.2247
69.9036
69.5647
69.2154
68.8636
68.5174
68.1848
67.8724
67.5839
67.3205
67.0815
66.8651
66.6685
66.4888
66.3234
66.1704
66.0285
65.8968
65.7753
65.6641
65.5638
65.475
65.3984
65.3348
65.2849
65.2493
65.2284
65.2228
65.2329
65.2587
65.3005
65.3584
65.4323
65.522
65.6273
65.7481
65.8838
66.034
66.1984
66.3764
66.5674
66.7709
66.9864
67.2133
67.451
67.699
67.9567
68.2237
68.4995
68.7837
69.0757
69.3751
69.6817
69.9949
70.3145
70.6401
70.9714
71.308
71.6498
71.9965
72.3477
72.7034
73.0632
73.4269
73.7945
74.1656
74.5402
74.918
75.2989
75.6828
76.0698
76.4592
76.8514
77.246
77.643
78.0424
78.444
78.8477
79.2534
79.6612
80.0708
80.4822
80.8955
81.3104
81.7269
82.145
82.5646
82.9855
83.4074
83.8307
84.255
84.6801
85.1056
85.5316
85.9577
86.3835
86.8088
87.2333
87.6563
88.0777
88.4968
88.9135
89.3269
89.7369
90.1428
90.5443
90.9406
91.3318
91.7168
92.0955
92.4677
92.8326
93.1898
93.5393
93.8804
94.2127
94.5363
94.8503
95.1547
95.4492
95.7334
96.0073
96.2702
96.5222
96.7629
96.9921
97.2096
97.4152
97.6087
97.7898
97.9583
98.114
98.2567
98.3862
98.5023
98.6047
98.6932
98.7675
98.8273
98.8725
98.9027
98.9175
98.9166
98.8996
98.8662
98.8157
98.7478
98.6619
98.5574
98.4335
98.2896
98.125
97.9385
97.7293
97.4961
97.2378
96.953
96.64
96.2973
95.9225
95.5139
95.0684
94.5837
94.056
93.4822
92.8574
92.1775
91.4361
90.6276
89.7436
88.7762
87.7146
57.612
60.5252
62.9422
64.9495
66.6173
68.0016
69.1468
70.0884
70.855
71.4703
71.9535
72.3208
72.5861
72.7611
72.8559
72.8796
72.8401
72.7446
72.5999
72.4124
72.188
71.933
71.6531
71.3547
71.0441
70.7276
70.4115
70.1018
69.8031
69.5186
69.2495
68.9959
68.7572
68.5319
68.3184
68.1154
67.9216
67.7363
67.5592
67.3902
67.2297
67.0782
66.9364
66.805
66.6847
66.5764
66.4808
66.3985
66.3302
66.2765
66.2378
66.2146
66.2072
66.2158
66.2405
66.2814
66.3385
66.4117
66.5006
66.6051
66.7248
66.8593
67.0081
67.1708
67.3467
67.5355
67.7365
67.9493
68.1733
68.408
68.6529
68.9076
69.1716
69.4444
69.7256
70.0149
70.3117
70.6159
70.9269
71.2446
71.5685
71.8984
72.2339
72.575
72.9212
73.2724
73.6284
73.989
74.3538
74.7229
75.0959
75.4728
75.8534
76.2375
76.6251
77.0158
77.4096
77.8065
78.2065
78.6091
79.0146
79.4226
79.8334
80.2466
80.6622
81.0802
81.5004
81.923
82.3476
82.7744
83.203
83.6335
84.0655
84.499
84.9337
85.3692
85.8053
86.2414
86.6775
87.113
87.5473
87.9801
88.4105
88.8385
89.2634
89.6846
90.1014
90.5138
90.9207
91.3222
91.7175
92.1061
92.4878
92.8619
93.2283
93.5863
93.9358
94.2763
94.6076
94.9292
95.241
95.5425
95.8335
96.1139
96.3832
96.6412
96.8879
97.1228
97.3457
97.5565
97.755
97.9409
98.1139
98.274
98.4208
98.5542
98.6738
98.7794
98.8708
98.9477
99.0098
99.0568
99.0883
99.104
99.1035
99.0862
99.0518
98.9997
98.9294
98.8401
98.7313
98.602
98.4516
98.279
98.0832
97.8629
97.617
97.3439
97.042
96.7096
96.3444
95.9442
95.5065
95.0281
94.5057
93.9354
93.3133
92.6336
91.8908
91.0787
90.1885
89.212
88.1376
58.8805
61.7599
64.1562
66.1533
67.8192
69.2081
70.363
71.3183
72.102
72.737
73.2423
73.6338
73.925
74.1276
74.2515
74.3057
74.2979
74.2354
74.1247
73.9718
73.7827
73.563
73.3181
73.0535
72.7746
72.4868
72.1949
71.9036
71.6165
71.3361
71.0639
70.8006
70.546
70.2998
70.0613
69.8297
69.6045
69.3855
69.1724
68.9656
68.7653
68.5722
68.3867
68.2097
68.0419
67.8841
67.7369
67.6013
67.4778
67.3673
67.2702
67.1873
67.119
67.0659
67.0282
67.0064
67.0006
67.011
67.0376
67.0804
67.1393
67.2141
67.3044
67.41
67.5306
67.6656
67.8146
67.9772
68.1529
68.3412
68.5417
68.7538
68.9771
69.2112
69.4555
69.7096
69.9731
70.2457
70.5268
70.8161
71.1132
71.4179
71.7298
72.0485
72.3739
72.7056
73.0433
73.387
73.736
74.0906
74.4503
74.8148
75.1842
75.558
75.9364
76.319
76.7055
77.096
77.4903
77.8883
78.2899
78.695
79.1036
79.5154
79.9305
80.349
80.7704
81.195
81.6228
82.0533
82.4866
82.9227
83.3614
83.8024
84.2458
84.6907
85.1371
85.5846
86.0326
86.4808
86.9285
87.3753
87.8205
88.2636
88.704
89.141
89.5743
90.0029
90.4267
90.845
91.2574
91.6633
92.062
92.4536
92.8373
93.2129
93.5797
93.9378
94.2866
94.6256
94.9549
95.274
95.5825
95.8804
96.1671
96.4427
96.7067
96.9591
97.1994
97.4277
97.6434
97.8467
98.037
98.2142
98.3783
98.5287
98.6654
98.7881
98.8964
98.9901
99.0689
99.1324
99.1804
99.2124
99.2279
99.2265
99.2078
99.1712
99.116
99.0416
98.9474
98.8324
98.6958
98.5366
98.3537
98.1459
97.9118
97.6499
97.3586
97.0358
96.6796
96.2874
95.8566
95.384
94.8663
94.2993
93.6785
92.9987
92.2543
91.4375
90.5405
89.5539
88.4666
60.1199
62.9653
65.3404
67.3264
68.9894
70.3815
71.5446
72.512
73.3108
73.9636
74.4888
74.9022
75.2168
75.4442
75.5943
75.6758
75.6963
75.6629
75.5819
75.4592
75.3004
75.1107
74.8952
74.6587
74.406
74.1415
73.8692
73.5929
73.3156
73.0395
72.7663
72.4967
72.2314
71.9702
71.7132
71.4603
71.2113
70.9661
70.7251
70.4883
70.2563
70.0296
69.8088
69.5945
69.3875
69.1884
68.9981
68.8172
68.6465
68.4867
68.3386
68.2027
68.0798
67.9705
67.8753
67.7948
67.7293
67.6793
67.645
67.6266
67.6244
67.6382
67.6682
67.7141
67.7759
67.8533
67.9461
68.0538
68.1763
68.3131
68.4637
68.6279
68.8051
68.9949
69.1969
69.4106
69.6356
69.8714
70.1176
70.3738
70.6396
70.9146
71.1985
71.4908
71.7914
72.0998
72.4157
72.7389
73.069
73.4059
73.7492
74.0987
74.4541
74.8153
75.1818
75.5538
75.9309
76.313
76.6997
77.0912
77.4873
77.8877
78.2925
78.7014
79.1147
79.5322
79.9536
80.3792
80.8087
81.2422
81.6797
82.1209
82.5659
83.0142
83.4657
83.9204
84.3773
84.8363
85.297
85.7585
86.2204
86.682
87.1426
87.6019
88.0587
88.5126
88.9628
89.409
89.8504
90.2864
90.7166
91.1403
91.5572
91.9668
92.3685
92.7621
93.1471
93.5231
93.8898
94.247
94.5939
94.9309
95.2572
95.5728
95.8774
96.1705
96.4522
96.7222
96.98
97.2257
97.459
97.6795
97.8872
98.0817
98.2628
98.4304
98.584
98.7236
98.8487
98.9591
99.0544
99.1344
99.1986
99.2467
99.2781
99.2924
99.2891
99.2677
99.2274
99.1677
99.0877
98.9866
98.8635
98.7173
98.547
98.3512
98.1286
97.8775
97.5963
97.2829
96.9352
96.5507
96.1262
95.6591
95.1455
94.5813
93.9617
93.2814
92.5341
91.7126
90.8085
89.8119
88.7113
61.3276
64.1385
66.4916
68.4656
70.1244
71.5184
72.6879
73.6655
74.4777
75.1461
75.6891
76.1219
76.4574
76.7071
76.8803
76.9859
77.0314
77.0235
76.9683
76.8717
76.7388
76.5746
76.3838
76.1707
75.9395
75.6941
75.438
75.1742
74.9055
74.6339
74.3609
74.0878
73.8152
73.5435
73.2732
73.0044
72.7374
72.4723
72.2094
71.9491
71.692
71.4384
71.1891
70.9445
70.7054
70.4724
70.2463
70.0277
69.8173
69.6158
69.424
69.2425
69.072
68.9132
68.7667
68.6332
68.5131
68.4071
68.3156
68.239
68.1777
68.1319
68.1018
68.0877
68.0895
68.1072
68.1409
68.1905
68.2558
68.3366
68.4327
68.5438
68.6696
68.8097
68.9638
69.1315
69.3123
69.5058
69.7117
69.9294
70.1585
70.3987
70.6496
70.9108
71.1819
71.4626
71.7524
72.0512
72.3586
72.6741
72.9975
73.3285
73.6668
74.0122
74.3643
74.7229
75.0879
75.459
75.8359
76.2186
76.6068
77.0006
77.3997
77.8041
78.2137
78.6284
79.0484
79.4736
79.9038
80.3393
80.78
81.2256
81.6763
82.1318
82.5917
83.056
83.5238
83.9951
84.4689
84.9448
85.4218
85.8992
86.3767
86.8528
87.3274
87.7993
88.2678
88.7327
89.1927
89.6475
90.0964
90.5393
90.975
91.4034
91.8239
92.2363
92.6399
93.0345
93.42
93.7955
94.161
94.5162
94.8608
95.1945
95.5171
95.8283
96.1279
96.4156
96.6913
96.9545
97.2053
97.4433
97.6684
97.8802
98.0786
98.2632
98.4339
98.5903
98.7322
98.8592
98.971
99.0673
99.1477
99.2116
99.2588
99.2887
99.3007
99.2943
99.2688
99.2234
99.1575
99.07
98.9601
98.8268
98.6688
98.4848
98.2734
98.0328
97.7615
97.4571
97.1176
96.7401
96.3221
95.8601
95.3501
94.7884
94.1698
93.4883
92.7382
91.9116
90.9995
89.9925
88.8783
62.5011
65.2771
67.6074
69.5683
71.2215
72.6158
73.7902
74.7762
75.5996
76.2817
76.8402
77.2901
77.6441
77.9132
78.107
78.2338
78.301
78.3152
78.2825
78.2082
78.0975
77.9549
77.7848
77.5913
77.378
77.1485
76.9058
76.6527
76.3916
76.1244
75.8528
75.5779
75.3007
75.0218
74.742
74.4615
74.1809
73.9005
73.6207
73.342
73.0649
72.7899
72.5175
72.2484
71.9832
71.7225
71.4669
71.217
70.9736
70.7372
70.5086
70.2883
70.0772
69.8757
69.6846
69.5046
69.3361
69.1799
69.0365
68.9064
68.7902
68.6881
68.6008
68.5284
68.4713
68.4297
68.4039
68.394
68.4
68.4221
68.4602
68.5143
68.5842
68.6698
68.7708
68.8869
69.0179
69.1634
69.323
69.4964
69.6832
69.8829
70.0952
70.3198
70.5561
70.804
71.0628
71.3324
71.6123
71.9021
72.2014
72.51
72.8274
73.1533
73.4874
73.8295
74.1793
74.5363
74.9005
75.2717
75.6496
76.0342
76.4253
76.8228
77.2267
77.6369
78.0536
78.4766
78.9062
79.3423
79.785
80.2341
80.69
81.1522
81.6206
82.0948
82.5741
83.0583
83.5465
84.0376
84.5312
85.0262
85.5215
86.0165
86.5099
87.0014
87.4899
87.9744
88.4546
88.9295
89.3987
89.8613
90.317
90.7654
91.2057
91.6378
92.061
92.475
92.8795
93.2743
93.6587
94.0328
94.3962
94.7485
95.0895
95.4191
95.7368
96.0427
96.3364
96.6176
96.8862
97.1419
97.3844
97.6137
97.8294
98.0312
98.2189
98.3922
98.5509
98.6946
98.8228
98.9354
99.0319
99.1117
99.1746
99.2199
99.2471
99.2555
99.2446
99.2135
99.1615
99.0876
98.9908
98.8701
98.7243
98.5518
98.3513
98.1212
97.8593
97.5638
97.2323
96.8619
96.45
95.9927
95.4863
94.9268
94.3085
93.6263
92.8728
92.0411
91.1212
90.1038
88.9752
63.6382
66.3789
68.6856
70.6323
72.2786
73.6716
74.8491
75.8417
76.6745
77.3681
77.94
78.4048
78.7749
79.0611
79.2727
79.4179
79.504
79.5375
79.524
79.469
79.3772
79.2529
79.1003
78.9233
78.725
78.5088
78.2776
78.0336
77.7794
77.5166
77.2469
76.9715
76.6916
76.408
76.1213
75.8323
75.5415
75.2494
74.9565
74.6633
74.3704
74.0782
73.7873
73.4984
73.2118
72.9283
72.6484
72.3728
72.1019
71.8364
71.5769
71.324
71.0784
70.8407
70.6114
70.3912
70.1808
69.9806
69.7913
69.6135
69.4478
69.2945
69.1543
69.0276
68.9149
68.8166
68.7331
68.6647
68.6118
68.5746
68.5534
68.5483
68.5595
68.587
68.6309
68.6909
68.7671
68.8592
68.967
69.0902
69.2286
69.3818
69.5495
69.7314
69.9271
70.1363
70.3585
70.5933
70.8404
71.0993
71.3697
71.651
71.9429
72.245
72.5571
72.8785
73.2091
73.5486
73.8966
74.2529
74.6175
74.9898
75.37
75.758
76.1535
76.5567
76.9676
77.3864
77.8133
78.2483
78.6916
79.1435
79.6037
80.0724
80.5492
81.0337
81.5252
82.0235
82.5272
83.0354
83.5472
84.0613
84.5766
85.0921
85.6066
86.1193
86.6293
87.1356
87.6372
88.1338
88.6245
89.1085
89.5855
90.055
90.5161
90.9689
91.4125
91.847
92.2715
92.6861
93.0903
93.4839
93.8665
94.238
94.598
94.9464
95.2828
95.6071
95.9191
96.2185
96.505
96.7787
97.039
97.2858
97.5189
97.7382
97.943
98.1333
98.3088
98.4691
98.6139
98.7428
98.8553
98.9511
99.0295
99.0902
99.1326
99.1559
99.1594
99.1425
99.1043
99.0438
98.9601
98.8519
98.718
98.557
98.3673
98.1473
97.8951
97.6083
97.2845
96.921
96.5148
96.0622
95.5596
95.0019
94.3842
93.7004
92.9442
92.1067
91.1791
90.1504
89.0086
64.7377
67.4424
69.7246
71.6561
73.294
74.6842
75.8631
76.8605
77.7007
78.404
78.9872
79.4647
79.8487
80.1497
80.3768
80.538
80.6405
80.6905
80.6936
80.655
80.5793
80.4706
80.333
80.1698
79.9843
79.7795
79.558
79.3221
79.074
78.8155
78.5481
78.2733
77.9919
77.7052
77.4139
77.1186
76.8201
76.5191
76.216
75.9114
75.6058
75.2999
74.994
74.6888
74.3849
74.0827
73.7827
73.4856
73.1919
72.9021
72.6168
72.3365
72.0619
71.7934
71.5316
71.2771
71.0305
70.7924
70.5633
70.3437
70.1343
69.9355
69.748
69.5722
69.4086
69.2579
69.1204
68.9967
68.8873
68.7927
68.7131
68.6492
68.6011
68.5692
68.5537
68.5548
68.5726
68.6071
68.6584
68.7263
68.8107
68.9116
69.0287
69.1617
69.3104
69.4746
69.6538
69.8477
70.0559
70.278
70.5134
70.762
71.023
71.296
71.5808
71.8769
72.1837
72.5012
72.8287
73.1662
73.5132
73.8697
74.2353
74.6102
74.9941
75.3873
75.7896
76.2015
76.6232
77.0549
77.497
77.95
78.4137
78.8882
79.3734
79.8689
80.3741
80.8878
81.4089
81.9362
82.4683
83.0038
83.5414
84.0797
84.6176
85.1537
85.6873
86.2171
86.7424
87.2623
87.7761
88.2832
88.7829
89.2745
89.7579
90.2325
90.6978
91.1534
91.5989
92.0343
92.459
92.8726
93.2752
93.6665
94.0459
94.4136
94.7692
95.1123
95.443
95.7608
96.0658
96.3575
96.6359
96.9005
97.1513
97.3878
97.61
97.8174
98.0098
98.1869
98.3482
98.4933
98.622
98.7336
98.8278
98.9038
98.9612
98.9993
99.0174
99.0146
98.9901
98.943
98.8721
98.7764
98.6544
98.5047
98.3259
98.116
97.8731
97.5948
97.2788
96.9222
96.5217
96.0738
95.5744
95.0187
94.4015
93.7165
92.9566
92.1138
91.1783
90.1389
88.9825
65.7982
68.4664
70.7233
72.6382
74.2665
75.6523
76.8311
77.8316
78.6775
79.3886
79.9812
80.4694
80.8652
81.1789
81.4192
81.5943
81.7108
81.7751
81.7924
81.768
81.706
81.6107
81.4857
81.3343
81.1598
80.9647
80.7516
80.5229
80.2804
80.0259
79.7611
79.4872
79.2054
78.9168
78.6222
78.3225
78.0184
77.7104
77.3994
77.0858
76.7701
76.453
76.135
75.8166
75.4982
75.1806
74.864
74.549
74.2362
73.9261
73.619
73.3157
73.0164
72.7219
72.4325
72.1488
71.8713
71.6006
71.3371
71.0814
70.834
70.5954
70.3662
70.1468
69.9379
69.74
69.5536
69.3793
69.2176
69.0691
68.9344
68.814
68.7084
68.618
68.5434
68.4849
68.4429
68.4177
68.4094
68.4183
68.4445
68.4882
68.5492
68.6275
68.7232
68.836
68.9657
69.112
69.2746
69.4531
69.6471
69.8563
70.08
70.3178
70.5694
70.8341
71.1116
71.4016
71.7035
72.0169
72.3418
72.6777
73.0244
73.3818
73.75
74.1289
74.519
74.9205
75.3336
75.7593
76.1978
76.6499
77.1157
77.5957
78.0895
78.5967
79.1167
79.6478
80.1887
80.7379
81.2931
81.853
82.4159
82.9798
83.5436
84.1059
84.6654
85.2213
85.7722
86.3174
86.8562
87.3879
87.9118
88.4274
88.9342
89.4318
89.9197
90.3977
90.8652
91.3221
91.768
92.2028
92.626
93.0375
93.437
93.8244
94.1995
94.562
94.9118
95.2484
95.572
95.8822
96.1788
96.4613
96.73
96.9842
97.2237
97.4484
97.6579
97.8517
98.0296
98.1911
98.3359
98.4634
98.5732
98.6646
98.7371
98.79
98.8225
98.8338
98.823
98.7892
98.7312
98.6477
98.5377
98.3993
98.2311
98.0313
97.7976
97.5279
97.2196
96.8698
96.4748
96.0315
95.5354
94.9817
94.3649
93.6782
92.9152
92.0669
91.1234
90.0734
88.903
66.8189
69.4499
71.6808
73.5782
75.1956
76.5756
77.7526
78.7545
79.6044
80.3215
80.9217
81.4189
81.8246
82.149
82.4007
82.5875
82.7161
82.7925
82.8221
82.8097
82.7596
82.6757
82.5615
82.4204
82.2551
82.0685
81.8628
81.6403
81.4029
81.1523
80.89
80.6176
80.336
80.0463
79.7496
79.4467
79.1383
78.8251
78.5078
78.187
77.8632
77.5371
77.2091
76.8797
76.5495
76.219
75.8885
75.5586
75.2298
74.9024
74.5771
74.2541
73.9341
73.6174
73.3044
72.9958
72.6919
72.3932
72.1001
71.8132
71.533
71.2598
70.9943
70.7368
70.488
70.2484
70.0185
69.7988
69.5899
69.3925
69.2071
69.0343
68.8748
68.7291
68.5978
68.4814
68.3805
68.2956
68.2272
68.1756
68.1413
68.1246
68.1257
68.1449
68.1824
68.2381
68.3121
68.4042
68.5144
68.6424
68.7878
68.9503
69.1295
69.325
69.5362
69.7628
70.0043
70.2601
70.53
70.8134
71.1101
71.4196
71.7418
72.0763
72.4235
72.7834
73.1562
73.5426
73.943
74.3587
74.7905
75.2391
75.7054
76.1899
76.6926
77.2127
77.7494
78.3007
78.8647
79.4388
80.0211
80.6088
81.2003
81.7933
82.3864
82.9777
83.5662
84.1503
84.7291
85.3021
85.8679
86.426
86.9761
87.517
88.0487
88.5706
89.0826
89.5838
90.0742
90.5536
91.0215
91.4779
91.9224
92.3551
92.7753
93.183
93.5781
93.9602
94.3294
94.6853
95.0278
95.3567
95.6717
95.9724
96.259
96.531
96.7882
97.0302
97.2567
97.4675
97.6619
97.8399
98.0009
98.1443
98.2697
98.3765
98.4641
98.5317
98.5786
98.6039
98.6068
98.5862
98.541
98.47
98.3716
98.2446
98.0871
97.8973
97.6728
97.4115
97.1109
96.7676
96.3786
95.9399
95.4468
94.8951
94.2783
93.5907
92.8244
91.9702
91.0189
89.9574
88.7728
67.7991
70.3926
72.5966
74.4754
76.0806
77.4536
78.6274
79.6292
80.4815
81.2029
81.8092
82.3135
82.7274
83.0608
83.322
83.5189
83.6578
83.7446
83.7847
83.7826
83.7425
83.6684
83.5635
83.4312
83.274
83.0947
82.8955
82.6785
82.4457
82.1988
81.9391
81.6682
81.3872
81.0971
80.799
80.4938
80.1822
79.865
79.5428
79.2162
78.8859
78.5523
78.2161
77.8777
77.5376
77.1962
76.854
76.5115
76.1691
75.8273
75.4863
75.1467
74.8089
74.4732
74.1402
73.8101
73.4835
73.1608
72.8423
72.5285
72.2198
71.9167
71.6197
71.3291
71.0454
70.7693
70.501
70.2413
69.9905
69.7494
69.5185
69.2984
69.0897
68.893
68.709
68.5383
68.3816
68.2395
68.1125
68.0014
67.9066
67.8288
67.7684
67.726
67.7018
67.6964
67.7098
67.7423
67.794
67.8647
67.9544
68.0629
68.19
68.3352
68.4983
68.6789
68.8764
69.0906
69.3208
69.5667
69.8279
70.1041
70.3947
70.6999
71.0194
71.3536
71.703
72.0683
72.4507
72.8513
73.2719
73.7137
74.1782
74.666
75.1777
75.7126
76.2689
76.8442
77.4351
78.039
78.6525
79.2727
79.8967
80.5228
81.1487
81.7723
82.3927
83.0082
83.6177
84.2205
84.8153
85.4021
85.9795
86.5477
87.1056
87.6534
88.1901
88.7158
89.2303
89.733
90.224
90.7027
91.1692
91.6232
92.0647
92.4932
92.9086
93.311
93.7001
94.0754
94.4371
94.7849
95.1185
95.4378
95.7426
96.0325
96.3073
96.5667
96.8104
97.038
97.2493
97.4437
97.6208
97.7802
97.9212
98.0433
98.1459
98.2282
98.2895
98.3289
98.3454
98.338
98.3055
98.2467
98.1603
98.0444
97.8974
97.7175
97.5024
97.2496
96.9565
96.6198
96.2365
95.8022
95.3125
94.7627
94.1463
93.457
92.6874
91.8277
90.8684
89.7961
88.5973
68.7387
71.2942
73.4706
75.3298
76.9217
78.2862
79.4555
80.4558
81.3091
82.0334
82.644
83.154
83.5745
83.9153
84.1846
84.3898
84.5374
84.6331
84.6821
84.6888
84.6574
84.5917
84.4948
84.3699
84.2198
84.0468
83.8534
83.6413
83.4127
83.169
82.9119
82.6426
82.3625
82.0724
81.7736
81.4668
81.1528
80.8324
80.5062
80.1751
79.8394
79.4998
79.1567
78.8107
78.4622
78.1117
77.7597
77.4065
77.0525
76.6982
76.3439
75.99
75.6369
75.285
74.9346
74.5861
74.2399
73.8964
73.5559
73.2189
72.8856
72.5566
72.2321
71.9127
71.5987
71.2906
70.9888
70.6939
70.4063
70.1266
69.8552
69.5929
69.3401
69.0975
68.8658
68.6454
68.4372
68.2418
68.0598
67.8921
67.7392
67.6018
67.4808
67.3766
67.29
67.2215
67.1716
67.1408
67.1293
67.1375
67.1654
67.2132
67.2808
67.3681
67.4749
67.6011
67.7462
67.91
68.0919
68.2917
68.5089
68.7431
68.9939
69.2612
69.5449
69.8456
70.1636
70.5002
70.8571
71.2361
71.6398
72.0702
72.5297
73.0197
73.541
74.0928
74.6726
75.2765
75.9002
76.5391
77.1892
77.8467
78.5086
79.172
79.8344
80.4943
81.1498
81.7996
82.4425
83.0776
83.7037
84.3207
84.9278
85.5243
86.1101
86.6848
87.2477
87.7991
88.3384
88.8653
89.3799
89.8817
90.3709
90.8469
91.3101
91.7597
92.1962
92.6189
93.0281
93.4232
93.8043
94.1713
94.5237
94.8617
95.1846
95.4925
95.785
96.062
96.3228
96.5675
96.7954
97.0063
97.1996
97.3748
97.5315
97.6689
97.7865
97.8835
97.959
98.0124
98.0424
98.0482
98.0284
97.9819
97.907
97.8023
97.6659
97.4959
97.2899
97.0455
96.76
96.43
96.0522
95.6226
95.1362
94.588
93.9721
93.2814
92.5081
91.6429
90.6756
89.5924
88.3786
69.6372
72.1548
74.3027
76.1415
77.7191
79.074
80.2374
81.2349
82.0877
82.8135
83.4271
83.9413
84.3671
84.7138
84.9897
85.2019
85.3568
85.46
85.5165
85.5307
85.5068
85.4482
85.3582
85.2399
85.0958
84.9284
84.7399
84.5323
84.3074
84.0669
83.8121
83.5445
83.2653
82.9756
82.6763
82.3683
82.0526
81.7297
81.4005
81.0655
80.7255
80.3807
80.0319
79.6795
79.324
78.9658
78.6053
78.2428
77.8789
77.5139
77.1481
76.7819
76.4156
76.0496
75.6843
75.3198
74.9567
74.5951
74.2355
73.8782
73.5236
73.172
72.8236
72.479
72.1385
71.8025
71.4714
71.1456
70.8256
70.5119
70.2049
69.9052
69.6133
69.3297
69.0552
68.7901
68.5353
68.2914
68.059
67.8388
67.6317
67.4382
67.2593
67.0956
66.948
66.8171
66.7036
66.6082
66.5315
66.4739
66.436
66.418
66.4202
66.4429
66.486
66.5496
66.6338
66.7382
66.8626
67.0067
67.1702
67.3526
67.5537
67.7732
68.0113
68.2684
68.5453
68.8437
69.1659
69.5148
69.8939
70.3072
70.7577
71.2482
71.7801
72.3521
72.9605
73.5992
74.2619
74.9427
75.6356
76.3364
77.041
77.7465
78.4502
79.1499
79.844
80.531
81.2098
81.8794
82.5392
83.1884
83.8266
84.4533
85.0681
85.6709
86.2613
86.839
87.4037
87.9557
88.4947
89.0203
89.5324
90.0312
90.5163
90.9878
91.4451
91.8887
92.3182
92.7333
93.1341
93.5202
93.8917
94.2482
94.5895
94.9155
95.2258
95.5202
95.7983
96.0599
96.3045
96.5317
96.7412
96.9322
97.1044
97.2571
97.3896
97.5011
97.5909
97.6581
97.7017
97.7205
97.7133
97.6789
97.6156
97.522
97.3961
97.2359
97.0391
96.8029
96.5249
96.2016
95.8293
95.404
94.9209
94.3746
93.7591
93.0671
92.2905
91.4198
90.4439
89.3496
88.1214
70.4952
72.9743
75.0932
76.9108
78.4729
79.8172
80.9736
81.9671
82.8182
83.5441
84.1594
84.6766
85.1063
85.4577
85.7389
85.9569
86.1178
86.2273
86.2902
86.3108
86.2931
86.2407
86.1567
86.0439
85.9051
85.7426
85.5585
85.3548
85.1332
84.8955
84.643
84.377
84.0989
83.8095
83.5101
83.2014
82.8843
82.5595
82.2278
81.8897
81.546
81.197
80.8433
80.4855
80.1239
79.7591
79.3913
79.0209
78.6484
78.2741
77.8983
77.5214
77.1437
76.7654
76.3869
76.0085
75.6306
75.2533
74.877
74.5021
74.1287
73.7573
73.3881
73.0214
72.6577
72.2972
71.9403
71.5874
71.2389
70.8952
70.5567
70.224
69.8974
69.5775
69.2648
68.9599
68.6633
68.3757
68.0977
67.8299
67.5731
67.328
67.0953
66.8758
66.6704
66.4798
66.3047
66.146
66.0044
65.8805
65.7751
65.6888
65.622
65.5753
65.5491
65.5436
65.5592
65.5958
65.6536
65.7324
65.832
65.9521
66.0925
66.2531
66.4341
66.636
66.8602
67.1087
67.3849
67.693
68.0383
68.4267
68.8632
69.3525
69.8963
70.4931
71.1363
71.8175
72.527
73.2565
73.9995
74.7496
75.5027
76.2554
77.0044
77.7477
78.4838
79.2108
79.928
80.6344
81.3294
82.0127
82.6834
83.3414
83.9864
84.6182
85.2367
85.8416
86.4329
87.0104
87.5741
88.1239
88.6597
89.1813
89.6888
90.1821
90.661
91.1254
91.5754
92.0105
92.4309
92.8365
93.227
93.6022
93.9617
94.3058
94.6338
94.9456
95.2409
95.5194
95.7807
96.0242
96.2496
96.4564
96.644
96.8118
96.959
97.085
97.189
97.2699
97.3267
97.3585
97.3638
97.3414
97.2897
97.207
97.0914
96.941
96.7531
96.5254
96.2548
95.9379
95.5712
95.1504
94.6702
94.1257
93.5105
92.8167
92.0367
91.1604
90.1762
89.0701
87.8272
71.3128
73.7529
75.8426
77.638
79.184
80.5165
81.6648
82.6531
83.5014
84.2263
84.8422
85.3612
85.7936
86.1485
86.4338
86.6564
86.8224
86.9371
87.0052
87.0313
87.019
86.9717
86.8928
86.7849
86.6507
86.4924
86.3121
86.1119
85.8933
85.6581
85.4077
85.1433
84.8662
84.5774
84.2779
83.9687
83.6506
83.3243
82.9905
82.6499
82.3031
81.9505
81.5927
81.2303
80.8635
80.4929
80.1187
79.7415
79.3615
78.9791
78.5946
78.2083
77.8204
77.4314
77.0415
76.6508
76.2598
75.8687
75.4778
75.0873
74.6975
74.3086
73.921
73.5349
73.1507
72.7686
72.389
72.0121
71.6384
71.2682
70.9019
70.5399
70.1825
69.8303
69.4837
69.1432
68.8093
68.4826
68.1635
67.8528
67.551
67.2589
66.9771
66.7063
66.4473
66.2008
65.9677
65.7488
65.5448
65.3563
65.1845
65.0299
64.8933
64.7753
64.6764
64.5977
64.5393
64.5017
64.4853
64.4901
64.5162
64.5637
64.6323
64.7223
64.8338
64.9678
65.126
65.3114
65.5283
65.7829
66.083
66.4371
66.8538
67.3396
67.8976
68.5241
69.21
69.9418
70.7064
71.4931
72.2928
73.0985
73.9056
74.7095
75.508
76.2981
77.0789
77.8484
78.6063
79.3513
80.0831
80.8017
81.506
82.1966
82.8726
83.5342
84.1814
84.8143
85.4324
86.0358
86.6247
87.1991
87.7585
88.3033
88.8332
89.3484
89.8487
90.3341
90.8045
91.2601
91.7002
92.125
92.5344
92.9281
93.3061
93.6679
94.0135
94.3427
94.6551
94.9503
95.2279
95.4876
95.7289
95.9513
96.154
96.3368
96.4987
96.639
96.7568
96.8513
96.9213
96.9658
96.9835
96.9729
96.9325
96.8607
96.7553
96.6144
96.4355
96.2159
95.9527
95.6422
95.281
94.8642
94.3875
93.8445
93.2294
92.5341
91.7507
90.8681
89.8757
88.7582
87.5005
72.0901
74.4913
76.5511
78.3239
79.8527
81.1726
82.3119
83.294
84.1383
84.8613
85.4767
85.9963
86.4304
86.7878
87.0763
87.3024
87.4724
87.5913
87.6639
87.6944
87.6866
87.6438
87.5692
87.4655
87.3352
87.1806
87.0037
86.8065
86.5907
86.3577
86.1092
85.8462
85.5701
85.2819
84.9826
84.6731
84.3542
84.0267
83.6912
83.3485
82.999
82.6434
82.2821
81.9155
81.5443
81.1686
80.789
80.4057
80.0191
79.6296
79.2374
78.8428
78.4461
78.0476
77.6474
77.246
76.8435
76.4401
76.0362
75.6318
75.2274
74.8231
74.4192
74.0159
73.6135
73.2123
72.8125
72.4144
72.0183
71.6245
71.2334
70.8453
70.4605
70.0795
69.7027
69.3303
68.963
68.6012
68.2453
67.8959
67.5536
67.2189
66.8924
66.5748
66.2669
65.969
65.6821
65.407
65.1443
64.8949
64.6595
64.4388
64.2338
64.0451
63.8737
63.7202
63.5852
63.4696
63.3739
63.2985
63.2435
63.2095
63.1965
63.2047
63.2349
63.2883
63.3671
63.4752
63.6185
63.8056
64.0474
64.3568
64.7464
65.2264
65.8006
66.4633
67.1995
67.9906
68.8188
69.6698
70.5327
71.3992
72.2645
73.1241
73.9748
74.8144
75.642
76.4561
77.2557
78.0408
78.8104
79.565
80.3041
81.0273
81.7351
82.4269
83.1035
83.7641
84.4094
85.039
85.6533
86.2519
86.8351
87.4031
87.9556
88.4926
89.0145
89.5208
90.0115
90.487
90.9466
91.3905
91.8186
92.231
92.6269
93.0066
93.3697
93.7159
94.045
94.3567
94.6506
94.9263
95.1832
95.4208
95.6387
95.8361
96.0124
96.1667
96.2983
96.4061
96.4891
96.5461
96.5759
96.577
96.5478
96.4865
96.3912
96.2597
96.0896
95.878
95.6218
95.3176
94.9615
94.5492
94.0752
93.5338
92.9185
92.222
91.4344
90.546
89.545
88.4159
87.1422
72.8278
75.1899
77.2194
78.9689
80.48
81.7864
82.9157
83.8907
84.7301
85.4501
86.0639
86.5833
87.0181
87.3771
87.6677
87.8966
88.0696
88.1919
88.2681
88.3024
88.2983
88.2593
88.1884
88.0883
87.9614
87.8099
87.636
87.4415
87.228
86.9971
86.7503
86.4887
86.2136
85.9259
85.6269
85.3172
84.9977
84.6692
84.3323
83.9878
83.6361
83.2778
82.9134
82.5433
82.1681
81.7881
81.4036
81.015
80.6226
80.2267
79.8277
79.4258
79.0212
78.6142
78.205
77.7939
77.3812
76.9669
76.5513
76.1347
75.7173
75.2992
74.8807
74.4621
74.0435
73.6251
73.2072
72.7901
72.374
71.9592
71.5459
71.1344
70.7251
70.3183
69.9142
69.5134
69.116
68.7226
68.3336
67.9493
67.5703
67.1971
66.8301
66.47
66.1172
65.7726
65.4364
65.1094
64.7924
64.4861
64.191
63.908
63.6379
63.3813
63.1392
62.9121
62.7012
62.5067
62.3298
62.1708
62.0304
61.9089
61.807
61.7251
61.6641
61.6258
61.6132
61.631
61.6873
61.793
61.9634
62.2165
62.5713
63.0425
63.6351
64.3393
65.1332
65.9909
66.8891
67.81
68.7407
69.6723
70.5988
71.5159
72.4209
73.3118
74.1873
75.0466
75.8891
76.7146
77.5225
78.3134
79.0871
79.8436
80.583
81.305
82.0106
82.6994
83.3713
84.0271
84.6665
85.2894
85.8964
86.4874
87.062
87.621
88.1637
88.6908
89.2017
89.6968
90.1756
90.6386
91.0852
91.5154
91.9293
92.3264
92.7067
93.0697
93.4153
93.7433
94.053
94.3442
94.6165
94.8692
95.1017
95.3136
95.5039
95.6721
95.817
95.9379
96.0336
96.1029
96.1445
96.157
96.1387
96.0878
96.0023
95.88
95.7183
95.5145
95.2654
94.9673
94.6163
94.2078
93.7366
93.1967
92.5813
91.8825
91.0917
90.1972
89.1868
88.0459
86.7566
73.5264
75.8491
77.8483
79.5739
81.0664
82.3587
83.4772
84.4442
85.2779
85.9939
86.6053
87.1236
87.5583
87.9179
88.2099
88.4407
88.616
88.741
88.82
88.8573
88.8564
88.8205
88.7527
88.6556
88.5316
88.3829
88.2116
88.0194
87.808
87.579
87.3336
87.0733
86.7991
86.5121
86.2132
85.9034
85.5835
85.2542
84.9162
84.5701
84.2165
83.8559
83.4888
83.1157
82.737
82.3531
81.9643
81.5709
81.1734
80.7719
80.3668
79.9583
79.5467
79.1321
78.7148
78.2951
77.8731
77.449
77.0231
76.5954
76.1663
75.7359
75.3043
74.8718
74.4386
74.0049
73.5708
73.1365
72.7024
72.2686
71.8353
71.4028
70.9714
70.5413
70.1127
69.6861
69.2616
68.8397
68.4206
68.0048
67.5926
67.1844
66.7807
66.3818
65.9882
65.6006
65.2193
64.8449
64.4779
64.1192
63.7689
63.4278
63.0966
62.7759
62.4665
62.1694
61.8847
61.6134
61.3565
61.1141
60.887
60.6762
60.4817
60.3048
60.1468
60.0096
59.8972
59.8153
59.774
59.7871
59.8748
60.0615
60.3738
60.8327
61.4445
62.1938
63.05
63.9786
64.9507
65.9441
66.9443
67.9418
68.9307
69.9058
70.8652
71.807
72.7304
73.6346
74.5195
75.385
76.2312
77.0584
77.8663
78.655
79.4254
80.1776
80.9118
81.628
82.3267
83.008
83.6721
84.3191
84.9492
85.5623
86.159
86.7392
87.3028
87.8498
88.3806
88.895
89.3926
89.874
90.3388
90.7867
91.218
91.6322
92.0291
92.4087
92.7703
93.1141
93.4393
93.7459
94.033
94.3003
94.5472
94.7731
94.9772
95.1588
95.3168
95.4503
95.5584
95.6397
95.6928
95.7164
95.7087
95.6679
95.5919
95.4786
95.3252
95.1289
94.8864
94.5942
94.2482
93.8435
93.375
92.836
92.2203
91.5195
90.7241
89.8232
88.8038
87.6506
86.3453
74.1861
76.4697
78.438
80.1393
81.6129
82.8902
83.9973
84.9555
85.7826
86.4939
87.1022
87.6184
88.0522
88.4118
88.7044
88.9363
89.1133
89.2401
89.3214
89.3611
89.3627
89.3294
89.2642
89.1697
89.0482
88.9019
88.7328
88.5427
88.3331
88.1057
87.8618
87.6026
87.3292
87.0428
86.7442
86.4344
86.1142
85.7842
85.4452
85.0978
84.7425
84.3799
84.0105
83.6347
83.2529
82.8655
82.4729
82.0753
81.6732
81.2667
80.8561
80.4417
80.0237
79.6023
79.1778
78.7502
78.3199
77.887
77.4517
77.0141
76.5744
76.1328
75.6894
75.2444
74.798
74.3503
73.9015
73.4518
73.0014
72.5503
72.099
71.6474
71.1959
70.7446
70.2939
69.8438
69.3948
68.9469
68.5006
68.056
67.6136
67.1735
66.7363
66.3021
65.8714
65.4446
65.022
64.6041
64.1911
63.7838
63.3825
62.9878
62.6
62.2198
61.8477
61.4842
61.13
60.7856
60.4516
60.1289
59.8175
59.5184
59.2322
58.96
58.7034
58.4653
58.2497
58.0641
57.9203
57.835
57.8332
57.947
58.2113
58.6547
59.2842
60.0789
60.9973
61.9965
63.0403
64.1049
65.1728
66.2348
67.2832
68.3146
69.327
70.3182
71.2878
72.2359
73.1618
74.066
74.9488
75.8108
76.6518
77.4724
78.273
79.054
79.8162
80.559
81.2833
81.9893
82.6773
83.3474
84
84.6351
85.253
85.8537
86.4374
87.0042
87.5541
88.0871
88.6032
89.1025
89.5845
90.0498
90.4979
90.9286
91.3418
91.7372
92.1145
92.4736
92.814
93.1352
93.4368
93.7183
93.9792
94.2186
94.436
94.6305
94.8012
94.9471
95.0671
95.1599
95.2242
95.2585
95.2611
95.23
95.1633
95.0585
94.9131
94.724
94.4881
94.2013
93.8599
93.4586
92.9923
92.4547
91.8381
91.135
90.3353
89.4271
88.3982
87.2323
85.9098
74.8077
77.0523
78.9894
80.6662
82.1201
83.3819
84.4768
85.4255
86.2454
86.9513
87.5556
88.0692
88.5014
88.8602
89.1527
89.3851
89.563
89.6913
89.7742
89.8157
89.8193
89.7882
89.7251
89.6327
89.5133
89.3691
89.2019
89.0136
88.8057
88.5798
88.3371
88.0789
87.8063
87.5205
87.2222
86.9124
86.5919
86.2614
85.9216
85.573
85.2163
84.852
84.4805
84.1023
83.7178
83.3274
82.9313
82.53
82.1237
81.7127
81.2972
80.8774
80.4537
80.0262
79.595
79.1604
78.7226
78.2817
77.8378
77.3911
76.9418
76.4901
76.0359
75.5796
75.1211
74.6608
74.1986
73.7348
73.2695
72.8028
72.335
71.866
71.3962
70.9257
70.4547
69.9833
69.5117
69.0402
68.5689
68.0982
67.6281
67.159
66.691
66.2245
65.7598
65.2971
64.8365
64.3787
63.9236
63.4719
63.0238
62.5796
62.1394
61.7041
61.2738
60.8489
60.4299
60.0168
59.6107
59.2117
58.8204
58.4373
58.0632
57.6993
57.3474
57.0108
56.6946
56.4073
56.1621
55.9795
55.8891
55.9293
56.1446
56.5703
57.2149
58.0499
59.0249
60.0876
61.1974
62.3259
63.4562
64.5768
65.6806
66.7645
67.8255
68.863
69.8758
70.8648
71.8292
72.7703
73.6876
74.5826
75.4548
76.3057
77.135
77.9434
78.7319
79.5002
80.2493
80.9788
81.6896
82.3818
83.0561
83.7121
84.3502
84.9707
85.5736
86.1594
86.7276
87.2785
87.8122
88.3286
88.8277
89.3094
89.7737
90.2203
90.649
91.0598
91.4522
91.826
92.1808
92.5162
92.8318
93.127
93.4012
93.6538
93.884
94.0909
94.2738
94.4315
94.563
94.667
94.742
94.7866
94.799
94.7773
94.7194
94.6229
94.485
94.3029
94.0729
93.7915
93.4544
93.0563
92.5921
92.0548
91.4374
90.7316
89.9266
89.0119
87.9725
86.7935
85.4539
75.3916
77.5972
79.5032
81.1549
82.5888
83.8346
84.9167
85.8553
86.6673
87.3671
87.9668
88.4771
88.907
89.2643
89.5562
89.7885
89.9669
90.0959
90.18
90.2229
90.228
90.1986
90.1373
90.0467
89.9291
89.7866
89.6211
89.4343
89.2279
89.0032
88.7617
88.5045
88.2327
87.9473
87.6494
87.3397
87.019
86.6881
86.3476
85.998
85.6401
85.2743
84.901
84.5207
84.1337
83.7406
83.3415
82.9368
82.5267
82.1116
81.6917
81.2671
80.8382
80.4051
79.9679
79.5269
79.0822
78.634
78.1823
77.7274
77.2694
76.8083
76.3444
75.8776
75.4082
74.9362
74.4619
73.9851
73.5062
73.0252
72.5422
72.0574
71.5708
71.0826
70.593
70.102
69.6099
69.1167
68.6226
68.1277
67.6323
67.1365
66.6404
66.1443
65.6483
65.1525
64.6574
64.1627
63.6689
63.1765
62.6851
62.1954
61.7072
61.2211
60.7373
60.2554
59.7766
59.3003
58.8274
58.358
57.8925
57.431
56.975
56.5256
56.0849
55.6562
55.2462
54.8642
54.5253
54.2529
54.0805
54.0537
54.2238
54.6327
55.2882
56.1561
57.1767
58.2916
59.4556
60.6388
61.822
62.9933
64.1453
65.2751
66.3799
67.4586
68.5108
69.5362
70.5361
71.5105
72.4595
73.3847
74.2863
75.1645
76.0208
76.8552
77.6679
78.4602
79.2318
79.9839
80.7162
81.4295
82.1237
82.7997
83.4569
84.096
84.7175
85.3208
85.9066
86.4746
87.0249
87.5579
88.073
88.5704
89.05
89.5119
89.9555
90.3808
90.7876
91.1754
91.5442
91.8931
92.222
92.5302
92.8172
93.0823
93.3247
93.5436
93.7381
93.9072
94.0496
94.1642
94.2495
94.3039
94.3257
94.3129
94.2634
94.1746
94.0439
93.8682
93.644
93.3674
93.0342
92.639
92.1762
91.6392
91.0205
90.3117
89.5016
88.5788
87.529
86.3363
84.9789
75.9384
78.105
79.9797
81.6062
83.0197
84.249
85.3178
86.2456
87.0491
87.7422
88.3368
88.8432
89.2702
89.6256
89.9162
90.148
90.3262
90.4556
90.5404
90.5842
90.5905
90.5624
90.5025
90.4134
90.2973
90.1563
89.9922
89.8069
89.6017
89.3782
89.1377
88.8814
88.6103
88.3255
88.0279
87.7183
87.3975
87.0662
86.7252
86.3749
86.0159
85.6487
85.2738
84.8917
84.5026
84.107
83.7052
83.2974
82.884
82.4652
82.0413
81.6124
81.1787
80.7405
80.2979
79.8511
79.4001
78.9452
78.4864
78.024
77.5579
77.0883
76.6154
76.1391
75.6596
75.177
74.6914
74.2028
73.7114
73.2172
72.7203
72.2208
71.7188
71.2144
70.7077
70.1987
69.6876
69.1744
68.6593
68.1423
67.6236
67.1032
66.5812
66.058
65.5332
65.0071
64.4799
63.9515
63.4222
62.8924
62.3614
61.8297
61.2977
60.7648
60.2314
59.698
59.1639
58.63
58.0957
57.5618
57.0281
56.4957
55.9648
55.4376
54.916
54.4048
53.9106
53.4438
53.0222
52.6714
52.429
52.3462
52.4801
52.8758
53.5394
54.4307
55.4844
56.6373
57.8423
59.0672
60.2924
61.5046
62.6966
63.8645
65.0059
66.1196
67.2055
68.2635
69.2941
70.2974
71.2752
72.2275
73.1551
74.0587
74.9391
75.7967
76.6319
77.446
78.2391
79.0116
79.7637
80.4964
81.2097
81.9036
82.579
83.2358
83.874
84.4942
85.0961
85.6803
86.2463
86.7946
87.3248
87.8372
88.3314
88.8076
89.2652
89.7045
90.1247
90.526
90.9077
91.2695
91.6111
91.9316
92.2307
92.5077
92.7617
92.9919
93.1975
93.3773
93.5301
93.6548
93.7498
93.8135
93.8441
93.8397
93.798
93.7166
93.5926
93.423
93.2041
92.932
92.6021
92.2091
91.7475
91.2104
90.5899
89.8771
89.0614
88.1311
87.0705
85.8627
84.4868
76.4484
78.5764
80.4196
82.0205
83.4132
84.6256
85.6807
86.5974
87.3918
88.0777
88.6666
89.1685
89.5921
89.9451
90.234
90.4647
90.6424
90.7717
90.8568
90.9012
90.9083
90.8811
90.8224
90.7345
90.6197
90.4799
90.3171
90.133
89.929
89.7066
89.467
89.2115
88.9411
88.6568
88.3596
88.0502
87.7294
87.3979
87.0564
86.7054
86.3455
85.9773
85.601
85.2172
84.8263
84.4285
84.0242
83.6138
83.1974
82.7752
82.3477
81.9148
81.4769
81.034
80.5865
80.1343
79.6776
79.2166
78.7513
78.2819
77.8085
77.3311
76.8499
76.3648
75.8761
75.3837
74.8877
74.3882
73.8852
73.3789
72.8692
72.3562
71.84
71.3206
70.7981
70.2725
69.7439
69.2123
68.6778
68.1404
67.6002
67.0571
66.5113
65.9629
65.4117
64.8575
64.3009
63.7417
63.1798
62.6156
62.0483
61.4784
60.9057
60.3302
59.7519
59.1707
58.5867
58.0001
57.4102
56.8176
56.223
55.626
55.0282
54.4316
53.8384
53.2538
52.686
52.1462
51.6544
51.2383
50.9403
50.8147
50.9233
51.3116
51.982
52.8894
53.9641
55.1419
56.3746
57.6283
58.8827
60.1256
61.3477
62.5453
63.7157
64.8584
65.9718
67.0565
68.113
69.1419
70.1439
71.1196
72.07
72.9956
73.8972
74.7761
75.6317
76.4649
77.2769
78.0679
78.8384
79.5886
80.319
81.03
81.7218
82.3947
83.0488
83.6842
84.3014
84.9004
85.4812
86.0436
86.588
87.1142
87.6219
88.1115
88.5824
89.0344
89.4675
89.8813
90.2752
90.6492
91.0024
91.3347
91.6453
91.9333
92.1983
92.4391
92.655
92.8449
93.0076
93.1417
93.2458
93.3182
93.3571
93.3606
93.3262
93.2516
93.1338
92.9696
92.7555
92.4873
92.1602
91.7694
91.3086
90.7709
90.1483
89.4311
88.6093
87.6698
86.5976
85.3747
83.9786
76.922
79.0114
80.8232
82.3985
83.7701
84.9652
86.0061
86.9111
87.6961
88.3742
88.9569
89.4539
89.8738
90.2238
90.5106
90.7398
90.9166
91.0455
91.1304
91.1751
91.1827
91.1563
91.0984
91.0115
90.8977
90.7591
90.5974
90.4144
90.2114
89.99
89.7513
89.4966
89.2269
88.9432
88.6463
88.3372
88.0164
87.6848
87.343
86.9915
86.6309
86.2617
85.8843
85.4991
85.1065
84.7069
84.3004
83.8875
83.4684
83.0433
82.6125
82.1761
81.7343
81.2872
80.8351
80.3781
79.9162
79.4496
78.9784
78.5026
78.0224
77.5378
77.049
76.5558
76.0585
75.5571
75.0515
74.5419
74.0283
73.5107
72.9892
72.4638
71.9344
71.4012
70.8641
70.3231
69.7784
69.2298
68.6774
68.1211
67.561
66.9971
66.4293
65.8577
65.2818
64.7023
64.1188
63.5312
62.9393
62.3429
61.7424
61.1375
60.5279
59.9136
59.2944
58.6701
58.0407
57.4061
56.7662
56.1211
55.4712
54.8171
54.16
53.5019
52.8466
52.1988
51.5675
50.9664
50.4162
49.9488
49.6082
49.4535
49.5482
49.9359
50.614
51.5316
52.6188
53.8099
55.0579
56.3294
57.6026
58.8653
60.1082
61.3275
62.5194
63.683
64.8183
65.9241
67.0014
68.0513
69.0732
70.0685
71.0385
71.9828
72.9028
73.7989
74.6725
75.5231
76.3518
77.1592
77.9456
78.7115
79.4576
80.1837
80.8902
81.5776
82.246
82.8956
83.5267
84.1392
84.7333
85.3091
85.8664
86.4053
86.9258
87.4274
87.9104
88.3745
88.8194
89.2448
89.6503
90.0353
90.3997
90.7427
91.0639
91.3623
91.6374
91.8883
92.1139
92.3131
92.4849
92.6278
92.7403
92.8208
92.8675
92.8782
92.8506
92.7822
92.67
92.5108
92.3008
92.0361
91.7115
91.3222
90.8613
90.3224
89.6971
88.9753
88.1468
87.1974
86.1129
84.8741
83.4579
77.3594
79.4104
81.1909
82.7402
84.0907
85.2681
86.2944
87.1874
87.9625
88.6325
89.2086
89.7003
90.1159
90.4626
90.7469
90.9743
91.1498
91.2779
91.3625
91.4072
91.4151
91.3891
91.3319
91.2458
91.1329
90.9952
90.8345
90.6525
90.4505
90.23
89.9922
89.7383
89.4693
89.1862
88.8897
88.5809
88.2603
87.9287
87.5867
87.2349
86.8737
86.5037
86.1254
85.739
85.345
84.9437
84.5354
84.1203
83.6988
83.2711
82.8373
82.3977
81.9524
81.5016
81.0454
80.5839
80.1172
79.6455
79.1688
78.6872
78.2008
77.7096
77.2137
76.7132
76.208
75.6982
75.1838
74.6649
74.1415
73.6135
73.081
72.544
72.0025
71.4564
70.9059
70.3507
69.791
69.2267
68.6577
68.084
67.5056
66.9224
66.3343
65.7413
65.143
64.54
63.9313
63.3175
62.6983
62.0729
61.4421
60.8052
60.1616
59.5119
58.8556
58.1919
57.5216
56.8441
56.1593
55.4674
54.7683
54.0637
53.3545
52.6431
51.9333
51.2315
50.5471
49.8952
49.2986
48.7911
48.4209
48.2495
48.341
48.7348
49.4221
50.3477
51.4406
52.6376
53.891
55.17
56.4531
57.7267
58.9819
60.2147
61.4215
62.6
63.7506
64.872
65.9655
67.0311
68.0688
69.0803
70.0652
71.0253
71.9604
72.8715
73.7598
74.6249
75.4683
76.2898
77.09
77.87
78.6292
79.3686
80.0885
80.7888
81.4699
82.1321
82.7758
83.4005
84.0066
84.5942
85.1632
85.7137
86.2458
86.7589
87.2531
87.7281
88.1838
88.6198
89.0357
89.4312
89.8057
90.1587
90.4896
90.7977
91.0822
91.3422
91.5767
91.7846
91.9648
92.1158
92.2361
92.324
92.3777
92.395
92.3736
92.3108
92.2036
92.0489
91.8426
91.5806
91.2579
90.8694
90.4083
89.8674
89.2387
88.5117
87.6753
86.7166
85.6183
84.3628
82.9254
77.7607
79.7736
81.5227
83.0462
84.3751
85.5346
86.546
87.4267
88.1914
88.853
89.4221
89.9081
90.3191
90.6622
90.9437
91.1689
91.3429
91.47
91.554
91.5984
91.6063
91.5806
91.5239
91.4384
91.3263
91.1895
91.0298
90.8486
90.6476
90.428
90.1911
89.938
89.6697
89.3872
89.0913
88.7828
88.4625
88.131
87.789
87.437
87.0754
86.7049
86.3257
85.9384
85.5432
85.1405
84.7306
84.3137
83.8902
83.4601
83.0237
82.5812
82.1328
81.6785
81.2186
80.7531
80.2821
79.8057
79.324
78.8371
78.345
77.8478
77.3454
76.838
76.3256
75.8081
75.2856
74.7581
74.2255
73.688
73.1453
72.5977
72.0449
71.487
70.9239
70.3556
69.7821
69.2032
68.6189
68.0291
67.4337
66.8327
66.2259
65.6132
64.9943
64.3695
63.7381
63.1
62.4556
61.8038
61.1448
60.4788
59.8046
59.1228
58.4325
57.734
57.0269
56.3105
55.5857
54.8517
54.11
53.361
52.6058
51.8483
51.0922
50.3445
49.6154
48.9222
48.2891
47.7527
47.3638
47.1865
47.2839
47.6903
48.3891
49.3212
50.4162
51.6128
52.8663
54.1457
55.4308
56.7081
57.9685
59.2081
60.4228
61.6109
62.7712
63.9036
65.0075
66.0844
67.1342
68.1574
69.1543
70.1264
71.074
71.9971
72.8974
73.7749
74.6298
75.4634
76.2754
77.067
77.8378
78.5889
79.3202
80.0317
80.7239
81.3975
82.0517
82.6876
83.3044
83.9028
84.4823
85.0431
85.5855
86.1087
86.6129
87.0978
87.5634
88.009
88.4345
88.8393
89.2233
89.5853
89.9252
90.242
90.535
90.8034
91.0461
91.2619
91.4497
91.6081
91.7355
91.8302
91.8902
91.9134
91.8975
91.8397
91.7369
91.5859
91.3826
91.1228
90.8015
90.4133
89.9512
89.408
88.775
88.0422
87.1977
86.2276
85.1163
83.8424
82.3827
78.126
80.1009
81.8188
83.3163
84.6234
85.7649
86.7611
87.6291
88.3833
89.036
89.5978
90.0778
90.4839
90.8231
91.1015
91.3244
91.4966
91.6224
91.7055
91.7495
91.7573
91.7318
91.6754
91.5905
91.4791
91.3431
91.1842
91.0039
90.8038
90.5852
90.3492
90.0969
89.8294
89.5476
89.2523
88.9443
88.6244
88.2932
87.9513
87.5992
87.2375
86.8666
86.4869
86.0988
85.7027
85.2989
84.8876
84.4691
84.0438
83.6116
83.173
82.728
82.2767
81.8194
81.3562
80.887
80.4121
79.9316
79.4453
78.9536
78.4563
77.9535
77.4452
76.9316
76.4124
75.8879
75.3579
74.8224
74.2815
73.7351
73.1831
72.6255
72.0624
71.4935
70.9189
70.3384
69.7521
69.1597
68.5613
67.9566
67.3456
66.7282
66.1041
65.4732
64.8353
64.1903
63.5378
62.8782
62.2104
61.5345
60.8501
60.1571
59.4556
58.7444
58.0236
57.2935
56.5528
55.802
55.0415
54.2707
53.491
52.7026
51.9079
51.1106
50.3144
49.5282
48.763
48.0362
47.3754
46.8188
46.421
46.2471
46.3584
46.7826
47.495
48.4335
49.5291
50.7223
51.971
53.246
54.5277
55.8031
57.0646
58.3054
59.5228
60.7147
61.8801
63.0183
64.1294
65.2136
66.2711
67.3026
68.3085
69.2894
70.2455
71.1783
72.0879
72.9749
73.8398
74.6829
75.5045
76.3057
77.0865
77.8472
78.5877
79.3091
80.0112
80.6938
81.3579
82.0031
82.6292
83.237
83.8256
84.3959
84.9473
85.4795
85.9928
86.4866
86.9609
87.4152
87.8491
88.2626
88.6546
89.025
89.3728
89.6975
89.9984
90.2743
90.5243
90.7473
90.942
91.107
91.2407
91.3414
91.4071
91.4356
91.4244
91.3709
91.272
91.124
90.9232
90.6651
90.3443
89.9554
89.4917
88.9455
88.3078
87.5684
86.7151
85.7336
84.6068
83.3143
81.8313
78.4548
80.3923
82.0789
83.5503
84.8357
85.9589
86.9396
87.7947
88.5381
89.1817
89.7359
90.2097
90.6107
90.9457
91.2207
91.441
91.6112
91.7356
91.8178
91.8611
91.8687
91.8433
91.7872
91.7027
91.592
91.4567
91.2986
91.1193
90.9202
90.7025
90.4674
90.216
89.9494
89.6684
89.3739
89.0665
88.7471
88.4163
88.0747
87.7228
87.361
86.99
86.61
86.2214
85.8246
85.4199
85.0075
84.5878
84.1609
83.7271
83.2865
82.8393
82.3856
81.9256
81.4594
80.987
80.5086
80.0243
79.534
79.0378
78.5358
78.0279
77.5143
76.9949
76.4696
75.9386
75.4017
74.8589
74.3103
73.7557
73.1951
72.6285
72.0557
71.4767
70.8914
70.2998
69.7016
69.0968
68.4853
67.8669
67.2415
66.6089
65.9688
65.3212
64.6659
64.0026
63.331
62.6509
61.962
61.264
60.5566
59.8395
59.1124
58.3748
57.6267
56.8675
56.0973
55.3157
54.5236
53.7201
52.9065
52.0841
51.2556
50.4235
49.5936
48.7751
47.9794
47.2265
46.5455
45.977
45.5781
45.4156
45.5475
45.9936
46.7221
47.6676
48.7622
49.951
51.1926
52.4607
53.7354
55.0052
56.2623
57.5003
58.7161
59.9085
61.0748
62.2151
63.3291
64.417
65.4794
66.5159
67.5273
68.5141
69.477
70.4164
71.3329
72.2269
73.099
73.9497
74.7792
75.588
76.3765
77.1451
77.8938
78.6231
79.3331
80.0241
80.6961
81.3493
81.9834
82.5991
83.196
83.7742
84.3332
84.8735
85.3946
85.8963
86.3782
86.8402
87.2819
87.7026
88.1021
88.4798
88.8348
89.1666
89.4742
89.7569
90.0134
90.2427
90.4435
90.6144
90.7537
90.8597
90.9303
90.9633
90.9564
90.9064
90.8105
90.6651
90.4659
90.2087
89.8879
89.498
89.0321
88.4822
87.8388
87.0921
86.2292
85.2347
84.0922
82.78
81.2724
78.7472
80.6472
82.3027
83.7481
85.0116
86.1163
87.0815
87.9234
88.6556
89.29
89.8364
90.3037
90.6993
91.03
91.3015
91.519
91.6871
91.8099
91.891
91.9337
91.941
91.9155
91.8597
91.7757
91.6656
91.5311
91.3739
91.1955
90.9973
90.7807
90.5466
90.2963
90.0306
89.7506
89.4569
89.1504
88.8317
88.5015
88.1603
87.8087
87.4472
87.0762
86.6961
86.3073
85.91
85.5047
85.0916
84.6709
84.2428
83.8076
83.3653
82.9163
82.4605
81.9982
81.5294
81.0542
80.5728
80.085
79.591
79.0909
78.5847
78.0723
77.5538
77.0291
76.4983
75.9613
75.4181
74.8687
74.313
73.7509
73.1824
72.6074
72.0258
71.4375
70.8424
70.2404
69.6313
69.0151
68.3916
67.7605
67.1218
66.4752
65.8207
65.1576
64.4863
63.8062
63.1166
62.4181
61.71
60.9919
60.2631
59.524
58.774
58.0128
57.2399
56.4551
55.6583
54.8494
54.0286
53.1962
52.3532
51.501
50.6422
49.7806
48.9222
48.0762
47.2562
46.4832
45.7879
45.2149
44.8222
44.6778
44.8357
45.307
46.0529
47.0066
48.1008
49.284
50.5181
51.7764
53.0428
54.3043
55.5543
56.7864
57.9983
59.1867
60.3514
61.4906
62.6051
63.6937
64.7571
65.7963
66.8105
67.8012
68.7678
69.7114
70.6325
71.5319
72.4091
73.2651
74.1003
74.9153
75.7098
76.4844
77.2394
77.975
78.6915
79.3889
80.0675
80.7273
81.3684
81.9908
82.5944
83.1793
83.7453
84.2923
84.8201
85.3286
85.8172
86.2859
86.7342
87.1615
87.5675
87.9513
88.3127
88.6506
88.9644
89.2529
89.5151
89.75
89.9561
90.1321
90.2762
90.3867
90.4615
90.4984
90.4948
90.4478
90.3543
90.2105
90.0125
89.7554
89.4342
89.0424
88.5731
88.0188
87.3693
86.6145
85.7406
84.7334
83.5744
82.2406
80.7071
79.0022
80.8653
82.4898
83.9091
85.1505
86.2367
87.1861
88.0147
88.7357
89.3606
89.8991
90.3597
90.7498
91.076
91.3438
91.5585
91.7244
91.8455
91.9255
91.9675
91.9744
91.9489
91.8933
91.8098
91.7003
91.5666
91.4103
91.233
91.0359
90.8204
90.5875
90.3383
90.0738
89.7948
89.5022
89.1966
88.8788
88.5494
88.2089
87.8579
87.4968
87.1261
86.7462
86.3574
85.96
85.5544
85.1407
84.7193
84.2904
83.854
83.4105
82.96
82.5025
82.0382
81.5673
81.0897
80.6055
80.1148
79.6176
79.114
78.6039
78.0875
77.5646
77.0352
76.4994
75.9571
75.4082
74.8526
74.2905
73.7215
73.1458
72.5631
71.9734
71.3765
70.7724
70.1609
69.5419
68.9151
68.2805
67.6378
66.9869
66.3276
65.6595
64.9823
64.2963
63.6005
62.8953
62.1796
61.4539
60.7175
59.9696
59.2107
58.4396
57.6568
56.8616
56.0533
55.2327
54.3994
53.5535
52.695
51.8261
50.9479
50.0632
49.1763
48.2937
47.4247
46.5854
45.7975
45.0939
44.5216
44.1416
44.0213
44.2094
44.7088
45.4731
46.435
47.5298
48.7077
49.9334
51.1825
52.4382
53.6907
54.9318
56.1566
57.3612
58.5445
59.7047
60.8404
61.9523
63.0398
64.1024
65.1414
66.1561
67.148
68.1162
69.0625
69.9861
70.8884
71.7689
72.6289
73.4679
74.2871
75.0858
75.865
76.6251
77.3655
78.087
78.7899
79.4737
80.1388
80.7855
81.4134
82.0225
82.613
83.1846
83.7375
84.2709
84.785
85.2793
85.7536
86.2074
86.6403
87.0518
87.4413
87.808
88.1512
88.4701
88.7636
89.0308
89.2704
89.4811
89.6614
89.8096
89.9239
90.0022
90.0422
90.0413
89.9966
89.9047
89.762
89.5642
89.3067
88.9841
88.5898
88.1169
87.5571
86.9011
86.137
85.2518
84.2305
83.053
81.6973
80.1366
79.2191
81.0455
82.6391
84.0324
85.2519
86.3193
87.2529
88.068
88.7777
89.3929
89.9233
90.3771
90.7617
91.0832
91.3474
91.5591
91.7227
91.8422
91.921
91.9622
91.9689
91.9433
91.8881
91.8051
91.6963
91.5635
91.4083
91.2321
91.0362
90.822
90.5904
90.3425
90.0793
89.8016
89.5102
89.2058
88.8891
88.5607
88.2212
87.871
87.5106
87.1405
86.761
86.3724
85.9752
85.5696
85.1557
84.734
84.3045
83.8674
83.423
82.9713
82.5124
82.0466
81.5738
81.0942
80.6077
80.1145
79.6146
79.1079
78.5945
78.0745
77.5477
77.0141
76.4738
75.9266
75.3726
74.8116
74.2436
73.6684
73.0861
72.4964
71.8993
71.2946
70.6823
70.0621
69.4339
68.7975
68.1527
67.4994
66.8373
66.1662
65.4857
64.7961
64.0963
63.3864
62.6661
61.9356
61.1935
60.44
59.6751
58.8977
58.1084
57.3057
56.49
55.6615
54.8191
53.9639
53.0957
52.2146
51.3228
50.4213
49.5141
48.6054
47.7017
46.8148
45.9603
45.1615
44.4547
43.8887
43.5268
43.4354
43.6572
44.1861
44.9705
45.9413
47.0368
48.2098
49.4272
50.6665
51.9124
53.1545
54.3859
55.6016
56.7986
57.9748
59.1288
60.2598
61.3667
62.4506
63.511
64.548
65.5619
66.5525
67.5211
68.4677
69.3925
70.2956
71.1782
72.0402
72.8814
73.7032
74.5048
75.2874
76.0507
76.7947
77.5201
78.2265
78.9146
79.5838
80.2348
80.8669
81.4804
82.0756
82.6517
83.2092
83.7473
84.266
84.7652
85.2442
85.7027
86.1404
86.5565
86.9505
87.3217
87.6695
87.9927
88.2905
88.5617
88.8053
89.0198
89.2037
89.3552
89.4725
89.5536
89.596
89.5971
89.5538
89.4629
89.3206
89.1226
88.8639
88.539
88.1416
87.6643
87.0986
86.4346
85.6607
84.7633
83.7261
82.5298
81.1509
79.5616
79.3969
81.1868
82.7497
84.1171
85.3145
86.3632
87.2809
88.0825
88.7806
89.3861
89.9084
90.3554
90.7342
91.0511
91.3116
91.5203
91.6817
91.7995
91.8771
91.9177
91.9241
91.8987
91.8438
91.7614
91.6535
91.5218
91.3677
91.1928
90.9983
90.7855
90.5554
90.3091
90.0474
89.7712
89.4812
89.1782
88.8629
88.5358
88.1975
87.8483
87.489
87.1197
86.741
86.353
85.9563
85.5509
85.1372
84.7154
84.2857
83.8483
83.4033
82.9508
82.491
82.024
81.5498
81.0686
80.5802
80.0849
79.5827
79.0734
78.5572
78.034
77.5038
76.9666
76.4223
75.8709
75.3122
74.7463
74.173
73.5923
73.004
72.408
71.8042
71.1924
70.5726
69.9445
69.3079
68.6628
68.0087
67.3457
66.6734
65.9915
65.3
64.5983
63.8863
63.1636
62.43
61.685
60.9284
60.1597
59.3787
58.5854
57.7786
56.9584
56.1246
55.2774
54.4159
53.5407
52.6526
51.7514
50.8389
49.9179
48.9906
48.0632
47.1422
46.2398
45.3738
44.5692
43.863
43.3082
42.9692
42.9109
43.1692
43.7288
44.5331
45.5139
46.6106
47.7793
48.9891
50.2196
51.4551
52.6868
53.9078
55.114
56.302
57.4706
58.6173
59.7417
60.8435
61.9225
62.9787
64.0123
65.0233
66.0122
66.9791
67.9246
68.8487
69.7521
70.6344
71.4969
72.3395
73.1624
73.966
74.7503
75.5153
76.2619
76.9898
77.6992
78.3897
79.0622
79.7163
80.3516
80.9688
81.5674
82.1471
82.7082
83.2499
83.7725
84.2752
84.7582
85.2205
85.662
86.0818
86.4797
86.8546
87.206
87.5328
87.8341
88.1087
88.3554
88.573
88.7597
88.9138
89.0335
89.1166
89.1607
89.163
89.1206
89.03
88.8874
88.6882
88.4277
88.1
87.6987
87.2162
86.6435
85.971
85.1865
84.2759
83.2226
82.0065
80.6032
78.983
79.5342
81.2878
82.8202
84.1616
85.3371
86.367
87.2688
88.0568
88.7434
89.3392
89.8532
90.2933
90.6665
90.9788
91.2355
91.4413
91.6005
91.7167
91.7933
91.8334
91.8396
91.8144
91.76
91.6784
91.5716
91.441
91.2883
91.1149
90.9221
90.7109
90.4826
90.238
89.978
89.7036
89.4154
89.1141
88.8004
88.4749
88.138
87.7903
87.4322
87.0641
86.6865
86.2995
85.9035
85.4988
85.0856
84.6642
84.2347
83.7972
83.352
82.8992
82.4388
81.971
81.4959
81.0134
80.5237
80.0267
79.5226
79.0112
78.4926
77.9668
77.4337
76.8933
76.3456
75.7904
75.2277
74.6575
74.0795
73.4938
72.9002
72.2985
71.6887
71.0705
70.4439
69.8087
69.1645
68.5114
67.849
67.1771
66.4955
65.8038
65.1019
64.3896
63.6664
62.9321
62.1858
61.4281
60.6583
59.8759
59.0806
58.272
57.4498
56.6138
55.7636
54.8992
54.0206
53.1278
52.222
51.3029
50.3726
49.4335
48.4891
47.5451
46.6102
45.6959
44.821
44.0137
43.3127
42.7732
42.462
42.4404
42.7368
43.328
44.1529
45.1428
46.2418
47.4068
48.6103
49.8311
51.0568
52.2788
53.4897
54.6866
55.8653
57.0246
58.1638
59.281
60.3762
61.4493
62.5009
63.5298
64.5369
65.5224
66.4865
67.4301
68.3524
69.2543
70.1361
70.998
71.8403
72.6633
73.4672
74.2522
75.0185
75.7662
76.4954
77.2064
77.8991
78.5735
79.2296
79.8676
80.4868
81.0879
81.6704
82.2342
82.7789
83.3042
83.81
84.2958
84.7613
85.2055
85.6285
86.0293
86.4071
86.7614
87.0911
87.395
87.6723
87.9216
88.1413
88.3302
88.4862
88.6075
88.692
88.737
88.74
88.6977
88.6067
88.463
88.2622
87.999
87.6678
87.262
86.7732
86.1933
85.5116
84.7152
83.7905
82.72
81.4821
80.053
78.4012
79.629
81.3468
82.8487
84.1643
85.3178
86.3291
87.2149
87.9893
88.6644
89.2504
89.7563
90.1896
90.5572
90.8649
91.118
91.321
91.478
91.5928
91.6685
91.7082
91.7144
91.6896
91.636
91.5554
91.4498
91.3207
91.1697
90.998
90.807
90.5978
90.3715
90.1289
89.871
89.5986
89.3125
89.0132
88.7014
88.3778
88.0428
87.6968
87.3404
86.9739
86.5976
86.2119
85.8171
85.4135
85.0011
84.5804
84.1515
83.7144
83.2694
82.8166
82.3561
81.888
81.4123
80.9291
80.4384
79.9403
79.4347
78.9217
78.4012
77.8733
77.3378
76.7948
76.2441
75.6857
75.1196
74.5455
73.9635
73.3734
72.7751
72.1685
71.5533
70.9294
70.2967
69.655
69.0041
68.3437
67.6737
66.9938
66.3038
65.6033
64.8923
64.1699
63.4367
62.6913
61.9345
61.1653
60.3829
59.5881
58.7798
57.9578
57.1213
56.2709
55.4061
54.5266
53.6325
52.7241
51.8019
50.8669
49.9202
48.9656
48.0065
47.0487
46.1014
45.1782
44.2981
43.4908
42.7988
42.279
41.999
42.0172
42.3533
42.9759
43.8209
44.8211
45.9215
47.0842
48.2813
49.4938
50.7108
51.9229
53.1238
54.311
55.4803
56.6314
57.7617
58.8717
59.9598
61.027
62.072
63.0962
64.0985
65.0802
66.0406
66.9804
67.9004
68.7999
69.6797
70.5404
71.3815
72.2036
73.0069
73.7919
74.5582
75.3061
76.0358
76.7473
77.4409
78.1167
78.774
79.4133
80.0343
80.6371
81.2213
81.7869
82.3336
82.8611
83.369
83.857
84.3246
84.7712
85.1964
85.5992
85.9794
86.3358
86.6675
86.9735
87.2527
87.5038
87.7251
87.9154
88.0727
88.1951
88.2802
88.3256
88.3285
88.2857
88.1936
88.0482
87.8451
87.5787
87.2431
86.8319
86.3365
85.748
85.0561
84.2473
83.3077
82.2182
80.9588
79.5017
77.8167
79.6794
81.3613
82.8331
84.1231
85.2547
86.2473
87.1172
87.8781
88.5417
89.1181
89.6158
90.0424
90.4045
90.7078
90.9574
91.1578
91.3129
91.4264
91.5015
91.541
91.5475
91.5233
91.4706
91.3914
91.2873
91.1599
91.0108
90.8412
90.6524
90.4454
90.2214
89.9812
89.7257
89.4558
89.172
88.8751
88.5657
88.2443
87.9115
87.5677
87.2133
86.8487
86.4742
86.0902
85.697
85.2948
84.8838
84.4642
84.0362
83.6
83.1557
82.7034
82.2432
81.7751
81.2994
80.8159
80.3247
79.8258
79.3193
78.8052
78.2833
77.7538
77.2164
76.6713
76.1182
75.5572
74.9882
74.411
73.8255
73.2316
72.6292
72.0182
71.3983
70.7694
70.1313
69.4839
68.8269
68.1601
67.4833
66.7962
66.0985
65.3903
64.6706
63.9395
63.1971
62.4422
61.6753
60.8952
60.1025
59.2959
58.4759
57.6413
56.7927
55.9289
55.0508
54.1577
53.2492
52.3267
51.3903
50.4406
49.4805
48.5123
47.5404
46.5704
45.6133
44.6827
43.8
42.9964
42.3167
41.8205
41.5754
41.6356
42.0123
42.6661
43.5308
44.5407
45.6442
46.8043
47.9957
49.2013
50.4094
51.6122
52.8036
53.9813
55.1421
56.2843
57.4061
58.5082
59.5894
60.6492
61.6884
62.7067
63.7037
64.6805
65.637
66.5729
67.4893
68.3857
69.2632
70.1211
70.9606
71.7809
72.5832
73.3667
74.1321
74.8797
75.6091
76.3209
77.0144
77.6901
78.3482
78.988
79.6098
80.2134
80.799
81.3656
81.9135
82.4423
82.9518
83.4412
83.9102
84.3584
84.785
85.1896
85.5712
85.929
86.2622
86.5697
86.8501
87.1022
87.3247
87.5157
87.6736
87.7963
87.8815
87.9266
87.9288
87.8848
87.7911
87.6434
87.437
87.1667
86.8263
86.409
85.9062
85.3087
84.6054
83.7834
82.8277
81.7189
80.4353
78.9496
77.2298
79.6824
81.3291
82.7707
84.0352
85.145
86.119
86.9731
87.7207
88.3729
88.9398
89.4296
89.8497
90.2064
90.5055
90.7518
90.9498
91.1033
91.2158
91.2905
91.3301
91.3371
91.3139
91.2626
91.1849
91.0827
90.9574
90.8106
90.6434
90.4571
90.2528
90.0315
89.7941
89.5414
89.2743
88.9933
88.6992
88.3925
88.0738
87.7436
87.4023
87.0504
86.6882
86.316
85.9341
85.5429
85.1426
84.7333
84.3153
83.8888
83.4539
83.0107
82.5593
82.0999
81.6324
81.157
80.6738
80.1826
79.6835
79.1766
78.6618
78.1391
77.6085
77.0698
76.5231
75.9682
75.4051
74.8337
74.2539
73.6656
73.0685
72.4627
71.8479
71.2239
70.5907
69.9479
69.2955
68.6332
67.9607
67.2778
66.5843
65.8799
65.1642
64.437
63.6986
62.9475
62.184
61.4077
60.6182
59.8157
58.9988
58.1678
57.3227
56.4623
55.5868
54.6967
53.7908
52.8704
51.9347
50.9856
50.0233
49.0508
48.0702
47.0872
46.1075
45.1426
44.2074
43.3239
42.5269
41.8628
41.3935
41.1868
41.291
41.7085
42.3931
43.2774
44.297
45.4031
46.5612
47.7474
48.946
50.1459
51.3399
52.5229
53.6915
54.8434
55.9769
57.091
58.1852
59.259
60.3122
61.3449
62.357
63.3488
64.3198
65.2714
66.2033
67.1157
68.0084
68.8825
69.7379
70.5747
71.3926
72.1929
72.975
73.7388
74.4852
75.2134
75.9244
76.6176
77.2928
77.9507
78.5904
79.2125
79.8163
80.4022
80.9693
81.5177
82.0473
82.5573
83.0477
83.5175
83.9665
84.3943
84.7997
85.1821
85.541
85.8749
86.183
86.464
86.7168
86.9396
87.1309
87.2888
87.4112
87.4959
87.5401
87.541
87.4953
87.3992
87.2486
87.0386
86.7638
86.4178
85.9936
85.4827
84.8754
84.1604
83.3242
82.351
81.2218
79.9135
78.3979
76.6406
79.6351
81.2466
82.6584
83.8974
84.9856
85.9413
86.7797
87.514
88.1552
88.7127
89.1948
89.6086
89.9603
90.2555
90.4988
90.6947
90.8469
90.9587
91.0333
91.0734
91.0814
91.0596
91.0099
90.9343
90.8343
90.7116
90.5674
90.4031
90.2198
90.0186
89.8005
89.5663
89.3169
89.0529
88.7752
88.4843
88.1809
87.8654
87.5382
87.2
86.851
86.4916
86.1221
85.7429
85.3542
84.9562
84.5492
84.1333
83.7087
83.2756
82.834
82.3841
81.9259
81.4596
80.9851
80.5026
80.0119
79.5132
79.0064
78.4915
77.9685
77.4373
76.8978
76.3501
75.794
75.2294
74.6563
74.0744
73.4838
72.8842
72.2756
71.6577
71.0303
70.3934
69.7466
69.0898
68.4229
67.7454
67.0573
66.3581
65.6477
64.9258
64.1921
63.4462
62.6878
61.9166
61.1322
60.3343
59.5225
58.6965
57.8559
57.0004
56.1298
55.2444
54.3429
53.426
52.4938
51.5467
50.5863
49.6128
48.6288
47.6384
46.6452
45.6575
44.6867
43.7483
42.8676
42.0792
41.4341
40.9952
40.8295
40.9791
41.4372
42.1522
43.0547
44.0836
45.1931
46.3494
47.5311
48.7239
49.9162
51.102
52.2764
53.437
54.5803
55.7054
56.8114
57.8978
58.9641
60.0103
61.0368
62.0427
63.0285
63.9945
64.941
65.8681
66.776
67.6651
68.5354
69.3873
70.2205
71.036
71.8336
72.6134
73.3755
74.12
74.8467
75.5562
76.2482
76.9228
77.5798
78.2188
78.8404
79.4441
80.0294
80.5966
81.1452
81.6746
82.185
82.6753
83.1456
83.5951
84.023
84.4289
84.8116
85.1707
85.5049
85.8133
86.0944
86.3472
86.5698
86.7607
86.9181
87.0397
87.1233
87.1661
87.1651
87.117
87.0181
86.8639
86.6495
86.3695
86.0173
85.5857
85.0656
84.4477
83.72
82.8688
81.8777
80.7261
79.3917
77.8447
76.0491
79.5335
81.11
82.4923
83.7061
84.7729
85.7103
86.5334
87.2547
87.8849
88.4334
88.9081
89.316
89.663
89.9546
90.1954
90.3896
90.5409
90.6525
90.7275
90.7685
90.7779
90.7579
90.7105
90.6374
90.5402
90.4204
90.2795
90.1185
89.9387
89.7411
89.5266
89.2962
89.0505
88.7904
88.5164
88.2293
87.9296
87.6177
87.2942
86.9595
86.614
86.2579
85.8918
85.5157
85.13
84.735
84.3307
83.9175
83.4954
83.0646
82.6251
82.1772
81.7209
81.2562
80.7832
80.3019
79.8123
79.3145
78.8083
78.2939
77.7711
77.24
76.7004
76.1522
75.5954
75.03
74.4557
73.8725
73.2802
72.6787
72.0678
71.4475
70.8174
70.1774
69.5273
68.867
68.196
67.5143
66.8216
66.1176
65.402
64.6747
63.9347
63.1827
62.4178
61.6398
60.8477
60.0423
59.2226
58.3883
57.5392
56.6749
55.7951
54.8997
53.9885
53.0617
52.1194
51.1622
50.1911
49.2075
48.2139
47.2138
46.2126
45.2183
44.2434
43.3042
42.4274
41.651
41.0277
40.6224
40.5001
40.696
41.1945
41.9386
42.8589
43.8974
45.009
46.1646
47.3421
48.5289
49.7142
50.8929
52.0593
53.2117
54.3468
55.4645
56.5627
57.6414
58.701
59.7402
60.7595
61.7595
62.7394
63.6997
64.6409
65.5629
66.4667
67.3514
68.2176
69.0657
69.8958
70.7081
71.5027
72.2797
73.0397
73.782
74.5069
75.2145
75.9049
76.5779
77.2332
77.8713
78.4919
79.0947
79.6795
80.2461
80.7942
81.3234
81.8331
82.3233
82.7934
83.2427
83.6705
84.076
84.4588
84.8177
85.1517
85.4596
85.7404
85.9926
86.2146
86.4048
86.561
86.6814
86.7633
86.8041
86.8008
86.7499
86.6474
86.4892
86.2699
85.9842
85.625
85.1852
84.6556
84.0264
83.2849
82.4177
81.4076
80.2334
78.8718
77.2919
75.4552
79.3729
80.9147
82.2676
83.4565
84.5021
85.4217
86.2296
86.9383
87.558
88.0979
88.5656
88.9679
89.3108
89.5993
89.838
90.031
90.1819
90.2939
90.3698
90.4124
90.4237
90.4061
90.3614
90.2914
90.1975
90.0814
89.9442
89.7872
89.6115
89.4181
89.2079
88.9817
88.7404
88.4846
88.2151
87.9323
87.6369
87.3293
87.01
86.6795
86.338
85.9859
85.6236
85.2513
84.8692
84.4777
84.0768
83.6667
83.2477
82.8198
82.3831
81.9378
81.4839
81.0214
80.5505
80.071
79.5831
79.0868
78.5819
78.0686
77.5467
77.0161
76.4769
75.929
75.3722
74.8064
74.2317
73.6477
73.0544
72.4516
71.8392
71.217
70.5849
69.9426
69.2899
68.6266
67.9524
67.2672
66.5706
65.8625
65.1424
64.41
63.6655
62.9077
62.1371
61.3526
60.5547
59.7426
58.9154
58.0738
57.2171
56.3443
55.4563
54.5524
53.6326
52.6963
51.7449
50.7787
49.7985
48.8061
47.8041
46.7962
45.7877
44.7883
43.8101
42.872
42.0018
41.2403
40.6415
40.2727
40.196
40.4388
40.9768
41.7488
42.6866
43.7332
44.8483
46.0026
47.177
48.3576
49.537
50.7085
51.8673
53.0119
54.1399
55.2492
56.3405
57.4119
58.4644
59.4967
60.51
61.5032
62.4776
63.4323
64.3685
65.2855
66.1844
67.0645
67.9265
68.771
69.5973
70.406
71.1977
71.9717
72.7285
73.468
74.1909
74.8963
75.5846
76.2557
76.9096
77.5465
78.1656
78.7671
79.3507
79.9162
80.4633
80.9916
81.5007
81.9902
82.4596
82.9082
83.3354
83.7404
84.1225
84.4808
84.8141
85.1214
85.4013
85.6524
85.8734
86.0622
86.217
86.3356
86.4154
86.4538
86.4476
86.3933
86.2869
86.1241
85.8994
85.6071
85.2408
84.792
84.2522
83.611
82.8553
81.9708
80.9407
79.7427
78.3517
76.7373
74.8586
79.1477
80.6553
81.9791
83.1433
84.1681
85.0701
85.8634
86.5598
87.1695
87.7013
88.1626
88.56
88.8991
89.1852
89.4224
89.6149
89.7661
89.879
89.9565
90.0012
90.0152
90.0007
89.9594
89.8932
89.8034
89.6914
89.5587
89.4064
89.2354
89.0469
88.8416
88.6205
88.3842
88.1335
87.869
87.5912
87.3008
86.9982
86.6838
86.358
86.0212
85.6738
85.3159
84.948
84.5703
84.1828
83.786
83.3798
82.9645
82.5401
82.1069
81.6647
81.2138
80.7543
80.286
79.8091
79.3235
78.8292
78.3263
77.8147
77.2943
76.765
76.2269
75.6798
75.1236
74.5583
73.9836
73.3995
72.8059
72.2026
71.5893
70.966
70.3325
69.6885
69.0338
68.3683
67.6916
67.0036
66.304
65.5924
64.8688
64.1324
63.3832
62.6208
61.8453
61.0556
60.2522
59.4338
58.6004
57.7524
56.8884
56.0091
55.1133
54.2018
53.2736
52.33
51.3706
50.3957
49.4075
48.4073
47.3973
46.3827
45.3693
44.3655
43.3862
42.451
41.5895
40.8444
40.2733
39.9438
39.9144
40.2043
40.7808
41.5795
42.5336
43.589
44.7067
45.8601
47.0309
48.2071
49.3803
50.5443
51.6966
52.8339
53.9545
55.0571
56.1411
57.2055
58.2511
59.2773
60.2841
61.2712
62.2397
63.1892
64.1195
65.0318
65.9258
66.8012
67.6592
68.4991
69.322
70.127
70.9152
71.6858
72.4399
73.1766
73.8967
74.5995
75.2858
75.9547
76.6066
77.2416
77.8589
78.4587
79.0411
79.6051
80.1509
80.6779
81.1861
81.6745
82.1427
82.5903
83.0167
83.4207
83.8018
84.159
84.4912
84.7973
85.076
85.3259
85.5452
85.7325
85.8853
86.0017
86.079
86.1145
86.1049
86.0468
85.9361
85.7681
85.5375
85.2384
84.8638
84.4058
83.855
83.2006
82.4299
81.5284
80.4767
79.2537
77.8329
76.1815
74.2602
78.8514
80.3249
81.62
82.76
83.7644
84.6494
85.4285
86.1133
86.7136
87.2379
87.6934
88.0865
88.4228
88.7071
88.9436
89.1363
89.2885
89.4032
89.4832
89.5308
89.5483
89.5376
89.5005
89.4388
89.3538
89.247
89.1196
88.9726
88.8072
88.6243
88.4248
88.2094
87.979
87.7341
87.4753
87.2034
86.9187
86.6217
86.313
85.9927
85.6614
85.3193
84.9668
84.604
84.2312
83.8486
83.4565
83.0549
82.644
82.2239
81.7947
81.3565
80.9094
80.4534
79.9885
79.5148
79.0322
78.5408
78.0404
77.5312
77.013
76.4857
75.9493
75.4038
74.8489
74.2846
73.7108
73.1273
72.534
71.9308
71.3174
70.6937
70.0595
69.4145
68.7587
68.0916
67.4132
66.7231
66.0211
65.3069
64.5799
63.8408
63.0881
62.3219
61.5419
60.7478
59.9392
59.1157
58.2776
57.4235
56.5535
55.6675
54.7658
53.8471
52.912
51.9613
50.9942
50.0127
49.0169
48.0093
46.9935
45.9727
44.9549
43.9492
42.9696
42.0389
41.1877
40.4621
39.9215
39.6338
39.6531
39.9896
40.6036
41.4279
42.3973
43.4605
44.5814
45.7338
46.9014
48.0728
49.2402
50.3985
51.544
52.6743
53.7878
54.8834
55.9605
57.0186
58.0576
59.0774
60.078
61.0595
62.0221
62.9661
63.8915
64.7987
65.6873
66.5585
67.4121
68.2481
69.0669
69.8681
70.6526
71.4202
72.1706
72.9046
73.6218
74.3219
75.0055
75.6723
76.3219
76.9547
77.57
78.1681
78.7484
79.311
79.8551
80.3809
80.8873
81.3745
81.8413
82.2878
82.7126
83.1153
83.4952
83.851
84.1818
84.4865
84.7636
85.0117
85.2293
85.4143
85.5649
85.6787
85.7532
85.7854
85.7722
85.7098
85.5942
85.4206
85.1835
84.877
84.4938
84.0259
83.4636
82.7959
82.0094
81.0887
80.0151
78.7661
77.314
75.6251
73.657
78.476
79.9159
81.1826
82.2989
83.2835
84.152
84.9177
85.5916
86.1833
86.7009
87.1515
87.5413
87.8755
88.1589
88.3957
88.5895
88.7437
88.8611
88.9443
88.9958
89.0177
89.0118
88.98
88.9237
88.8445
88.7437
88.6224
88.4818
88.3229
88.1465
87.9536
87.7449
87.5211
87.2829
87.0309
86.7656
86.4875
86.1971
85.8948
85.5809
85.2559
84.92
84.5735
84.2166
83.8496
83.4727
83.0861
82.6898
82.2841
81.8691
81.4448
81.0113
80.5687
80.1171
79.6563
79.1865
78.7077
78.2198
77.7229
77.2168
76.7015
76.177
75.6431
75.0998
74.5469
73.9845
73.4122
72.8301
72.2379
71.6354
71.0226
70.3992
69.7651
69.1199
68.4636
67.7958
67.1164
66.425
65.7214
65.0052
64.2761
63.5342
62.7788
62.0096
61.2263
60.4286
59.616
58.7884
57.9452
57.0862
56.2112
55.3198
54.4119
53.4874
52.5462
51.5887
50.616
49.6276
48.6256
47.612
46.5908
45.5655
44.5438
43.5368
42.5589
41.6339
40.7959
40.0918
39.5845
39.341
39.41
39.7928
40.4428
41.2913
42.2751
43.3462
44.4689
45.6211
46.7856
47.9525
49.1151
50.2672
51.4063
52.5306
53.6374
54.7263
55.7967
56.8482
57.8814
58.8949
59.8894
60.865
61.822
62.7604
63.6806
64.5827
65.4669
66.3334
67.1825
68.0142
68.8289
69.6266
70.4074
71.1715
71.9188
72.6496
73.3637
74.0612
74.7417
75.4059
76.0533
76.6837
77.2971
77.8928
78.4713
79.032
79.5742
80.0981
80.6031
81.0883
81.5538
81.9986
82.4218
82.8231
83.2012
83.5555
83.8847
84.1875
84.4628
84.7089
84.9243
85.1069
85.2549
85.3658
85.437
85.4657
85.4484
85.3813
85.2605
85.0809
84.837
84.5226
84.1305
83.6519
83.0775
82.3956
81.5922
80.6521
79.5556
78.2793
76.7937
75.0654
73.0495
78.0118
79.4185
80.6576
81.7508
82.7164
83.5693
84.3224
84.9863
85.5704
86.0823
86.5291
86.9164
87.2497
87.5334
87.7716
87.9676
88.1249
88.2461
88.3338
88.3904
88.4177
88.4177
88.3921
88.3425
88.2701
88.1763
88.0623
87.9291
87.7777
87.6089
87.4236
87.2226
87.0066
86.7761
86.5317
86.274
86.0035
85.7206
85.4257
85.1192
84.8013
84.4725
84.133
83.783
83.4227
83.0524
82.6721
82.2821
81.8825
81.4734
81.0548
80.6269
80.1897
79.7432
79.2874
78.8224
78.3482
77.8647
77.3718
76.8697
76.3582
75.8371
75.3065
74.7663
74.2163
73.6564
73.0865
72.5065
71.9162
71.3154
70.7039
70.0817
69.4484
68.8038
68.1478
67.48
66.8003
66.1084
65.4039
64.6867
63.9562
63.2126
62.4553
61.6834
60.8976
60.0971
59.2809
58.4498
57.6029
56.7399
55.8606
54.9646
54.0514
53.1218
52.1754
51.2125
50.2337
49.2399
48.2325
47.2139
46.1876
45.1586
44.1347
43.1276
42.1528
41.2356
40.4119
39.7322
39.2608
39.0636
39.183
39.6113
40.2953
41.1672
42.1652
43.2425
44.3681
45.5194
46.681
47.8442
49.0009
50.1479
51.2808
52.3988
53.4991
54.5822
55.6462
56.6914
57.7184
58.7258
59.715
60.6849
61.6363
62.5693
63.4848
64.3819
65.2612
66.1231
66.9682
67.7956
68.6062
69.3999
70.1769
70.9373
71.6817
72.4091
73.12
73.8145
74.4925
75.1539
75.7987
76.4266
77.0375
77.6312
78.2075
78.766
79.3064
79.8281
80.3311
80.8147
81.2783
81.7213
82.1429
82.5422
82.9186
83.271
83.5983
83.8992
84.1722
84.4161
84.629
84.809
84.9542
85.0619
85.1296
85.1543
85.1326
85.0607
84.9341
84.7482
84.497
84.1742
83.7726
83.2829
82.6959
81.9988
81.1786
80.2177
79.0973
77.7926
76.2732
74.504
72.4372
77.4474
78.8216
80.0337
81.1048
82.0522
82.8906
83.6323
84.2874
84.865
85.3726
85.8167
86.2031
86.5368
86.8221
87.0629
87.2626
87.4243
87.5506
87.6441
87.707
87.7411
87.7483
87.7304
87.6885
87.6243
87.5388
87.4333
87.3087
87.166
87.006
86.8296
86.6374
86.4302
86.2085
85.973
85.7241
85.4623
85.1879
84.9015
84.6034
84.2938
83.9732
83.6417
83.2995
82.9469
82.5842
82.2113
81.8286
81.436
81.0338
80.6218
80.2004
79.7695
79.3291
78.8792
78.4199
77.9512
77.473
76.9852
76.4879
75.981
75.4643
74.9379
74.4016
73.8553
73.2989
72.7322
72.1551
71.5675
70.9691
70.3599
69.7395
69.1079
68.4648
67.8098
67.1429
66.4638
65.7721
65.0676
64.3501
63.6191
62.8747
62.1158
61.3431
60.5551
59.7525
58.934
58.1002
57.2499
56.3837
55.5003
54.6006
53.6838
52.75
51.7986
50.8311
49.8476
48.8491
47.8366
46.8138
45.7839
44.7522
43.727
42.7203
41.7499
40.8423
40.0355
39.3825
38.9492
38.8001
38.9701
39.4426
40.16
41.0535
42.0642
43.1485
44.2761
45.4258
46.5852
47.7442
48.8966
50.0375
51.1651
52.277
53.3711
54.448
55.5064
56.5455
57.5665
58.5686
59.5515
60.5163
61.4623
62.3906
63.3005
64.1931
65.0677
65.9254
66.7656
67.5888
68.3956
69.1854
69.9586
70.7158
71.4562
72.1803
72.8884
73.5798
74.2548
74.9134
75.5557
76.181
76.7893
77.3806
77.9545
78.5111
79.0493
79.5691
80.0701
80.5516
81.0132
81.4542
81.8738
82.2713
82.6457
82.996
83.3211
83.6197
83.8906
84.132
84.3422
84.5195
84.6614
84.7657
84.8297
84.8502
84.8238
84.7466
84.6141
84.4215
84.1628
83.8313
83.4194
82.9187
82.318
81.6056
80.7669
79.7856
78.6397
77.3046
75.7507
73.9379
71.8206
76.7687
78.1113
79.2975
80.3475
81.2781
82.1034
82.835
83.4829
84.0555
84.5603
85.0035
85.3905
85.7262
86.0147
86.2597
86.4647
86.6324
86.7655
86.8664
86.9371
86.9796
86.9956
86.9866
86.9542
86.8995
86.8239
86.7282
86.6137
86.4811
86.3313
86.1651
85.9832
85.7862
85.5746
85.3492
85.1103
84.8584
84.5939
84.3172
84.0287
83.7287
83.4173
83.095
82.7619
82.4182
82.0641
81.6998
81.3253
80.9409
80.5466
80.1425
79.7286
79.305
78.8717
78.4288
77.9762
77.5139
77.042
76.5603
76.0688
75.5674
75.0561
74.5348
74.0034
73.4617
72.9096
72.3471
71.7739
71.1899
70.595
69.9888
69.3713
68.7422
68.1013
67.4484
66.7832
66.1055
65.415
64.7114
63.9944
63.2637
62.5189
61.7602
60.9863
60.1974
59.3932
58.5737
57.7376
56.8852
56.0166
55.1305
54.2277
53.3072
52.3699
51.4148
50.4435
49.4555
48.4531
47.4369
46.4107
45.3779
44.3438
43.3184
42.3138
41.3493
40.4523
39.6645
39.0408
38.6484
38.5491
38.7698
39.2854
40.0341
40.948
41.9706
43.0607
44.1901
45.3395
46.4961
47.6512
48.7987
49.9349
51.0568
52.1628
53.2515
54.3224
55.3748
56.408
57.4231
58.4195
59.3974
60.3563
61.2975
62.2206
63.126
64.0133
64.8836
65.7369
66.5726
67.3921
68.1944
68.9807
69.7505
70.5036
71.2409
71.9616
72.6664
73.3547
74.027
74.6827
75.3218
75.9447
76.5505
77.1396
77.7111
78.265
78.8012
79.3188
79.8175
80.2972
80.7566
81.1955
81.613
82.0085
82.3807
82.7288
83.0516
83.3479
83.6163
83.8551
84.0625
84.2367
84.3754
84.4761
84.5361
84.5521
84.5209
84.4382
84.2996
84.0999
83.8332
83.4927
83.0705
82.5575
81.9431
81.2147
80.3574
79.3536
78.1819
76.8162
75.2256
73.3685
71.196
75.9589
77.271
78.4326
79.4631
80.3787
81.1925
81.9159
82.5583
83.1281
83.632
84.0761
84.4657
84.8054
85.0991
85.3504
85.5625
85.7381
85.8799
85.99
86.0705
86.1231
86.1497
86.1516
86.1303
86.087
86.0228
85.9388
85.8359
85.7151
85.5771
85.4227
85.2525
85.0673
84.8674
84.6536
84.4262
84.1857
83.9325
83.667
83.3895
83.1002
82.7996
82.4877
82.165
81.8315
81.4873
81.1328
80.7679
80.3929
80.0077
79.6125
79.2074
78.7923
78.3673
77.9325
77.4877
77.0331
76.5685
76.0939
75.6093
75.1146
74.6097
74.0946
73.569
73.033
72.4864
71.9289
71.3606
70.7812
70.1906
69.5885
68.9748
68.3492
67.7116
67.0617
66.3991
65.7238
65.0354
64.3335
63.618
62.8884
62.1446
61.386
60.6125
59.8236
59.019
58.1983
57.3618
56.5081
55.6374
54.7494
53.8439
52.9215
51.9809
51.0229
50.0486
49.0575
48.0514
47.0328
46.0034
44.968
43.9336
42.9083
41.907
40.9491
40.0655
39.2983
38.7065
38.3573
38.3089
38.5799
39.137
39.9159
40.8488
41.8824
42.9786
44.1095
45.2579
46.4118
47.5629
48.7064
49.8373
50.9537
52.054
53.137
54.2019
55.2486
56.2766
57.2861
58.2769
59.2493
60.2034
61.1394
62.0575
62.9579
63.841
64.7067
65.5555
66.3869
67.2022
68.0009
68.7832
69.5493
70.2988
71.0326
71.7502
72.4518
73.1369
73.8062
74.4593
75.0956
75.7158
76.3189
76.9054
77.4747
78.0262
78.5601
79.0753
79.5721
80.0492
80.5067
80.9433
81.3588
81.7519
82.1221
82.4678
82.7883
83.0822
83.3479
83.5839
83.7885
83.9594
84.0947
84.1916
84.2474
84.2589
84.2225
84.1341
83.9891
83.7821
83.5072
83.1571
82.7241
82.1988
81.5701
80.8252
79.9487
78.9222
77.723
76.3255
74.6958
72.7925
70.5638
74.9971
76.2803
77.4193
78.4324
79.3348
80.1395
80.8571
81.4966
82.0658
82.5713
83.0188
83.4134
83.7594
84.0607
84.3206
84.5422
84.7282
84.8808
85.0024
85.0949
85.1599
85.1991
85.214
85.2059
85.1759
85.1252
85.0548
84.9656
84.8585
84.7341
84.5934
84.4368
84.2651
84.0786
83.8781
83.6639
83.4365
83.1963
82.9435
82.6786
82.4018
82.1134
81.8136
81.5027
81.1808
80.8481
80.5048
80.1509
79.7866
79.412
79.0271
78.6321
78.2268
77.8115
77.3859
76.9503
76.5045
76.0485
75.5823
75.1058
74.619
74.1217
73.6138
73.0953
72.5661
72.026
71.4748
70.9125
70.3388
69.7536
69.1566
68.5478
67.9268
67.2934
66.6475
65.9886
65.3166
64.6312
63.9322
63.219
62.4917
61.7497
60.9927
60.2199
59.432
58.6279
57.8075
56.9704
56.1163
55.2448
54.3558
53.449
52.5243
51.5819
50.6218
49.6447
48.6512
47.6433
46.622
45.5908
44.5542
43.5192
42.4962
41.4988
40.5494
39.6804
38.9365
38.3784
38.0746
38.0782
38.3988
38.9962
39.8033
40.754
41.7984
42.8989
44.0311
45.1791
46.3302
47.4781
48.6163
49.7422
50.8538
51.9485
53.0258
54.0857
55.1266
56.1491
57.1529
58.1389
59.1059
60.0548
60.9857
61.8988
62.7945
63.6733
64.5345
65.3788
66.2065
67.0176
67.8123
68.5908
69.3531
70.0994
70.8297
71.544
72.2423
72.9242
73.5905
74.2406
74.8745
75.4919
76.0927
76.6763
77.2431
77.7924
78.3238
78.837
79.3312
79.8063
80.2616
80.6959
81.1092
81.5002
81.8678
82.2114
82.5293
82.8207
83.0838
83.3169
83.5184
83.6861
83.8178
83.9109
83.9624
83.9692
83.9275
83.8333
83.6815
83.4671
83.1835
82.8239
82.3799
81.8415
81.1981
80.4361
79.5391
78.4892
77.263
75.8317
74.1624
72.2114
69.9245
73.8576
75.1144
76.2332
77.2315
78.1239
78.9224
79.6371
80.2767
80.8483
81.3584
81.8124
82.2149
82.5702
82.882
83.1534
83.3873
83.5863
83.7526
83.8884
83.9954
84.0754
84.13
84.1603
84.1678
84.1536
84.1188
84.0643
83.991
83.8998
83.7914
83.6664
83.5256
83.3694
83.1985
83.0133
82.8143
82.6019
82.3765
82.1384
81.8879
81.6253
81.3509
81.065
80.7676
80.4591
80.1395
79.809
79.4678
79.1158
78.7533
78.3803
77.9968
77.6029
77.1986
76.7839
76.3589
75.9233
75.4774
75.0209
74.5538
74.0762
73.5878
73.0885
72.5784
72.0573
71.5249
70.9813
70.4261
69.8594
69.2807
68.6901
68.0873
67.472
66.844
66.2031
65.5491
64.8816
64.2004
63.5051
62.7954
62.0713
61.3318
60.5774
59.8074
59.0208
58.2183
57.3991
56.5624
55.7088
54.8375
53.9483
53.041
52.1151
51.1716
50.2102
49.2316
48.2366
47.2266
46.2038
45.1716
44.1348
43.1006
42.0797
41.0879
40.1485
39.2954
38.577
38.0559
37.7992
37.8554
38.225
38.8609
39.6939
40.6619
41.7157
42.8206
43.9545
45.1012
46.2495
47.3936
48.5279
49.6488
50.7551
51.8443
52.9167
53.9704
55.0063
56.0232
57.0222
58.0022
58.964
59.9083
60.8342
61.7424
62.6338
63.5075
64.3642
65.2047
66.0281
66.8351
67.6259
68.401
69.1596
69.9023
70.6291
71.3401
72.0352
72.7147
73.378
74.0252
74.6562
75.2709
75.869
76.4503
77.0146
77.5615
78.0905
78.6014
79.0935
79.5663
80.0192
80.4514
80.8623
81.251
81.6165
81.9576
82.2732
82.5618
82.8222
83.0525
83.2509
83.4153
83.5434
83.6325
83.6797
83.6816
83.6345
83.5341
83.3757
83.1535
82.8612
82.4917
82.0361
81.4849
80.826
80.0464
79.1288
78.054
76.7992
75.3337
73.6235
71.6216
69.274
72.5086
73.7421
74.8443
75.8315
76.7176
77.5137
78.2293
78.8727
79.4507
79.9691
80.4332
80.8475
81.2158
81.5416
81.828
82.0777
82.2931
82.4763
82.6296
82.7544
82.8525
82.9253
82.9741
83.0002
83.0047
82.9885
82.9528
82.8981
82.8254
82.7355
82.6289
82.5062
82.3681
82.2151
82.0476
81.8661
81.671
81.4627
81.2414
81.0075
80.7613
80.503
80.2328
79.951
79.6578
79.3533
79.0375
78.7107
78.373
78.0244
77.665
77.2949
76.914
76.5225
76.1203
75.7073
75.2837
74.8493
74.4041
73.9481
73.4811
73.0031
72.514
72.0137
71.502
70.9789
70.4441
69.8975
69.339
68.7683
68.1854
67.5899
66.9816
66.3603
65.7257
65.0777
64.4159
63.74
63.0498
62.3446
61.625
60.8895
60.1388
59.3716
58.588
57.7882
56.9707
56.1364
55.2837
54.4136
53.5252
52.6179
51.6926
50.749
49.7867
48.8075
47.8117
46.8004
45.7771
44.7447
43.7084
42.676
41.6583
40.6733
39.7453
38.9105
38.2197
37.7372
37.5298
37.6389
38.0563
38.7286
39.5871
40.5705
41.633
42.7425
43.8772
45.0225
46.1679
47.3081
48.438
49.5545
50.655
51.7394
52.8063
53.8551
54.8849
55.8969
56.8905
57.8653
58.8224
59.7611
60.6825
61.5865
62.4727
63.3423
64.1946
65.0307
65.85
66.6534
67.4403
68.2112
68.9666
69.7057
70.4295
71.1371
71.829
72.5055
73.1658
73.8101
74.4383
75.0506
75.646
76.2248
76.7866
77.3313
77.858
78.3665
78.8563
79.3269
79.7776
80.2076
80.6165
81.0029
81.366
81.7047
82.0179
82.304
82.5616
82.789
82.9843
83.1453
83.2697
83.3548
83.3976
83.3946
83.342
83.2355
83.0701
82.8401
82.5389
82.1592
81.692
81.1271
80.4526
79.6543
78.7161
77.6164
76.3313
74.8305
73.0779
71.0246
68.6126
70.9101
72.1249
73.2152
74.1963
75.0809
75.8795
76.6011
77.2532
77.8423
78.3738
78.8527
79.2832
79.669
80.0132
80.3189
80.5886
80.8246
81.0288
81.2034
81.3499
81.4698
81.5646
81.6355
81.6838
81.7104
81.7163
81.7025
81.6697
81.6187
81.5503
81.4651
81.3636
81.2465
81.1142
80.9672
80.8059
80.6308
80.4421
80.2402
80.0254
79.798
79.5582
79.3063
79.0424
78.7667
78.4794
78.1807
77.8705
77.549
77.2164
76.8727
76.5179
76.1521
75.7752
75.3874
74.9885
74.5786
74.1576
73.7255
73.2822
72.8276
72.3617
71.8844
71.3955
70.895
70.3826
69.8583
69.3218
68.7731
68.2119
67.6381
67.0513
66.4515
65.8383
65.2115
64.5709
63.916
63.2468
62.5629
61.8641
61.1497
60.4195
59.6733
58.9107
58.1317
57.3351
56.5211
55.6892
54.8397
53.9713
53.0847
52.1789
51.2542
50.3113
49.3496
48.3707
47.3745
46.3639
45.3403
44.3086
43.2731
42.2435
41.2312
40.2536
39.3386
38.5239
37.8626
37.4217
37.2651
37.4272
37.8909
38.5984
39.4803
40.4781
41.5485
42.6615
43.7966
44.9404
46.0835
47.2199
48.3452
49.4568
50.5528
51.6318
52.6932
53.7365
54.7615
55.7681
56.7563
57.7264
58.6778
59.612
60.5286
61.4277
62.3098
63.1744
64.0228
64.8547
65.6698
66.4693
67.2527
68.0198
68.7716
69.5077
70.2277
70.9324
71.6212
72.2946
72.9519
73.5937
74.2191
74.8288
75.4216
75.9982
76.5575
77.0995
77.6242
78.1304
78.6179
79.0865
79.535
79.9628
80.3695
80.7536
81.1144
81.4509
81.7615
82.0451
82.3
82.5245
82.7168
82.8744
82.9952
83.0763
83.1146
83.1067
83.0486
82.9359
82.7634
82.5254
82.2152
81.825
81.3458
80.7671
80.0767
79.2599
78.2992
77.1738
75.8582
74.322
72.5245
70.4178
67.9406
69.0115
70.2139
71.2987
72.2801
73.1697
73.9773
74.7112
75.3783
75.9846
76.5353
77.035
77.4874
77.8963
78.2644
78.5947
78.8896
79.1511
79.3814
79.5822
79.7551
79.9015
80.0227
80.1201
80.1948
80.2476
80.2796
80.2918
80.2848
80.2593
80.2162
80.156
80.0792
79.9865
79.8783
79.7551
79.6173
79.4652
79.2993
79.1198
78.9271
78.7215
78.503
78.272
78.0288
77.7734
77.506
77.2267
76.9357
76.633
76.3188
75.9931
75.656
75.3075
74.9476
74.5763
74.1936
73.7995
73.394
72.9771
72.5485
72.1083
71.6565
71.1928
70.7173
70.2297
69.7299
69.2179
68.6933
68.1561
67.6061
67.043
66.4667
65.8769
65.2734
64.6559
64.0242
63.378
62.717
62.0408
61.3494
60.642
59.9186
59.1787
58.4219
57.648
56.8564
56.047
55.2194
54.3732
53.5081
52.624
51.7213
50.7988
49.8573
48.897
47.9194
46.9244
45.9142
44.8924
43.8617
42.8287
41.8028
40.7958
39.8282
38.9271
38.1342
37.5056
37.1081
37.0036
37.2185
37.7273
38.4675
39.3718
40.3829
41.4605
42.5771
43.7124
44.8544
45.9945
47.1275
48.2484
49.355
50.4457
51.5194
52.5754
53.6138
54.6333
55.6345
56.6174
57.5823
58.5291
59.4583
60.37
61.2644
62.1418
63.0025
63.8465
64.6742
65.4857
66.2807
67.0604
67.8242
68.5724
69.305
70.0221
70.7233
71.4093
72.0797
72.7344
73.3731
73.9962
74.6032
75.1935
75.7676
76.3248
76.8645
77.3869
77.8908
78.3764
78.8426
79.2891
79.7148
80.1193
80.5012
80.8599
81.194
81.5023
81.7834
82.0357
82.2574
82.4466
82.6009
82.718
82.7952
82.8291
82.8162
82.7526
82.6337
82.4542
82.2083
81.8887
81.488
80.9967
80.4041
79.697
78.8612
77.8782
76.7265
75.3796
73.8049
71.9608
69.7987
67.2536
