42.4351
45.6149
48.1851
50.2232
51.8209
53.0568
53.9929
54.6771
55.1469
55.4317
55.5546
55.5345
55.3865
55.1226
54.7531
54.2865
53.7297
53.0889
52.3696
51.5768
50.7158
49.7928
48.8152
47.7943
46.7474
45.7048
44.7239
43.9165
43.4615
43.516
44.0602
44.9228
45.9406
47.0204
48.1163
49.2058
50.277
51.3241
52.3443
53.3363
54.2999
55.2357
56.1444
57.0269
57.8844
58.7178
59.5283
60.3169
61.0846
61.8323
62.5611
63.2717
63.9649
64.6416
65.3024
65.948
66.5791
67.1961
67.7999
68.3907
68.9691
69.5356
70.0906
70.6346
71.1679
71.6909
72.2039
72.7074
73.2015
73.6868
74.1633
74.6315
75.0916
75.5438
75.9885
76.4259
76.8562
77.2797
77.6966
78.1071
78.5114
78.9098
79.3025
79.6896
80.0713
80.4478
80.8193
81.186
81.548
81.9055
82.2586
82.6075
82.9523
83.2931
83.6302
83.9636
84.2934
84.6198
84.9428
85.2624
85.5791
85.8927
86.2033
86.5111
86.8158
87.118
87.4174
87.7138
88.0078
88.299
88.5873
88.8731
89.1558
89.4358
89.7128
89.9865
90.2572
90.5243
90.7879
91.048
91.3041
91.5563
91.8041
92.0474
92.2862
92.52
92.7487
92.9723
93.1901
93.4022
93.6083
93.8082
94.0019
94.1887
94.3687
94.5417
94.7074
94.8655
95.0159
95.1584
95.2927
95.4186
95.5359
95.6444
95.7437
95.8338
95.9143
95.985
96.0456
96.0959
96.1354
96.1642
96.1819
96.188
96.1824
96.1645
96.1342
96.0911
96.0346
95.9646
95.8806
95.782
95.6685
95.5396
95.3946
95.2332
95.0545
94.8581
94.6432
94.4093
94.1554
93.8807
93.5845
93.2656
92.9232
92.5561
92.1631
91.7429
91.2943
90.8156
90.305
89.7611
89.1817
88.5646
87.9073
87.2075
86.4619
85.6673
84.8203
83.9167
82.9514
81.9193
80.8146
43.7699
46.8971
49.4203
51.4228
52.9955
54.2142
55.1385
55.8148
56.2793
56.5606
56.6812
56.6594
56.5097
56.2443
55.873
55.404
54.8442
54.1996
53.4754
52.6766
51.8086
50.8773
49.8906
48.8601
47.8046
46.7572
45.7822
45.0023
44.6031
44.7223
45.3077
46.1798
47.1862
48.2438
49.312
50.3708
51.4101
52.4246
53.4122
54.3717
55.3035
56.2081
57.0863
57.9391
58.7677
59.5732
60.3565
61.1188
61.8611
62.5843
63.2894
63.9771
64.6483
65.3037
65.944
66.5699
67.1819
67.7806
68.3667
68.9405
69.5026
70.0534
70.5933
71.1227
71.6421
72.1517
72.6519
73.1431
73.6254
74.0994
74.5652
75.0231
75.4733
75.9163
76.3521
76.7811
77.2035
77.6196
78.0295
78.4335
78.8319
79.2247
79.6123
79.9949
80.3725
80.7454
81.1138
81.4779
81.8377
82.1935
82.5456
82.8938
83.2385
83.5797
83.9179
84.2527
84.5845
84.9135
85.2396
85.5631
85.8841
86.2026
86.5188
86.8327
87.1444
87.454
87.7615
88.0669
88.3703
88.6716
88.9707
89.2679
89.5629
89.8557
90.146
90.434
90.7195
91.0022
91.2818
91.5586
91.8318
92.1018
92.368
92.6301
92.8882
93.1417
93.3908
93.6348
93.8738
94.1074
94.3355
94.5576
94.7737
94.9836
95.1869
95.3835
95.5732
95.7557
95.9308
96.0984
96.258
96.4096
96.5529
96.6876
96.8138
96.9309
97.0388
97.1372
97.2259
97.3047
97.3731
97.4311
97.4784
97.5145
97.5392
97.5522
97.5531
97.5415
97.5171
97.4796
97.4284
97.3632
97.2834
97.1885
97.0782
96.9518
96.8087
96.6482
96.4697
96.2726
96.0559
95.8189
95.5607
95.2803
94.9766
94.6487
94.2952
93.9148
93.5061
93.0676
92.5973
92.0936
91.5544
90.9774
90.36
89.6995
88.9928
88.2361
87.426
86.5574
85.6259
84.6256
83.5491
45.1722
48.2533
50.737
52.7109
54.2643
55.4706
56.3875
57.0596
57.5222
57.803
57.9239
57.9029
57.7542
57.4895
57.1186
56.6495
56.0887
55.4423
54.7152
53.9122
53.0386
52.1003
51.1054
50.0659
49.0019
47.9501
46.9816
46.2311
45.8877
46.0653
46.6818
47.5538
48.5409
49.5694
50.6036
51.6258
52.6274
53.6039
54.5536
55.4759
56.3711
57.2398
58.0832
58.9022
59.6979
60.4716
61.2241
61.9567
62.6702
63.3656
64.0438
64.7056
65.3518
65.983
66.5999
67.2033
67.7936
68.3714
68.9373
69.4916
70.0349
70.5676
71.0901
71.6027
72.1059
72.5999
73.0851
73.5617
74.0302
74.4907
74.9436
75.3892
75.8276
76.2591
76.6841
77.1028
77.5153
77.9219
78.3229
78.7186
79.109
79.4944
79.875
80.2511
80.6228
80.9902
81.3537
81.7132
82.0691
82.4216
82.7706
83.1166
83.4593
83.7994
84.1366
84.4711
84.8035
85.1333
85.4609
85.7867
86.1104
86.4322
86.7523
87.071
87.388
87.7035
88.0176
88.3303
88.6417
88.9518
89.2606
89.5679
89.8739
90.1783
90.4811
90.7821
91.0813
91.3783
91.6731
91.9654
92.255
92.5416
92.8249
93.1048
93.3812
93.6535
93.9214
94.1851
94.444
94.6977
94.9464
95.1895
95.4268
95.6583
95.8833
96.1022
96.3141
96.5194
96.7174
96.9082
97.0913
97.2667
97.434
97.5932
97.7438
97.8856
98.0188
98.1425
98.2568
98.3616
98.4563
98.5408
98.6148
98.6781
98.7302
98.7708
98.7997
98.8164
98.8207
98.8121
98.7902
98.7545
98.7045
98.6399
98.5601
98.4644
98.3523
98.2232
98.0765
97.9113
97.7267
97.5222
97.2966
97.0491
96.7785
96.4838
96.1635
95.8165
95.4411
95.0358
94.5988
94.128
93.6215
93.0765
92.491
91.8612
91.1843
90.4567
89.6736
88.8306
87.9227
86.9428
85.884
46.65
49.6926
52.1451
54.0979
55.6384
56.8377
57.7515
58.4236
58.8879
59.1716
59.2961
59.279
59.1342
58.8734
58.5058
58.0395
57.4808
56.8354
56.1081
55.3037
54.427
53.4839
52.4825
51.4353
50.3638
49.3081
48.3471
47.6275
47.3383
47.5662
48.2021
49.0632
50.022
51.0132
52.0056
52.9842
53.9413
54.8734
55.7792
56.6584
57.5116
58.3394
59.143
59.9235
60.682
61.4196
62.1373
62.8361
63.5172
64.1811
64.829
65.4615
66.0794
66.6833
67.2739
67.8518
68.4176
68.9717
69.5146
70.0468
70.5688
71.0808
71.5834
72.0768
72.5614
73.0374
73.5052
73.9652
74.4175
74.8624
75.3002
75.7313
76.1557
76.5737
76.9858
77.392
77.7925
78.1877
78.5778
78.963
79.3435
79.7195
80.0913
80.459
80.8228
81.1829
81.5395
81.8928
82.243
82.5901
82.9345
83.2763
83.6154
83.9524
84.2872
84.6198
84.9508
85.2798
85.6075
85.9336
86.2585
86.5821
86.9048
87.2264
87.5474
87.8674
88.1868
88.5057
88.8239
89.1415
89.4586
89.7752
90.091
90.406
90.7202
91.0333
91.3454
91.656
91.9649
92.272
92.577
92.8796
93.1795
93.4764
93.7702
94.0604
94.3467
94.629
94.9069
95.1799
95.4482
95.7112
95.9689
96.2207
96.4667
96.7062
96.9395
97.1661
97.3858
97.5982
97.8035
98.0011
98.1908
98.3726
98.5459
98.711
98.8672
99.0145
99.1526
99.2811
99.4
99.5088
99.6072
99.6953
99.7722
99.8382
99.8924
99.9349
99.9649
99.9823
99.9866
99.9774
99.9542
99.9165
99.8637
99.7953
99.7108
99.6094
99.4904
99.3532
99.1968
99.0205
98.8232
98.6041
98.3619
98.0955
97.8036
97.4847
97.1374
96.7598
96.3504
95.9067
95.4266
94.9077
94.347
93.7417
93.0877
92.3814
91.6184
90.7933
89.9004
88.933
87.8833
48.2095
51.2228
53.6531
55.5925
57.1265
58.3245
59.2405
59.917
60.3874
60.6781
60.8103
60.801
60.6641
60.411
60.0508
59.5912
59.0386
58.3983
57.675
56.8732
55.9973
55.0532
54.0486
52.9964
51.9193
50.8611
49.9092
49.2213
48.9826
49.25
49.8917
50.7297
51.6491
52.5931
53.5346
54.4608
55.3655
56.2456
57.1005
57.93
58.7349
59.5159
60.2743
61.011
61.7273
62.4241
63.1024
63.7633
64.4077
65.0363
65.65
66.2495
66.8356
67.4088
67.9698
68.5191
69.0572
69.5846
70.1017
70.6089
71.1068
71.5955
72.0755
72.5471
73.0106
73.4662
73.9142
74.355
74.7888
75.2158
75.6363
76.0505
76.4586
76.861
77.2579
77.6494
78.0359
78.4176
78.7946
79.1673
79.5358
79.9004
80.2613
80.6186
80.9726
81.3234
81.6713
82.0164
82.359
82.6991
83.0369
83.3727
83.7064
84.0385
84.3691
84.6982
85.0261
85.3529
85.6786
86.0037
86.3281
86.6519
86.9756
87.299
87.6222
87.9456
88.2689
88.5926
88.9164
89.2406
89.5649
89.8896
90.2143
90.5393
90.8641
91.1886
91.5129
91.8364
92.1589
92.4805
92.8003
93.1184
93.4345
93.748
94.0587
94.3663
94.6704
94.9708
95.2673
95.5592
95.8465
96.1288
96.4058
96.6774
96.9431
97.2029
97.4564
97.7034
97.9437
98.1768
98.4029
98.6215
98.8325
99.0356
99.2306
99.4173
99.5951
99.7644
99.9245
100.075
100.216
100.348
100.469
100.58
100.68
100.769
100.846
100.912
100.966
101.007
101.035
101.05
101.051
101.037
101.009
100.965
100.905
100.828
100.734
100.621
100.49
100.338
100.166
99.9712
99.7536
99.5117
99.244
98.9493
98.6257
98.2715
97.885
97.4637
97.0054
96.5073
95.9664
95.3796
94.7432
94.0527
93.3036
92.4904
91.6068
90.6456
89.5981
49.8519
52.8459
55.2631
57.1973
58.732
59.9351
60.8592
61.5458
62.0276
62.3305
62.4754
62.4791
62.3552
62.1149
61.7674
61.3201
60.7792
60.1498
59.4365
58.6433
57.7744
56.8352
55.8331
54.7809
53.7024
52.6446
51.7039
51.048
50.8537
51.1468
51.7779
52.5779
53.4446
54.3291
55.2086
56.0722
56.9147
57.7341
58.5298
59.3021
60.0516
60.7792
61.4861
62.1732
62.8416
63.4924
64.1263
64.7445
65.3477
65.9366
66.512
67.0746
67.625
68.1638
68.6916
69.2088
69.7159
70.2133
70.7015
71.1807
71.6515
72.114
72.5686
73.0156
73.4553
73.8878
74.3136
74.7327
75.1454
75.552
75.9527
76.3477
76.7372
77.1215
77.5009
77.8755
78.2457
78.6115
78.9733
79.3313
79.6857
80.0368
80.3846
80.7295
81.0716
81.4112
81.7483
82.0833
82.4162
82.7472
83.0766
83.4045
83.7313
84.0567
84.3812
84.7049
85.028
85.3506
85.673
85.9953
86.3175
86.6402
86.9632
87.2869
87.6112
87.9364
88.2624
88.5897
88.9181
89.2476
89.5782
89.9102
90.2433
90.5772
90.9122
91.2478
91.5836
91.9198
92.2557
92.5913
92.9259
93.2595
93.5913
93.9213
94.2488
94.5736
94.8955
95.2138
95.5283
95.8388
96.1447
96.4459
96.7422
97.0329
97.318
97.5972
97.8703
98.1373
98.3973
98.6506
98.8967
99.1354
99.3666
99.5901
99.8055
100.013
100.211
100.401
100.582
100.754
100.916
101.068
101.211
101.343
101.464
101.574
101.674
101.761
101.836
101.899
101.949
101.986
102.009
102.017
102.011
101.989
101.951
101.897
101.825
101.734
101.625
101.495
101.344
101.172
100.976
100.755
100.508
100.234
99.9309
99.5965
99.2291
98.8263
98.3857
97.9045
97.3794
96.8072
96.1838
95.5045
94.7647
93.9586
93.079
92.1189
91.0695
51.5654
54.5501
56.9641
58.9018
60.4457
61.6616
62.6011
63.3049
63.805
64.1271
64.2916
64.3152
64.2114
63.9913
63.6638
63.2363
62.715
62.1048
61.4099
60.6342
59.7816
58.8566
57.8665
56.8233
55.7511
54.7001
53.7745
53.15
52.9905
53.2912
53.8918
54.6351
55.4325
56.2427
57.0465
57.8352
58.6045
59.353
60.0802
60.7866
61.4727
62.1394
62.7878
63.4188
64.0332
64.6321
65.2162
65.7864
66.3434
66.8878
67.4204
67.9417
68.4523
68.9527
69.4434
69.9247
70.3972
70.8612
71.317
71.765
72.2055
72.6387
73.0649
73.4844
73.8974
74.3041
74.7047
75.0994
75.4884
75.8719
76.2502
76.6234
76.9918
77.3556
77.715
78.0702
78.4216
78.7692
79.1134
79.4544
79.7924
80.1277
80.4603
80.7906
81.1187
81.4448
81.7691
82.0918
82.413
82.7332
83.0521
83.3702
83.6877
84.0046
84.3211
84.6375
84.9542
85.2709
85.588
85.9058
86.2245
86.5441
86.865
87.1875
87.5114
87.8371
88.1646
88.4943
88.826
89.1598
89.496
89.8345
90.1751
90.5178
90.8623
91.2085
91.5559
91.9046
92.254
92.6037
92.9531
93.3021
93.6501
93.9965
94.3412
94.6835
95.0229
95.3594
95.6921
96.0211
96.3456
96.6658
96.9807
97.2907
97.5949
97.8936
98.1859
98.472
98.7516
99.0243
99.2899
99.5484
99.7991
100.042
100.277
100.504
100.723
100.932
101.133
101.324
101.507
101.679
101.841
101.993
102.135
102.265
102.385
102.492
102.588
102.671
102.741
102.798
102.841
102.87
102.884
102.882
102.864
102.83
102.778
102.707
102.617
102.508
102.376
102.223
102.046
101.844
101.616
101.359
101.073
100.756
100.405
100.017
99.5913
99.1237
98.6109
98.0498
97.4357
96.7641
96.03
95.2268
94.3481
93.385
92.3293
53.3172
56.3014
58.722
60.673
62.2355
63.4737
64.438
65.1684
65.6964
66.0471
66.2408
66.294
66.2201
66.0301
65.733
65.3361
64.8455
64.266
63.6019
62.8566
62.0338
61.1376
60.1743
59.1552
58.1038
57.0717
56.1691
55.5751
55.4365
55.7208
56.2653
56.9288
57.6365
58.3544
59.0667
59.7663
60.4498
61.1158
61.7641
62.3949
63.0089
63.6066
64.1889
64.7565
65.3103
65.851
66.3793
66.8958
67.4011
67.896
68.3808
68.8561
69.3223
69.7799
70.2293
70.6708
71.1048
71.5316
71.9514
72.3646
72.7714
73.172
73.5665
73.9553
74.3385
74.7163
75.0888
75.4562
75.8187
76.1763
76.5294
76.8781
77.2226
77.5631
77.8999
78.2331
78.5631
78.89
79.2141
79.5356
79.8548
80.1718
80.4868
80.8001
81.1119
81.4223
81.7315
82.0398
82.3472
82.6541
82.9607
83.2668
83.5731
83.8793
84.1861
84.4932
84.8013
85.1102
85.4203
85.7319
86.045
86.36
86.6773
86.9967
87.3186
87.6433
87.9711
88.3018
88.6358
88.9732
89.314
89.6582
90.0061
90.3569
90.7109
91.0676
91.4269
91.7882
92.1512
92.5153
92.8799
93.2448
93.6094
93.973
94.3352
94.6954
95.0531
95.4078
95.7593
96.1071
96.4507
96.7896
97.1239
97.453
97.7764
98.0942
98.406
98.7112
99.0101
99.3019
99.5869
99.8644
100.134
100.397
100.651
100.897
101.135
101.363
101.583
101.794
101.995
102.187
102.368
102.539
102.7
102.849
102.987
103.114
103.229
103.331
103.42
103.496
103.558
103.605
103.638
103.655
103.656
103.639
103.606
103.553
103.481
103.389
103.276
103.139
102.979
102.794
102.582
102.341
102.07
101.767
101.43
101.055
100.641
100.184
99.6815
99.1284
98.5212
97.8545
97.1229
96.3201
95.4385
94.4703
93.4046
55.0597
58.0484
60.4822
62.4546
64.0443
65.3141
66.3134
67.081
67.6478
68.0387
68.2736
68.3689
68.3379
68.1915
67.9387
67.5869
67.1422
66.6094
65.9929
65.2961
64.5225
63.676
62.7622
61.7916
60.7858
59.7958
58.9319
58.3687
58.2313
58.4678
58.9241
59.4798
60.0741
60.6793
61.2826
61.8778
62.4619
63.0333
63.5917
64.1369
64.6693
65.1893
65.6974
66.1943
66.6803
67.1561
67.6221
68.0789
68.5269
68.9666
69.3984
69.8226
70.2396
70.6498
71.0534
71.4508
71.8421
72.2276
72.6076
72.9821
73.3515
73.7159
74.0754
74.4301
74.7803
75.1259
75.4671
75.8041
76.1369
76.4657
76.7906
77.1118
77.4295
77.7439
78.0551
78.3636
78.6694
78.9728
79.274
79.5734
79.871
80.1672
80.4621
80.7559
81.0489
81.3411
81.6329
81.9244
82.2157
82.507
82.7987
83.0908
83.3836
83.677
83.9717
84.2676
84.5649
84.864
85.1652
85.4684
85.7742
86.0827
86.3943
86.7091
87.0275
87.3497
87.6761
88.0067
88.342
88.6818
89.0264
89.376
89.7302
90.089
90.4523
90.82
91.1912
91.5656
91.9428
92.3221
92.7032
93.0849
93.4668
93.8483
94.2289
94.6078
94.9845
95.3585
95.7294
96.0966
96.4597
96.8184
97.1721
97.5208
97.8638
98.2009
98.5321
98.8569
99.175
99.4863
99.7902
100.087
100.376
100.657
100.93
101.195
101.452
101.699
101.938
102.167
102.387
102.597
102.797
102.986
103.165
103.333
103.489
103.634
103.766
103.886
103.994
104.087
104.167
104.232
104.282
104.317
104.335
104.336
104.319
104.283
104.228
104.152
104.054
103.933
103.788
103.618
103.42
103.193
102.936
102.645
102.319
101.956
101.552
101.103
100.608
100.061
99.4581
98.7939
98.0628
97.2579
96.3716
95.395
94.3177
56.7513
59.7436
62.1922
64.1889
65.8101
67.1171
68.1577
68.97
69.5843
70.025
70.3119
70.4611
70.4859
70.3971
70.2038
69.9134
69.5321
69.0651
68.5166
67.8907
67.1908
66.4211
65.5873
64.699
63.7767
62.8668
62.071
61.5437
61.3838
61.5353
61.8681
62.287
62.7444
63.2177
63.6956
64.1721
64.6439
65.1092
65.5671
66.017
66.4589
66.8928
67.3188
67.7373
68.1484
68.5525
68.9499
69.3408
69.7256
70.1045
70.4777
70.8457
71.2085
71.5663
71.9195
72.2681
72.6123
72.9523
73.2883
73.6202
73.9483
74.2727
74.5934
74.9104
75.224
75.534
75.8406
76.1438
76.4437
76.7404
77.0339
77.3245
77.6122
77.8973
78.1799
78.4605
78.739
79.016
79.2914
79.5657
79.839
80.1116
80.3836
80.6552
80.9267
81.1981
81.4698
81.7419
82.0145
82.2879
82.5623
82.8378
83.1146
83.393
83.6733
83.9555
84.2398
84.5269
84.8167
85.1096
85.4058
85.7057
86.0097
86.318
86.6311
86.9491
87.2725
87.6015
87.9367
88.278
88.6255
88.9796
89.3401
89.707
90.0799
90.4586
90.8424
91.231
91.6234
92.0191
92.4174
92.8172
93.2179
93.6189
94.0191
94.4179
94.8149
95.2094
95.6007
95.9883
96.3718
96.7509
97.125
97.494
97.8572
98.2145
98.5655
98.91
99.2478
99.5786
99.902
100.218
100.526
100.827
101.118
101.402
101.677
101.943
102.2
102.448
102.686
102.914
103.132
103.339
103.536
103.721
103.895
104.057
104.207
104.345
104.469
104.579
104.676
104.758
104.825
104.875
104.91
104.926
104.925
104.905
104.865
104.804
104.721
104.615
104.484
104.326
104.141
103.927
103.681
103.402
103.086
102.732
102.336
101.895
101.405
100.862
100.262
99.5982
98.8657
98.057
97.1642
96.1779
95.0866
58.369
61.3602
63.8203
65.8392
67.4909
68.835
69.9177
70.7765
71.4411
71.9355
72.2792
72.4883
72.576
72.5534
72.4296
72.2122
71.9077
71.5215
71.0586
70.5233
69.9198
69.253
68.5293
67.759
66.9615
66.1773
65.4881
65.0095
64.8104
64.8492
65.0349
65.2996
65.6067
65.9368
66.2795
66.6285
66.9798
67.3312
67.6811
68.0286
68.373
68.7139
69.0513
69.385
69.715
70.0414
70.3641
70.6834
70.9994
71.312
71.6215
71.928
72.2315
72.5322
72.8301
73.1253
73.418
73.7081
73.9957
74.2809
74.5636
74.844
75.122
75.3976
75.6708
75.9417
76.21
76.476
76.7395
77.0006
77.2593
77.5157
77.7701
78.0225
78.2732
78.5225
78.7706
79.0178
79.2643
79.5104
79.7563
80.0021
80.2482
80.4947
80.7417
80.9895
81.2382
81.4881
81.7393
81.9919
82.2462
82.5025
82.7608
83.0214
83.2845
83.5505
83.8195
84.0919
84.3679
84.6479
84.9322
85.2212
85.5153
85.8149
86.1205
86.4324
86.7511
87.077
87.4105
87.7518
88.1015
88.4596
88.8261
89.2009
89.5838
89.9744
90.3719
90.7758
91.1851
91.5988
92.0162
92.4359
92.8574
93.2793
93.7012
94.1218
94.5408
94.957
95.3704
95.7798
96.1851
96.5859
96.9814
97.3715
97.7559
98.134
98.5057
98.8708
99.2288
99.5796
99.9229
100.258
100.586
100.906
101.217
101.52
101.813
102.098
102.373
102.639
102.895
103.141
103.377
103.602
103.816
104.019
104.21
104.389
104.556
104.71
104.851
104.978
105.09
105.188
105.271
105.337
105.387
105.419
105.433
105.427
105.401
105.354
105.285
105.192
105.073
104.929
104.755
104.552
104.317
104.047
103.74
103.394
103.004
102.569
102.084
101.544
100.945
100.281
99.5451
98.7313
97.83
96.8326
95.7272
59.9035
62.8872
65.3534
67.3896
69.0678
70.4451
71.5669
72.4696
73.1822
73.7285
74.1278
74.3962
74.547
74.5914
74.5386
74.3967
74.1727
73.8724
73.5014
73.0648
72.5678
72.0163
71.418
70.7841
70.1334
69.4993
68.9383
68.5212
68.289
68.2221
68.2701
68.3901
68.5549
68.7485
68.9608
69.1855
69.4184
69.6567
69.8985
70.1423
70.3874
70.6331
70.8789
71.1246
71.3699
71.6146
71.8588
72.1023
72.345
72.587
72.8283
73.0688
73.3086
73.5476
73.7859
74.0233
74.26
74.4959
74.731
74.9652
75.1986
75.4309
75.6623
75.8925
76.1216
76.3494
76.5759
76.8009
77.0243
77.2462
77.4664
77.6852
77.9025
78.1186
78.3337
78.5482
78.7623
78.9763
79.1903
79.4048
79.6199
79.8357
80.0526
80.2706
80.4901
80.711
80.9337
81.1583
81.3848
81.6137
81.845
82.0789
82.3157
82.5556
82.7988
83.0456
83.2963
83.5511
83.8106
84.0749
84.3446
84.6199
84.9017
85.1899
85.4855
85.7889
86.1006
86.4213
86.7514
87.0916
87.4422
87.8035
88.1757
88.5588
88.9523
89.3559
89.7687
90.1896
90.6179
91.0521
91.491
91.9334
92.3778
92.8235
93.2693
93.7141
94.1569
94.5974
95.0344
95.4677
95.8966
96.3203
96.7389
97.1515
97.5582
97.9583
98.3519
98.7382
99.1175
99.489
99.853
100.209
100.556
100.896
101.227
101.548
101.861
102.165
102.459
102.743
103.017
103.281
103.534
103.777
104.008
104.228
104.437
104.632
104.816
104.986
105.143
105.286
105.415
105.528
105.626
105.707
105.772
105.819
105.847
105.855
105.843
105.809
105.752
105.672
105.565
105.432
105.269
105.076
104.85
104.589
104.29
103.951
103.568
103.137
102.655
102.117
101.518
100.852
100.112
99.2922
98.382
97.3725
96.251
61.3536
64.3231
66.7892
68.8371
70.536
71.9413
73.097
74.0386
74.7945
75.388
75.8384
76.1616
76.371
76.4778
76.4917
76.4211
76.2731
76.0544
75.7711
75.4289
75.0339
74.5931
74.1148
73.6107
73.0976
72.6008
72.1559
71.8009
71.5582
71.4226
71.3713
71.3806
71.4323
71.5138
71.6166
71.7346
71.8639
72.0015
72.1455
72.2943
72.4469
72.6026
72.7608
72.9212
73.0834
73.2474
73.4128
73.5797
73.748
73.9176
74.0884
74.2603
74.4335
74.6077
74.7829
74.9592
75.1363
75.3143
75.4931
75.6726
75.8526
76.0331
76.214
76.3951
76.5762
76.7573
76.938
77.1184
77.298
77.4769
77.655
77.8322
78.0086
78.1846
78.3603
78.5361
78.7124
78.8893
79.0672
79.2464
79.427
79.6092
79.7933
79.9793
80.1676
80.3582
80.5513
80.7471
80.9457
81.1474
81.3523
81.5606
81.7725
81.9883
82.2082
82.4326
82.6616
82.8958
83.1353
83.3807
83.6325
83.8911
84.1571
84.431
84.7136
85.0057
85.3077
85.6207
85.9455
86.2825
86.6325
86.9962
87.3737
87.7651
88.1704
88.5885
89.0186
89.4595
89.9096
90.3674
90.8312
91.2994
91.7705
92.2431
92.7158
93.1876
93.6575
94.1244
94.5879
95.0472
95.5016
95.9507
96.3938
96.831
97.2615
97.6853
98.1017
98.5108
98.9123
99.3057
99.6912
100.068
100.437
100.797
101.147
101.489
101.821
102.144
102.457
102.76
103.053
103.335
103.606
103.866
104.115
104.352
104.578
104.79
104.99
105.177
105.35
105.508
105.652
105.781
105.894
105.99
106.069
106.13
106.172
106.194
106.194
106.173
106.129
106.06
105.965
105.842
105.69
105.506
105.289
105.036
104.744
104.411
104.033
103.606
103.126
102.589
101.989
101.321
100.577
99.7498
98.8299
97.807
96.6692
62.7209
65.6703
68.1306
70.1842
71.8981
73.3256
74.5096
75.4843
76.2777
76.9126
77.408
77.7798
78.0413
78.2039
78.2773
78.2703
78.1903
78.0443
77.8388
77.5801
77.2748
76.93
76.5545
76.1587
75.7569
75.3669
75.0104
74.7079
74.4723
74.3038
74.1938
74.1305
74.1029
74.1022
74.122
74.1572
74.2043
74.2607
74.3243
74.3937
74.4679
74.5462
74.6279
74.7126
74.8002
74.8904
74.9831
75.0781
75.1756
75.2754
75.3775
75.482
75.5888
75.6978
75.8092
75.9228
76.0386
76.1565
76.2766
76.3985
76.5224
76.6479
76.7751
76.9036
77.0334
77.1642
77.2957
77.4278
77.5601
77.6923
77.8244
77.9563
78.088
78.2198
78.3521
78.4852
78.6196
78.7555
78.8933
79.0331
79.1752
79.3199
79.4672
79.6174
79.7706
79.9269
80.0866
80.2498
80.4166
80.5872
80.7618
80.9406
81.1239
81.3118
81.5046
81.7027
81.9063
82.1158
82.3317
82.5544
82.7844
83.0223
83.2689
83.5247
83.7907
84.0678
84.3568
84.6589
84.9751
85.3064
85.654
86.0187
86.4011
86.8013
87.2192
87.6541
88.1045
88.5688
89.045
89.5307
90.0239
90.5223
91.0243
91.528
92.0318
92.5344
93.0346
93.5316
94.0245
94.5126
94.9952
95.472
95.9423
96.4058
96.8622
97.3113
97.7525
98.1859
98.611
99.0278
99.4358
99.8352
100.226
100.607
100.979
101.341
101.694
102.036
102.369
102.691
103.003
103.303
103.593
103.871
104.138
104.392
104.635
104.864
105.081
105.284
105.472
105.647
105.806
105.95
106.078
106.189
106.282
106.357
106.412
106.447
106.461
106.452
106.419
106.362
106.277
106.165
106.022
105.848
105.639
105.393
105.108
104.78
104.406
103.983
103.505
102.969
102.368
101.696
100.947
100.112
99.1819
98.1459
96.9913
64.0096
66.9335
69.3826
71.4364
73.1596
74.6038
75.8103
76.8123
77.6373
78.3076
78.8418
79.2556
79.5622
79.7732
79.8984
79.9464
79.9252
79.8417
79.7026
79.5145
79.2842
79.0186
78.7258
78.4151
78.0975
77.7857
77.4932
77.2321
77.0104
76.8303
76.6891
76.5815
76.5015
76.4436
76.4033
76.3768
76.3614
76.3548
76.3552
76.3615
76.3725
76.3876
76.4063
76.4281
76.4528
76.4801
76.51
76.5423
76.5772
76.6145
76.6543
76.6967
76.7417
76.7893
76.8396
76.8927
76.9484
77.0069
77.0682
77.1322
77.1988
77.2679
77.3395
77.4134
77.4893
77.5672
77.6466
77.7274
77.8091
77.8915
77.9742
78.0571
78.1403
78.2242
78.3091
78.3956
78.484
78.5747
78.6681
78.7644
78.8638
78.9665
79.0728
79.1827
79.2965
79.4142
79.5361
79.6623
79.7929
79.9281
80.068
80.213
80.3631
80.5187
80.6799
80.8472
81.0209
81.2013
81.3889
81.5842
81.7879
82.0006
82.223
82.4561
82.7008
82.9582
83.2297
83.5166
83.8202
84.1424
84.4846
84.8482
85.2343
85.6437
86.0759
86.5304
87.0051
87.4978
88.0054
88.5251
89.0535
89.5881
90.1267
90.6666
91.2065
91.7445
92.2795
92.8107
93.3367
93.857
94.3711
94.8786
95.3787
95.8712
96.3558
96.8323
97.3003
97.7597
98.2106
98.6522
99.0845
99.5076
99.9212
100.325
100.719
101.103
101.477
101.84
102.193
102.535
102.866
103.186
103.495
103.792
104.077
104.349
104.609
104.855
105.089
105.308
105.513
105.704
105.879
106.038
106.18
106.305
106.413
106.501
106.57
106.618
106.644
106.647
106.627
106.58
106.506
106.404
106.271
106.105
105.904
105.665
105.386
105.064
104.694
104.274
103.797
103.261
102.659
101.983
101.229
100.386
99.4448
98.3952
97.2236
65.2236
68.1178
70.551
72.6002
74.3276
75.7832
77.0067
78.0307
78.8816
79.5813
80.1482
80.5976
80.9429
81.1951
81.3643
81.4593
81.4876
81.4567
81.3731
81.2434
81.0742
80.8721
80.6442
80.3986
80.1437
79.8888
79.6429
79.4138
79.2071
79.0255
78.8687
78.7347
78.6205
78.5231
78.4396
78.3674
78.3046
78.2493
78.2002
78.1562
78.1166
78.0806
78.0478
78.0178
77.9904
77.9653
77.9424
77.9217
77.9032
77.8868
77.8726
77.8607
77.851
77.8437
77.8389
77.8366
77.8369
77.8398
77.8455
77.8538
77.865
77.8788
77.8954
77.9145
77.9361
77.9599
77.9859
78.0136
78.0427
78.0729
78.1037
78.135
78.1668
78.1996
78.2338
78.27
78.3086
78.3501
78.3949
78.4433
78.4954
78.5516
78.6121
78.677
78.7464
78.8206
78.8997
78.9838
79.0731
79.1677
79.2679
79.3737
79.4855
79.6034
79.7278
79.859
79.9972
80.143
80.2969
80.4593
80.6309
80.8125
81.005
81.2094
81.4268
81.6587
81.9066
82.1724
82.4581
82.7659
83.0982
83.4572
83.8451
84.2632
84.7117
85.1896
85.6942
86.2221
86.769
87.3303
87.9021
88.4807
89.0626
89.6458
90.2277
90.8071
91.3823
91.952
92.5158
93.0726
93.6221
94.1635
94.6965
95.2213
95.7369
96.2436
96.7409
97.2286
97.7067
98.1753
98.6337
99.0821
99.5206
99.9485
100.366
100.773
101.169
101.555
101.929
102.292
102.644
102.984
103.312
103.628
103.931
104.222
104.5
104.764
105.015
105.251
105.473
105.679
105.87
106.045
106.202
106.342
106.464
106.566
106.648
106.709
106.748
106.763
106.754
106.719
106.656
106.563
106.439
106.282
106.088
105.857
105.584
105.266
104.901
104.483
104.008
103.472
102.867
102.189
101.428
100.577
99.6255
98.5623
97.3729
66.3673
69.2284
71.6418
73.6819
75.4091
76.8713
78.107
79.1478
80.0194
80.7432
81.3372
81.8164
82.194
82.481
82.6872
82.8214
82.8913
82.904
82.8661
82.7841
82.664
82.5121
82.3347
82.1388
81.9308
81.7178
81.5064
81.302
81.1091
80.93
80.7658
80.6159
80.4793
80.3545
80.2396
80.1333
80.034
79.9407
79.8523
79.7681
79.6873
79.6095
79.5342
79.4611
79.3901
79.3209
79.2535
79.1877
79.1236
79.0612
79.0004
78.9414
78.8841
78.8287
78.7753
78.7238
78.6745
78.6273
78.5823
78.5397
78.4994
78.4614
78.4258
78.3925
78.3615
78.3326
78.3057
78.2805
78.2568
78.2342
78.2123
78.1908
78.17
78.15
78.1315
78.115
78.1011
78.0902
78.0828
78.0792
78.0797
78.0847
78.0943
78.1089
78.1286
78.1536
78.1841
78.2202
78.2622
78.3102
78.3643
78.4248
78.4918
78.5658
78.6468
78.7352
78.8314
78.9358
79.049
79.1715
79.3039
79.4472
79.6023
79.7704
79.9528
80.1512
80.3675
80.6041
80.8637
81.1494
81.4647
81.8135
82.1993
82.6249
83.0916
83.5979
84.1402
84.7131
85.3098
85.9237
86.5492
87.1812
87.8161
88.4506
89.0823
89.7097
90.3312
90.9457
91.5522
92.1503
92.7395
93.3191
93.8893
94.4495
94.9993
95.5391
96.0684
96.5873
97.0953
97.5929
98.0795
98.5555
99.0203
99.4743
99.9169
100.348
100.768
101.177
101.574
101.959
102.332
102.693
103.042
103.378
103.701
104.011
104.308
104.59
104.859
105.112
105.351
105.574
105.781
105.972
106.144
106.299
106.435
106.552
106.648
106.722
106.774
106.801
106.804
106.779
106.727
106.644
106.53
106.381
106.195
105.971
105.704
105.391
105.029
104.614
104.141
103.604
102.998
102.316
101.55
100.691
99.7284
98.6509
97.4452
67.4455
70.2703
72.6604
74.688
76.4108
77.8754
79.119
80.172
81.0597
81.8028
82.4188
82.9225
83.3268
83.6427
83.8797
84.0465
84.1507
84.1993
84.1988
84.1552
84.0743
83.9621
83.8241
83.666
83.4934
83.312
83.1264
82.9413
82.7599
82.5848
82.4172
82.2577
82.106
81.9616
81.8237
81.6914
81.5639
81.4406
81.3206
81.2036
81.089
80.9764
80.8656
80.7563
80.6484
80.5416
80.436
80.3315
80.2281
80.1257
80.0244
79.9243
79.8253
79.7276
79.6312
79.5362
79.4427
79.3506
79.2602
79.1714
79.0843
78.999
78.9153
78.8334
78.7532
78.6746
78.5974
78.5215
78.4467
78.3726
78.2991
78.2258
78.1529
78.0807
78.0095
77.94
77.8727
77.808
77.7463
77.6882
77.6339
77.5839
77.5385
77.498
77.4626
77.4326
77.4084
77.39
77.3777
77.3718
77.3726
77.38
77.3946
77.4165
77.446
77.4833
77.5291
77.5835
77.6472
77.7207
77.8049
77.9004
78.0085
78.1303
78.2674
78.4216
78.5954
78.7916
79.0135
79.2656
79.5529
79.8815
80.2576
80.687
81.173
81.7146
82.3062
82.9379
83.5991
84.2801
84.9727
85.6706
86.3694
87.0652
87.756
88.4395
89.1147
89.7803
90.4359
91.0809
91.7149
92.3375
92.9488
93.5483
94.1363
94.7127
95.2773
95.8301
96.3709
96.9001
97.4176
97.9229
98.4166
98.8984
99.368
99.8258
100.271
100.705
101.126
101.534
101.931
102.314
102.684
103.041
103.385
103.715
104.031
104.333
104.62
104.892
105.148
105.388
105.612
105.819
106.008
106.178
106.329
106.46
106.57
106.658
106.722
106.762
106.777
106.764
106.722
106.65
106.544
106.404
106.227
106.009
105.748
105.441
105.083
104.671
104.199
103.662
103.055
102.369
101.597
100.73
99.7575
98.6667
97.4434
68.462
71.2483
73.6124
75.6241
77.3391
78.8024
80.05
81.1114
82.0109
82.769
83.4024
83.926
84.3522
84.6917
84.9541
85.1477
85.2801
85.358
85.3877
85.375
85.3255
85.2446
85.1371
85.0083
84.8628
84.7051
84.5393
84.369
84.1973
84.0262
83.8573
83.6916
83.5293
83.3706
83.2152
83.0629
82.9132
82.7657
82.6201
82.4762
82.3334
82.1917
82.0509
81.9108
81.7712
81.6322
81.4936
81.3554
81.2177
81.0804
80.9435
80.8072
80.6714
80.5362
80.4016
80.2678
80.1347
80.0025
79.8712
79.7408
79.6114
79.4829
79.3555
79.229
79.1035
78.9789
78.855
78.7318
78.6089
78.4863
78.3638
78.2412
78.1185
77.9961
77.8741
77.7532
77.6336
77.5158
77.4003
77.2875
77.1778
77.0715
76.969
76.8707
76.7768
76.6878
76.6039
76.5254
76.4526
76.3859
76.3256
76.2719
76.2252
76.1858
76.154
76.1304
76.1151
76.1087
76.1118
76.125
76.1488
76.1843
76.2326
76.2951
76.3732
76.4691
76.5853
76.7252
76.8931
77.0944
77.3364
77.628
77.9801
78.4042
78.9088
79.4944
80.1512
80.8616
81.6078
82.375
83.1517
83.9306
84.7065
85.4754
86.2351
86.984
87.721
88.4457
89.1569
89.8548
90.5391
91.2099
91.867
92.5107
93.1407
93.7575
94.3608
94.9509
95.5278
96.0916
96.6423
97.1801
97.7049
98.2167
98.7155
99.2015
99.6745
100.135
100.581
101.015
101.435
101.842
102.236
102.615
102.981
103.332
103.669
103.99
104.297
104.588
104.863
105.121
105.363
105.586
105.792
105.978
106.144
106.29
106.415
106.517
106.595
106.648
106.674
106.673
106.643
106.58
106.485
106.354
106.184
105.974
105.72
105.418
105.064
104.655
104.185
103.649
103.04
102.35
101.573
100.699
99.7161
98.6122
97.3723
69.4209
72.1665
74.5024
76.4956
78.2
79.6588
80.907
81.9731
82.8809
83.65
84.2971
84.8364
85.2801
85.6388
85.9218
86.1372
86.2925
86.3942
86.4483
86.4605
86.436
86.3796
86.2961
86.19
86.0652
85.9258
85.7751
85.6165
85.4523
85.2848
85.1155
84.9455
84.7756
84.606
84.4372
84.269
84.1014
83.9343
83.7677
83.6011
83.4348
83.2684
83.102
82.9354
82.7685
82.6015
82.4342
82.2666
82.0987
81.9306
81.7624
81.594
81.4254
81.2568
81.0882
80.9196
80.7512
80.5828
80.4146
80.2466
80.0789
79.9114
79.7441
79.577
79.4101
79.2433
79.0765
78.9096
78.7425
78.5749
78.4068
78.2381
78.0688
77.8992
77.7293
77.5596
77.3904
77.2221
77.055
76.8894
76.7258
76.5644
76.4057
76.2498
76.0972
75.9482
75.8029
75.662
75.5256
75.3941
75.2678
75.1469
75.0321
74.9237
74.822
74.7274
74.6405
74.5617
74.4917
74.4311
74.3807
74.3413
74.3141
74.3006
74.3021
74.3209
74.3597
74.4223
74.5135
74.6397
74.8102
75.0377
75.3401
75.7394
76.2564
76.8965
77.6413
78.4578
79.3153
80.1911
81.0718
81.948
82.8153
83.6695
84.5095
85.3334
86.1413
86.9321
87.7061
88.4637
89.2044
89.9288
90.6372
91.3294
92.0059
92.6671
93.3133
93.9441
94.5603
95.1618
95.7488
96.3216
96.8802
97.4248
97.9552
98.4716
98.9741
99.4626
99.9372
100.398
100.844
101.276
101.694
102.097
102.486
102.86
103.218
103.561
103.889
104.2
104.494
104.771
105.031
105.273
105.495
105.698
105.881
106.043
106.182
106.299
106.391
106.457
106.497
106.508
106.489
106.437
106.352
106.23
106.07
105.867
105.619
105.323
104.974
104.569
104.1
103.565
102.955
102.263
101.481
100.599
99.6068
98.4895
97.2334
70.3256
73.0293
75.335
77.3074
78.9986
80.4502
81.6961
82.7639
83.6766
84.4535
85.1107
85.6621
86.1197
86.4937
86.7932
87.0262
87.2
87.3208
87.3946
87.4266
87.4219
87.385
87.3202
87.2317
87.123
86.9976
86.8587
86.7089
86.5508
86.3862
86.2167
86.0436
85.8677
85.6898
85.5101
85.3291
85.1469
84.9637
84.7793
84.5939
84.4075
84.22
84.0316
83.8421
83.6516
83.46
83.2675
83.074
82.8796
82.6843
82.4881
82.2912
82.0934
81.895
81.6958
81.4961
81.2957
81.0948
80.8933
80.6914
80.4889
80.286
80.0825
79.8785
79.6739
79.4687
79.2627
79.0558
78.848
78.6391
78.4291
78.2179
78.0054
77.7919
77.5775
77.3624
77.1468
76.9311
76.7155
76.5003
76.2857
76.0721
75.8597
75.6488
75.4396
75.2324
75.0276
74.8252
74.6257
74.4292
74.2363
74.0471
73.8618
73.681
73.5051
73.3341
73.169
73.0101
72.8578
72.7129
72.5761
72.448
72.3301
72.2235
72.1298
72.0512
71.9902
71.9506
71.9374
71.9579
72.0227
72.1485
72.3614
72.7012
73.2137
73.9175
74.7778
75.7316
76.7269
77.7341
78.7365
79.7256
80.6965
81.6476
82.5774
83.4851
84.3715
85.2364
86.0799
86.9031
87.7059
88.4894
89.2535
89.9994
90.7267
91.4367
92.129
92.8044
93.4635
94.106
94.7327
95.3433
95.9383
96.518
97.0826
97.6318
98.166
98.6852
99.1896
99.6789
100.153
100.612
101.056
101.485
101.898
102.296
102.678
103.043
103.392
103.725
104.04
104.337
104.616
104.876
105.117
105.338
105.538
105.716
105.871
106.003
106.11
106.191
106.244
106.267
106.26
106.221
106.146
106.034
105.883
105.688
105.448
105.158
104.814
104.412
103.947
103.413
102.802
102.108
101.322
100.433
99.4315
98.302
97.0302
71.1794
73.8401
76.1141
78.0639
79.7396
81.1817
82.4227
83.4895
84.4045
85.1862
85.8506
86.4109
86.8791
87.265
87.5776
87.8247
88.0132
88.1493
88.2387
88.2866
88.2975
88.276
88.2259
88.151
88.0547
87.9402
87.8103
87.6674
87.5139
87.3515
87.1818
87.0062
86.8255
86.6407
86.4523
86.2608
86.0664
85.8694
85.6702
85.4687
85.2651
85.0595
84.8519
84.6425
84.4312
84.2182
84.0035
83.7871
83.5692
83.3496
83.1286
82.9061
82.6823
82.457
82.2305
82.0026
81.7735
81.5432
81.3117
81.079
80.8451
80.61
80.3737
80.1361
79.8972
79.657
79.4153
79.172
78.9271
78.6804
78.432
78.1817
77.9296
77.6757
77.4201
77.163
76.9045
76.6449
76.3842
76.1229
75.8609
75.5986
75.3361
75.0736
74.8113
74.5495
74.2881
74.0274
73.768
73.5094
73.2522
72.9968
72.7429
72.4913
72.2418
71.995
71.7509
71.5102
71.2732
71.04
70.8118
70.5889
70.3718
70.1623
69.9614
69.7705
69.5927
69.431
69.2901
69.1775
69.1044
69.0908
69.1722
69.4121
69.8954
70.6631
71.6545
72.7622
73.9089
75.0567
76.1885
77.2967
78.3779
79.431
80.4555
81.4524
82.4222
83.3655
84.2834
85.1766
86.0458
86.8923
87.7168
88.5194
89.3017
90.0638
90.806
91.5295
92.2345
92.921
93.59
94.2414
94.8759
95.4934
96.0945
96.6789
97.2473
97.7992
98.3354
98.8554
99.3594
99.8476
100.319
100.775
101.215
101.638
102.044
102.434
102.806
103.161
103.498
103.816
104.116
104.396
104.656
104.896
105.114
105.309
105.481
105.629
105.752
105.847
105.914
105.952
105.958
105.93
105.867
105.766
105.624
105.438
105.206
104.923
104.585
104.188
103.726
103.193
102.582
101.887
101.097
100.202
99.1917
98.0506
96.7629
71.9851
74.6023
76.8432
78.7689
80.4275
81.8579
83.0919
84.1554
85.0701
85.8542
86.523
87.0897
87.5656
87.9607
88.2834
88.5414
88.7415
88.8897
88.9915
89.0518
89.0752
89.0656
89.027
88.9628
88.8761
88.77
88.6469
88.5093
88.3592
88.1984
88.0284
87.8505
87.6659
87.4753
87.2794
87.079
86.8743
86.6657
86.4537
86.2383
86.0199
85.7985
85.5742
85.3473
85.1178
84.8859
84.6515
84.4148
84.1759
83.9348
83.6915
83.4462
83.1988
82.9495
82.6983
82.4451
82.1901
81.9332
81.6745
81.4139
81.1516
80.8873
80.6212
80.3531
80.083
79.8109
79.5367
79.2603
78.9815
78.7004
78.4169
78.1308
77.8423
77.5513
77.2579
76.9621
76.6641
76.364
76.0619
75.7579
75.4522
75.1449
74.8361
74.5259
74.2144
73.9017
73.588
73.2732
72.9578
72.6414
72.3243
72.0065
71.6882
71.3698
71.0507
70.7315
70.4124
70.0931
69.774
69.4557
69.1378
68.8213
68.5061
68.1934
67.8835
67.5783
67.2791
66.9892
66.7124
66.4562
66.2326
66.0639
65.9971
66.1222
66.565
67.3842
68.4893
69.7311
71.0108
72.2842
73.5326
74.7496
75.9327
77.0816
78.1967
79.2791
80.3298
81.3503
82.3415
83.3048
84.2412
85.1518
86.0376
86.8993
87.7379
88.5541
89.3487
90.1221
90.8748
91.6079
92.3216
93.0162
93.6919
94.3496
94.9893
95.6113
96.2155
96.8026
97.3725
97.9251
98.4609
98.9795
99.4812
99.9659
100.433
100.883
101.316
101.731
102.128
102.507
102.867
103.208
103.529
103.83
104.111
104.37
104.607
104.821
105.011
105.176
105.315
105.426
105.508
105.56
105.58
105.565
105.514
105.424
105.293
105.117
104.893
104.618
104.286
103.894
103.436
102.906
102.296
101.6
100.807
99.9071
98.8883
97.7363
96.4342
72.7457
75.3185
77.5256
79.4259
81.0657
82.4828
83.7079
84.7662
85.6786
86.4628
87.1339
87.7045
88.1859
88.5875
88.9178
89.1842
89.3933
89.5509
89.6623
89.7324
89.7654
89.7652
89.7355
89.6795
89.6003
89.5005
89.3826
89.2489
89.1013
88.9414
88.7709
88.591
88.4028
88.2072
88.005
87.7968
87.5833
87.3648
87.1416
86.9142
86.6828
86.4475
86.2086
85.9663
85.7208
85.472
85.2201
84.9653
84.7077
84.4472
84.184
83.9182
83.6497
83.3787
83.1052
82.8292
82.5507
82.2698
81.9864
81.7006
81.4124
81.1217
80.8284
80.5327
80.2343
79.9332
79.6294
79.3227
79.0132
78.7006
78.385
78.0663
77.7445
77.4195
77.0914
76.7602
76.4259
76.0886
75.7484
75.4053
75.0594
74.7107
74.3594
74.0053
73.6486
73.2893
72.9274
72.5629
72.1958
71.8261
71.4537
71.0787
70.701
70.3205
69.9373
69.5511
69.1621
68.7701
68.375
67.9769
67.576
67.1718
66.7646
66.3547
65.943
65.5295
65.116
64.7051
64.3
63.9084
63.5441
63.2338
63.0373
63.0706
63.4871
64.3445
65.5242
66.8546
68.225
69.5871
70.9223
72.2219
73.4844
74.71
75.8984
77.0516
78.1713
79.258
80.3136
81.3393
82.3364
83.3062
84.2492
85.1665
86.0591
86.9277
87.7731
88.596
89.3969
90.1765
90.9352
91.6735
92.3919
93.0906
93.7702
94.4308
95.0727
95.6961
96.3012
96.8879
97.4569
98.0078
98.5407
99.0556
99.5522
100.031
100.491
100.933
101.356
101.76
102.144
102.509
102.853
103.177
103.479
103.759
104.016
104.25
104.459
104.642
104.798
104.926
105.024
105.091
105.126
105.125
105.087
105.009
104.889
104.724
104.509
104.242
103.918
103.532
103.079
102.552
101.944
101.247
100.452
99.5476
98.5218
97.3589
96.043
73.4633
75.9915
78.1642
80.0379
81.6578
83.0601
84.2746
85.3259
86.2342
87.0168
87.6881
88.2607
88.7454
89.1515
89.4872
89.7598
89.9756
90.1404
90.2593
90.3369
90.3773
90.3843
90.3615
90.3118
90.2382
90.1432
90.0292
89.8983
89.7523
89.593
89.4217
89.2398
89.0484
88.8484
88.6406
88.4257
88.2044
87.9771
87.7443
87.5063
87.2635
87.016
86.7642
86.5083
86.2484
85.9846
85.7172
85.4462
85.1718
84.894
84.6128
84.3285
84.041
83.7504
83.4568
83.1601
82.8604
82.5577
82.252
81.9433
81.6315
81.3168
80.9989
80.6779
80.3538
80.0263
79.6956
79.3614
79.0238
78.6826
78.3377
77.9892
77.6369
77.2808
76.9209
76.5572
76.1897
75.8184
75.4432
75.0643
74.6815
74.295
73.9046
73.5103
73.1122
72.71
72.3041
71.894
71.4799
71.0611
70.6383
70.2109
69.7789
69.3421
68.8998
68.4527
68.0001
67.5418
67.0776
66.6071
66.1301
65.6465
65.156
64.6585
64.1542
63.6437
63.1279
62.6095
62.0917
61.5832
61.0999
60.6757
60.3844
60.3639
60.779
61.6684
62.8909
64.2675
65.6877
67.1027
68.4911
69.844
71.1597
72.4367
73.6768
74.8802
76.0495
77.1851
78.2895
79.3629
80.4072
81.424
82.4133
83.377
84.3151
85.2288
86.1187
86.9859
87.8302
88.6525
89.4532
90.2332
90.9921
91.7306
92.449
93.1476
93.8267
94.4864
95.127
95.7488
96.3514
96.9351
97.5
98.0461
98.5732
99.0811
99.5701
100.04
100.49
100.92
101.33
101.72
102.088
102.435
102.76
103.062
103.341
103.595
103.823
104.026
104.2
104.346
104.461
104.545
104.594
104.608
104.584
104.52
104.412
104.258
104.054
103.796
103.48
103.101
102.653
102.13
101.525
100.829
100.032
99.1243
98.0923
96.9201
95.5913
74.1402
76.6235
78.7612
80.6077
82.2064
83.5928
84.7955
85.8383
86.7409
87.5201
88.1901
88.7629
89.2492
89.658
89.9973
90.2742
90.4949
90.665
90.7894
90.8726
90.9187
90.9312
90.9135
90.8686
90.7992
90.7077
90.5966
90.4676
90.3226
90.1633
89.9911
89.8072
89.6128
89.4088
89.196
88.9752
88.7471
88.5121
88.2707
88.0233
87.7704
87.5122
87.2489
86.9808
86.7081
86.431
86.1496
85.8641
85.5746
85.2811
84.9839
84.6829
84.3782
84.0699
83.758
83.4426
83.1237
82.8012
82.4752
82.1457
81.8126
81.476
81.1357
80.7918
80.4442
80.0928
79.7375
79.3782
79.015
78.6476
78.2761
77.9003
77.5201
77.1356
76.7466
76.3532
75.9552
75.5527
75.1456
74.7338
74.3173
73.8961
73.47
73.039
72.6032
72.162
71.7155
71.264
70.8065
70.3437
69.8749
69.3997
68.9183
68.4299
67.9349
67.4325
66.9221
66.404
65.8774
65.3418
64.7965
64.2418
63.677
63.1018
62.5161
61.9204
61.3156
60.7043
60.0906
59.4853
58.9072
58.3979
58.0449
58.0047
58.4398
59.3614
60.6084
62.0053
63.4481
64.8885
66.305
67.6878
69.0346
70.3437
71.6157
72.8512
74.0526
75.2209
76.3568
77.463
78.5396
79.5888
80.6111
81.6072
82.5787
83.5256
84.4495
85.3501
86.2287
87.0851
87.9205
88.7344
89.5277
90.3009
91.0536
91.7863
92.4995
93.1928
93.8666
94.5212
95.1561
95.7716
96.3678
96.9447
97.502
98.0396
98.5574
99.0553
99.5329
99.9901
100.426
100.842
101.235
101.606
101.954
102.279
102.58
102.855
103.105
103.327
103.521
103.685
103.819
103.919
103.985
104.015
104.006
103.955
103.86
103.718
103.526
103.278
102.971
102.6
102.159
101.641
101.039
100.345
99.5476
98.6368
97.5996
96.4191
95.0775
74.7782
77.2167
79.3189
81.1374
82.7144
84.0838
85.2735
86.3065
87.2021
87.9766
88.6437
89.2152
89.7015
90.1115
90.4528
90.7325
90.9565
91.1303
91.2587
91.346
91.3962
91.4128
91.3989
91.3575
91.2911
91.2022
91.0929
90.9652
90.8207
90.6611
90.4878
90.3019
90.1047
89.897
89.6797
89.4537
89.2194
88.9775
88.7285
88.4729
88.2109
87.943
87.6695
87.3905
87.1064
86.8173
86.5234
86.2249
85.9218
85.6143
85.3024
84.9864
84.6662
84.3418
84.0135
83.681
83.3446
83.0042
82.6597
82.3113
81.9589
81.6023
81.2417
80.8769
80.5079
80.1346
79.7569
79.3748
78.9882
78.597
78.201
77.8003
77.3947
76.9842
76.5686
76.1479
75.7221
75.291
74.8546
74.4128
73.9655
73.5125
73.0539
72.5893
72.1187
71.6422
71.1591
70.6694
70.1729
69.6697
69.1589
68.6404
68.1144
67.5796
67.0366
66.484
65.9222
65.3499
64.7674
64.1733
63.5678
62.9496
62.3191
61.6755
61.0182
60.3486
59.6676
58.9773
58.2847
57.6009
56.9491
56.3783
55.9911
55.957
56.428
57.3825
58.6451
60.0483
61.497
62.9459
64.3739
65.7713
67.1338
68.4601
69.7503
71.0051
72.2258
73.4137
74.5701
75.6965
76.7935
77.8634
78.9068
79.9245
80.9176
81.8864
82.8325
83.7561
84.6575
85.5378
86.3973
87.2358
88.0544
88.8531
89.6317
90.3911
91.1308
91.8515
92.5526
93.2348
93.8974
94.541
95.165
95.7695
96.3546
96.9196
97.4648
97.9896
98.4937
98.9772
99.4392
99.8795
100.298
100.693
101.065
101.413
101.736
102.033
102.304
102.547
102.761
102.945
103.097
103.215
103.299
103.344
103.351
103.315
103.234
103.105
102.925
102.688
102.391
102.029
101.595
101.083
100.485
99.7936
98.9979
98.0855
97.0434
95.8555
94.5029
75.379
77.7726
79.8393
81.6294
83.1837
84.5353
85.711
86.7332
87.6207
88.3892
89.0522
89.6213
90.1063
90.5161
90.8581
91.1392
91.3652
91.5414
91.6724
91.7626
91.8157
91.8351
91.8239
91.7849
91.7207
91.6335
91.5254
91.3984
91.254
91.0938
90.9192
90.7313
90.5314
90.3203
90.0989
89.868
89.6283
89.3802
89.1244
88.8613
88.5914
88.3149
88.0322
87.7435
87.4491
87.1492
86.8441
86.5337
86.2184
85.8982
85.5732
85.2435
84.9092
84.5704
84.227
83.8792
83.5269
83.1701
82.8089
82.4433
82.0731
81.6985
81.3193
80.9355
80.547
80.1537
79.7557
79.3527
78.9447
78.5317
78.1135
77.69
77.2611
76.8268
76.3868
75.9413
75.4899
75.0327
74.5695
74.1002
73.6246
73.1427
72.6542
72.159
71.6569
71.1477
70.6311
70.107
69.575
69.0351
68.4864
67.9288
67.3619
66.7854
66.1986
65.6015
64.9928
64.3723
63.7398
63.0938
62.434
61.7605
61.0717
60.3677
59.649
58.9152
58.1689
57.4126
56.6544
55.9068
55.1987
54.5869
54.1868
54.1785
54.696
55.6837
56.9572
58.3598
59.8062
61.2537
62.6828
64.0837
65.4525
66.7861
68.0848
69.3492
70.5803
71.7792
72.9472
74.0855
75.1953
76.2782
77.3344
78.3648
79.3712
80.3541
81.3141
82.252
83.1683
84.0635
84.9382
85.7928
86.6276
87.4425
88.2386
89.0156
89.7737
90.5128
91.2335
91.9354
92.6184
93.2828
93.9284
94.5546
95.1618
95.7495
96.3172
96.8651
97.3923
97.8989
98.384
98.8475
99.2885
99.7067
100.101
100.471
100.816
101.135
101.427
101.69
101.924
102.127
102.298
102.435
102.536
102.599
102.621
102.601
102.535
102.419
102.251
102.027
101.74
101.388
100.962
100.457
99.8647
99.1765
98.3819
97.4688
96.4234
95.2291
93.8665
75.9438
78.2929
80.3238
82.0852
83.6164
84.9494
86.1103
87.1209
87.9992
88.7607
89.4186
89.984
90.4667
90.8752
91.2168
91.4981
91.7249
91.9024
92.035
92.127
92.182
92.2032
92.1938
92.1565
92.0936
92.0075
91.9
91.7731
91.6285
91.4674
91.2914
91.1016
90.8991
90.6849
90.4598
90.2245
89.9797
89.7261
89.4642
89.1945
88.9173
88.6331
88.3421
88.0447
87.7411
87.4315
87.1162
86.7953
86.4689
86.1372
85.8003
85.4583
85.1112
84.7592
84.4022
84.0403
83.6736
83.302
82.9256
82.5443
82.158
81.7669
81.3707
80.9696
80.5633
80.1519
79.7352
79.3132
78.8857
78.4528
78.0142
77.5698
77.1196
76.6635
76.2013
75.7329
75.2582
74.7771
74.2893
73.7948
73.2935
72.785
72.2693
71.7461
71.2152
70.6764
70.1294
69.5739
69.0092
68.4357
67.8526
67.2595
66.656
66.0416
65.4157
64.7779
64.1274
63.4636
62.786
62.0942
61.3867
60.6634
59.9236
59.1672
58.3942
57.606
56.8036
55.9917
55.1793
54.3811
53.63
52.9926
52.5977
52.6305
53.2006
54.2214
55.5032
56.9023
58.3406
59.7818
61.2058
62.6044
63.9714
65.3057
66.6071
67.8748
69.1101
70.3145
71.4881
72.6326
73.7489
74.8389
75.9023
76.9408
77.9551
78.946
79.9148
80.8613
81.7863
82.6906
83.5746
84.4387
85.2833
86.1088
86.9153
87.7031
88.4724
89.2234
89.956
90.6704
91.3666
92.0444
92.7036
93.3446
93.9668
94.57
95.154
95.7185
96.2628
96.7869
97.2901
97.7719
98.2315
98.6685
99.0821
99.4713
99.8355
100.173
100.484
100.767
101.019
101.241
101.43
101.584
101.702
101.782
101.82
101.815
101.764
101.662
101.508
101.295
101.02
100.677
100.261
99.7633
99.1769
98.4931
97.7009
96.7874
95.7396
94.5398
93.1671
76.474
78.779
80.774
82.5064
84.014
85.3279
86.4733
87.4713
88.3398
89.0935
89.7453
90.3062
90.7855
91.1917
91.5319
91.8126
92.0393
92.217
92.3504
92.4432
92.4992
92.5216
92.5132
92.4768
92.4146
92.329
92.2217
92.0947
91.9494
91.7874
91.6099
91.4182
91.2132
90.996
90.7674
90.5282
90.2789
90.0203
89.7529
89.4771
89.1935
88.9023
88.6039
88.2986
87.9867
87.6684
87.3439
87.0134
86.677
86.335
85.9873
85.6341
85.2754
84.9114
84.5421
84.1675
83.7877
83.4026
83.0123
82.6167
82.2158
81.8096
81.398
80.981
80.5585
80.1305
79.6968
79.2574
78.8121
78.3609
77.9037
77.4403
76.9706
76.4945
76.0119
75.5226
75.0265
74.5234
74.0132
73.4957
72.9707
72.438
71.8973
71.3486
70.7914
70.2256
69.6505
69.0665
68.4724
67.8686
67.2543
66.629
65.9919
65.3433
64.6821
64.0079
63.3198
62.6168
61.8992
61.1658
60.4159
59.6488
58.8642
58.0619
57.2421
56.4059
55.5559
54.6972
53.8394
53.001
52.2193
51.5692
51.1942
51.2796
51.9065
52.9583
54.2471
55.6404
57.0697
58.5002
59.9162
61.3077
62.6695
64.0006
65.2992
66.5663
67.8015
69.0068
70.1819
71.329
72.448
73.541
74.6079
75.6506
76.6689
77.6642
78.6375
79.5887
80.5191
81.4286
82.3179
83.1875
84.0383
84.8696
85.6822
86.4764
87.2522
88.0103
88.75
89.4717
90.1754
90.8612
91.5289
92.1784
92.8096
93.4222
94.016
94.5906
95.1458
95.6811
96.196
96.6899
97.1622
97.6123
98.0395
98.4427
98.8212
99.1738
99.4995
99.7971
100.065
100.302
100.506
100.676
100.809
100.904
100.957
100.967
100.929
100.841
100.699
100.498
100.234
99.9014
99.4939
99.0041
98.4241
97.7451
96.9553
96.0432
94.9929
93.7883
92.4072
76.9705
79.2317
81.1911
82.8942
84.3779
85.6722
86.8015
87.7865
88.6443
89.3895
90.0344
90.5899
91.0651
91.4682
91.8062
92.0853
92.3111
92.4884
92.6217
92.7147
92.771
92.7938
92.7858
92.7497
92.6878
92.6022
92.4948
92.3673
92.2213
92.0581
91.8792
91.6855
91.4782
91.2583
91.0264
90.7835
90.5302
90.267
89.9947
89.7135
89.424
89.1265
88.8215
88.5091
88.1897
87.8635
87.5308
87.1916
86.8462
86.4947
86.1373
85.774
85.4048
85.03
84.6495
84.2633
83.8716
83.4742
83.0712
82.6626
82.2484
81.8284
81.4028
80.9714
80.534
80.0908
79.6416
79.1863
78.7247
78.2569
77.7826
77.3017
76.8142
76.3198
75.8185
75.3101
74.7943
74.2712
73.7404
73.2017
72.6551
72.1002
71.5368
70.9645
70.3834
69.7927
69.1926
68.5821
67.9612
67.3299
66.6868
66.0324
65.3652
64.6856
63.9926
63.285
62.5631
61.8254
61.072
60.3018
59.5141
58.7078
57.8836
57.0409
56.1803
55.3025
54.4117
53.5134
52.6185
51.7482
50.9447
50.2938
49.9513
50.0983
50.783
51.8646
53.1586
54.5455
55.964
57.3839
58.7893
60.1714
61.5252
62.8499
64.1438
65.4069
66.6397
67.8421
69.0163
70.1626
71.2814
72.3746
73.4427
74.4859
75.5061
76.5034
77.4782
78.4319
79.3642
80.2766
81.1685
82.0414
82.8947
83.7295
84.5454
85.343
86.1227
86.8842
87.628
88.3538
89.0617
89.7521
90.4244
91.0786
91.7147
92.3328
92.932
93.5123
94.0734
94.6149
95.1365
95.6373
96.1169
96.5746
97.0096
97.4212
97.8084
98.1703
98.5055
98.813
99.0913
99.3389
99.5541
99.735
99.8796
99.9855
100.05
100.071
100.045
99.9678
99.8363
99.6459
99.3918
99.068
98.6684
98.1857
97.6116
96.9371
96.1501
95.2381
94.1861
92.977
91.5877
77.4343
79.652
81.5758
83.2497
84.7093
85.9835
87.0963
88.0676
88.9142
89.6502
90.2876
90.8371
91.3075
91.7068
92.0419
92.3188
92.543
92.7192
92.8517
92.9442
93.0003
93.0229
93.0149
92.9787
92.9167
92.8308
92.7229
92.5947
92.4478
92.2834
92.1029
91.9074
91.6979
91.4754
91.2406
90.9944
90.7373
90.4701
90.1932
89.9071
89.6124
89.3093
88.9982
88.6795
88.3533
88.0201
87.6798
87.3329
86.9793
86.6194
86.2531
85.8806
85.502
85.1173
84.7266
84.3299
83.9273
83.5188
83.1043
82.6838
82.2574
81.825
81.3865
80.9419
80.4911
80.034
79.5706
79.1007
78.6243
78.1412
77.6513
77.1544
76.6506
76.1394
75.621
75.095
74.5613
74.0197
73.4701
72.9121
72.3456
71.7704
71.186
70.5926
69.9893
69.3761
68.7525
68.1183
67.473
66.8165
66.1476
65.4662
64.7722
64.0641
63.3418
62.6051
61.8523
61.0837
60.2977
59.4946
58.6726
57.8325
56.9727
56.0945
55.1974
54.2845
53.3587
52.4262
51.5007
50.6057
49.7885
49.1473
48.8485
49.0637
49.8061
50.9148
52.213
53.5929
55.0006
56.4086
57.803
59.1745
60.5195
61.8358
63.1226
64.3797
65.6074
66.8061
67.9768
69.1197
70.2368
71.3282
72.395
73.4377
74.4573
75.4543
76.429
77.3829
78.316
79.229
80.1217
80.9955
81.8502
82.6858
83.5034
84.3028
85.0838
85.8472
86.5925
87.3205
88.0304
88.7229
89.3973
90.0542
90.6927
91.3134
91.9152
92.4986
93.0627
93.6075
94.1321
94.6363
95.1196
95.581
96.02
96.436
96.8276
97.194
97.5341
97.8468
98.1305
98.3837
98.6048
98.7919
98.9428
99.0554
99.127
99.1548
99.1355
99.0657
98.9413
98.7578
98.5101
98.1923
97.7984
97.3207
96.7506
96.0785
95.2929
94.3812
93.3267
92.1116
90.7137
77.8659
80.0407
81.929
83.5735
85.0087
86.2627
87.3587
88.3159
89.1508
89.877
90.5064
91.0492
91.5143
91.9092
92.2408
92.5149
92.737
92.9115
93.0427
93.1343
93.1897
93.2117
93.2032
93.1666
93.1041
93.0176
92.909
92.78
92.632
92.4664
92.2844
92.0871
91.8756
91.6506
91.4131
91.1639
90.9034
90.6325
90.3516
90.0611
89.7616
89.4535
89.137
88.8125
88.4804
88.1407
87.7938
87.4398
87.0789
86.7113
86.337
85.9562
85.569
85.1753
84.7754
84.3693
83.9568
83.5381
83.1132
82.682
82.2445
81.8006
81.3505
80.8938
80.4307
79.961
79.4846
79.0014
78.5113
78.0143
77.5101
76.9987
76.4798
75.9534
75.4192
74.8771
74.3269
73.7685
73.2015
72.6258
72.0411
71.4473
70.8438
70.2308
69.6074
68.9732
68.3285
67.6726
67.005
66.3257
65.6333
64.9277
64.2085
63.475
62.7265
61.9624
61.1821
60.3853
59.5704
58.7372
57.8857
57.0143
56.1233
55.2137
54.2852
53.3405
52.3844
51.4233
50.4728
49.5586
48.7365
48.1138
47.8685
48.1561
48.9541
50.0878
51.3892
52.7624
54.16
55.5559
56.9376
58.2986
59.6333
60.9403
62.2188
63.4692
64.6903
65.8835
67.0492
68.1884
69.3017
70.3899
71.4539
72.4942
73.5117
74.5075
75.4812
76.4334
77.3656
78.2777
79.1703
80.0436
80.898
81.7338
82.5514
83.3508
84.1323
84.8956
85.6416
86.3699
87.0807
87.7735
88.4489
89.1064
89.7458
90.3672
90.9703
91.5544
92.1198
92.6657
93.1915
93.6972
94.1816
94.6446
95.0853
95.5026
95.896
96.2641
96.606
96.9206
97.2063
97.4616
97.6849
97.8742
98.0276
98.1426
98.2167
98.2471
98.2305
98.1632
98.0414
97.8604
97.6149
97.2995
96.9074
96.4309
95.8615
95.1886
94.4015
93.4862
92.4267
91.2041
89.7947
78.2659
80.398
82.2511
83.8664
85.2772
86.5106
87.5894
88.5322
89.3549
90.0709
90.6919
91.2276
91.6867
92.0768
92.4044
92.6753
92.8947
93.0671
93.1967
93.2869
93.3411
93.3623
93.353
93.3156
93.2523
93.1651
93.0557
92.9258
92.7767
92.6098
92.4263
92.2274
92.0138
91.7867
91.5468
91.2947
91.0313
90.757
90.4724
90.1781
89.8744
89.5617
89.2404
88.9108
88.5732
88.2278
87.8748
87.5145
87.147
86.7725
86.391
86.0027
85.6077
85.2061
84.7978
84.383
83.9616
83.5337
83.0993
82.6583
82.2107
81.7565
81.2957
80.8281
80.3537
79.8725
79.3843
78.8889
78.3864
77.8766
77.3594
76.8345
76.3019
75.7615
75.2129
74.6561
74.0908
73.5169
72.9341
72.3421
71.7408
71.1298
70.5088
69.8778
69.2357
68.583
67.919
67.2433
66.5553
65.8542
65.1404
64.4129
63.671
62.9144
62.1422
61.3538
60.5485
59.7258
58.8848
58.0251
57.1459
56.247
55.3283
54.3903
53.4346
52.4626
51.4796
50.4943
49.5227
48.5961
47.7747
47.1802
46.9969
47.3592
48.2106
49.3658
50.6702
52.0367
53.4238
54.8086
56.1784
57.5279
58.8519
60.1497
61.4191
62.6607
63.8752
65.0617
66.2216
67.356
68.4645
69.5485
70.6091
71.646
72.6604
73.6529
74.6246
75.575
76.5051
77.4155
78.3064
79.1782
80.0317
80.8664
81.6828
82.4812
83.2619
84.0248
84.7701
85.4978
86.2081
86.9007
87.5756
88.2328
88.8721
89.493
90.0958
90.68
91.2452
91.7909
92.3169
92.8222
93.3067
93.7697
94.2103
94.6275
95.0209
95.3891
95.731
96.0454
96.3311
96.5863
96.8094
96.9986
97.1517
97.2665
97.3402
97.3701
97.3528
97.2849
97.162
96.9799
96.733
96.4158
96.0212
95.5419
94.969
94.2918
93.4992
92.5763
91.5081
90.2744
88.851
78.6342
80.7243
82.5426
84.1286
85.5148
86.7277
87.789
88.7171
89.5273
90.2328
90.8448
91.373
91.8259
92.2107
92.5339
92.8012
93.0176
93.1875
93.315
93.4035
93.4564
93.4763
93.466
93.4276
93.3635
93.2754
93.1651
93.0341
92.8839
92.7158
92.5309
92.3304
92.1151
91.8859
91.6438
91.3893
91.1231
90.8459
90.5581
90.2602
89.9527
89.636
89.3104
88.9762
88.6338
88.2833
87.9249
87.559
87.1855
86.8048
86.4169
86.0219
85.6199
85.2109
84.7952
84.3725
83.9431
83.5068
83.0638
82.6139
82.1572
81.6936
81.2231
80.7455
80.261
79.7692
79.2702
78.7638
78.2499
77.7284
77.1992
76.6621
76.117
75.5636
75.0019
74.4316
73.8525
73.2644
72.667
72.0601
71.4435
70.8169
70.1798
69.5322
68.8733
68.2035
67.5213
66.8274
66.1209
65.4007
64.6673
63.9197
63.1569
62.3791
61.5853
60.7743
59.9465
59.1007
58.2362
57.3524
56.4483
55.5248
54.5813
53.6184
52.6374
51.6414
50.6357
49.6299
48.642
47.7066
46.8932
46.3356
46.2214
46.6593
47.5602
48.7354
50.0415
51.4022
52.7784
54.1518
55.5107
56.8487
58.1618
59.4496
60.7104
61.9433
63.1499
64.3292
65.4831
66.6115
67.7145
68.794
69.8495
70.8827
71.8933
72.8822
73.8506
74.7981
75.7258
76.6336
77.522
78.3921
79.2431
80.0758
80.8908
81.6876
82.4666
83.228
83.9722
84.6987
85.4075
86.0989
86.7727
87.4287
88.0672
88.6873
89.2891
89.8722
90.4364
90.9811
91.506
92.0105
92.4941
92.956
93.3955
93.8118
94.204
94.5711
94.9118
95.2249
95.5092
95.763
95.9846
96.1722
96.3235
96.4363
96.5079
96.5354
96.5156
96.4449
96.3189
96.1331
95.8822
95.5606
95.1609
94.6756
94.0961
93.4111
92.609
91.6763
90.5949
89.3463
87.905
78.9712
81.0198
82.8032
84.3602
85.722
86.914
87.9577
88.8708
89.6683
90.3629
90.9658
91.4862
91.9324
92.3117
92.6302
92.8935
93.1066
93.2738
93.3989
93.4855
93.5367
93.5552
93.5437
93.5043
93.4391
93.35
93.2387
93.1067
92.9555
92.7862
92.6
92.398
92.1811
91.9502
91.706
91.4493
91.1807
90.9009
90.6102
90.3093
89.9985
89.6782
89.3488
89.0106
88.6639
88.3088
87.9457
87.5747
87.196
86.8097
86.416
86.015
85.6067
85.1912
84.7687
84.339
83.9023
83.4585
83.0077
82.5498
82.0849
81.6127
81.1334
80.6468
80.1529
79.6516
79.1427
78.6262
78.102
77.5699
77.0298
76.4815
75.9249
75.3598
74.786
74.2033
73.6115
73.0103
72.3997
71.7791
71.1485
70.5075
69.8558
69.193
68.5187
67.833
67.1347
66.4237
65.7002
64.9625
64.2108
63.4449
62.6632
61.8662
61.0523
60.2217
59.3733
58.506
57.6202
56.7141
55.7886
54.8429
53.8765
52.8913
51.8885
50.8713
49.8452
48.8222
47.8217
46.8827
46.0837
45.571
45.5317
46.0448
46.9915
48.1837
49.4909
50.8452
52.2126
53.575
54.9225
56.2494
57.5518
58.8294
60.0807
61.3055
62.5039
63.6762
64.8225
65.9444
67.042
68.116
69.1664
70.1948
71.2015
72.1864
73.151
74.0953
75.0192
75.9243
76.8098
77.677
78.5254
79.3561
80.1687
80.9632
81.74
82.4998
83.2416
83.9665
84.6735
85.3634
86.0354
86.6898
87.3265
87.945
88.5451
89.1266
89.6894
90.2326
90.7558
91.2588
91.7409
92.2011
92.6389
93.0534
93.4438
93.8089
94.1478
94.459
94.7411
94.9926
95.2118
95.3967
95.5453
95.6551
95.7235
95.7476
95.724
95.6491
95.5186
95.3279
95.0716
94.7439
94.3375
93.8445
93.2559
92.5611
91.7478
90.8014
89.7056
88.4384
86.976
79.2767
81.2841
83.0333
84.5613
85.8984
87.0697
88.0956
88.9936
89.7781
90.4617
91.0551
91.5674
92.0068
92.3802
92.6938
92.9529
93.1624
93.3266
93.4492
93.5337
93.5831
93.6001
93.5872
93.5466
93.4803
93.3903
93.278
93.145
92.9927
92.8223
92.6349
92.4316
92.2133
91.9808
91.735
91.4764
91.2057
90.9236
90.6305
90.3269
90.0132
89.6898
89.3571
89.0153
88.6648
88.3058
87.9384
87.563
87.1796
86.7884
86.3896
85.9832
85.5693
85.148
84.7194
84.2835
83.8402
83.3897
82.9319
82.4668
81.9943
81.5145
81.0272
80.5325
80.0301
79.5201
79.0023
78.4766
77.943
77.4012
76.8511
76.2927
75.7256
75.1497
74.5649
73.9708
73.3674
72.7544
72.1315
71.4984
70.8549
70.2008
69.5355
68.8589
68.1704
67.4698
66.7567
66.031
65.2913
64.5377
63.7696
62.9864
62.1881
61.3731
60.5411
59.6922
58.8246
57.9382
57.033
56.1073
55.1618
54.1954
53.2089
52.2038
51.1808
50.1449
49.1023
48.0642
47.0546
46.1159
45.3378
44.8782
44.9187
45.5047
46.4929
47.6999
49.0083
50.3564
51.7145
53.0664
54.403
55.719
57.0123
58.2799
59.5218
60.7376
61.9277
63.0923
64.2319
65.3471
66.4384
67.5065
68.552
69.5753
70.5766
71.5575
72.5178
73.4581
74.3788
75.2803
76.1625
77.0265
77.8723
78.7
79.5094
80.3016
81.0763
81.8331
82.573
83.2955
84.0002
84.6879
85.3578
86.0103
86.645
87.2614
87.8598
88.4393
89
89.5411
90.0623
90.5633
91.0431
91.5014
91.937
92.3493
92.7375
93.1003
93.4366
93.7452
94.0246
94.2733
94.4896
94.6713
94.8165
94.9228
94.9873
95.0072
94.9791
94.8993
94.7636
94.567
94.3041
93.9691
93.5547
93.053
92.4545
91.7485
90.9223
89.9613
88.8478
87.5607
86.0748
79.5501
81.5171
83.2321
84.7313
86.0441
87.1945
88.2026
89.0852
89.8567
90.5291
91.1128
91.6168
92.0492
92.4165
92.7249
92.9797
93.1855
93.3465
93.4665
93.5487
93.5962
93.6116
93.5973
93.5555
93.4881
93.397
93.2838
93.1499
92.9967
92.8253
92.6369
92.4325
92.213
91.9792
91.7319
91.4717
91.1992
90.9152
90.62
90.3141
89.9979
89.6719
89.3363
88.9915
88.6377
88.2752
87.9042
87.5249
87.1374
86.7419
86.3386
85.9275
85.5086
85.0822
84.6482
84.2066
83.7576
83.301
82.8369
82.3653
81.8862
81.3994
80.905
80.4028
79.8928
79.375
78.8491
78.3151
77.7729
77.2224
76.6632
76.0954
75.5188
74.9331
74.3382
73.7339
73.1198
72.4959
71.8618
71.2173
70.5621
69.8958
69.218
68.5287
67.8274
67.1135
66.3868
65.6467
64.8927
64.1245
63.3414
62.5428
61.7283
60.8972
60.0489
59.1827
58.2979
57.3941
56.4712
55.5276
54.5634
53.5788
52.5747
51.5511
50.5106
49.4583
48.4001
47.3503
46.3346
45.4012
44.65
44.2509
44.3744
45.0303
46.0565
47.2763
48.584
49.9268
51.2762
52.6187
53.9448
55.2504
56.5335
57.7913
59.0237
60.2315
61.4132
62.57
63.7022
64.8105
65.896
66.958
67.9977
69.0157
70.0125
70.9885
71.9444
72.8804
73.797
74.6947
75.5736
76.4341
77.2765
78.101
78.9077
79.697
80.4687
81.2231
81.9603
82.6801
83.3823
84.0675
84.7352
85.3853
86.0173
86.6316
87.2277
87.805
88.3632
88.9022
89.4213
89.9197
90.3972
90.8531
91.2861
91.696
92.0814
92.4416
92.775
93.0808
93.3571
93.6027
93.8155
93.9937
94.1351
94.2373
94.2975
94.3128
94.2797
94.1945
94.0527
93.8498
93.5798
93.237
92.8141
92.3027
91.6931
90.9749
90.1349
89.1574
88.0254
86.7169
85.2058
79.7912
81.718
83.3993
84.8699
86.1583
87.2879
88.2781
89.1454
89.9036
90.5646
91.1386
91.6343
92.0594
92.4205
92.7237
92.9739
93.1759
93.3337
93.451
93.5309
93.5764
93.5901
93.5744
93.5314
93.463
93.371
93.2569
93.1222
92.9681
92.796
92.6067
92.4014
92.1809
91.946
91.6975
91.436
91.1622
90.8766
90.5796
90.2718
89.9536
89.6254
89.2874
88.94
88.5834
88.218
87.8439
87.4612
87.0702
86.671
86.2637
85.8484
85.4253
84.9943
84.5556
84.1091
83.6549
83.193
82.7233
82.2459
81.7608
81.2678
80.767
80.2582
79.7414
79.2165
78.6833
78.1418
77.5919
77.0333
76.466
75.8897
75.3044
74.7098
74.1057
73.492
72.8683
72.2344
71.5901
70.9351
70.2691
69.5918
68.9029
68.2017
67.4884
66.7624
66.0228
65.2699
64.5028
63.7212
62.9238
62.1112
61.2823
60.4364
59.573
58.6915
57.7911
56.8714
55.9318
54.9717
53.9911
52.99
51.9688
50.9289
49.8728
48.8052
47.7343
46.6752
45.6559
44.7328
44.0155
43.6836
43.8918
44.6137
45.6735
46.9049
48.2121
49.5491
50.8907
52.2229
53.5397
54.8352
56.1084
57.3566
58.5806
59.779
60.9531
62.1021
63.2276
64.3289
65.4072
66.4636
67.4975
68.5104
69.502
70.4731
71.4242
72.3562
73.2686
74.1621
75.0371
75.8943
76.7332
77.5542
78.3576
79.1436
79.9122
80.6637
81.3979
82.1148
82.8146
83.497
84.1621
84.8095
85.4392
86.0509
86.6443
87.2192
87.775
88.3114
88.8279
89.3239
89.7988
90.2517
90.6823
91.0894
91.4721
91.8292
92.1596
92.4621
92.7352
92.9773
93.1864
93.3608
93.4981
93.5959
93.6516
93.6619
93.6235
93.5324
93.3845
93.1745
92.8973
92.546
92.1136
91.592
90.9709
90.2398
89.3845
88.3907
87.2393
85.9073
84.3693
79.9989
81.8862
83.5341
84.9763
86.2404
87.3491
88.3215
89.1734
89.9183
90.5679
91.132
91.6192
92.037
92.3919
92.6897
92.9354
93.1335
93.2881
93.4025
93.4801
93.5237
93.5358
93.5187
93.4746
93.4052
93.3123
93.1975
93.0621
92.9075
92.7347
92.5448
92.3388
92.1176
91.8819
91.6325
91.3701
91.0951
90.8083
90.51
90.2008
89.8809
89.5509
89.2109
88.8614
88.5026
88.1347
87.7579
87.3725
86.9785
86.5761
86.1655
85.7467
85.3198
84.8849
84.442
83.9912
83.5325
83.0659
82.5914
82.1089
81.6185
81.12
80.6135
80.0988
79.5758
79.0446
78.5049
77.9566
77.3997
76.834
76.2593
75.6754
75.0822
74.4795
73.8671
73.2447
72.6122
71.9693
71.3157
70.6511
69.9753
69.2879
68.5885
67.8766
67.1526
66.415
65.6643
64.8993
64.1202
63.3262
62.5162
61.6907
60.8481
59.9887
59.1115
58.2154
57.3007
56.3663
55.4119
54.4363
53.4406
52.4244
51.3882
50.3336
49.2635
48.1824
47.1007
46.0344
45.0151
44.1057
43.4292
43.1712
43.4646
44.2487
45.3377
46.5783
47.8854
49.2167
50.5502
51.874
53.1804
54.4669
55.7305
56.9702
58.1846
59.3751
60.5411
61.6824
62.8006
63.8956
64.9672
66.0174
67.0453
68.0527
69.0389
70.0054
70.9517
71.8791
72.787
73.6768
74.5477
75.401
76.2361
77.0535
77.8538
78.6364
79.4018
80.1504
80.8815
81.5955
82.2926
82.9721
83.6342
84.2789
84.9058
85.515
86.1057
86.6778
87.2309
87.7645
88.2783
88.7715
89.2436
89.6939
90.1215
90.5256
90.9053
91.2593
91.5866
91.8857
92.1553
92.3937
92.5991
92.7694
92.9024
92.9957
93.0464
93.0516
93.0075
92.9104
92.7558
92.5387
92.2536
91.8937
91.4517
90.9191
90.2863
89.5412
88.6705
87.659
86.4863
85.1302
83.5638
80.1722
82.0206
83.6352
85.0493
86.2892
87.3772
88.3317
89.1682
89.8999
90.538
91.0922
91.5709
91.9814
92.33
92.6225
92.8636
93.0579
93.2091
93.3209
93.3962
93.4379
93.4485
93.4301
93.3849
93.3147
93.2212
93.1058
92.9699
92.8148
92.6416
92.4514
92.245
92.0233
91.7872
91.5372
91.2741
90.9984
90.7107
90.4115
90.1012
89.7801
89.4487
89.1073
88.7562
88.3955
88.0257
87.6468
87.2591
86.8626
86.4576
86.0442
85.6224
85.1924
84.7542
84.3078
83.8533
83.3908
82.9201
82.4413
81.9544
81.4593
80.956
80.4444
79.9245
79.3962
78.8593
78.3138
77.7596
77.1964
76.6242
76.0428
75.4521
74.8519
74.2419
73.6219
72.9918
72.3513
71.7001
71.038
70.3647
69.6799
68.9832
68.2742
67.5532
66.8188
66.071
65.3094
64.5341
63.7435
62.9378
62.1167
61.2788
60.4246
59.5523
58.6619
57.7533
56.8249
55.8772
54.9091
53.9198
52.9103
51.8797
50.8299
49.762
48.6787
47.5868
46.4961
45.4242
44.4079
43.5174
42.8884
42.7093
43.087
43.9281
45.0438
46.2923
47.5982
48.924
50.2498
51.5648
52.8626
54.1398
55.3943
56.6249
57.8313
59.0135
60.1716
61.3059
62.4162
63.5043
64.57
65.6139
66.6365
67.6376
68.619
69.5803
70.5221
71.4443
72.3482
73.2336
74.1004
74.9498
75.7809
76.595
77.3917
78.1709
78.9332
79.6781
80.4063
81.1171
81.8112
82.4877
83.1468
83.7888
84.4128
85.0192
85.607
86.1762
86.7267
87.2576
87.7684
88.259
88.7282
89.1754
89.6
90.0013
90.3777
90.7284
91.0523
91.348
91.6141
91.8486
92.05
92.2161
92.3448
92.4333
92.4791
92.4788
92.4289
92.3255
92.1641
91.9396
91.6462
91.2773
90.8254
90.2816
89.6359
88.8766
87.9897
86.9589
85.7646
84.3831
82.7868
80.31
82.1196
83.7015
85.0876
86.3035
87.3709
88.3075
89.1287
89.8471
90.4738
91.0181
91.4883
91.8915
92.2339
92.521
92.7577
92.9482
93.0962
93.2054
93.2785
93.3185
93.3276
93.3081
93.2621
93.1912
93.0972
92.9814
92.8453
92.69
92.5167
92.3263
92.1198
91.8981
91.6617
91.4116
91.1482
90.8722
90.584
90.2842
89.9732
89.6514
89.3191
88.9767
88.6244
88.2624
87.8911
87.5107
87.1211
86.7228
86.3157
85.9001
85.4759
85.0433
84.6023
84.153
83.6955
83.2296
82.7555
82.2731
81.7824
81.2833
80.7759
80.2599
79.7355
79.2024
78.6606
78.1099
77.5503
76.9816
76.4037
75.8164
75.2196
74.613
73.9964
73.3697
72.7326
72.0849
71.4263
70.7565
70.0752
69.3823
68.6772
67.9598
67.2296
66.4861
65.729
64.9579
64.1723
63.3716
62.5555
61.7233
60.8751
60.0092
59.1255
58.2234
57.3029
56.3624
55.4018
54.4213
53.4193
52.3965
51.3539
50.291
49.2111
48.1165
47.0141
45.9159
44.8418
43.8309
42.9643
42.3893
42.2939
42.7539
43.647
44.7857
46.0414
47.3458
48.6661
49.9845
51.2917
52.5807
53.849
55.0945
56.3165
57.5145
58.6893
59.8395
60.9664
62.0702
63.1515
64.2107
65.2484
66.2651
67.2611
68.237
69.1932
70.13
71.048
71.9468
72.8278
73.6909
74.5361
75.3637
76.174
76.9666
77.7425
78.5014
79.2433
79.9678
80.6757
81.3666
82.04
82.6964
83.3354
83.9564
84.5598
85.1446
85.7112
86.2585
86.7867
87.2946
87.7822
88.2484
88.6928
89.1143
89.5123
89.8855
90.2331
90.5535
90.8456
91.1079
91.3386
91.5359
91.6978
91.8219
91.9056
91.9461
91.9403
91.8846
91.7747
91.6062
91.374
91.0722
90.694
90.2317
89.676
89.0173
88.2432
87.3394
86.2892
85.0722
83.6643
82.0355
80.4103
82.1817
83.7312
85.0894
86.2816
87.3284
88.2474
89.0533
89.7585
90.3738
90.9083
91.3701
91.7661
92.1024
92.3843
92.6165
92.8033
92.9484
93.055
93.1262
93.1645
93.1724
93.152
93.1053
93.0341
92.9398
92.8239
92.6878
92.5327
92.3595
92.1693
91.9631
91.7415
91.5053
91.2553
90.9921
90.7161
90.4279
90.128
89.8168
89.4947
89.1619
88.8189
88.466
88.1032
87.731
87.3494
86.9586
86.5589
86.1503
85.733
85.3069
84.8723
84.4292
83.9776
83.5175
83.049
82.5721
82.0866
81.5927
81.0903
80.5793
80.0597
79.5313
78.9941
78.4481
77.893
77.3288
76.7552
76.1723
75.5797
74.9774
74.3652
73.7428
73.11
72.4666
71.8124
71.1471
70.4704
69.7821
69.0817
68.369
67.6436
66.9054
66.1537
65.3881
64.6078
63.8131
63.0033
62.1777
61.3358
60.477
59.6008
58.7067
57.7939
56.8619
55.9102
54.9382
53.9462
52.9327
51.8983
50.8433
49.7691
48.6776
47.5736
46.4626
45.3579
44.283
43.2813
42.4433
41.9298
41.9214
42.4601
43.4007
44.56
45.8204
47.1238
48.4387
49.7507
51.0491
52.3296
53.5899
54.8269
56.0412
57.2311
58.3973
59.5406
60.6602
61.757
62.8317
63.8851
64.9166
65.9274
66.9178
67.8883
68.8398
69.7717
70.6849
71.5796
72.4562
73.3149
74.156
74.9797
75.7861
76.5754
77.3477
78.103
78.8414
79.563
80.2676
80.9552
81.6257
82.2787
82.9146
83.5328
84.1332
84.7153
85.2787
85.8232
86.3484
86.8536
87.3379
87.8012
88.2425
88.6609
89.0557
89.4257
89.7698
90.0868
90.3754
90.6338
90.8606
91.0538
91.2112
91.3307
91.4095
91.4448
91.4333
91.3714
91.2549
91.0793
90.839
90.5285
90.1407
89.6674
89.1001
88.4279
87.638
86.7166
85.646
84.4046
82.9687
81.3068
80.4712
82.2049
83.7222
85.0529
86.2214
87.2479
88.1493
88.94
89.6322
90.2362
90.7611
91.2146
91.6035
91.9338
92.2106
92.4387
92.622
92.7642
92.8685
92.9379
92.9749
92.9818
92.9608
92.9137
92.8423
92.748
92.6324
92.4967
92.3419
92.1693
91.9797
91.774
91.553
91.3175
91.068
90.8053
90.5298
90.242
89.9425
89.6315
89.3095
88.9768
88.6338
88.2806
87.9176
87.5449
87.1627
86.7713
86.3707
85.9612
85.5427
85.1154
84.6793
84.2346
83.7813
83.3193
82.8487
82.3695
81.8817
81.3852
80.8801
80.3662
79.8434
79.3118
78.7712
78.2215
77.6626
77.0944
76.5167
75.9294
75.3323
74.7252
74.108
73.4804
72.8423
72.1934
71.5334
70.8621
70.1792
69.4845
68.7775
68.0579
67.3257
66.5797
65.8206
65.0468
64.259
63.4562
62.6374
61.8031
60.9523
60.0844
59.1983
58.2945
57.3719
56.4298
55.4678
54.4854
53.4822
52.458
51.4122
50.3466
49.2619
48.1605
47.0468
45.9293
44.8202
43.7459
42.7568
41.9534
41.5072
41.5881
42.202
43.185
44.3616
45.6271
46.9277
48.2381
49.5431
50.8338
52.1069
53.3588
54.5876
55.7938
56.9758
58.135
59.2703
60.3834
61.4734
62.542
63.5886
64.6146
65.6196
66.6049
67.5701
68.5159
69.4434
70.3518
71.2419
72.1145
72.9689
73.8059
74.6255
75.4285
76.214
76.9826
77.7343
78.4693
79.1874
79.8891
80.5734
81.2407
81.8909
82.5236
83.1388
83.7361
84.3152
84.8758
85.4174
85.9395
86.4416
86.9231
87.3833
87.8213
88.2367
88.6282
88.9949
89.3357
89.6492
89.934
90.1887
90.4115
90.6004
90.7535
90.8682
90.942
90.9719
90.9547
90.8865
90.7633
90.5803
90.332
90.0124
89.6147
89.1304
88.5503
87.8641
87.0581
86.1184
85.0259
83.7605
82.2945
80.5977
80.4902
82.1865
83.672
84.9754
86.1205
87.1268
88.0109
88.7866
89.4659
90.0588
90.5742
91.0196
91.4016
91.7261
91.9982
92.2222
92.4023
92.5419
92.6443
92.7121
92.7481
92.7543
92.733
92.6859
92.6146
92.5208
92.4057
92.2707
92.1168
91.945
91.7564
91.5517
91.3318
91.0973
90.8488
90.5871
90.3125
90.0256
89.7269
89.4166
89.0953
88.7632
88.4206
88.0677
87.7049
87.3324
86.9502
86.5586
86.1578
85.7478
85.3288
84.9007
84.4639
84.0181
83.5636
83.1003
82.6283
82.1475
81.6579
81.1594
80.6521
80.1359
79.6108
79.0765
78.5331
77.9804
77.4184
76.8468
76.2656
75.6745
75.0735
74.4624
73.8409
73.2089
72.5661
71.9123
71.2472
70.5706
69.8822
69.1817
68.4688
67.7433
67.0043
66.2518
65.4859
64.7052
63.9102
63.0995
62.2735
61.4308
60.5719
59.695
58.8009
57.8876
56.9559
56.0046
55.0326
54.0405
53.0275
51.9927
50.9377
49.8623
48.7681
47.6571
46.5355
45.4111
44.2992
43.2284
42.2554
41.4925
41.1198
41.2905
41.9753
42.996
44.1877
45.4565
46.7557
48.0609
49.3592
50.6431
51.9083
53.1523
54.3731
55.5714
56.7464
57.8982
59.0263
60.1324
61.2163
62.2779
63.3189
64.339
65.3382
66.318
67.2784
68.2191
69.1417
70.0453
70.9313
71.799
72.6496
73.4824
74.2985
75.0971
75.8788
76.6441
77.3923
78.1241
78.8388
79.5367
80.2181
80.8822
81.5292
82.1588
82.7712
83.3654
83.9415
84.499
85.0378
85.5569
86.0559
86.5344
86.9915
87.4266
87.8387
88.2269
88.5903
88.9277
89.2377
89.5188
89.7697
89.9884
90.1732
90.3217
90.4317
90.5004
90.5249
90.5018
90.4273
90.2971
90.1065
89.8499
89.5211
89.1133
88.6176
88.0247
87.3235
86.5009
85.5421
84.4275
83.1353
81.6387
79.9053
80.4644
82.1239
83.5778
84.8542
85.9761
86.9624
87.8293
88.5903
89.2569
89.839
90.3451
90.7827
91.1581
91.4771
91.7446
91.965
92.1422
92.2796
92.3802
92.447
92.4822
92.4882
92.4669
92.4201
92.3495
92.2565
92.1424
92.0085
91.8559
91.6855
91.4983
91.2951
91.0766
90.8436
90.5967
90.3364
90.0632
89.7778
89.4803
89.1714
88.8512
88.5202
88.1786
87.8266
87.4646
87.0927
86.7111
86.3199
85.9194
85.5095
85.0905
84.6624
84.2253
83.7791
83.3241
82.8601
82.3872
81.9053
81.4145
80.9148
80.406
79.8881
79.3611
78.8249
78.2793
77.7242
77.1597
76.5854
76.0013
75.4072
74.803
74.1884
73.5633
72.9274
72.2806
71.6226
70.9531
70.2719
69.5787
68.8731
68.155
67.4237
66.6791
65.9213
65.1489
64.3619
63.5599
62.7424
61.9095
61.0596
60.1927
59.3088
58.4061
57.4848
56.5448
55.5843
54.6041
53.6025
52.5805
51.5366
50.4724
49.3874
48.2846
47.1655
46.0368
44.9074
43.7935
42.7285
41.7754
41.0586
40.7653
41.0259
41.7764
42.8305
44.0358
45.3073
46.604
47.9042
49.196
50.4726
51.7302
52.9664
54.1802
55.371
56.5386
57.6831
58.8049
59.9042
60.9816
62.0375
63.0723
64.0866
65.0807
66.0545
67.0096
67.9458
68.8634
69.7624
70.6438
71.5076
72.3539
73.1826
73.9946
74.7897
75.5677
76.3293
77.0738
77.8022
78.5138
79.2083
79.8864
80.5473
81.1914
81.8179
82.4271
83.0183
83.5913
84.146
84.6815
85.1978
85.6938
86.1692
86.6234
87.0553
87.4642
87.8494
88.2093
88.5431
88.8495
89.1271
89.374
89.5887
89.7692
89.9132
90.0184
90.082
90.101
90.0719
89.9909
89.8538
89.6554
89.3904
89.0523
88.6337
88.1263
87.5202
86.804
85.9642
84.9851
83.8474
82.5282
80.9995
79.2269
80.3904
82.0133
83.436
84.6857
85.7846
86.7513
87.6013
88.3478
89.002
89.5735
90.0707
90.5008
90.87
91.1839
91.4473
91.6644
91.839
91.9745
92.074
92.14
92.175
92.1812
92.1604
92.1144
92.0448
91.9531
91.8405
91.7083
91.5574
91.3889
91.2036
91.0024
90.786
90.555
90.3101
90.0518
89.7807
89.4971
89.2016
88.8944
88.576
88.2466
87.9066
87.5562
87.1955
86.8248
86.4444
86.0542
85.6546
85.2455
84.8271
84.3995
83.9627
83.5168
83.0618
82.5977
82.1246
81.6423
81.151
80.6505
80.1409
79.622
79.0938
78.5561
78.009
77.4523
76.8859
76.3095
75.7232
75.1267
74.5199
73.9025
73.2744
72.6354
71.9852
71.3236
70.6504
69.9652
69.2678
68.5579
67.8352
67.0993
66.3498
65.5863
64.8086
64.016
63.2082
62.3847
61.545
60.6886
59.8149
58.9234
58.0136
57.0854
56.1371
55.1688
54.18
53.1702
52.1398
51.0875
50.0143
48.9217
47.8102
46.6838
45.5492
44.4152
43.3021
42.2445
41.3155
40.6514
40.4419
40.7909
41.6017
42.686
43.9017
45.1752
46.47
47.7651
49.0506
50.3209
51.5712
52.8
54.0063
55.1903
56.3507
57.4882
58.6031
59.6959
60.7669
61.8166
62.846
63.8545
64.843
65.8121
66.762
67.6932
68.6059
69.5006
70.3775
71.2369
72.0785
72.9035
73.7116
74.5028
75.2774
76.0353
76.7763
77.501
78.2093
78.9008
79.5756
80.2332
80.8741
81.4978
82.1036
82.692
83.2622
83.8137
84.3464
84.8594
85.3526
85.8251
86.276
86.705
87.1106
87.4925
87.8492
88.1797
88.4824
88.7563
88.9993
89.2099
89.3862
89.5256
89.626
89.6844
89.6978
89.6626
89.5751
89.4308
89.2244
88.9507
88.6029
88.1736
87.6537
87.0339
86.3021
85.4445
84.4447
83.2822
81.9348
80.3726
78.5599
80.264
81.8508
83.2426
84.4659
85.5422
86.4894
87.3229
88.0552
88.6974
89.2588
89.7475
90.1705
90.5339
90.8431
91.1028
91.3171
91.4897
91.6239
91.7226
91.7884
91.8237
91.8306
91.8108
91.7662
91.6983
91.6084
91.4979
91.3678
91.2192
91.0532
90.8704
90.6718
90.4579
90.2296
89.9873
89.7317
89.4631
89.1821
88.8891
88.5843
88.2683
87.9412
87.6034
87.255
86.8963
86.5276
86.1489
85.7604
85.3622
84.9546
84.5374
84.111
83.6752
83.2301
82.7758
82.3123
81.8395
81.3576
80.8663
80.3658
79.8559
79.3366
78.8079
78.2695
77.7215
77.1638
76.5961
76.0183
75.4304
74.8322
74.2234
73.6039
72.9735
72.332
71.6791
71.0146
70.3383
69.6498
68.9489
68.2353
67.5086
66.7687
66.0145
65.2466
64.4641
63.6666
62.8531
62.0242
61.1789
60.3166
59.4368
58.539
57.6227
56.6871
55.7318
54.7563
53.7601
52.7427
51.704
50.644
49.563
48.4622
47.3435
46.2106
45.0708
43.9341
42.8221
41.775
40.8746
40.2695
40.1479
40.5822
41.4484
42.5586
43.7838
45.0593
46.3505
47.6415
48.9207
50.1843
51.4274
52.6496
53.8487
55.0256
56.179
57.3103
58.4185
59.5048
60.5702
61.6138
62.6368
63.6402
64.6232
65.587
66.5318
67.458
68.3665
69.2566
70.129
70.984
71.8219
72.6428
73.4468
74.2342
75.0054
75.7596
76.4974
77.2187
77.9235
78.6117
79.2828
79.9375
80.5753
81.1958
81.7989
82.3842
82.9514
83.5
84.0295
84.5397
85.0299
85.4993
85.9473
86.3729
86.7757
87.1543
87.5077
87.8346
88.1339
88.404
88.6432
88.8498
89.0216
89.1566
89.252
89.3052
89.3129
89.2717
89.1775
89.0259
88.8115
88.5289
88.171
87.7307
87.1983
86.5644
85.8161
84.9399
83.9187
82.7313
81.3545
79.7575
77.9018
80.0804
81.6313
82.9927
84.1899
85.2439
86.1722
86.9895
87.7081
88.3387
88.8904
89.3711
89.7876
90.1457
90.4508
90.7073
90.9194
91.0906
91.2241
91.3227
91.3889
91.4251
91.4332
91.4152
91.3725
91.3069
91.2195
91.1116
90.9844
90.8389
90.6759
90.4963
90.3009
90.0903
89.8652
89.6263
89.3739
89.1086
88.8308
88.5409
88.2393
87.9262
87.6021
87.2671
86.9215
86.5655
86.1993
85.823
85.4369
85.0409
84.6353
84.2201
83.7954
83.3613
82.9178
82.4648
82.0025
81.5309
81.0498
80.5594
80.0594
79.55
79.031
78.5024
77.964
77.4158
76.8576
76.2894
75.7109
75.1221
74.5227
73.9127
73.2917
72.6596
72.0163
71.3613
70.6946
70.0158
69.3247
68.621
67.9043
67.1743
66.4306
65.6733
64.901
64.1145
63.3122
62.4947
61.661
60.8102
59.9427
59.0575
58.1535
57.2311
56.2894
55.3278
54.3451
53.342
52.3177
51.2719
50.2047
49.1167
48.0089
46.883
45.7444
44.5996
43.4612
42.3526
41.3195
40.4519
39.912
39.881
40.3976
41.3136
42.4464
43.6803
44.9559
46.2449
47.5309
48.8049
50.061
51.2979
52.5131
53.7052
54.8751
56.0223
57.1463
58.2487
59.3287
60.3879
61.4256
62.4434
63.4407
64.4189
65.3774
66.3177
67.239
68.1427
69.0282
69.8962
70.7474
71.581
72.3978
73.1984
73.9819
74.7489
75.4995
76.2341
76.9519
77.6533
78.3382
79.0064
79.6583
80.2928
80.9102
81.5102
82.0925
82.6566
83.2023
83.729
84.2362
84.7233
85.1898
85.6347
86.0574
86.457
86.8323
87.1824
87.506
87.8018
88.0681
88.3034
88.5059
88.6735
88.8038
88.8944
88.9423
88.9443
88.8968
88.7958
88.6368
88.4143
88.1224
87.7547
87.3027
86.7575
86.1091
85.3441
84.4484
83.4049
82.1915
80.7833
79.1499
77.2505
79.8337
81.3492
82.6805
83.852
84.8842
85.794
86.5956
87.3011
87.9207
88.4634
88.9366
89.3472
89.7007
90.0023
90.2564
90.467
90.6374
90.7709
90.8701
90.9375
90.9753
90.9855
90.9698
90.9299
90.8672
90.7831
90.6786
90.555
90.4132
90.254
90.0783
89.8869
89.6803
89.4593
89.2243
88.9759
88.7146
88.4408
88.1548
87.857
87.5477
87.2272
86.8958
86.5537
86.2011
85.8381
85.465
85.0819
84.6889
84.2861
83.8736
83.4514
83.0196
82.5783
82.1275
81.6671
81.1972
80.7178
80.2288
79.7302
79.2219
78.7039
78.1761
77.6384
77.0906
76.5328
75.9647
75.3861
74.7971
74.1973
73.5866
72.9649
72.3319
71.6873
71.031
70.3627
69.6821
68.989
68.2831
67.564
66.8316
66.085
65.3242
64.5488
63.7588
62.9529
62.1315
61.2932
60.438
59.5659
58.6753
57.7667
56.8385
55.8913
54.9232
53.9351
52.9259
51.8946
50.8423
49.7685
48.6733
47.5591
46.4281
45.2838
44.1355
42.9966
41.8931
40.8758
40.0466
39.5779
39.6395
40.2339
41.1946
42.3472
43.5878
44.8644
46.1504
47.4314
48.6995
49.9499
51.18
52.3877
53.5736
54.7368
55.8773
56.9955
58.0915
59.1653
60.2185
61.2509
62.2631
63.2548
64.2278
65.1816
66.1164
67.0334
67.9325
68.8134
69.6774
70.5238
71.3538
72.1665
72.9632
73.7429
74.5066
75.2535
75.9846
76.699
77.3973
78.0789
78.7439
79.3925
80.0239
80.6383
81.2355
81.8147
82.3759
82.9186
83.4425
83.9468
84.4309
84.8943
85.3365
85.7561
86.1525
86.5246
86.8714
87.1915
87.4838
87.7465
87.978
88.1765
88.3397
88.4654
88.5509
88.5935
88.5897
88.536
88.4283
88.2616
88.0308
87.7297
87.3513
86.8876
86.3293
85.6655
84.8833
83.9683
82.9012
81.6609
80.2209
78.5486
76.6049
79.5172
80.9976
82.2992
83.4456
84.4566
85.3484
86.135
86.8279
87.4373
87.9715
88.4382
88.8436
89.1933
89.4922
89.7448
89.9546
90.1252
90.2595
90.3601
90.4295
90.4698
90.4829
90.4705
90.4341
90.3753
90.2953
90.1951
90.0759
89.9386
89.7841
89.6131
89.4265
89.2247
89.0085
88.7784
88.5348
88.2783
88.0092
87.7279
87.4348
87.13
86.8141
86.487
86.1492
85.8007
85.4419
85.0727
84.6934
84.3041
83.9048
83.4957
83.0768
82.6482
82.2099
81.7619
81.3042
80.8369
80.3598
79.873
79.3765
78.8701
78.3538
77.8275
77.2912
76.7447
76.1878
75.6206
75.0427
74.4541
73.8546
73.244
72.6222
71.9889
71.3439
70.6869
70.0177
69.3361
68.6416
67.9342
67.2133
66.4786
65.7304
64.9673
64.1893
63.3961
62.5871
61.762
60.9202
60.0618
59.1852
58.2904
57.3767
56.4444
55.4916
54.5183
53.5248
52.5093
51.4728
50.4139
49.3335
48.2329
47.1124
45.976
44.8281
43.6766
42.5384
41.4411
40.4434
39.6583
39.2667
39.4211
40.0882
41.0891
42.2589
43.5051
44.7815
46.065
47.3412
48.6035
49.8476
51.0711
52.2728
53.452
54.6086
55.7426
56.8544
57.9442
59.0126
60.0599
61.0866
62.0932
63.0801
64.0478
64.9966
65.9269
66.8391
67.733
68.61
69.4696
70.3123
71.1381
71.9468
72.7395
73.5159
74.2755
75.0192
75.7468
76.4577
77.1527
77.8313
78.4931
79.1386
79.7669
80.3784
80.9723
81.5489
82.1071
82.6471
83.1678
83.6694
84.1506
84.6112
85.0501
85.4667
85.8601
86.2291
86.5726
86.8895
87.1782
87.4372
87.6649
87.8592
88.0181
88.1392
88.2198
88.257
88.2475
88.1874
88.0726
87.8983
87.6588
87.3482
86.9592
86.4836
85.9118
85.2325
84.4326
83.4966
82.4057
81.1375
79.6645
77.953
75.9607
79.1226
80.5685
81.841
82.9628
83.9531
84.8277
85.6
86.2813
86.8812
87.408
87.8689
88.2701
88.617
88.9143
89.1662
89.3763
89.548
89.6841
89.7872
89.8596
89.9033
89.9203
89.9121
89.8804
89.8264
89.7513
89.6564
89.5426
89.4108
89.2619
89.0967
88.9157
88.7198
88.5093
88.285
88.0472
87.7963
87.5329
87.2572
86.9695
86.6703
86.3596
86.0378
85.7051
85.3618
85.0078
84.6434
84.2688
83.884
83.4891
83.0843
82.6695
82.2449
81.8103
81.366
80.9118
80.4478
79.9739
79.4902
78.9965
78.4928
77.979
77.455
76.9208
76.3762
75.8212
75.2555
74.6791
74.0918
73.4933
72.8836
72.2624
71.6295
70.9847
70.3277
69.6584
68.9764
68.2813
67.573
66.8512
66.1152
65.3651
64.6004
63.8206
63.0252
62.2139
61.3862
60.5415
59.6795
58.7995
57.901
56.9835
56.0464
55.0892
54.1113
53.1123
52.0923
51.0499
49.9857
48.8998
47.7938
46.6681
45.5264
44.3749
43.2217
42.0847
40.9969
40.0218
39.2865
38.9773
39.224
39.9587
40.995
42.1796
43.4305
44.707
45.9865
47.2585
48.5151
49.753
50.9708
52.1659
53.3386
54.4894
55.617
56.7225
57.8063
58.8686
59.9107
60.9318
61.9329
62.9145
63.877
64.8207
65.7462
66.6537
67.5435
68.416
69.2713
70.1097
70.9314
71.7367
72.5255
73.2981
74.0544
74.7946
75.5186
76.2265
76.9178
77.5932
78.2521
78.8945
79.52
80.1282
80.7194
81.293
81.8482
82.3853
82.9034
83.4018
83.8803
84.338
84.774
85.1877
85.5779
85.9438
86.2842
86.5977
86.883
87.1383
87.3622
87.5524
87.707
87.8235
87.8991
87.9309
87.9155
87.849
87.7271
87.545
87.2969
86.9767
86.5769
86.0888
85.503
84.8079
83.9893
83.0321
81.9166
80.6195
79.1113
77.3587
75.3171
78.6401
80.0521
81.2961
82.3941
83.3647
84.223
84.9819
85.6525
86.2441
86.7646
87.2208
87.6189
87.9641
88.2609
88.5134
88.725
88.8989
89.038
89.1447
89.2213
89.2697
89.2917
89.2889
89.2629
89.2148
89.146
89.0574
88.9501
88.8249
88.6827
88.5242
88.3501
88.1609
87.9573
87.7397
87.5087
87.2646
87.0078
86.7387
86.4576
86.1647
85.8604
85.5448
85.2183
84.8808
84.5328
84.1741
83.8051
83.4258
83.0362
82.6366
82.2268
81.807
81.3772
80.9374
80.4876
80.0278
79.558
79.078
78.5881
78.0878
77.5774
77.0566
76.5254
75.9836
75.4311
74.8678
74.2936
73.7083
73.1117
72.5036
71.8838
71.2521
70.6083
69.9522
69.2834
68.6017
67.9068
67.1984
66.4762
65.7397
64.9889
64.2233
63.4417
62.645
61.832
61.0018
60.1549
59.2904
58.4076
57.5062
56.5854
55.6442
54.6831
53.7012
52.6978
51.6727
50.6256
49.5564
48.4656
47.3541
46.2238
45.0781
43.9237
42.7697
41.6358
40.5585
39.6105
38.9309
38.7085
39.0454
39.8426
40.9094
42.1076
43.3629
44.6377
45.9145
47.1817
48.4326
49.6651
50.8759
52.0653
53.2316
54.376
55.4974
56.5974
57.6751
58.7317
59.768
60.7835
61.7798
62.7561
63.7135
64.6523
65.5734
66.4762
67.3615
68.2295
69.081
69.9152
70.7329
71.5342
72.3192
73.088
73.8411
74.5777
75.2983
76.0028
76.6912
77.3633
78.0191
78.6583
79.2808
79.8863
80.4746
81.0452
81.5978
82.1317
82.647
83.1428
83.6184
84.0732
84.5064
84.9169
85.3043
85.6671
86.0043
86.3145
86.5962
86.848
87.0681
87.2543
87.4046
87.5164
87.5871
87.6135
87.5921
87.5192
87.3901
87.2001
86.9432
86.6129
86.2021
85.7014
85.1014
84.3895
83.5526
82.573
81.4321
80.1051
78.5614
76.7665
74.6724
78.0581
79.4369
80.6532
81.7285
82.6802
83.5233
84.2703
84.9314
85.5158
86.0313
86.4844
86.8808
87.2257
87.5233
87.7777
87.9922
88.1699
88.3134
88.4251
88.5072
88.5616
88.5899
88.594
88.5749
88.5341
88.4727
88.3918
88.2922
88.1749
88.0407
87.8901
87.724
87.5429
87.3472
87.1377
86.9146
86.6784
86.4294
86.168
85.8945
85.6092
85.3123
85.004
84.6846
84.3543
84.0131
83.6613
83.2989
82.926
82.5428
82.1493
81.7455
81.3316
80.9074
80.4731
80.0287
79.574
79.1092
78.6341
78.1486
77.6529
77.1466
76.6299
76.1025
75.5644
75.0154
74.4555
73.8843
73.3018
72.7078
72.1022
71.4846
70.855
70.213
69.5584
68.891
68.2104
67.5165
66.8087
66.087
65.3507
64.6
63.8336
63.0521
62.2541
61.4401
60.6086
59.7602
58.8933
58.0085
57.1041
56.1806
55.2371
54.2728
53.2868
52.2796
51.2505
50.1992
49.1251
48.0299
46.914
45.7797
44.6305
43.4732
42.3193
41.19
40.1261
39.2094
38.5912
38.4592
38.8835
39.737
40.8319
42.0411
43.2993
44.5736
45.8468
47.1085
48.3545
49.581
50.7863
51.9687
53.1294
54.2676
55.3828
56.4768
57.5492
58.5999
59.6306
60.6412
61.6315
62.6032
63.5555
64.4899
65.4058
66.3044
67.1851
68.0492
68.896
69.7261
70.5402
71.3375
72.1187
72.8842
73.6333
74.3664
75.084
75.7851
76.4702
77.1391
77.7921
78.4283
79.0478
79.6503
80.2356
80.8037
81.3534
81.8848
82.3972
82.8901
83.3629
83.8149
84.2452
84.653
85.0373
85.3971
85.7311
86.0381
86.3165
86.5647
86.7809
86.9631
87.1091
87.2163
87.282
87.3029
87.2756
87.1961
87.0599
86.8619
86.5961
86.2558
85.8334
85.3202
84.7053
83.9766
83.1199
82.1185
80.9506
79.5918
78.0123
76.1722
74.0261
77.3625
78.709
79.8988
80.9524
81.8867
82.7161
83.4524
84.1058
84.6848
85.1968
85.6483
86.0447
86.391
86.6913
86.9493
87.1683
87.3513
87.5008
87.6192
87.7084
87.7703
87.8067
87.819
87.8085
87.7765
87.7241
87.6523
87.562
87.454
87.3291
87.1879
87.0312
86.8595
86.6732
86.4729
86.2591
86.032
85.7922
85.5397
85.2752
84.9986
84.7104
84.4107
84.0996
83.7775
83.4444
83.1005
82.7459
82.3806
82.0049
81.6186
81.222
80.815
80.3976
79.9698
79.5317
79.0833
78.6245
78.1552
77.6753
77.185
76.684
76.1723
75.6498
75.1163
74.5717
74.0159
73.4488
72.87
72.2797
71.6773
71.0629
70.4362
69.7968
69.1447
68.4795
67.8009
67.1087
66.4024
65.6818
64.9466
64.1962
63.4309
62.6492
61.8512
61.0364
60.2049
59.3551
58.4871
57.6008
56.6947
55.7692
54.8227
53.8558
52.8669
51.8566
50.8234
49.7684
48.6905
47.5914
46.4717
45.3332
44.1813
43.0225
41.8697
40.7457
39.6978
38.8173
38.2671
38.2282
38.7362
39.6408
40.7598
41.9785
43.2389
44.5117
45.7812
47.0387
48.2792
49.4998
50.699
51.8759
53.0303
54.1623
55.2721
56.3601
57.4267
58.4717
59.4968
60.502
61.4875
62.4535
63.4013
64.3309
65.2425
66.136
67.0127
67.8725
68.715
69.5414
70.3511
71.1449
71.9227
72.6841
73.4301
74.1597
74.8738
75.5716
76.2538
76.9196
77.5691
78.2026
78.8191
79.4191
80.0015
80.5664
81.1136
81.6422
82.1518
82.6422
83.1122
83.5613
83.9888
84.394
84.7753
85.1321
85.463
85.7667
86.0418
86.2865
86.499
86.6772
86.8189
86.9215
86.9822
86.9977
86.9645
86.8784
86.7349
86.5287
86.2538
85.9034
85.4695
84.943
84.3131
83.5673
82.6907
81.6656
80.4706
79.0798
77.4624
75.5767
73.374
76.536
77.8515
79.0162
80.0498
80.9686
81.786
82.5137
83.1611
83.7367
84.2473
84.6992
85.0977
85.4474
85.7523
86.0159
86.2415
86.4318
86.5893
86.7162
86.8145
86.8859
86.9321
86.9545
86.9544
86.9329
86.8912
86.8303
86.7508
86.6538
86.5399
86.4098
86.2641
86.1033
85.928
85.7386
85.5355
85.3191
85.0898
84.8478
84.5936
84.3272
84.049
83.7591
83.4579
83.1453
82.8216
82.487
82.1414
81.785
81.418
81.0402
80.6519
80.253
79.8436
79.4236
78.993
78.5519
78.1002
77.6378
77.1648
76.681
76.1863
75.6807
75.164
74.6362
74.097
73.5464
72.9843
72.4104
71.8245
71.2265
70.6162
69.9933
69.3576
68.7088
68.0467
67.371
66.6814
65.9775
65.259
64.5256
63.7769
63.0124
62.2318
61.4346
60.6203
59.7885
58.9392
58.0707
57.1832
56.276
55.3486
54.401
53.4316
52.4403
51.4274
50.3914
49.3327
48.2521
47.149
46.0254
44.8847
43.7298
42.5704
41.419
40.3034
39.2737
38.4343
37.9581
38.0135
38.6006
39.5509
40.6916
41.9183
43.1802
44.4519
45.7177
46.9703
48.2053
49.42
50.6138
51.7846
52.9328
54.0588
55.1626
56.2446
57.3054
58.3453
59.3649
60.3647
61.345
62.3064
63.2492
64.1739
65.0808
65.9702
66.8425
67.6979
68.5362
69.3585
70.1646
70.9546
71.7287
72.4864
73.2288
73.9553
74.6661
75.3606
76.0396
76.7026
77.3491
77.9795
78.5931
79.1902
79.7701
80.3321
80.8766
81.4024
81.9096
82.397
82.8645
83.3109
83.7359
84.138
84.5166
84.8704
85.1983
85.4989
85.7706
86.0118
86.2206
86.3949
86.5324
86.6304
86.6861
86.6962
86.657
86.5643
86.4134
86.1991
85.915
85.554
85.1084
84.5684
83.9233
83.1599
82.2629
81.2142
79.9906
78.5668
76.909
74.9759
72.7158
75.5578
76.8439
77.9856
79.0013
79.9066
80.7146
81.4359
82.08
82.6545
83.1664
83.6212
84.0242
84.3797
84.6917
84.9634
85.1979
85.3979
85.5656
85.7034
85.813
85.8961
85.9543
85.989
86.0013
85.9925
85.9636
85.9154
85.8489
85.7648
85.6639
85.5466
85.4137
85.2658
85.1031
84.9263
84.7357
84.5317
84.3146
84.0848
83.8424
83.5879
83.3213
83.0429
82.7529
82.4514
82.1386
81.8147
81.4796
81.1336
80.7766
80.4088
80.0302
79.6407
79.2406
78.8296
78.4079
77.9754
77.5321
77.078
76.6129
76.1368
75.6496
75.1513
74.6416
74.1206
73.588
73.0438
72.4878
71.9198
71.3395
70.7469
70.1417
69.5237
68.8926
68.2483
67.5903
66.9184
66.2323
65.5318
64.8163
64.0857
63.3395
62.5773
61.7982
61.0026
60.1897
59.3589
58.5097
57.6416
56.7542
55.8467
54.9186
53.9695
52.9987
52.0057
50.9902
49.9519
48.8913
47.8074
46.7016
45.5753
44.4315
43.2758
42.1158
40.9676
39.8613
38.8537
38.0602
37.6636
37.8136
38.4746
39.4663
40.6254
41.8589
43.1226
44.3914
45.6532
46.9017
48.1312
49.3407
50.5278
51.6925
52.8354
53.9553
55.0531
56.1299
57.1849
58.2192
59.2333
60.2282
61.2033
62.1596
63.0974
64.0173
64.9195
65.8048
66.6727
67.5237
68.3583
69.1766
69.9787
70.7649
71.5352
72.2897
73.0285
73.7516
74.459
75.1503
75.8261
76.486
77.1298
77.7573
78.3683
78.9622
79.5393
80.0989
80.6407
81.1641
81.6683
82.1533
82.6182
83.0619
83.4841
83.8836
84.2593
84.6104
84.9353
85.2328
85.5014
85.7391
85.9443
86.1146
86.2479
86.3414
86.3922
86.3968
86.3516
86.2523
86.094
85.8714
85.5778
85.2066
84.7491
84.1952
83.5344
82.7531
81.8347
80.7614
79.5099
78.0513
76.3529
74.3709
72.0513
74.4019
75.6613
76.7824
77.783
78.6779
79.4794
80.1976
80.8413
81.4179
81.934
82.3949
82.8054
83.1698
83.4918
83.7744
84.0207
84.2332
84.414
84.5654
84.6889
84.7864
84.8592
84.9086
84.936
84.9422
84.9285
84.8955
84.8442
84.7754
84.6895
84.5874
84.4695
84.3364
84.1885
84.0264
83.8503
83.6606
83.4577
83.2419
83.0134
82.7724
82.5193
82.2541
81.9771
81.6885
81.3883
81.0767
80.7539
80.4197
80.0745
79.7181
79.3507
78.9723
78.5829
78.1825
77.7711
77.3487
76.9152
76.4706
76.0148
75.5479
75.0695
74.5798
74.0785
73.5656
73.0409
72.5043
71.9556
71.3946
70.8212
70.2352
69.6363
69.0243
68.399
67.7601
67.1073
66.4404
65.759
65.0627
64.3512
63.6245
62.8814
62.1224
61.3466
60.5531
59.7424
58.9136
58.0654
57.1986
56.3119
55.4049
54.477
53.527
52.5556
51.5617
50.5449
49.505
48.4418
47.3558
46.2478
45.1194
43.9739
42.8167
41.6575
40.5137
39.4181
38.4361
37.6953
37.3828
37.6266
38.3565
39.3846
40.559
41.7989
43.063
44.3294
45.5879
46.8314
48.0554
49.2592
50.4409
51.5995
52.7363
53.8502
54.9427
56.0131
57.0629
58.0916
59.1008
60.0898
61.0597
62.0114
62.9443
63.8593
64.7573
65.6376
66.501
67.3483
68.1787
68.9929
69.7911
70.5739
71.3404
72.0913
72.8267
73.5463
74.2504
74.9392
75.6119
76.2688
76.9096
77.5342
78.1423
78.7337
79.3081
79.8651
80.4042
80.9249
81.4268
81.9092
82.3714
82.8125
83.2321
83.629
84.0021
84.3504
84.6725
84.9668
85.2322
85.4666
85.6682
85.8348
85.9639
86.053
86.0988
86.0981
86.0469
85.9409
85.7753
85.5442
85.2413
84.8594
84.3895
83.8222
83.1452
82.3454
81.4056
80.3066
79.0255
77.5319
75.7915
73.7576
71.3762
73.0366
74.2723
75.3766
76.3658
77.2542
78.0529
78.7718
79.4191
80.0018
80.5259
80.9966
81.4184
81.7954
82.131
82.4282
82.6898
82.9181
83.1154
83.2837
83.4244
83.5393
83.6298
83.6971
83.7424
83.7666
83.7708
83.7559
83.7225
83.6715
83.6034
83.519
83.4186
83.3029
83.1722
83.0271
82.8678
82.6948
82.5084
82.3088
82.0962
81.871
81.6334
81.3836
81.1216
80.8478
80.5621
80.2648
79.956
79.6357
79.3039
78.9609
78.6064
78.2408
77.8639
77.4757
77.0763
76.6655
76.2435
75.81
75.3651
74.9088
74.4408
73.9611
73.4697
72.9663
72.4509
71.9233
71.3833
70.8308
70.2655
69.6874
69.0961
68.4914
67.8731
67.2409
66.5946
65.9338
65.2581
64.5674
63.861
63.1392
62.4008
61.6461
60.8738
60.0839
59.2765
58.4499
57.6048
56.7396
55.8547
54.949
54.0215
53.0727
52.1014
51.1067
50.0893
49.0484
47.9834
46.8959
45.7863
44.6564
43.5098
42.3518
41.1945
40.0564
38.9742
38.0215
37.3384
37.1147
37.4502
38.243
39.3032
40.492
41.7366
43.0006
44.2651
45.5195
46.758
47.9764
49.1743
50.3501
51.5034
52.6335
53.742
54.8285
55.8936
56.9372
57.9609
58.9646
59.9482
60.9134
61.8595
62.788
63.6987
64.5915
65.4677
66.3267
67.1697
67.9959
68.8065
69.6008
70.3793
71.1426
71.89
72.6222
73.3385
74.0393
74.7249
75.3945
76.0483
76.6862
77.3083
77.9136
78.5023
79.074
79.6286
80.1652
80.6834
81.1827
81.6626
82.1223
82.5611
82.9784
83.3726
83.7431
84.0886
84.4079
84.6994
84.9617
85.1928
85.3909
85.5538
85.6789
85.7634
85.8044
85.7983
85.7412
85.6286
85.4555
85.2161
84.9037
84.5111
84.029
83.4473
82.754
81.9349
80.9737
79.8491
78.5369
77.0071
75.2234
73.1371
70.6904
71.4215
72.6384
73.7305
74.7135
75.6002
76.4013
77.126
77.7817
78.3754
78.9123
79.3975
79.8353
80.2294
80.583
80.8991
81.1803
81.4287
81.6465
81.8356
81.9974
82.1336
82.2455
82.3342
82.401
82.4467
82.4723
82.4787
82.4665
82.4365
82.3894
82.3256
82.2457
82.1503
82.0397
81.9144
81.7747
81.621
81.4536
81.2728
81.0788
80.8718
80.6522
80.42
80.1754
79.9187
79.6499
79.3691
79.0765
78.772
78.4559
78.1282
77.7889
77.4379
77.0754
76.7014
76.3158
75.9187
75.5098
75.0894
74.6571
74.2131
73.7572
73.2893
72.8093
72.3172
71.8126
71.2956
70.7658
70.2233
69.6677
69.0989
68.5167
67.9207
67.3108
66.6868
66.0482
65.3948
64.7263
64.0424
63.3429
62.6268
61.8942
61.1445
60.3773
59.5927
58.7891
57.9665
57.1245
56.2629
55.3802
54.4769
53.5513
52.6033
51.6331
50.6389
49.6218
48.58
47.5151
46.4262
45.3157
44.1843
43.0373
41.8807
40.7254
39.5943
38.5279
37.6084
36.9895
36.8582
37.2822
38.1323
39.2214
40.4222
41.6705
42.934
44.1956
45.4457
46.6791
47.8927
49.0847
50.2544
51.4016
52.5263
53.6288
54.7094
55.7687
56.8071
57.8251
58.8233
59.8022
60.7616
61.7031
62.6266
63.5325
64.4211
65.2923
66.1474
66.9861
67.8081
68.6147
69.4055
70.1802
70.9399
71.6841
72.4124
73.1258
73.8234
74.5058
75.1724
75.8236
76.4586
77.0778
77.6804
78.2668
78.8359
79.3876
79.9219
80.4376
80.9345
81.4123
81.8695
82.3059
82.7207
83.1124
83.4804
83.8234
84.14
84.4287
84.6879
84.9159
85.1107
85.2698
85.3909
85.4712
85.5074
85.496
85.433
85.3138
85.1332
84.8854
84.5636
84.1599
83.6653
83.0693
82.3595
81.5213
80.5371
79.3861
78.0427
76.4767
74.6473
72.5068
69.994
69.5061
70.7105
71.7971
72.7802
73.6719
74.4819
75.2187
75.8894
76.5001
77.0559
77.5617
78.0212
78.4381
78.8153
79.1556
79.4615
79.7352
79.9785
80.1932
80.3809
80.5431
80.6808
80.7954
80.888
80.9593
81.0104
81.0421
81.055
81.0499
81.0273
80.9879
80.9321
80.8604
80.7733
80.6711
80.5543
80.4231
80.2778
80.1188
79.9464
79.7606
79.5617
79.35
79.1256
78.8887
78.6393
78.3776
78.1037
77.8177
77.5197
77.2096
76.8877
76.5538
76.208
75.8504
75.4808
75.0993
74.7058
74.3004
73.8829
73.4532
73.0113
72.5571
72.0905
71.6113
71.1195
70.6148
70.0971
69.5663
69.0221
68.4643
67.8928
67.3072
66.7073
66.0929
65.4636
64.8192
64.1594
63.4837
62.7919
62.0835
61.358
60.6152
59.8545
59.0754
58.2774
57.46
56.6227
55.7649
54.8861
53.9856
53.0634
52.1179
51.1491
50.1565
49.1403
48.0993
47.034
45.9457
44.8343
43.7029
42.5563
41.4004
40.2497
39.1264
38.0778
37.1973
36.6484
36.6116
37.1202
38.0226
39.136
40.3476
41.5989
42.8614
44.1206
45.3663
46.5945
47.8024
48.9891
50.1528
51.2939
52.4125
53.5089
54.5835
55.6375
56.6701
57.6825
58.6752
59.6486
60.6033
61.5397
62.4583
63.3593
64.2433
65.1104
65.961
66.7954
67.6138
68.4159
69.2028
69.9742
70.7302
71.4709
72.1962
72.9059
73.6006
74.28
74.9439
75.5918
76.2243
76.8408
77.4408
78.0245
78.5914
79.1407
79.6725
80.1859
80.6807
81.1558
81.611
82.045
82.4574
82.8468
83.2125
83.5528
83.8669
84.1529
84.4094
84.6343
84.8258
84.9814
85.0986
85.1746
85.2061
85.1895
85.1206
84.9949
84.807
84.5509
84.2194
83.8048
83.2978
82.6874
81.9604
81.1026
80.0956
78.9177
77.5424
75.9372
74.0605
71.8638
69.2823
