42.9357
46.2665
48.9763
51.1423
52.8572
54.2012
55.2381
56.0176
56.5783
56.9508
57.1594
57.2237
57.1593
56.979
56.6935
56.3117
55.8409
55.2878
54.6583
53.958
53.1932
52.3711
51.5007
50.5952
49.6734
48.7644
47.9105
47.1715
46.6185
46.3142
46.2819
46.495
46.8959
47.425
48.0345
48.6909
49.3719
50.0633
50.7566
51.4465
52.1299
52.8054
53.4723
54.1301
54.7792
55.4197
56.0519
56.6759
57.2922
57.9009
58.5023
59.0965
59.6837
60.2642
60.8379
61.4052
61.9661
62.5208
63.0694
63.6121
64.149
64.6801
65.2058
65.726
66.2408
66.7505
67.2551
67.7546
68.2493
68.7391
69.2242
69.7046
70.1805
70.6518
71.1187
71.5813
72.0395
72.4935
72.9433
73.389
73.8307
74.2683
74.702
75.1318
75.5578
75.9799
76.3984
76.8131
77.2242
77.6317
78.0356
78.436
78.8329
79.2263
79.6163
80.0029
80.386
80.7658
81.1422
81.515
81.8846
82.2507
82.6134
82.9727
83.3281
83.6802
84.0286
84.3731
84.7139
85.0507
85.3833
85.7119
86.036
86.3557
86.6707
86.9807
87.2858
87.5854
87.8795
88.168
88.4504
88.7266
88.9962
89.2589
89.5146
89.7628
90.0033
90.236
90.4601
90.6757
90.8823
91.0797
91.2677
91.4456
91.6135
91.7709
91.9176
92.0532
92.1776
92.2905
92.3915
92.4805
92.5572
92.6214
92.6729
92.7114
92.7367
92.7487
92.7471
92.7318
92.7026
92.6593
92.6019
92.5301
92.4436
92.3424
92.2263
92.0952
91.9488
91.787
91.6095
91.4162
91.2069
90.9812
90.739
90.4799
90.2037
89.9099
89.5983
89.2684
88.9197
88.5519
88.1643
87.7562
87.327
86.876
86.4023
85.905
85.3833
84.8358
84.261
83.6582
83.0253
82.3606
81.6623
80.9281
80.1554
79.3416
78.4836
77.5776
76.6192
75.6038
74.526
44.2512
47.5372
50.2083
52.3479
54.0481
55.3867
56.4251
57.2112
57.7828
58.1695
58.3949
58.4782
58.4346
58.2769
58.0154
57.6589
57.2147
56.6893
56.0883
55.4175
54.6827
53.8906
53.0502
52.1735
51.2789
50.3942
49.561
48.8375
48.2927
47.985
47.9333
48.1094
48.4587
48.9258
49.4671
50.0519
50.6602
51.2793
51.9017
52.5228
53.14
53.7523
54.3589
54.9597
55.555
56.1447
56.7291
57.3083
57.8824
58.4515
59.0157
59.575
60.1295
60.6791
61.2239
61.764
62.2993
62.83
63.3561
63.8777
64.3947
64.9074
65.4157
65.9198
66.4197
66.9154
67.4071
67.8947
68.3783
68.8581
69.3339
69.806
70.2743
70.7389
71.1998
71.657
72.1107
72.5608
73.0074
73.4505
73.8901
74.3264
74.7593
75.1889
75.6153
76.0384
76.4583
76.875
77.2886
77.699
78.1067
78.511
78.9124
79.3108
79.7065
80.0991
80.4887
80.8754
81.2592
81.64
82.0179
82.3929
82.7649
83.1339
83.4998
83.8625
84.2221
84.5783
84.9312
85.2806
85.6262
85.9682
86.3064
86.6405
86.9701
87.2955
87.6163
87.9322
88.2428
88.5483
88.848
89.142
89.4299
89.7112
89.9859
90.2534
90.5138
90.7664
91.0112
91.2475
91.4755
91.6943
91.904
92.1043
92.2947
92.4749
92.6449
92.8041
92.9523
93.0895
93.215
93.3288
93.4306
93.5203
93.5976
93.6622
93.714
93.7528
93.7783
93.7905
93.789
93.7739
93.7449
93.7018
93.6445
93.5728
93.4865
93.3855
93.2696
93.1387
92.9925
92.8308
92.6534
92.4599
92.2504
92.0243
91.7815
91.5215
91.244
90.9486
90.6348
90.302
89.9499
89.5776
89.1846
88.7701
88.3332
87.873
87.3884
86.8784
86.3412
85.7759
85.1806
84.5535
83.8926
83.1955
82.4597
81.6817
80.8588
79.9864
79.0606
78.0762
77.0263
45.5837
48.8267
51.4627
53.58
55.2691
56.6055
57.6485
58.4445
59.0301
59.4342
59.6798
59.7856
59.7668
59.6358
59.4029
59.0768
58.6647
58.1732
57.6079
56.9744
56.2785
55.5266
54.7273
53.8921
53.0381
52.1917
51.3921
50.6944
50.1627
49.8494
49.7695
49.8959
50.1795
50.5707
51.0304
51.5311
52.0551
52.5912
53.1327
53.6759
54.2185
54.7596
55.2988
55.836
56.3713
56.9046
57.4359
57.9653
58.4927
59.018
59.5409
60.0615
60.5794
61.0947
61.6073
62.1169
62.6237
63.1274
63.6282
64.1259
64.6205
65.1122
65.6009
66.0865
66.5691
67.0487
67.5253
67.999
68.4697
68.9375
69.4023
69.8642
70.3232
70.7793
71.2326
71.6829
72.1304
72.5751
73.0169
73.456
73.8923
74.3258
74.7565
75.1846
75.61
76.0327
76.4527
76.8702
77.2849
77.6974
78.107
78.5144
78.919
79.3214
79.7212
80.1184
80.5135
80.9059
81.2959
81.6837
82.0688
82.4514
82.8315
83.2092
83.5842
83.9564
84.326
84.6927
85.0565
85.4172
85.7748
86.1291
86.48
86.8273
87.1707
87.5102
87.8454
88.1762
88.5024
88.8236
89.1396
89.4501
89.7547
90.0535
90.3458
90.6316
90.9101
91.1815
91.4454
91.7011
91.9487
92.1877
92.4177
92.6386
92.8499
93.0515
93.2428
93.4239
93.5942
93.7537
93.9018
94.0386
94.1636
94.2768
94.3778
94.4664
94.5425
94.6058
94.6561
94.6935
94.7173
94.7278
94.7247
94.7078
94.6768
94.6318
94.5725
94.4987
94.4103
94.3071
94.1888
94.0554
93.9064
93.7418
93.5612
93.3643
93.151
92.9206
92.673
92.4077
92.1242
91.822
91.5004
91.1591
90.797
90.4136
90.0078
89.5787
89.1253
88.6463
88.1404
87.6058
87.0411
86.4442
85.8132
85.1451
84.4374
83.6872
82.8902
82.0425
81.1397
80.1753
79.1432
46.9299
50.1312
52.7355
54.834
56.5152
57.8523
58.9025
59.7112
60.3135
60.7377
61.0064
61.1379
61.1472
61.0466
60.8463
60.555
60.1801
59.728
59.2047
58.6156
57.9666
57.2643
56.5167
55.7349
54.935
54.1413
53.3897
52.7298
52.218
51.8992
51.7847
51.8511
52.0568
52.3596
52.7256
53.131
53.5602
54.0034
54.4549
54.9115
55.3715
55.834
56.2989
56.7659
57.2351
57.7063
58.1793
58.6538
59.1297
59.6065
60.0839
60.5615
61.0391
61.5164
61.993
62.4688
62.9436
63.4172
63.8896
64.3605
64.83
65.2979
65.7642
66.2289
66.6918
67.153
67.6124
68.07
68.5256
68.9794
69.4312
69.8811
70.329
70.7749
71.2188
71.6606
72.1003
72.538
72.9736
73.4071
73.8385
74.2678
74.695
75.1202
75.5433
75.9642
76.3832
76.8
77.215
77.6277
78.0386
78.4475
78.8543
79.2593
79.6623
80.0632
80.4624
80.8594
81.2547
81.6479
82.0393
82.4284
82.8158
83.2008
83.5839
83.9647
84.3431
84.7195
85.0931
85.4642
85.8326
86.1984
86.561
86.9204
87.2764
87.6289
87.9779
88.3226
88.663
88.999
89.3301
89.6561
89.9768
90.2917
90.6007
90.9033
91.1993
91.4884
91.7701
92.0439
92.3101
92.5679
92.8171
93.0573
93.2884
93.5096
93.7213
93.9227
94.1138
94.294
94.4633
94.6215
94.768
94.9031
95.026
95.137
95.2355
95.3216
95.395
95.4554
95.5027
95.5368
95.5574
95.5646
95.5579
95.5373
95.5026
95.4537
95.3903
95.3122
95.2194
95.1114
94.9882
94.8495
94.6949
94.5242
94.3372
94.1333
93.9123
93.6735
93.4168
93.1413
92.8466
92.5321
92.1969
91.8402
91.4612
91.0586
90.6316
90.1787
89.6987
89.1897
88.65
88.0777
87.4703
86.8255
86.1397
85.4099
84.6323
83.8021
82.9143
81.9627
80.9404
48.2851
51.4467
54.0224
56.1048
57.7807
59.1209
60.1808
61.004
61.6253
62.0719
62.366
62.5257
62.5658
62.4984
62.3339
62.0809
61.7471
61.3389
60.8625
60.3236
59.7282
59.0828
58.3955
57.6769
56.9422
56.2133
55.5219
54.9106
54.426
54.1036
53.9522
53.953
54.0735
54.2799
54.5442
54.8464
55.1732
55.5161
55.8706
56.2338
56.6045
56.9821
57.3664
57.7572
58.1545
58.5579
58.9672
59.3817
59.8011
60.2247
60.652
61.0824
61.5153
61.9504
62.3873
62.8255
63.2647
63.7047
64.1453
64.5863
65.0275
65.4687
65.9098
66.3508
66.7914
67.2316
67.6713
68.1104
68.5488
68.9864
69.4232
69.859
70.2938
70.7276
71.1603
71.5918
72.022
72.4511
72.8788
73.3052
73.7302
74.1539
74.5761
74.9969
75.4163
75.8342
76.2507
76.6657
77.0794
77.4915
77.9023
78.3116
78.7193
79.1257
79.5308
79.9344
80.3366
80.7374
81.1365
81.5344
81.9308
82.3255
82.7189
83.1107
83.5007
83.8891
84.2756
84.6604
85.043
85.4238
85.8021
86.1782
86.5517
86.9226
87.2904
87.6551
88.0167
88.3745
88.7284
89.0784
89.4238
89.7646
90.1004
90.4308
90.7555
91.0742
91.3866
91.6923
91.9912
92.2826
92.5662
92.8418
93.1091
93.3677
93.6173
93.8575
94.0882
94.3089
94.5194
94.7193
94.9085
95.0868
95.2538
95.4093
95.5531
95.6849
95.8045
95.9119
96.0067
96.0888
96.1578
96.214
96.2568
96.2861
96.302
96.304
96.2921
96.2661
96.2257
96.1708
96.1012
96.0167
95.917
95.8018
95.671
95.5241
95.3608
95.1807
94.9835
94.7687
94.5358
94.2842
94.0132
93.7224
93.4107
93.0774
92.7215
92.342
91.9377
91.507
91.0489
90.5613
90.0424
89.4901
88.9016
88.2747
87.606
86.8917
86.1279
85.3097
84.4316
83.487
82.4679
49.645
52.7686
55.3179
57.3868
59.0594
60.4046
61.4757
62.3154
62.9571
63.4277
63.749
63.9386
64.0113
63.9792
63.8527
63.6405
63.3504
62.9891
62.5629
62.0779
61.5401
60.9564
60.3348
59.6856
59.0228
58.3658
57.7417
57.1851
56.7324
56.41
56.2235
56.1599
56.1953
56.3043
56.4653
56.6621
56.8838
57.1236
57.3776
57.6436
57.9209
58.2091
58.5081
58.8178
59.1381
59.4688
59.8091
60.1586
60.5165
60.882
61.2543
61.6327
62.0164
62.405
62.7977
63.1941
63.5938
63.9964
64.4015
64.8089
65.2184
65.6296
66.0424
66.4566
66.872
67.2884
67.7058
68.1238
68.5424
68.9615
69.3809
69.8004
70.22
70.6397
71.0592
71.4784
71.8974
72.316
72.7341
73.1517
73.5687
73.9851
74.4008
74.8158
75.2301
75.6436
76.0563
76.4682
76.8792
77.2894
77.6987
78.1072
78.515
78.9218
79.3277
79.7328
80.137
80.5402
80.9426
81.344
81.7443
82.1438
82.5423
82.9397
83.336
83.7311
84.1247
84.5171
84.9081
85.2975
85.6849
86.0707
86.4544
86.8357
87.2148
87.5913
87.9646
88.335
88.7018
89.065
89.4241
89.779
90.1291
90.4745
90.8143
91.1484
91.4767
91.7985
92.1135
92.4216
92.7221
93.0148
93.2996
93.5757
93.8431
94.1013
94.3501
94.5894
94.8184
95.0372
95.2454
95.4428
95.6291
95.804
95.9675
96.1191
96.2587
96.3862
96.5013
96.6037
96.6934
96.7702
96.8339
96.8842
96.921
96.9442
96.9536
96.9489
96.93
96.8967
96.8487
96.7859
96.7079
96.6145
96.5054
96.3803
96.2388
96.0805
95.905
95.7119
95.5005
95.2703
95.0207
94.7509
94.4603
94.1476
93.8122
93.4527
93.068
92.6566
92.2171
91.7474
91.2458
90.7099
90.137
89.5245
88.8688
88.1658
87.4118
86.6013
85.728
84.7857
83.7662
51.0052
54.0921
56.6171
58.674
60.3451
61.6964
62.78
63.6371
64.3003
64.7959
65.1452
65.3657
65.4721
65.4763
65.3889
65.2187
64.9736
64.6605
64.286
63.8563
63.3778
62.8575
62.3032
61.725
61.1353
60.5513
59.9951
59.4936
59.0738
58.754
58.538
58.4168
58.3743
58.3928
58.4562
58.5524
58.6728
58.812
58.9671
59.1366
59.32
59.5174
59.7288
59.9545
60.1944
60.4481
60.7151
60.9948
61.2863
61.5887
61.9011
62.2226
62.5523
62.8895
63.2335
63.5836
63.9393
64.3002
64.6658
65.0356
65.4095
65.7871
66.168
66.5521
66.939
67.3286
67.7205
68.1146
68.5106
68.9085
69.3079
69.7087
70.1108
70.514
70.9181
71.323
71.7286
72.1348
72.5414
72.9484
73.3556
73.7631
74.1706
74.5782
74.9858
75.3934
75.8008
76.2081
76.6152
77.0223
77.4289
77.8354
78.2418
78.6477
79.0533
79.4587
79.8639
80.2687
80.673
81.077
81.4806
81.8838
82.2864
82.6888
83.0903
83.4912
83.8914
84.2907
84.6891
85.0861
85.4822
85.877
86.2702
86.6617
87.0512
87.4386
87.8234
88.2057
88.585
88.961
89.3333
89.7018
90.066
90.4255
90.7801
91.1294
91.4728
91.8103
92.1412
92.4654
92.7822
93.0917
93.3931
93.6864
93.9709
94.2467
94.5131
94.7699
95.017
95.2539
95.4803
95.6962
95.901
96.0946
96.2768
96.4475
96.6062
96.7528
96.8872
97.0091
97.1184
97.2149
97.2982
97.3684
97.4252
97.4684
97.4979
97.5133
97.5146
97.5016
97.4739
97.4313
97.3736
97.3005
97.2116
97.1068
96.9854
96.8473
96.6918
96.5185
96.3269
96.1163
95.886
95.6354
95.3635
95.0694
94.7521
94.4105
94.043
93.6483
93.2249
92.7706
92.2835
91.7613
91.2009
90.5998
89.9538
89.2592
88.5116
87.7051
86.834
85.8903
84.8664
52.3605
55.4119
57.9143
59.9607
61.631
62.9893
64.0859
64.9609
65.6459
66.1668
66.5445
66.7962
66.9363
66.9771
66.9289
66.8007
66.6005
66.3354
66.0121
65.6371
65.217
64.7587
64.2699
63.76
63.2402
62.7249
62.2317
61.7809
61.3917
61.0762
60.837
60.6683
60.56
60.5001
60.4777
60.4838
60.5124
60.5593
60.6224
60.7008
60.7945
60.9037
61.0289
61.1705
61.3286
61.5032
61.694
61.9002
62.1212
62.3561
62.6038
62.8635
63.1343
63.4152
63.7054
64.0044
64.3114
64.6259
64.9473
65.2753
65.6094
65.9492
66.2943
66.6443
66.9991
67.3582
67.7213
68.0882
68.4586
68.8322
69.2087
69.588
69.9698
70.354
70.7402
71.1284
71.5184
71.91
72.303
72.6973
73.0929
73.4894
73.887
74.2855
74.6847
75.0847
75.4853
75.8865
76.2882
76.6905
77.0933
77.4964
77.9
78.3039
78.7083
79.1128
79.5178
79.9229
80.3282
80.734
81.1397
81.5456
81.9518
82.3578
82.7638
83.1697
83.5756
83.981
84.3861
84.7907
85.1946
85.5977
86.0001
86.401
86.8005
87.1985
87.5944
87.9882
88.3795
88.768
89.1531
89.5349
89.9128
90.2865
90.6555
91.0195
91.3781
91.7307
92.0773
92.4173
92.7503
93.0759
93.3939
93.7038
94.0051
94.2979
94.5816
94.8557
95.1202
95.3746
95.6189
95.8525
96.0754
96.2871
96.4876
96.6764
96.8536
97.0188
97.1718
97.3124
97.4404
97.5558
97.6581
97.7472
97.8231
97.8854
97.934
97.9686
97.9892
97.9953
97.9868
97.9634
97.9249
97.8709
97.8011
97.7152
97.6127
97.4933
97.3565
97.2017
97.0283
96.8358
96.6234
96.3902
96.1355
95.8583
95.5573
95.2315
94.8794
94.4995
94.0902
93.6493
93.1746
92.6636
92.1136
91.5212
90.8831
90.1944
89.4505
88.6457
87.7735
86.8267
85.7952
53.7068
56.7233
59.2041
61.2407
62.9109
64.2764
65.3861
66.2788
66.9856
67.5315
67.9371
68.2195
68.3929
68.4695
68.4596
68.3723
68.2156
67.9969
67.723
67.4003
67.0356
66.6355
66.2077
65.7606
65.304
64.8497
64.4115
64.0044
63.6416
63.3312
63.0749
62.8694
62.7086
62.585
62.4913
62.4216
62.3715
62.3382
62.3203
62.3171
62.3291
62.3568
62.4008
62.4619
62.5405
62.6367
62.7507
62.8819
63.0298
63.1939
63.3731
63.5668
63.7739
63.9937
64.2253
64.4682
64.7214
64.9846
65.2571
65.5384
65.8279
66.1254
66.4303
66.7421
67.0606
67.3852
67.7157
68.0517
68.3928
68.7387
69.089
69.4436
69.8022
70.1643
70.5299
70.8987
71.2704
71.6449
72.0219
72.4012
72.7828
73.1665
73.552
73.9393
74.3283
74.7189
75.1109
75.5044
75.8992
76.2951
76.6923
77.0908
77.4903
77.8907
78.2924
78.695
79.0984
79.5029
79.9084
80.3144
80.7215
81.1292
81.5377
81.9467
82.3565
82.7666
83.1774
83.5883
83.9996
84.4108
84.822
85.2332
85.6438
86.0538
86.4629
86.8712
87.2779
87.683
88.086
88.4868
88.885
89.2799
89.6714
90.059
90.4423
90.8209
91.1944
91.5624
91.9244
92.2801
92.629
92.9708
93.3051
93.6315
93.9496
94.2589
94.5595
94.8508
95.1325
95.4043
95.6658
95.9169
96.1574
96.3867
96.605
96.8118
97.0068
97.19
97.3612
97.5199
97.6661
97.7996
97.9203
98.0279
98.1221
98.2028
98.2698
98.3228
98.3618
98.3863
98.3962
98.3911
98.3709
98.3351
98.2834
98.2155
98.1309
98.0292
97.91
97.7724
97.6162
97.4405
97.2447
97.0277
96.7889
96.5271
96.2412
95.9298
95.5916
95.2248
94.8279
94.3985
93.9346
93.4333
92.8918
92.3066
91.6739
90.9892
90.2473
89.4423
88.5674
87.6145
86.574
55.0389
58.0212
60.481
62.5084
64.1784
65.551
66.6734
67.5834
68.3111
68.8812
69.3139
69.6258
69.8313
69.9422
69.969
69.9207
69.8054
69.6304
69.4026
69.1286
68.8147
68.4678
68.0946
67.703
67.3014
66.8993
66.5073
66.1362
65.7954
65.4902
65.222
64.9893
64.7886
64.6155
64.4656
64.3348
64.2205
64.1206
64.0344
63.9616
63.9027
63.8584
63.8296
63.8171
63.8215
63.8435
63.8832
63.9406
64.0156
64.1078
64.2167
64.3415
64.4816
64.6364
64.8051
64.9872
65.1819
65.3889
65.6074
65.8369
66.0771
66.3273
66.5871
66.856
67.1335
67.4193
67.7127
68.0136
68.3213
68.6356
68.956
69.2822
69.6139
69.9508
70.2924
70.6387
70.9891
71.3436
71.7018
72.0636
72.4287
72.7969
73.1681
73.5421
73.9186
74.2977
74.6792
75.063
75.449
75.837
76.2271
76.6191
77.013
77.4087
77.8062
78.2055
78.6062
79.0087
79.4129
79.8185
80.2257
80.6341
81.0441
81.4554
81.8679
82.2815
82.6963
83.1119
83.5287
83.9461
84.364
84.7826
85.2013
85.6201
86.0386
86.4569
86.8741
87.2905
87.7053
88.1182
88.5291
88.9372
89.3423
89.7441
90.1418
90.5351
90.9236
91.307
91.6845
92.056
92.4209
92.7788
93.1293
93.4723
93.807
94.1332
94.4506
94.7588
95.0575
95.3464
95.6252
95.8937
96.1515
96.3984
96.634
96.8583
97.071
97.2719
97.4607
97.6373
97.8012
97.9526
98.0911
98.2165
98.3286
98.4272
98.5121
98.583
98.6397
98.682
98.7097
98.7223
98.7196
98.7013
98.667
98.6163
98.5488
98.464
98.3613
98.2404
98.1003
97.9405
97.7602
97.5585
97.3344
97.087
96.8149
96.5168
96.1913
95.8367
95.4508
95.0319
94.5773
94.0842
93.5498
92.9704
92.3419
91.6593
90.918
90.1113
89.2322
88.2721
87.2206
56.353
59.3014
61.7405
63.7584
65.4279
66.807
67.9413
68.8676
69.6153
70.2083
70.6666
71.0066
71.2423
71.3856
71.4468
71.4349
71.358
71.2234
71.0379
70.8079
70.5398
70.2399
69.9146
69.5708
69.2157
68.857
68.5028
68.161
67.8381
67.538
67.2622
67.0102
66.7804
66.5704
66.3774
66.1993
66.0341
65.881
65.7393
65.6092
65.4911
65.3858
65.2942
65.2172
65.1556
65.1101
65.0813
65.0694
65.0746
65.0969
65.136
65.1917
65.2636
65.3513
65.4543
65.5722
65.7046
65.8509
66.0109
66.184
66.3697
66.5677
66.7773
66.9982
67.2299
67.4717
67.7234
67.9843
68.2541
68.5323
68.8184
69.1121
69.413
69.7206
70.0346
70.3546
70.6804
71.0116
71.3478
71.6889
72.0346
72.3846
72.7387
73.0967
73.4584
73.8236
74.1923
74.5643
74.9393
75.3173
75.6983
76.0822
76.4687
76.858
77.2498
77.6441
78.0409
78.4401
78.8417
79.2455
79.6516
80.0598
80.4702
80.8826
81.297
81.7133
82.1315
82.5513
82.9728
83.3956
83.8199
84.2454
84.6719
85.099
85.5269
85.9549
86.3827
86.8102
87.2369
87.6621
88.0859
88.5074
88.9265
89.3423
89.7548
90.1631
90.567
90.9658
91.3593
91.7468
92.1278
92.5023
92.8693
93.2287
93.5803
93.9233
94.2576
94.5829
94.8987
95.2047
95.5007
95.7864
96.0616
96.3258
96.5789
96.8206
97.0507
97.269
97.4753
97.6693
97.8509
98.0198
98.1758
98.3187
98.4484
98.5645
98.6668
98.7552
98.8293
98.8889
98.9337
98.9635
98.9779
98.9765
98.959
98.9249
98.8739
98.8053
98.7187
98.6135
98.4889
98.3443
98.1788
97.9915
97.7815
97.5475
97.2884
97.0028
96.6889
96.3453
95.9696
95.5601
95.1137
94.6281
94.0995
93.5248
92.8991
92.2182
91.4759
90.6664
89.7814
88.813
87.7505
57.6447
60.5594
62.9777
64.9859
66.6543
68.0389
69.1841
70.1254
70.8915
71.506
71.9881
72.3542
72.618
72.7913
72.8843
72.9058
72.864
72.766
72.6185
72.4279
72.2001
71.9411
71.6569
71.3535
71.0371
70.714
70.3904
70.0722
69.7641
69.4692
69.1892
68.9242
68.6738
68.4368
68.2119
67.9978
67.7937
67.5989
67.4133
67.2371
67.0709
66.9153
66.7713
66.6398
66.5214
66.4172
66.3276
66.2533
66.1946
66.1518
66.125
66.1143
66.1195
66.1405
66.1774
66.2298
66.2977
66.3808
66.4788
66.5915
66.7186
66.8597
67.0144
67.1823
67.3629
67.5557
67.7603
67.9763
68.203
68.4401
68.6871
68.9435
69.2089
69.4828
69.7648
70.0545
70.3516
70.6555
70.9661
71.283
71.6058
71.9343
72.2682
72.6072
72.9511
73.2998
73.653
74.0106
74.3722
74.7382
75.1078
75.4813
75.8587
76.2394
76.6239
77.0116
77.4027
77.7971
78.1948
78.5954
78.9991
79.4058
79.8156
80.2281
80.6433
81.0613
81.4818
81.905
82.3305
82.7584
83.1884
83.6204
84.0543
84.4898
84.9266
85.3644
85.8029
86.2415
86.6801
87.1182
87.5552
87.9906
88.4238
88.8545
89.282
89.7059
90.1254
90.5404
90.9499
91.354
91.7518
92.1427
92.5268
92.9032
93.2718
93.6319
93.9835
94.3258
94.659
94.9823
95.2957
95.5987
95.8911
96.1728
96.4432
96.7023
96.9499
97.1856
97.4092
97.6206
97.8197
98.0059
98.1793
98.3395
98.4864
98.6198
98.7393
98.8448
98.936
99.0126
99.0744
99.1209
99.1519
99.1671
99.1659
99.1481
99.113
99.0602
98.9891
98.8991
98.7895
98.6594
98.5081
98.3347
98.138
97.9169
97.6701
97.3961
97.0933
96.76
96.3938
95.9926
95.5541
95.0747
94.5513
93.9801
93.3569
92.6762
91.9324
91.1193
90.2281
89.2506
88.1751
58.9107
61.7915
64.1887
66.1865
67.8528
69.2418
70.3965
71.3513
72.1343
72.7683
73.2724
73.6624
73.952
74.1527
74.2745
74.3264
74.3161
74.2508
74.1371
73.981
73.7882
73.5645
73.3151
73.0456
72.7611
72.467
72.1682
71.8691
71.5735
71.2841
71.0024
70.7292
70.4647
70.2086
69.9604
69.7196
69.4859
69.259
69.0391
68.8266
68.6219
68.4258
68.2389
68.0623
67.8965
67.7425
67.6009
67.4724
67.3575
67.2565
67.1699
67.0978
67.0407
66.9986
66.9716
66.96
66.9639
66.9832
67.018
67.0683
67.134
67.2148
67.3106
67.4211
67.546
67.6849
67.8374
68.003
68.1814
68.3721
68.5746
68.7885
69.0132
69.2484
69.4935
69.7481
70.0118
70.2842
70.5648
70.8533
71.1493
71.4524
71.7624
72.0789
72.4017
72.7305
73.0651
73.4054
73.7509
74.1019
74.4578
74.8186
75.1842
75.5544
75.9293
76.3086
76.6921
77.08
77.4718
77.8677
78.2677
78.6715
79.0792
79.4905
79.9054
80.3242
80.7462
81.1717
81.6007
82.0328
82.468
82.9061
83.347
83.7904
84.2364
84.684
85.1332
85.5835
86.0345
86.4856
86.9363
87.3861
87.8343
88.2804
88.7237
89.1637
89.5998
90.0312
90.4578
90.8789
91.2939
91.7023
92.1036
92.4975
92.8836
93.2614
93.6304
93.9904
94.3411
94.682
95.013
95.3336
95.6435
95.9427
96.2306
96.5073
96.7722
97.0255
97.2665
97.4954
97.7116
97.9153
98.1058
98.2833
98.4474
98.5978
98.7344
98.8569
98.9649
99.0583
99.1367
99.1998
99.2472
99.2786
99.2935
99.2915
99.2721
99.2347
99.1787
99.1035
99.0084
98.8926
98.7551
98.595
98.4111
98.2024
97.9674
97.7046
97.4123
97.0886
96.7313
96.3382
95.9063
95.4328
94.914
94.3459
93.7241
93.0433
92.2978
91.4799
90.5819
89.5942
88.5057
60.1475
62.994
65.3698
67.3563
69.0195
70.4116
71.5743
72.541
73.3389
73.9906
74.5144
74.9261
75.239
75.4643
75.6122
75.6912
75.709
75.6727
75.5886
75.4625
75.3
75.1063
74.8864
74.645
74.387
74.1165
73.8379
73.5547
73.2699
72.986
72.7045
72.4267
72.1529
71.8836
71.6187
71.3582
71.1023
70.851
70.6046
70.3635
70.1283
69.8997
69.6783
69.4649
69.2602
69.0649
68.8797
68.7052
68.5421
68.3908
68.2518
68.1255
68.0123
67.9126
67.8267
67.7551
67.6981
67.6559
67.6288
67.6171
67.6208
67.6401
67.6749
67.7253
67.791
67.8719
67.9678
68.0784
68.2033
68.3423
68.4949
68.6607
68.8393
69.0303
69.2331
69.4473
69.6725
69.9081
70.1538
70.4091
70.6736
70.947
71.2287
71.5186
71.8163
72.1215
72.434
72.7534
73.0795
73.4122
73.7513
74.0966
74.4479
74.8051
75.1678
75.5362
75.91
76.2891
76.6733
77.0628
77.4572
77.8564
78.2605
78.6692
79.0826
79.5007
79.9231
80.3501
80.7813
81.2169
81.6567
82.1005
82.5483
82.9996
83.4541
83.912
84.3722
84.8345
85.2985
85.7634
86.2286
86.6934
87.1574
87.6198
88.0798
88.5369
88.9902
89.4394
89.8837
90.3227
90.7556
91.1821
91.6016
92.0137
92.4179
92.8138
93.201
93.5791
93.9478
94.3068
94.6555
94.994
95.3219
95.6388
95.9446
96.2388
96.5215
96.7923
97.0508
97.2971
97.5309
97.7517
97.9597
98.1544
98.3355
98.503
98.6565
98.7959
98.9207
99.0307
99.1256
99.2051
99.2687
99.3161
99.3468
99.3605
99.3564
99.3342
99.2931
99.2325
99.1516
99.0496
98.9255
98.7784
98.6071
98.4104
98.1868
97.9346
97.6524
97.338
96.9893
96.6037
96.1781
95.71
95.1953
94.63
94.0094
93.328
92.5795
91.7569
90.8516
89.8539
88.7521
61.3526
64.1644
66.5181
68.4924
70.1511
71.5448
72.7138
73.6906
74.5017
75.1689
75.7104
76.1414
76.475
76.7225
76.8934
76.9964
77.0391
77.0282
76.9699
76.8698
76.7333
76.5651
76.37
76.1523
75.9161
75.6652
75.4033
75.1334
74.8582
74.5798
74.2999
74.0198
73.7403
73.462
73.1853
72.9105
72.638
72.3682
72.1013
71.838
71.5788
71.3242
71.075
70.8318
70.5952
70.366
70.1447
69.932
69.7284
69.5344
69.3506
69.1775
69.0155
68.865
68.7267
68.6009
68.4882
68.3891
68.3039
68.233
68.1769
68.1358
68.11
68.0996
68.1048
68.1256
68.1621
68.2141
68.2815
68.3642
68.462
68.5746
68.7017
68.8428
68.9977
69.1658
69.3467
69.5401
69.7453
69.9621
70.1898
70.4282
70.6768
70.9353
71.2032
71.4803
71.7662
72.0607
72.3636
72.6745
72.9932
73.3194
73.6531
73.994
74.3419
74.6966
75.058
75.426
75.8003
76.1809
76.5675
76.9603
77.359
77.7635
78.1737
78.5895
79.0111
79.4382
79.8707
80.3089
80.7526
81.2013
81.6555
82.1146
82.5781
83.0461
83.5178
83.9928
84.4704
84.95
85.4307
85.9118
86.3928
86.8724
87.3505
87.8257
88.2975
88.7655
89.2287
89.6865
90.1384
90.5841
91.0225
91.4536
91.8766
92.2913
92.6973
93.094
93.4815
93.859
94.2262
94.5831
94.9292
95.2642
95.588
95.9003
96.2009
96.4894
96.7658
97.0296
97.2809
97.5193
97.7445
97.9565
98.1549
98.3394
98.5099
98.6661
98.8076
98.9342
99.0455
99.1413
99.221
99.2843
99.3307
99.3598
99.371
99.3637
99.3373
99.2911
99.2242
99.1358
99.0249
98.8906
98.7315
98.5465
98.3341
98.0924
97.82
97.5145
97.174
96.7954
96.3763
95.9132
95.4021
94.8392
94.2194
93.5367
92.7855
91.9578
91.0444
90.0363
88.9208
62.5235
65.3002
67.6308
69.5919
71.2449
72.6388
73.8125
74.7976
75.6198
76.3005
76.8574
77.3054
77.6575
77.9244
78.1157
78.2399
78.3043
78.3156
78.2797
78.202
78.0877
77.9413
77.7671
77.5692
77.3513
77.1168
76.869
76.6105
76.3438
76.0709
75.7934
75.5128
75.2299
74.9457
74.6608
74.3757
74.0909
73.807
73.5244
73.2436
72.9654
72.6901
72.4185
72.1512
71.8887
71.6316
71.3806
71.1362
70.8988
70.6692
70.4476
70.2347
70.031
69.8369
69.653
69.4797
69.3178
69.1676
69.0297
68.9047
68.793
68.6951
68.6113
68.5422
68.4879
68.4489
68.4253
68.4173
68.4251
68.4487
68.4881
68.5433
68.6142
68.7005
68.802
68.9185
69.0495
69.1947
69.3536
69.5259
69.7111
69.9088
70.1185
70.34
70.5728
70.8166
71.0711
71.3358
71.6107
71.8953
72.1893
72.4926
72.8048
73.1257
73.4551
73.7928
74.1388
74.4926
74.8541
75.2233
75.5998
75.9837
76.3747
76.7728
77.1778
77.5898
78.0087
78.4344
78.8671
79.3066
79.753
80.2061
80.6661
81.1326
81.6054
82.0839
82.5676
83.0561
83.5485
84.0438
84.5415
85.0404
85.5395
86.0383
86.5354
87.0304
87.5224
88.0102
88.4937
88.9717
89.4439
89.9095
90.3679
90.8191
91.2619
91.6965
92.122
92.5382
92.9448
93.3415
93.7278
94.1034
94.4684
94.8221
95.1643
95.4949
95.8137
96.1203
96.4148
96.6965
96.9655
97.2215
97.4643
97.6936
97.9092
98.111
98.2985
98.4715
98.6298
98.7729
98.9007
99.0126
99.1084
99.1876
99.2496
99.2941
99.3204
99.328
99.3161
99.2841
99.231
99.1561
99.0583
98.9365
98.7896
98.6161
98.4145
98.1832
97.9203
97.6236
97.291
96.9194
96.5063
96.0479
95.5403
94.9796
94.3601
93.6767
92.922
92.089
91.1679
90.1492
89.0194
63.6581
66.3993
68.7061
70.6528
72.2989
73.6913
74.8679
75.8596
76.6911
77.3833
77.9535
78.4164
78.7844
79.0684
79.2776
79.4202
79.5036
79.5341
79.5175
79.4592
79.3639
79.236
79.0796
78.8985
78.6961
78.4755
78.2396
77.991
77.732
77.4643
77.1899
76.9098
76.6253
76.3374
76.0468
75.7543
75.4604
75.1658
74.871
74.5767
74.2833
73.9915
73.7018
73.4148
73.1311
72.8512
72.5757
72.305
72.0396
71.7801
71.527
71.2806
71.0416
70.8104
70.5874
70.3733
70.1686
69.9738
69.7895
69.6162
69.4545
69.3048
69.1678
69.0439
68.9336
68.8374
68.7556
68.6887
68.637
68.6009
68.5806
68.5762
68.588
68.6159
68.6599
68.7199
68.7958
68.8873
68.9941
69.116
69.2525
69.4034
69.5682
69.7467
69.9384
70.143
70.3602
70.5896
70.8311
71.084
71.3484
71.6237
71.9098
72.2063
72.5132
72.8299
73.1564
73.4925
73.8378
74.1922
74.5556
74.9276
75.3082
75.6974
76.0948
76.5005
76.9146
77.337
77.7678
78.2071
78.6551
79.1119
79.5771
80.0508
80.5328
81.0224
81.5189
82.022
82.5304
83.0433
83.5595
84.0778
84.5973
85.1167
85.635
86.1515
86.665
87.1748
87.6798
88.1796
88.6734
89.1603
89.6403
90.1125
90.5762
91.0315
91.4775
91.9141
92.3407
92.7573
93.1632
93.5586
93.9426
94.3155
94.6767
95.0262
95.3635
95.6886
96.0013
96.3011
96.5881
96.8621
97.1225
97.3694
97.6024
97.8215
98.0261
98.216
98.391
98.5508
98.695
98.8232
98.935
99.03
99.1077
99.1675
99.2089
99.2312
99.2338
99.2159
99.1766
99.1151
99.0302
98.9209
98.7859
98.6237
98.433
98.2118
97.9584
97.6704
97.3454
96.9808
96.5733
96.1195
95.6157
95.0567
94.4378
93.7527
92.9953
92.1565
91.2275
90.1976
89.0544
64.7551
67.4601
69.7424
71.6737
73.3112
74.7007
75.8788
76.8751
77.714
78.4158
78.9973
79.4729
79.8548
80.1536
80.3783
80.537
80.6368
80.6839
80.6841
80.6424
80.5634
80.4513
80.3101
80.1432
79.954
79.7453
79.5198
79.2799
79.0277
78.7652
78.4938
78.2151
77.9302
77.6401
77.3458
77.0479
76.7473
76.4446
76.1403
75.8352
75.5298
75.2247
74.9203
74.6173
74.3162
74.0175
73.7216
73.4291
73.1404
72.8561
72.5764
72.3019
72.0331
71.7704
71.5143
71.2653
71.0239
70.7906
70.5659
70.3504
70.1447
69.9492
69.7645
69.5911
69.4297
69.2807
69.1447
69.0221
68.9136
68.8196
68.7405
68.6768
68.6288
68.5969
68.5811
68.5818
68.5989
68.6324
68.6823
68.7484
68.8306
68.9286
69.0423
69.1714
69.3155
69.4745
69.648
69.8358
70.0376
70.2529
70.4816
70.7233
70.9777
71.2445
71.5235
71.8144
72.1169
72.4307
72.7556
73.0914
73.4376
73.7944
74.1611
74.538
74.9247
75.3213
75.7278
76.1443
76.5712
77.0083
77.4562
77.9151
78.3848
78.8653
79.3565
79.8578
80.3687
80.8878
81.4142
81.9465
82.4833
83.0234
83.5653
84.1078
84.6496
85.1896
85.7269
86.2602
86.7889
87.3121
87.8291
88.3391
88.8418
89.3361
89.8222
90.2992
90.7669
91.2247
91.6722
92.1095
92.536
92.9513
93.3554
93.748
94.1286
94.4973
94.8538
95.1976
95.529
95.8473
96.1526
96.4445
96.723
96.9876
97.2383
97.4746
97.6965
97.9035
98.0954
98.2719
98.4325
98.577
98.7049
98.8156
98.9089
98.984
99.0404
99.0775
99.0945
99.0907
99.0651
99.0169
98.9449
98.848
98.7248
98.574
98.3939
98.1828
97.9387
97.6592
97.342
96.9841
96.5824
96.1332
95.6325
95.0755
94.457
93.7707
93.0095
92.1653
91.2284
90.1877
89.0299
65.8133
68.4816
70.7384
72.6531
74.2809
75.666
76.8438
77.8432
78.6878
79.3973
79.9882
80.4746
80.8684
81.1798
81.4179
81.5905
81.7044
81.766
81.7805
81.7531
81.6881
81.5897
81.4614
81.3068
81.1288
80.9304
80.7138
80.4816
80.2357
79.9779
79.7099
79.4329
79.1483
78.8571
78.5603
78.2587
77.9531
77.6442
77.3326
77.019
76.7039
76.3879
76.0716
75.7554
75.4399
75.1256
74.8128
74.5021
74.1939
73.8887
73.5867
73.2886
72.9946
72.7052
72.4209
72.1421
71.8693
71.6029
71.3435
71.0915
70.8475
70.6119
70.3853
70.1682
69.9612
69.7648
69.5796
69.4062
69.2452
69.0971
68.9625
68.8421
68.7362
68.6454
68.5701
68.5107
68.4675
68.4407
68.4306
68.4372
68.4606
68.5008
68.5578
68.6315
68.7219
68.8287
68.9519
69.0912
69.2463
69.4172
69.6034
69.8048
70.021
70.2518
70.4969
70.7559
71.0287
71.3149
71.6143
71.9263
72.2509
72.5877
72.9365
73.2968
73.6689
74.0525
74.448
74.8554
75.275
75.7074
76.1529
76.6122
77.0851
77.5722
78.073
78.5869
79.1133
79.6504
80.197
80.7516
81.3119
81.8765
82.4439
83.0121
83.58
84.1461
84.7093
85.2688
85.8231
86.3716
86.9135
87.4482
87.975
88.4934
89.0028
89.5029
89.9931
90.4732
90.9428
91.4016
91.8492
92.2856
92.7102
93.123
93.5236
93.9121
94.288
94.6512
95.0015
95.3386
95.6625
95.9729
96.2695
96.552
96.8204
97.0744
97.3135
97.5377
97.7467
97.9398
98.117
98.2778
98.4218
98.5484
98.6572
98.7477
98.8191
98.8709
98.9023
98.9125
98.9006
98.8656
98.8064
98.7218
98.6105
98.4709
98.3015
98.1004
97.8654
97.5945
97.2849
96.9338
96.5375
96.0929
95.5955
95.0405
94.4223
93.7343
92.9698
92.1201
91.1753
90.1238
88.9519
66.8318
69.4628
71.6935
73.5905
75.2074
76.5866
77.7626
78.7634
79.612
80.3275
80.9261
81.4214
81.8252
82.1474
82.397
82.5814
82.7076
82.7815
82.8084
82.7933
82.7404
82.6536
82.5365
82.3924
82.2242
82.0346
81.8259
81.6005
81.3602
81.1069
80.842
80.5671
80.2833
79.9918
79.6934
79.3892
79.0799
78.7662
78.4489
78.1284
77.8055
77.4807
77.1546
76.8275
76.5
76.1727
75.8458
75.5198
75.1952
74.8723
74.5515
74.2332
73.9179
73.6059
73.2975
72.9933
72.6936
72.3988
72.1095
71.826
71.5489
71.2785
71.0154
70.76
70.513
70.2748
70.0459
69.8271
69.6187
69.4216
69.2362
69.0631
68.9031
68.7566
68.6243
68.5066
68.4042
68.3173
68.2465
68.192
68.1543
68.1335
68.1299
68.1437
68.1749
68.2238
68.2903
68.3743
68.476
68.5951
68.7315
68.8851
69.0557
69.2431
69.447
69.6673
69.9036
70.1556
70.423
70.7054
71.0024
71.3137
71.6389
71.9777
72.33
72.696
73.0756
73.4695
73.8779
74.3018
74.742
75.1993
75.6739
76.1668
76.6774
77.2052
77.7491
78.307
78.8772
79.457
80.0445
80.6371
81.2333
81.8305
82.4277
83.0229
83.6151
84.2027
84.7849
85.3611
85.93
86.4911
87.0439
87.5876
88.1218
88.6461
89.1603
89.6637
90.1561
90.6373
91.1069
91.5648
92.0107
92.4446
92.8659
93.2745
93.6704
94.0532
94.4229
94.7792
95.1219
95.4508
95.7658
96.0665
96.3528
96.6245
96.8812
97.1227
97.3486
97.5587
97.7524
97.9295
98.0896
98.2321
98.3565
98.4623
98.5487
98.6152
98.661
98.6852
98.6869
98.6651
98.6186
98.5464
98.4468
98.3185
98.1596
97.9685
97.7428
97.4802
97.1782
96.8336
96.4432
96.0032
95.5088
94.9557
94.3375
93.6485
92.8808
92.0251
91.0723
90.0093
88.8233
67.8099
70.4034
72.607
74.4854
76.09
77.4621
78.635
79.6357
80.4866
81.2065
81.8112
82.3137
82.7258
83.0571
83.3163
83.5109
83.6475
83.732
83.7696
83.7651
83.7224
83.6457
83.5382
83.4033
83.2435
83.0616
82.8598
82.6404
82.4053
82.1561
81.8944
81.6215
81.3389
81.0474
80.7482
80.4422
80.1301
79.8127
79.4908
79.1649
78.8357
78.5036
78.1693
77.8331
77.4957
77.1573
76.8185
76.4796
76.141
75.8032
75.4663
75.131
74.7974
74.4659
74.137
73.8109
73.4882
73.169
72.8539
72.5433
72.2375
71.9369
71.6421
71.3534
71.0714
70.7966
70.5294
70.2704
70.0201
69.7792
69.5482
69.3277
69.1184
68.9208
68.7356
68.5634
68.4047
68.2603
68.1305
68.016
67.9173
67.8348
67.769
67.7203
67.6892
67.6759
67.6807
67.7039
67.7457
67.8062
67.8856
67.9838
68.1009
68.2369
68.3917
68.5651
68.757
68.9671
69.1949
69.4402
69.7025
69.9813
70.2762
70.5869
70.9131
71.255
71.6129
71.9873
72.3793
72.7899
73.2205
73.6725
74.1469
74.6443
75.1651
75.7085
76.2728
76.8553
77.4528
78.0626
78.6815
79.3067
79.9353
80.5657
81.1956
81.823
82.447
83.066
83.6787
84.2846
84.8825
85.4721
86.0522
86.623
87.1834
87.7335
88.2724
88.8001
89.3165
89.821
90.3136
90.7938
91.2615
91.7167
92.1592
92.5885
93.0047
93.4076
93.7971
94.1728
94.5346
94.8824
95.2159
95.535
95.8396
96.129
96.4033
96.6622
96.9052
97.1321
97.3425
97.536
97.7122
97.8706
98.0106
98.1316
98.2331
98.3143
98.3744
98.4125
98.4278
98.4191
98.3854
98.3253
98.2376
98.1204
97.9721
97.7908
97.5745
97.3203
97.0258
96.6878
96.3031
95.8673
95.3762
94.825
94.2072
93.5164
92.7454
91.8842
90.9234
89.8495
88.6493
68.7475
71.3029
73.4789
75.3377
76.9289
78.2926
79.4609
80.4601
81.312
82.0349
82.644
83.1523
83.5711
83.9099
84.1772
84.3804
84.5259
84.6194
84.6661
84.6706
84.6369
84.5688
84.4696
84.3425
84.1901
84.0149
83.8193
83.6052
83.3746
83.1292
82.8704
82.5997
82.3182
82.0272
81.7276
81.4204
81.1062
80.786
80.4604
80.1301
79.7956
79.4576
79.1164
78.7726
78.4267
78.0791
77.7301
77.3802
77.0297
76.6791
76.3286
75.9785
75.6292
75.2811
74.9344
74.5895
74.2468
73.9066
73.5692
73.235
72.9043
72.5776
72.2552
71.9376
71.6251
71.3182
71.0174
70.7232
70.436
70.1565
69.885
69.6223
69.3688
69.1252
68.8921
68.6701
68.4598
68.2618
68.0767
67.9053
67.748
67.6056
67.4785
67.3675
67.2731
67.196
67.1365
67.0952
67.0727
67.0692
67.0853
67.1213
67.1775
67.2542
67.3515
67.4695
67.6082
67.7675
67.9471
68.1466
68.3655
68.6033
68.8596
69.1338
69.4258
69.7358
70.0641
70.4116
70.7799
71.1707
71.5862
72.0285
72.4994
73.0005
73.5322
74.0935
74.6819
75.2935
75.9241
76.5691
77.2247
77.8872
78.5536
79.2211
79.8874
80.5509
81.2099
81.863
82.509
83.147
83.776
84.3958
85.0055
85.6044
86.1926
86.7695
87.3345
87.8878
88.4289
88.9574
89.4735
89.9767
90.4671
90.9442
91.4083
91.8587
92.2958
92.719
93.1285
93.5239
93.905
94.272
94.6243
94.962
95.2846
95.592
95.8839
96.1603
96.4204
96.6642
96.8913
97.1013
97.2936
97.4678
97.6233
97.7596
97.876
97.9718
98.0462
98.0982
98.127
98.1315
98.1104
98.0626
97.9864
97.8803
97.7426
97.5712
97.3639
97.1181
96.8311
96.4998
96.1205
95.6895
95.2017
94.6521
94.0346
93.3425
92.5677
91.701
90.7321
89.6473
88.4319
69.6443
72.1617
74.3092
76.1475
77.7243
79.0784
80.2408
81.2372
82.0888
82.8132
83.4253
83.938
84.362
84.707
84.981
85.1914
85.3443
85.4455
85.5
85.5122
85.4862
85.4255
85.3335
85.2132
85.0671
84.8978
84.7075
84.4982
84.2717
84.0297
83.7737
83.505
83.2249
82.9345
82.6348
82.3267
82.0111
81.6886
81.3601
81.0261
80.6873
80.3442
79.9973
79.647
79.2939
78.9383
78.5807
78.2214
77.8606
77.499
77.1366
76.7738
76.411
76.0484
75.6864
75.3251
74.9651
74.6066
74.2497
73.895
73.5428
73.1933
72.8468
72.5039
72.1648
71.8299
71.4997
71.1745
70.8549
70.5413
70.2341
69.934
69.6413
69.3567
69.0808
68.814
68.5569
68.3103
68.0746
67.8506
67.6388
67.44
67.2547
67.0838
66.9279
66.7876
66.6638
66.5571
66.4684
66.398
66.3469
66.3157
66.3051
66.3157
66.3479
66.4023
66.4792
66.5785
66.7002
66.8442
67.0098
67.1967
67.4043
67.6321
67.88
68.148
68.437
68.7481
69.0836
69.446
69.8389
70.2656
70.7293
71.2322
71.7758
72.3583
72.976
73.623
74.2928
74.9798
75.6782
76.3838
77.0928
77.8023
78.5096
79.2128
79.9101
80.6002
81.2819
81.9544
82.6168
83.2686
83.9092
84.5382
85.1553
85.7601
86.3524
86.932
87.4984
88.0519
88.5922
89.1191
89.6323
90.1321
90.6181
91.0902
91.5481
91.9921
92.4219
92.8371
93.2379
93.6239
93.9952
94.3514
94.6922
95.0177
95.3274
95.6211
95.8984
96.1592
96.4029
96.6291
96.8375
97.0274
97.1985
97.35
97.4813
97.5916
97.6802
97.746
97.7883
97.8058
97.7973
97.7615
97.6969
97.6019
97.4746
97.313
97.1148
96.8772
96.5978
96.273
95.8994
95.4726
94.988
94.4402
93.8231
93.1296
92.3515
91.4792
90.5017
89.4058
88.176
70.5007
72.9794
75.098
76.9149
78.4764
79.8198
80.9753
81.9677
82.8176
83.5423
84.1562
84.6719
85.1
85.4498
85.7293
85.9455
86.1047
86.2123
86.2734
86.2922
86.2727
86.2184
86.1326
86.0181
85.8776
85.7135
85.5279
85.3228
85.0999
84.8611
84.6076
84.3408
84.062
83.7723
83.4727
83.164
82.8472
82.523
82.1921
81.8551
81.5127
81.1653
80.8135
80.4577
80.0985
79.7361
79.3709
79.0034
78.6338
78.2625
77.8898
77.516
77.1414
76.7662
76.3907
76.0153
75.6402
75.2655
74.8918
74.5191
74.1479
73.7784
73.4109
73.0458
72.6833
72.3238
71.9677
71.6154
71.2671
70.9235
70.5848
70.2516
69.9242
69.6032
69.2891
68.9823
68.6834
68.393
68.1116
67.8398
67.5783
67.3276
67.0885
66.8616
66.6476
66.4474
66.2617
66.0912
65.9369
65.7995
65.6801
65.5796
65.4988
65.4389
65.4006
65.3847
65.392
65.4228
65.4774
65.5558
65.6577
65.7827
65.9304
66.1002
66.2921
66.5064
66.744
67.0068
67.2979
67.6213
67.982
68.3856
68.8369
69.3402
69.8968
70.5052
71.1586
71.8485
72.5653
73.3011
74.0494
74.8042
75.5615
76.318
77.0704
77.8168
78.556
79.2859
80.0057
80.7147
81.4122
82.0979
82.7709
83.431
84.0781
84.7118
85.3321
85.9387
86.5315
87.1104
87.6754
88.2263
88.7631
89.2856
89.7939
90.2877
90.7671
91.2318
91.682
92.1171
92.5375
92.9429
93.3331
93.7079
94.067
94.4104
94.7379
95.0488
95.3434
95.6209
95.8812
96.1237
96.348
96.5536
96.7401
96.9067
97.0527
97.1774
97.2801
97.3597
97.4152
97.4456
97.4496
97.4257
97.3727
97.2885
97.1716
97.0197
96.8304
96.6013
96.3293
96.0109
95.6427
95.2204
94.7387
94.1928
93.576
92.8806
92.099
91.2211
90.2354
89.1276
87.883
71.3167
73.7565
75.8458
77.6406
79.1859
80.5176
81.665
82.6523
83.4994
84.2232
84.8378
85.3553
85.7863
86.1398
86.4235
86.6445
86.8088
86.9218
86.9884
87.0128
86.9988
86.95
86.8695
86.7602
86.6245
86.4648
86.2833
86.0819
85.8624
85.6263
85.3751
85.1101
84.8326
84.5437
84.2442
83.9353
83.6176
83.292
82.9591
82.6196
82.2741
81.9231
81.567
81.2065
80.8419
80.4736
80.1019
79.7272
79.3499
78.9703
78.5885
78.2051
77.82
77.4338
77.0465
76.6585
76.27
75.8813
75.4927
75.1042
74.7163
74.3292
73.9431
73.5584
73.1752
72.794
72.4151
72.0387
71.6652
71.295
70.9284
70.5657
70.2076
69.8542
69.506
69.1636
68.8274
68.4978
68.1753
67.8605
67.554
67.2563
66.9679
66.6897
66.4222
66.1661
65.9223
65.6916
65.4748
65.2727
65.0866
64.9174
64.7663
64.6344
64.5227
64.4328
64.3653
64.3211
64.3008
64.3047
64.3329
64.3851
64.4612
64.5607
64.6837
64.8308
65.0033
65.204
65.437
65.7082
66.0251
66.396
66.829
67.3304
67.9026
68.5418
69.2386
69.9797
70.7518
71.5449
72.35
73.1602
73.9712
74.7787
75.5804
76.3735
77.157
77.9291
78.6895
79.4369
80.171
80.8917
81.5981
82.2906
82.9685
83.6319
84.2807
84.9152
85.5346
86.1394
86.7294
87.3048
87.8652
88.4106
88.9413
89.4569
89.9576
90.4432
90.9138
91.3693
91.8093
92.2338
92.6429
93.0362
93.4136
93.7747
94.1197
94.448
94.7595
95.0537
95.3304
95.589
95.8292
96.0503
96.2519
96.4334
96.594
96.7331
96.8496
96.9427
97.0114
97.0545
97.0708
97.0588
97.017
96.9438
96.837
96.6946
96.5143
96.2932
96.0285
95.7166
95.3539
94.9356
94.4573
93.9128
93.2962
92.5993
91.8143
90.9301
89.936
88.8168
87.5573
72.0927
74.4935
76.5529
78.3251
79.8533
81.1724
82.3108
83.2919
84.1352
84.857
85.4712
85.9895
86.4223
86.7784
87.0654
87.2901
87.4586
87.576
87.6471
87.6762
87.667
87.6228
87.5469
87.4419
87.3104
87.1546
86.9767
86.7786
86.5619
86.3283
86.0792
85.8159
85.5396
85.2514
84.9523
84.6431
84.3247
83.998
83.6634
83.3218
82.9737
82.6195
82.2599
81.8952
81.5259
81.1525
80.7751
80.3941
80.01
79.623
79.2333
78.8412
78.4471
78.051
77.6533
77.2542
76.854
76.4528
76.0508
75.6484
75.2457
74.8429
74.4403
74.0382
73.6368
73.2363
72.837
72.4393
72.0433
71.6494
71.2579
70.8691
70.4834
70.1011
69.7227
69.3484
68.9787
68.6139
68.2546
67.9011
67.554
67.2138
66.8809
66.556
66.2398
65.9325
65.6352
65.3487
65.0735
64.8108
64.5615
64.3264
64.1072
63.9046
63.7203
63.5554
63.4109
63.2882
63.1881
63.1112
63.0576
63.0278
63.0217
63.0392
63.0806
63.1469
63.24
63.3636
63.5234
63.7276
63.9871
64.3143
64.7216
65.2185
65.8085
66.4852
67.2334
68.0344
68.8706
69.7281
70.5963
71.4674
72.3365
73.1994
74.0531
74.8955
75.7256
76.5421
77.3439
78.1312
78.9029
79.6595
80.4004
81.1254
81.8349
82.5283
83.2063
83.8683
84.515
85.1456
85.761
86.3605
86.9445
87.5132
88.0662
88.6036
89.1258
89.6322
90.123
90.5984
91.0578
91.5014
91.9291
92.3409
92.7363
93.1153
93.4776
93.823
94.1512
94.4619
94.7547
95.0293
95.285
95.5215
95.7381
95.9342
96.1092
96.2622
96.3924
96.4989
96.5805
96.6362
96.6646
96.6642
96.6336
96.5709
96.4742
96.3412
96.1696
95.9566
95.6989
95.3932
95.0356
94.6218
94.1462
93.6033
92.9864
92.2883
91.4991
90.609
89.6063
88.4755
87.2001
72.8291
75.1909
77.22
78.9689
80.4793
81.785
82.9135
83.8876
84.726
85.4449
86.0576
86.5758
87.0094
87.3671
87.6565
87.8841
88.0558
88.1767
88.2517
88.2846
88.2793
88.2391
88.167
88.0658
87.9379
87.7855
87.6108
87.4155
87.2014
86.97
86.7228
86.461
86.1858
85.8983
85.5995
85.2903
84.9714
84.6436
84.3077
83.9643
83.6139
83.257
82.8942
82.526
82.1526
81.7745
81.3921
81.0057
80.6155
80.2219
79.8252
79.4255
79.0232
78.6184
78.2115
77.8025
77.3917
76.9793
76.5656
76.1506
75.7347
75.318
74.9006
74.483
74.0652
73.6474
73.23
72.8131
72.397
71.9819
71.5681
71.1559
70.7456
70.3374
69.9317
69.5288
69.129
68.7327
68.3402
67.9519
67.5682
67.1896
66.8164
66.4492
66.0884
65.7349
65.3888
65.051
64.7222
64.4034
64.0952
63.7986
63.5151
63.2453
62.991
62.7529
62.5326
62.331
62.1495
61.9884
61.8488
61.7307
61.6347
61.561
61.5101
61.4838
61.4846
61.5171
61.5892
61.7117
61.8997
62.171
62.5442
63.0338
63.6436
64.3633
65.1704
66.0389
66.9458
67.8736
68.8098
69.746
70.6762
71.5966
72.5044
73.3979
74.2757
75.1372
75.9819
76.8093
77.6191
78.4118
79.1872
79.9453
80.6862
81.4097
82.1166
82.8067
83.4797
84.1365
84.7769
85.4006
86.0082
86.5997
87.1748
87.7341
88.277
88.8042
89.315
89.81
90.2886
90.7512
91.1973
91.6269
92.0402
92.4365
92.816
93.1782
93.5228
93.8498
94.1584
94.4485
94.7196
94.971
95.2024
95.4129
95.6019
95.7687
95.9124
96.0318
96.1261
96.1941
96.2343
96.2453
96.2256
96.1733
96.0864
95.9626
95.7995
95.5942
95.3435
95.0439
94.6914
94.2814
93.8087
93.2672
92.6502
91.9498
91.1573
90.2611
89.249
88.1063
86.8153
73.5266
75.849
77.8477
79.5727
81.0647
82.3562
83.474
84.4401
85.2729
85.9879
86.5984
87.1155
87.5491
87.9076
88.1984
88.4281
88.6022
88.726
88.8039
88.84
88.838
88.8011
88.7323
88.6343
88.5095
88.36
88.188
87.9953
87.7834
87.554
87.3085
87.048
86.7739
86.4871
86.1886
85.8793
85.56
85.2315
84.8944
84.5494
84.1971
83.8378
83.4723
83.1008
82.7238
82.3417
81.9548
81.5635
81.1679
80.7685
80.3654
79.959
79.5494
79.1368
78.7215
78.3036
77.8834
77.4611
77.0367
76.6105
76.1827
75.7534
75.3229
74.8912
74.4587
74.0254
73.5916
73.1575
72.7232
72.2891
71.8552
71.422
70.9894
70.5579
70.1276
69.6989
69.272
68.8471
68.4247
68.0049
67.5882
67.1747
66.7651
66.3595
65.9584
65.5624
65.1719
64.7874
64.4096
64.0394
63.6771
63.3237
62.9802
62.6477
62.3271
62.0199
61.7266
61.4486
61.1872
60.9426
60.7157
60.5074
60.3178
60.1477
59.9983
59.8712
59.7705
59.7017
59.6746
59.7031
59.8073
60.0118
60.3427
60.8207
61.4511
62.2175
63.0884
64.029
65.0106
66.0114
67.0176
68.0198
69.0125
69.9909
70.953
71.8973
72.8229
73.7292
74.616
75.4833
76.3312
77.1601
77.9695
78.7596
79.5315
80.285
81.0203
81.7377
82.4374
83.1196
83.7845
84.4322
85.0629
85.6765
86.2735
86.8539
87.4177
87.9647
88.4954
89.0095
89.5069
89.9879
90.4522
90.8995
91.33
91.7435
92.1395
92.5181
92.8788
93.2216
93.5457
93.8511
94.137
94.4031
94.6488
94.8734
95.0761
95.2563
95.413
95.5452
95.6518
95.7317
95.7835
95.8056
95.7965
95.7543
95.6768
95.562
95.4072
95.2094
94.9654
94.6717
94.3241
93.918
93.4478
92.9073
92.29
91.5876
90.7905
89.8879
88.8667
87.7118
86.4048
74.1854
76.4686
78.4364
80.1372
81.6102
82.8869
83.9932
84.9506
85.7769
86.4873
87.0946
87.6099
88.0427
88.4013
88.6928
88.9237
89.0996
89.2255
89.3058
89.3445
89.3451
89.311
89.2449
89.1496
89.0274
88.8805
88.7109
88.5203
88.3104
88.0828
87.8387
87.5795
87.3064
87.0202
86.722
86.4127
86.0932
85.764
85.4259
85.0796
84.7255
84.3642
83.9962
83.6219
83.2417
82.856
82.4651
82.0694
81.669
81.2644
80.8557
80.4431
80.0269
79.6073
79.1845
78.7587
78.3299
77.8985
77.4646
77.0282
76.5897
76.149
75.7065
75.2622
74.8163
74.369
73.9204
73.4707
73.0201
72.5686
72.1166
71.6641
71.2115
70.7588
70.3063
69.8542
69.4027
68.9519
68.5023
68.0539
67.6071
67.1621
66.7193
66.2788
65.8411
65.4066
64.9756
64.5486
64.1258
63.7082
63.2963
62.8907
62.4921
62.1014
61.7195
61.3472
60.9854
60.6351
60.297
59.9722
59.6607
59.3634
59.0809
58.8141
58.5645
58.3347
58.1288
57.954
57.8222
57.7503
57.7633
57.8935
58.1759
58.6387
59.2878
60.1009
61.0352
62.0476
63.1018
64.1745
65.2488
66.3157
67.3682
68.4029
69.4181
70.4117
71.3834
72.3336
73.2613
74.1672
75.0515
75.9151
76.7574
77.5794
78.3812
79.1635
79.9267
80.6706
81.3958
82.1026
82.7913
83.462
84.115
84.7505
85.3687
85.9696
86.5534
87.1201
87.6698
88.2026
88.7183
89.2171
89.6987
90.1633
90.6106
91.0406
91.4529
91.8474
92.2237
92.5817
92.921
93.241
93.5414
93.8217
94.0813
94.3194
94.5355
94.7287
94.898
95.0425
95.1611
95.2526
95.3155
95.3484
95.3495
95.317
95.2489
95.1426
94.9957
94.8051
94.5677
94.2795
93.9366
93.5337
93.0659
92.5267
91.9085
91.2037
90.4023
89.4924
88.4618
87.2942
85.9698
74.8061
77.0503
78.987
80.6632
82.1166
83.3778
84.472
85.42
86.2391
86.9442
87.5477
88.0604
88.4916
88.8495
89.1411
89.3726
89.5496
89.677
89.759
89.7997
89.8025
89.7706
89.7068
89.6138
89.4939
89.3491
89.1815
88.9929
88.7848
88.5587
88.316
88.0579
87.7856
87.5
87.2022
86.893
86.5731
86.2434
85.9045
85.557
85.2014
84.8383
84.4682
84.0914
83.7083
83.3194
82.925
82.5253
82.1206
81.7113
81.2974
80.8794
80.4573
80.0313
79.6017
79.1686
78.7321
78.2925
77.8499
77.4043
76.956
76.505
76.0516
75.5959
75.1378
74.6777
74.2156
73.7517
73.2861
72.8189
72.3504
71.8805
71.4095
70.9375
70.4648
69.9913
69.5174
69.0431
68.5687
68.0942
67.6201
67.1463
66.6732
66.2009
65.7298
65.2602
64.7919
64.326
63.8622
63.4016
62.9442
62.4906
62.041
61.5968
61.1581
60.7258
60.3004
59.8823
59.4727
59.0718
58.6803
58.2985
57.9272
57.5676
57.2212
56.8912
56.5827
56.3042
56.0689
55.8975
55.8197
55.8746
56.1068
56.5515
57.2159
58.07
59.0619
60.1385
61.2594
62.3965
63.5336
64.6596
65.7676
66.855
67.9188
68.9587
69.9737
70.9646
71.9308
72.8735
73.7923
74.6886
75.5622
76.4144
77.2447
78.0543
78.8438
79.6129
80.3628
81.0931
81.8045
82.4973
83.172
83.8283
84.4666
85.0872
85.6901
86.2758
86.8438
87.3945
87.9277
88.4437
88.9422
89.4233
89.8868
90.3325
90.7604
91.1702
91.5616
91.9344
92.2881
92.6223
92.9367
93.2307
93.5036
93.7549
93.9838
94.1894
94.3709
94.5273
94.6574
94.76
94.8337
94.8769
94.8879
94.8647
94.8054
94.7074
94.568
94.3845
94.1531
93.8701
93.5315
93.1319
92.6662
92.1273
91.5082
90.8008
89.9942
89.0777
88.0366
86.8558
85.5143
75.3893
77.5945
79.5
81.1512
82.5846
83.8299
84.9113
85.8492
86.6605
87.3596
87.9585
88.468
88.8971
89.2537
89.5447
89.7762
89.9538
90.082
90.1653
90.2075
90.212
90.1819
90.12
90.0289
89.9109
89.768
89.6022
89.4152
89.2086
88.9839
88.7424
88.4854
88.2138
87.9288
87.6313
87.3222
87.0022
86.672
86.3324
85.9839
85.627
85.2623
84.8903
84.5113
84.1257
83.7339
83.3363
82.933
82.5245
82.1109
81.6924
81.2694
80.8419
80.4102
79.9744
79.5347
79.0913
78.6442
78.1936
77.7396
77.2824
76.822
76.3586
75.8923
75.4232
74.9514
74.477
74.0001
73.5209
73.0393
72.5556
72.0698
71.582
71.0924
70.6011
70.1081
69.6136
69.1178
68.6207
68.1224
67.6232
67.1231
66.6223
66.1209
65.6192
65.1171
64.6154
64.1136
63.6123
63.112
62.6126
62.115
61.6189
61.1254
60.6345
60.1465
59.6624
59.182
58.7063
58.2353
57.7695
57.3091
56.8553
56.4092
55.9729
55.5495
55.1458
54.7708
54.4401
54.1769
54.0153
54.0014
54.187
54.6138
55.2888
56.1756
57.2131
58.3422
59.5176
60.7097
61.9
63.0768
64.2332
65.3666
66.4744
67.5555
68.6099
69.6372
70.6388
71.6148
72.5653
73.4918
74.3947
75.2741
76.1314
76.9668
77.7804
78.5736
79.3459
80.0987
80.8315
81.5453
82.2399
82.9161
83.5735
84.2127
84.8341
85.4373
86.0229
86.5905
87.1404
87.6729
88.1874
88.6841
89.163
89.6241
90.0668
90.4912
90.8969
91.2837
91.6514
91.9992
92.3269
92.6339
92.9196
93.1834
93.4245
93.6421
93.8353
94.003
94.1441
94.2573
94.3413
94.3943
94.4147
94.4005
94.3495
94.2594
94.1272
93.95
93.7244
93.4463
93.1116
92.7149
92.2506
91.712
91.0917
90.3812
89.5695
88.6449
87.5934
86.3989
85.0397
75.9353
78.1016
79.9759
81.6019
83.0149
84.2437
85.3119
86.2391
87.042
87.7344
88.3283
88.834
89.2603
89.615
89.9049
90.1359
90.3135
90.4422
90.5263
90.5695
90.5753
90.5466
90.4862
90.3967
90.2802
90.1389
89.9747
89.7891
89.5839
89.3605
89.1201
88.8639
88.5931
88.3087
88.0116
87.7026
87.3825
87.052
86.7117
86.3624
86.0044
85.6383
85.2645
84.8836
84.4958
84.1014
83.7009
83.2945
82.8824
82.465
82.0424
81.6148
81.1825
80.7455
80.3041
79.8584
79.4086
78.9546
78.4968
78.0351
77.5698
77.1008
76.6283
76.1524
75.6731
75.1906
74.7048
74.216
73.7242
73.2294
72.7318
72.2313
71.7282
71.2223
70.714
70.2031
69.6898
69.1741
68.6562
68.1361
67.6138
67.0896
66.5633
66.0354
65.5055
64.9739
64.4408
63.9064
63.3706
62.8341
62.2964
61.758
61.2195
60.6805
60.1414
59.603
59.0647
58.5275
57.9908
57.4558
56.9218
56.3903
55.8612
55.3368
54.8187
54.3118
53.8227
53.3618
52.947
52.604
52.3708
52.2994
52.4473
52.8598
53.5418
54.4513
55.5213
56.688
57.9042
59.1381
60.3704
61.5881
62.7847
63.9563
65.1007
66.217
67.305
68.3649
69.3972
70.4021
71.3813
72.3349
73.2637
74.1684
75.0498
75.9084
76.7445
77.5593
78.3531
79.1262
79.8788
80.6119
81.3255
82.0196
82.6952
83.3521
83.9902
84.6103
85.2119
85.7958
86.3613
86.9092
87.4387
87.9505
88.4439
88.9193
89.376
89.8144
90.2336
90.6339
91.0145
91.3752
91.7156
92.0349
92.3328
92.6085
92.8612
93.0902
93.2944
93.4729
93.6244
93.7477
93.8414
93.9037
93.933
93.9272
93.8842
93.8013
93.676
93.5049
93.2845
93.0109
92.6796
92.2851
91.8219
91.2833
90.6612
89.9468
89.1294
88.1974
87.135
85.9254
84.5477
76.4447
78.5724
80.4153
82.0157
83.408
84.6199
85.6744
86.5905
87.3844
88.0696
88.6579
89.1592
89.5822
89.9345
90.2228
90.4529
90.63
90.7588
90.8432
90.8871
90.8938
90.8662
90.807
90.7188
90.6037
90.4638
90.3008
90.1166
89.9126
89.6903
89.4509
89.1956
88.9255
88.6417
88.3449
88.036
87.7159
87.3851
87.0444
86.6943
86.3354
85.9681
85.5929
85.2102
84.8204
84.4238
84.0208
83.6115
83.1963
82.7754
82.349
81.9174
81.4806
81.0389
80.5924
80.1412
79.6854
79.2253
78.7608
78.2921
77.8193
77.3424
76.8615
76.3767
75.8881
75.3957
74.8996
74.3998
73.8964
73.3894
72.8789
72.365
71.8477
71.327
70.8029
70.2755
69.7448
69.211
68.6739
68.1336
67.5902
67.0437
66.4941
65.9415
65.3859
64.8269
64.2653
63.7008
63.1334
62.5636
61.9908
61.4153
60.8373
60.2568
59.6739
59.0887
58.5012
57.9121
57.3204
56.7269
56.1322
55.536
54.9398
54.3455
53.7553
53.1744
52.6109
52.0762
51.5901
51.1807
50.8907
50.7753
50.8966
51.3004
51.9879
52.9123
54.0025
55.1932
56.4366
57.699
58.9603
60.2087
61.4354
62.6366
63.8101
64.9554
66.0709
67.1576
68.2158
69.2462
70.2495
71.2266
72.1781
73.1048
74.0074
74.8871
75.7436
76.5775
77.3902
78.1818
78.9527
79.7033
80.4341
81.1452
81.8371
82.51
83.1641
83.7993
84.4163
85.015
85.5953
86.1572
86.701
87.2266
87.7336
88.2223
88.6924
89.1434
89.5756
89.9884
90.3812
90.7541
91.1062
91.4373
91.7467
92.0335
92.2973
92.5369
92.7515
92.9401
93.1014
93.2342
93.337
93.4081
93.4457
93.4478
93.4121
93.3361
93.217
93.0513
92.8358
92.5662
92.2376
91.8453
91.383
90.8438
90.2196
89.5008
88.6773
87.7361
86.6621
85.4374
84.0395
76.9179
79.0069
80.8183
82.3932
83.7644
84.9591
85.9994
86.904
87.6884
88.366
88.9482
89.4446
89.8639
90.2134
90.4996
90.7283
90.9046
91.033
91.1175
91.1617
91.169
91.1422
91.084
90.9968
90.8828
90.7441
90.5823
90.3992
90.1963
89.975
89.7366
89.4821
89.2127
88.9294
88.633
88.3244
88.0043
87.6734
87.3324
86.9817
86.622
86.2537
85.8773
85.4931
85.1015
84.7029
84.2976
83.8858
83.4678
83.0438
82.614
82.1787
81.7379
81.2918
80.8407
80.3845
79.9234
79.4575
78.987
78.5118
78.0321
77.5479
77.0594
76.5664
76.0692
75.5677
75.062
74.5521
74.038
73.5198
72.9975
72.4712
71.9407
71.4062
70.8677
70.3251
69.7784
69.2277
68.6729
68.1141
67.5512
66.9841
66.413
65.8378
65.258
64.6744
64.0866
63.4945
62.8981
62.297
61.6919
61.0825
60.4686
59.8502
59.2273
58.5999
57.9679
57.3312
56.69
56.0443
55.3945
54.7412
54.0854
53.4293
52.7767
52.1321
51.5046
50.9078
50.3626
49.901
49.5675
49.4219
49.5283
49.9304
50.6244
51.5577
52.6591
53.8624
55.1203
56.3999
57.6796
58.9477
60.195
61.4179
62.6128
63.779
64.9165
66.0242
67.1032
68.1545
69.1778
70.1744
71.1455
72.0909
73.0118
73.9089
74.7832
75.6346
76.4639
77.2718
78.0586
78.8249
79.5713
80.2976
81.0042
81.6916
82.3599
83.0094
83.6402
84.2524
84.8461
85.4213
85.9781
86.5164
87.0361
87.537
88.0192
88.4824
88.9264
89.3508
89.7552
90.1391
90.5024
90.8444
91.1644
91.4616
91.7356
91.9852
92.2096
92.4076
92.5781
92.7197
92.8309
92.9102
92.9555
92.9649
92.936
92.8662
92.7527
92.5922
92.3808
92.1146
91.7886
91.3978
90.9355
90.3951
89.7682
89.0448
88.2146
87.2636
86.1774
84.9368
83.5187
77.3548
79.4054
81.1856
82.7346
84.0846
85.2617
86.2875
87.1801
87.9547
88.6242
89.1998
89.691
90.1061
90.4524
90.7362
90.9631
91.1382
91.2659
91.3501
91.3944
91.402
91.3757
91.3183
91.232
91.119
90.9812
90.8205
90.6385
90.4366
90.2163
89.9787
89.7251
89.4564
89.1737
88.8777
88.5694
88.2494
87.9185
87.5772
87.2262
86.8658
86.4967
86.1192
85.7338
85.3407
84.9404
84.5331
84.119
83.6985
83.2718
82.8389
82.4003
81.9558
81.5059
81.0505
80.5898
80.1238
79.6527
79.1766
78.6955
78.2095
77.7187
77.223
76.7226
76.2174
75.7075
75.193
74.6737
74.1498
73.6213
73.0881
72.5502
72.0077
71.4604
70.9085
70.3518
69.7904
69.2241
68.653
68.0771
67.4961
66.9102
66.3191
65.723
65.1214
64.5149
63.9025
63.2851
62.662
62.0328
61.3982
60.7576
60.1105
59.4576
58.7984
58.1322
57.4599
56.7809
56.0952
55.4029
54.704
54.0002
53.2923
52.5827
51.8753
51.1763
50.4952
49.8471
49.2547
48.7523
48.3884
48.2253
48.3277
48.7351
49.4372
50.3773
51.4832
52.6913
53.9539
55.2404
56.5296
57.8083
59.0676
60.3039
61.5136
62.6945
63.8472
64.9705
66.0658
67.1328
68.1718
69.1845
70.1706
71.1317
72.0678
72.9798
73.8688
74.7346
75.5787
76.4006
77.2013
77.9816
78.7411
79.4806
80.2007
80.901
81.5821
82.2441
82.8875
83.5119
84.1177
84.7048
85.2733
85.8232
86.3546
86.8669
87.3603
87.8345
88.2893
88.7243
89.1392
89.5337
89.9072
90.2591
90.5889
90.8959
91.1792
91.438
91.6714
91.8781
92.057
92.2068
92.3259
92.4126
92.465
92.481
92.4583
92.3942
92.2857
92.1297
91.922
91.6586
91.3345
90.9446
90.482
89.9396
89.3094
88.5808
87.7428
86.7824
85.6825
84.4252
82.986
77.7557
79.7683
81.5171
83.0402
84.3687
85.5279
86.5389
87.4191
88.1835
88.8446
89.4133
89.8989
90.3095
90.6522
90.9332
91.1581
91.3317
91.4584
91.5421
91.5862
91.5939
91.568
91.5111
91.4255
91.3133
91.1765
91.0167
90.8357
90.6348
90.4154
90.1787
89.9259
89.658
89.3759
89.0804
88.7725
88.4528
88.1219
87.7805
87.4292
87.0685
86.6987
86.3204
85.9339
85.5396
85.1378
84.7287
84.3127
83.89
83.4609
83.0253
82.5837
82.136
81.6825
81.2233
80.7585
80.2881
79.8123
79.3311
78.8446
78.3529
77.8559
77.3537
76.8464
76.3339
75.8163
75.2936
74.7657
74.2327
73.6946
73.1513
72.6028
72.0491
71.4901
70.9258
70.3561
69.781
69.2004
68.6142
68.0224
67.4249
66.8214
66.2121
65.5967
64.9749
64.3472
63.7127
63.0715
62.424
61.769
61.1069
60.4379
59.7609
59.0767
58.384
57.6836
56.975
56.2575
55.532
54.7979
54.0565
53.3082
52.5544
51.7985
51.0446
50.2994
49.5731
48.8832
48.2538
47.7218
47.3385
47.1689
47.2767
47.696
48.4086
49.3543
50.4612
51.6679
52.9298
54.216
55.5067
56.7887
58.053
59.2957
60.5133
61.7036
62.8661
64.0003
65.1058
66.1841
67.2352
68.2597
69.2576
70.2308
71.1792
72.1032
73.0043
73.8825
74.7379
75.5721
76.3845
77.1764
77.9475
78.6988
79.4302
80.1418
80.8339
81.5073
82.1614
82.7969
83.4133
84.0113
84.5904
85.1506
85.6923
86.2148
86.7183
87.2024
87.6672
88.1119
88.5364
88.9403
89.3232
89.6842
90.023
90.3387
90.6307
90.8979
91.1395
91.3542
91.5408
91.698
91.8242
91.9177
91.9765
91.9985
91.9813
91.9222
91.8182
91.6659
91.4613
91.2002
90.8775
90.4879
90.0244
89.4797
88.8452
88.1108
87.2647
86.2931
85.18
83.9044
82.4429
78.1206
80.0953
81.8129
83.31
84.6168
85.758
86.7538
87.6214
88.3753
89.0276
89.589
90.0687
90.4744
90.8133
91.0913
91.3138
91.4857
91.6113
91.6942
91.7379
91.7455
91.7199
91.6634
91.5784
91.4669
91.3309
91.172
90.9919
90.792
90.5735
90.3378
90.0858
89.8187
89.5373
89.2424
88.935
88.6156
88.285
87.9437
87.5923
87.2313
86.8611
86.4821
86.0949
85.6995
85.2965
84.886
84.4684
84.0438
83.6125
83.1746
82.7303
82.2798
81.8232
81.3605
80.892
80.4176
79.9375
79.4517
78.9603
78.4633
77.9607
77.4526
76.939
76.4198
75.8951
75.3649
74.8291
74.2877
73.7408
73.1881
72.6298
72.0658
71.4959
70.9202
70.3385
69.7508
69.1569
68.5568
67.9503
67.3374
66.7179
66.0916
65.4584
64.8181
64.1706
63.5156
62.8534
62.183
61.5045
60.8177
60.1223
59.4185
58.7053
57.9827
57.2511
56.5094
55.7578
54.9969
54.2261
53.4468
52.6592
51.8657
51.07
50.2757
49.4917
48.729
48.0049
47.3473
46.7946
46.4019
46.2353
46.3567
46.7931
47.5186
48.4697
49.5763
50.7787
52.0351
53.3162
54.603
55.8827
57.1477
58.3915
59.6114
60.8056
61.9729
63.1129
64.2255
65.3111
66.3699
67.4025
68.4094
69.3913
70.3483
71.282
72.1923
73.08
73.9454
74.7891
75.6111
76.4127
77.1937
77.9546
78.6952
79.4167
80.1187
80.8012
81.4651
82.1101
82.7358
83.3432
83.9314
84.5011
85.0519
85.5835
86.0961
86.5891
87.0627
87.516
87.9491
88.3616
88.7527
89.1222
89.469
89.7927
90.0925
90.3673
90.6162
90.8381
91.0317
91.1955
91.3282
91.4277
91.4922
91.5195
91.5072
91.4525
91.3523
91.2031
91.001
90.7416
90.4194
90.0292
89.5641
89.0165
88.3773
87.6364
86.7816
85.7985
84.67
83.3758
81.891
78.4493
80.3865
82.0727
83.5439
84.8289
85.9518
86.9323
87.787
88.53
89.1733
89.7272
90.2006
90.6013
90.9361
91.2108
91.4308
91.6008
91.7249
91.8069
91.8501
91.8576
91.832
91.7758
91.6913
91.5806
91.4453
91.2874
91.1082
90.9092
90.6917
90.4569
90.2059
89.9396
89.659
89.3649
89.0581
88.7392
88.4089
88.0679
87.7166
87.3555
86.9851
86.6058
86.2179
85.8218
85.4179
85.0062
84.5872
84.1611
83.7279
83.288
82.8415
82.3884
81.929
81.4634
80.9915
80.5136
80.0296
79.5397
79.0438
78.542
78.0344
77.5208
77.0014
76.4761
75.9449
75.4078
74.8647
74.3157
73.7606
73.1994
72.6321
72.0585
71.4786
70.8923
70.2996
69.7001
69.094
68.4811
67.8611
67.234
66.5996
65.9576
65.3082
64.6508
63.9854
63.3117
62.6295
61.9385
61.2384
60.529
59.8099
59.081
58.3419
57.5924
56.8321
56.061
55.279
54.4867
53.6833
52.8702
52.0486
51.2212
50.3905
49.5624
48.7458
47.9523
47.2017
46.5234
45.9583
45.5642
45.4089
45.5505
46.0084
46.7494
47.7067
48.8114
50.0086
51.2571
52.5309
53.8102
55.0837
56.3441
57.5847
58.8029
59.9973
61.1654
62.3073
63.4228
64.512
65.5757
66.6133
67.6256
68.6134
69.5772
70.5174
71.4345
72.3292
73.2019
74.053
74.883
75.6922
76.481
77.2497
77.9986
78.7279
79.4379
80.1288
80.8006
81.4536
82.0874
82.7027
83.2992
83.8769
84.4354
84.9751
85.4956
85.9966
86.4777
86.9389
87.3798
87.7996
88.1983
88.575
88.929
89.2599
89.5665
89.8481
90.1036
90.3319
90.5317
90.7015
90.8397
90.9446
91.0141
91.046
91.0379
90.9868
90.8897
90.7431
90.5426
90.2842
89.9621
89.5709
89.1036
88.5523
87.9075
87.1593
86.2949
85.2988
84.1547
82.8408
81.3314
78.7414
80.6412
82.2964
83.7415
85.0047
86.1091
87.074
87.9156
88.6476
89.2817
89.8278
90.2948
90.6902
91.0206
91.2919
91.5092
91.6771
91.7997
91.8806
91.9232
91.9304
91.9049
91.849
91.765
91.6549
91.5205
91.3634
91.1852
90.9872
90.7708
90.537
90.287
90.0217
89.742
89.4487
89.1427
88.8245
88.4948
88.1542
87.8032
87.4423
87.0719
86.6924
86.3042
85.9076
85.503
85.0905
84.6704
84.243
83.8084
83.3668
82.9183
82.4631
82.0013
81.533
81.0583
80.5772
80.0898
79.5962
79.0963
78.5902
78.078
77.5595
77.0349
76.504
75.9669
75.4235
74.8737
74.3177
73.7551
73.186
72.6104
72.0281
71.4389
70.8429
70.24
69.6298
69.0125
68.3876
67.7552
67.1151
66.467
65.8109
65.1461
64.4731
63.7912
63.0999
62.3997
61.6898
60.97
60.2396
59.499
58.7476
57.9851
57.2112
56.4256
55.6283
54.819
53.9982
53.166
52.3235
51.4722
50.6144
49.7541
48.8972
48.0529
47.2347
46.4637
45.7707
45.2007
44.8127
44.6753
44.8427
45.3255
46.0835
47.0481
48.1517
49.3427
50.583
51.8464
53.117
54.3818
55.6347
56.8692
58.0833
59.2735
60.4399
61.5805
62.6964
63.7861
64.8507
65.8909
66.9061
67.8976
68.8651
69.8095
70.7312
71.6312
72.509
73.3655
74.2011
75.0165
75.8112
76.5861
77.3412
78.0769
78.7933
79.4907
80.1692
80.8288
81.4696
82.0916
82.6949
83.2794
83.8449
84.3913
84.9186
85.4263
85.9143
86.3823
86.8298
87.2563
87.6615
88.0444
88.4049
88.7419
89.0547
89.3423
89.6035
89.8374
90.0426
90.2175
90.3606
90.47
90.5438
90.5796
90.5749
90.5268
90.4322
90.2872
90.0881
89.8297
89.5073
89.1142
88.6436
88.088
87.437
86.6808
85.8054
84.7967
83.636
82.3006
80.7654
78.9962
80.859
82.4833
83.9024
85.1436
86.2295
87.1786
88.007
88.7277
89.3523
89.8906
90.3509
90.7409
91.0668
91.3345
91.5489
91.7147
91.8357
91.9155
91.9574
91.9643
91.9388
91.8832
91.7997
91.6903
91.5567
91.4006
91.2234
91.0265
90.8112
90.5786
90.3297
90.0655
89.7869
89.4947
89.1896
88.8722
88.5433
88.2034
87.8529
87.4924
87.1223
86.7429
86.3547
85.9579
85.5528
85.1398
84.719
84.2906
83.8549
83.4119
82.9618
82.5049
82.0411
81.5705
81.0933
80.6095
80.1191
79.6222
79.1188
78.6089
78.0925
77.5697
77.0403
76.5044
75.9619
75.4128
74.857
74.2945
73.7251
73.1489
72.5656
71.9753
71.3777
70.7728
70.1604
69.5404
68.9126
68.2769
67.6331
66.981
66.3203
65.6508
64.9723
64.2849
63.5876
62.8809
62.1638
61.4367
60.6989
59.9497
59.1896
58.4174
57.6337
56.8377
56.0289
55.2079
54.3744
53.5286
52.6704
51.8021
50.9247
50.041
49.1552
48.2739
47.4063
46.5685
45.7823
45.0807
44.5112
44.1357
44.0224
44.2201
44.7307
45.5065
46.4787
47.5823
48.7673
49.9986
51.2523
52.5117
53.7672
55.0109
56.2379
57.4443
58.6293
59.791
60.928
62.0411
63.1297
64.1933
65.2333
66.2489
67.2416
68.2106
69.1575
70.0818
70.9847
71.8657
72.7262
73.5656
74.3851
75.1842
75.9635
76.7237
77.4643
78.1858
78.8886
79.5723
80.2372
80.8838
81.5113
82.1202
82.7102
83.2814
83.8338
84.3667
84.8801
85.3738
85.8474
86.3006
86.7327
87.1434
87.5321
87.8979
88.2403
88.5583
88.851
89.1173
89.356
89.5657
89.745
89.8923
90.0056
90.0829
90.1219
90.1199
90.0741
89.9812
89.8373
89.6385
89.3797
89.056
88.6605
88.1863
87.6251
86.9678
86.2023
85.3156
84.2928
83.1138
81.7564
80.194
79.2129
81.0392
82.6325
84.0256
85.2448
86.3121
87.2454
88.0603
88.7697
89.3847
89.9149
90.3686
90.7529
91.0743
91.3383
91.5499
91.7134
91.8327
91.9114
91.9527
91.9593
91.9338
91.8785
91.7956
91.6869
91.5542
91.3991
91.2231
91.0275
90.8135
90.5821
90.3346
90.0717
89.7943
89.5033
89.1993
88.8831
88.5552
88.2161
87.8664
87.5066
87.137
86.758
86.37
85.9733
85.5682
85.1549
84.7337
84.3047
83.8681
83.4242
82.973
82.5146
82.0492
81.5767
81.0974
80.6113
80.1184
79.6186
79.1121
78.5989
78.0789
77.5521
77.0186
76.4782
75.9309
75.3766
74.8154
74.247
73.6715
73.0887
72.4985
71.9008
71.2956
70.6825
70.0615
69.4325
68.7952
68.1495
67.4952
66.8321
66.1598
65.4781
64.7874
64.0864
63.3753
62.6538
61.9221
61.1788
60.4242
59.6584
58.88
58.0898
57.2864
56.4702
55.6412
54.7986
53.9434
53.0754
52.1946
51.3035
50.4027
49.4964
48.5887
47.6861
46.8005
45.9472
45.1498
44.4447
43.8814
43.5241
43.4396
43.671
44.211
45.0063
45.9869
47.0905
48.27
49.4927
50.7361
51.9853
53.2301
54.4637
55.6813
56.88
58.0576
59.2129
60.3451
61.4531
62.538
63.5993
64.6372
65.6519
66.6432
67.6125
68.5597
69.4852
70.3888
71.2719
72.1343
72.9759
73.798
74.5999
75.3827
76.1462
76.8903
77.6158
78.3221
79.0101
79.6792
80.33
80.9618
81.5751
82.1699
82.7456
83.3027
83.8403
84.3584
84.8571
85.3354
85.7932
86.2303
86.6457
87.0389
87.4094
87.7564
88.0788
88.3757
88.6461
88.8888
89.1025
89.2854
89.436
89.5524
89.6325
89.6739
89.674
89.6298
89.5379
89.3945
89.1953
88.9356
88.6096
88.211
87.7324
87.1654
86.5001
85.7248
84.826
83.7874
82.5896
81.209
79.6181
79.3907
81.1803
82.743
84.1102
85.3074
86.356
87.2734
88.0748
88.7728
89.3781
89.9001
90.347
90.7257
91.0425
91.3027
91.5114
91.6727
91.7904
91.868
91.9086
91.915
91.8896
91.8347
91.7524
91.6446
91.513
91.3591
91.1844
90.9902
90.7776
90.5478
90.3017
90.0403
89.7645
89.4749
89.1723
88.8574
88.5307
88.1928
87.8442
87.4853
87.1165
86.7383
86.3508
85.9545
85.5497
85.1365
84.7152
84.286
83.849
83.4044
82.9524
82.4929
82.0263
81.5524
81.0715
80.5834
80.0884
79.5863
79.0772
78.5611
78.038
77.5078
76.9705
76.4261
75.8746
75.3157
74.7496
74.176
73.5949
73.0062
72.4098
71.8055
71.1932
70.5727
69.9439
69.3067
68.6607
68.0059
67.3419
66.6687
65.986
65.2935
64.5908
63.8778
63.1541
62.4195
61.6735
60.9159
60.1464
59.3646
58.5706
57.7631
56.9424
56.1082
55.2608
54.3992
53.524
52.6362
51.7353
50.8234
49.9031
48.9766
48.0501
47.1301
46.2287
45.3637
44.5603
43.8557
43.3035
42.9691
42.918
43.1859
43.7564
44.5712
45.5612
46.6654
47.8401
49.0546
50.2888
51.5273
52.7614
53.9844
55.1922
56.3817
57.5516
58.6993
59.8248
60.9275
62.0074
63.0644
64.0987
65.1105
66.1
67.0676
68.0136
68.9384
69.8422
70.7249
71.5879
72.4309
73.2541
74.0579
74.8425
75.6076
76.3543
77.0822
77.7916
78.4821
79.1544
79.8084
80.4435
81.0604
81.6587
82.238
82.7987
83.34
83.8621
84.3643
84.8467
85.3084
85.7493
86.1685
86.5657
86.9399
87.2906
87.6165
87.9171
88.1909
88.4368
88.6536
88.8394
88.9927
89.1115
89.1937
89.2369
89.2383
89.1949
89.1033
88.9597
88.7594
88.4979
88.1691
87.7667
87.283
86.709
86.0352
85.2494
84.3375
83.2828
82.0651
80.6603
79.0385
79.5279
81.2813
82.8135
84.1547
85.33
86.3598
87.2614
88.0492
88.7356
89.3312
89.8451
90.2851
90.6582
90.9703
91.2269
91.4327
91.5918
91.708
91.7846
91.8246
91.8309
91.8057
91.7514
91.6699
91.5632
91.4328
91.2803
91.1071
90.9145
90.7035
90.4754
90.2311
89.9715
89.6974
89.4096
89.1086
88.7953
88.4702
88.1338
87.7865
87.4289
87.0612
86.684
86.2975
85.9019
85.4977
85.0849
84.6639
84.2348
83.7978
83.353
82.9005
82.4405
81.973
81.4982
81.016
80.5265
80.0297
79.5258
79.0145
78.496
77.9703
77.4372
76.8968
76.3489
75.7936
75.2307
74.6603
74.0821
73.496
72.9021
72.3
71.6898
71.0711
70.4439
69.8081
69.1633
68.5095
67.8464
67.1738
66.4914
65.799
65.0962
64.3831
63.6591
62.924
62.1769
61.4184
60.6478
59.8647
59.0687
58.2596
57.437
56.6006
55.7502
54.8856
54.0069
53.1143
52.2088
51.2901
50.3604
49.4219
48.4783
47.535
46.601
45.6875
44.8135
44.0071
43.3076
42.7708
42.4642
42.4501
42.7561
43.3579
44.1929
45.1915
46.2975
47.4681
48.6759
49.9001
51.1283
52.3525
53.5651
54.7634
55.9434
57.1037
58.2439
59.3619
60.458
61.5318
62.5841
63.6137
64.6214
65.6075
66.5721
67.5162
68.4391
69.3414
70.2236
71.0858
71.9285
72.7518
73.5559
74.3411
75.1075
75.8554
76.5847
77.2956
77.9883
78.6626
79.3186
79.9563
80.5753
81.1762
81.7584
82.3218
82.8661
83.3909
83.8963
84.3816
84.8465
85.2902
85.7126
86.1128
86.4899
86.8435
87.1725
87.4757
87.7522
88.0008
88.2198
88.4078
88.5631
88.6836
88.7672
88.8114
88.8135
88.7702
88.6783
88.5336
88.3319
88.0676
87.7354
87.3284
86.8386
86.2575
85.5745
84.7768
83.8509
82.779
81.5396
80.109
78.4556
79.6226
81.3402
82.842
84.1574
85.3108
86.3219
87.2075
87.9818
88.6567
89.2426
89.7483
90.1816
90.549
90.8567
91.1097
91.3126
91.4697
91.5844
91.6601
91.6998
91.7061
91.6814
91.6278
91.5474
91.4419
91.3129
91.1621
90.9906
90.7999
90.5909
90.3648
90.1225
89.8649
89.5929
89.3071
89.0081
88.6968
88.3735
88.0389
87.6933
87.3373
86.9712
86.5953
86.2101
85.8157
85.4124
85.0005
84.5802
84.1516
83.7149
83.2703
82.8178
82.3576
81.8898
81.4143
80.9314
80.4409
79.9429
79.4375
78.9246
78.4042
77.8763
77.3408
76.7978
76.247
75.6885
75.1222
74.548
73.9657
73.3754
72.7768
72.1697
71.5541
70.9298
70.2967
69.6545
69.003
68.3421
67.6715
66.9909
66.3002
65.5991
64.8874
64.1644
63.4304
62.6844
61.9269
61.157
60.3741
59.5787
58.7699
57.9475
57.1106
56.26
55.395
54.5155
53.6214
52.7132
51.7913
50.8568
49.9106
48.9566
47.9982
47.0411
46.0945
45.172
44.2926
43.4861
42.7954
42.2784
42.0034
42.0292
42.375
43.008
43.8627
44.8711
45.9781
47.1458
48.3469
49.5624
50.7817
51.9957
53.1981
54.3865
55.5569
56.7088
57.8399
58.9506
60.0394
61.1072
62.1528
63.1775
64.1804
65.1626
66.1235
67.0637
67.9841
68.8841
69.7642
70.6253
71.4667
72.289
73.0925
73.8777
74.6441
75.3921
76.1219
76.8335
77.5269
78.2027
78.8599
79.499
80.1199
80.7224
81.3063
81.8716
82.4179
82.945
83.4525
83.94
84.4071
84.8532
85.2779
85.6801
86.0596
86.4154
86.7465
87.0519
87.3304
87.5807
87.8014
87.991
88.1475
88.2691
88.3534
88.398
88.4001
88.3564
88.2635
88.1171
87.9131
87.6457
87.3091
86.8968
86.4004
85.8107
85.1176
84.3076
83.3667
82.2759
81.015
79.5565
77.8699
79.673
81.3548
82.8264
84.1162
85.2476
86.2401
87.1099
87.8707
88.5342
89.1104
89.6081
90.0346
90.3966
90.6998
90.9494
91.1497
91.3048
91.4183
91.4934
91.5329
91.5395
91.5154
91.4629
91.3837
91.2798
91.1526
91.0036
90.8342
90.6456
90.4389
90.2152
89.9753
89.7201
89.4504
89.167
88.8704
88.5614
88.2403
87.9079
87.5644
87.2104
86.8462
86.4721
86.0885
85.6957
85.2938
84.8832
84.464
84.0363
83.6004
83.1564
82.7044
82.2445
81.7767
81.3011
80.8179
80.3269
79.8282
79.3218
78.8077
78.2859
77.7564
77.2191
76.6739
76.1208
75.5596
74.9905
74.4131
73.8274
73.2332
72.6306
72.0192
71.399
70.7697
70.1312
69.4834
68.8259
68.1586
67.4813
66.7936
66.0954
65.3866
64.6663
63.9347
63.1917
62.4362
61.6688
60.8883
60.0951
59.288
58.4677
57.6327
56.7839
55.92
55.0418
54.1487
53.2403
52.318
51.382
50.4327
49.4731
48.5055
47.5342
46.5648
45.6083
44.6783
43.7961
42.9932
42.3149
41.8216
41.5818
41.6498
42.0362
42.7003
43.5742
44.5919
45.7015
46.8663
48.0612
49.2695
50.4798
51.6841
52.8768
54.0555
55.2172
56.3601
57.4826
58.5853
59.6671
60.7273
61.767
62.7858
63.7831
64.7604
65.7173
66.6535
67.5703
68.4671
69.3448
70.203
71.0428
71.8633
72.6658
73.4495
74.2149
74.9627
75.6921
76.4039
77.0974
77.773
78.431
79.0707
79.6923
80.2957
80.881
81.4474
81.995
82.5234
83.0325
83.5214
83.99
84.4377
84.8639
85.2679
85.6489
86.0062
86.3388
86.6457
86.9255
87.177
87.3987
87.5891
87.7463
87.8683
87.9527
87.9971
87.9985
87.9537
87.8591
87.7105
87.5033
87.232
86.8907
86.4724
85.9686
85.3699
84.6655
83.8423
82.8854
81.7752
80.4902
79.0031
77.2818
79.676
81.3225
82.7641
84.0283
85.138
86.1119
86.9659
87.7133
88.3655
88.9322
89.422
89.842
90.1987
90.4977
90.744
90.942
91.0955
91.208
91.2827
91.3224
91.3295
91.3064
91.2552
91.1776
91.0756
90.9505
90.8038
90.6368
90.4508
90.2467
90.0257
89.7885
89.5361
89.2693
88.9886
88.6948
88.3884
88.0701
87.7402
87.3993
87.0477
86.6858
86.314
85.9325
85.5416
85.1416
84.7327
84.3151
83.8888
83.4542
83.0113
82.5602
82.101
81.6338
81.1586
80.6755
80.1845
79.6855
79.1787
78.664
78.1413
77.6107
77.0721
76.5253
75.9704
75.4072
74.8357
74.2557
73.6672
73.0699
72.4638
71.8487
71.2245
70.5909
69.9478
69.295
68.6322
67.9593
67.276
66.5821
65.8772
65.161
64.4334
63.6944
62.9429
62.1789
61.4022
60.6123
59.8094
58.9923
58.1609
57.3156
56.4551
55.5795
54.6894
53.7836
52.8633
51.9279
50.9792
50.0172
49.0453
48.0652
47.0827
46.1035
45.1392
44.2043
43.3214
42.5249
41.8624
41.3961
41.1949
41.3073
41.7345
42.429
43.3223
44.3491
45.4609
46.6233
47.8129
49.0139
50.2157
51.411
52.5951
53.7646
54.9171
56.0512
57.1659
58.2605
59.3347
60.3883
61.4213
62.4338
63.4259
64.3973
65.3492
66.2814
67.1941
68.0871
68.9614
69.817
70.6541
71.4722
72.2726
73.0548
73.8187
74.5652
75.2935
76.0044
76.6977
77.3728
78.0306
78.6701
79.2921
79.8957
80.4814
81.0482
81.5963
82.1256
82.6352
83.1252
83.5947
84.0433
84.4705
84.8755
85.2574
85.6157
85.9491
86.2566
86.5371
86.7893
87.0115
87.2022
87.3594
87.4812
87.5651
87.6086
87.6088
87.5623
87.4654
87.314
87.1031
86.8274
86.4805
86.0553
85.5434
84.9351
84.2189
83.3816
82.4073
81.2767
79.9671
78.4502
76.6914
79.6287
81.2401
82.6518
83.8907
84.9787
85.9343
86.7726
87.5068
88.1479
88.7053
89.1873
89.6011
89.9528
90.2479
90.4913
90.6871
90.8393
90.9512
91.0259
91.066
91.0741
91.0524
91.0029
90.9274
90.8276
90.705
90.561
90.3969
90.2138
90.0129
89.795
89.561
89.3119
89.0482
88.7708
88.4802
88.1771
87.8619
87.5351
87.1971
86.8484
86.4894
86.1202
85.7414
85.353
84.9553
84.5486
84.133
83.7087
83.2758
82.8345
82.3848
81.9269
81.4608
80.9865
80.5041
80.0135
79.5149
79.0082
78.4934
77.9704
77.4392
76.8998
76.352
75.7959
75.2312
74.658
74.076
73.4852
72.8854
72.2765
71.6584
71.0307
70.3935
69.7465
69.0894
68.422
67.7442
67.0557
66.3561
65.6454
64.9231
64.189
63.4427
62.6839
61.9123
61.1276
60.3294
59.5173
58.691
57.8502
56.9946
56.1239
55.2385
54.3371
53.4203
52.4883
51.5415
50.5814
49.6083
48.6248
47.6348
46.6422
45.6549
44.6845
43.7464
42.8661
42.0784
41.4348
40.9992
40.8393
40.9973
41.4652
42.1899
43.1009
44.1366
45.2514
46.4118
47.5964
48.7914
49.9853
51.1723
52.3477
53.509
54.6528
55.7784
56.8848
57.9715
59.0381
60.0845
61.1113
62.1174
63.1035
64.0698
65.0165
65.9438
66.8519
67.7412
68.6117
69.4638
70.2971
71.1128
71.9106
72.6904
73.4527
74.1972
74.9239
75.6334
76.3254
76.9999
77.6568
78.2957
78.9171
79.5207
80.1057
80.6727
81.2211
81.7502
82.2602
82.7502
83.2202
83.6693
84.0967
84.5021
84.8844
85.2431
85.5767
85.8846
86.1652
86.4174
86.6395
86.8298
86.9866
87.1076
87.1905
87.2326
87.2309
87.1821
87.0824
86.9275
86.7122
86.4314
86.0784
85.6458
85.1247
84.5058
83.7771
82.9248
81.9324
80.7797
79.444
77.8956
76.0986
79.5271
81.1036
82.4857
83.6994
84.766
85.7033
86.5264
87.2476
87.8777
88.4262
88.9008
89.3086
89.6557
89.9472
90.188
90.3822
90.5336
90.6453
90.7203
90.7614
90.7709
90.7511
90.7037
90.6307
90.5337
90.4141
90.2734
90.1126
89.933
89.7356
89.5214
89.2912
89.0458
88.7859
88.5123
88.2254
87.926
87.6144
87.2913
86.9568
86.6116
86.2559
85.89
85.5142
85.1288
84.7341
84.3301
83.9171
83.4952
83.0647
82.6255
82.1778
81.7217
81.2571
80.7843
80.3031
79.8137
79.316
78.8099
78.2956
77.7728
77.2416
76.702
76.1538
75.597
75.0315
74.4571
73.8738
73.2813
72.6797
72.0686
71.448
70.8177
70.1775
69.5271
68.8665
68.1953
67.5132
66.8202
66.1159
65.3999
64.6723
63.932
63.1796
62.4145
61.6361
60.8438
60.0381
59.2182
58.3838
57.5345
56.6701
55.7903
54.8949
53.9839
53.0572
52.1151
51.1583
50.1875
49.2043
48.2112
47.2115
46.2108
45.2169
44.2423
43.3033
42.4268
41.651
41.0294
40.6277
40.5116
40.7161
41.2244
41.9778
42.9063
43.9512
45.0678
46.2271
47.4073
48.596
49.7828
50.9625
52.1296
53.2826
54.4181
55.5361
56.6346
57.7136
58.7734
59.8127
60.8322
61.8324
62.8124
63.7729
64.7142
65.6364
66.5403
67.4251
68.2915
69.1398
69.97
70.7824
71.577
72.3541
73.1142
73.8565
74.5814
75.289
75.9793
76.6523
77.3075
77.9455
78.566
79.1686
79.7532
80.3196
80.8674
81.3963
81.9057
82.3957
82.8654
83.3143
83.7417
84.1468
84.5292
84.8876
85.2212
85.5287
85.809
86.0607
86.2821
86.4717
86.6274
86.7472
86.8285
86.8687
86.8647
86.8131
86.7099
86.551
86.3309
86.0444
85.6843
85.2437
84.7131
84.083
83.3404
82.4722
81.461
80.2855
78.9227
77.3415
75.5034
79.3666
80.9083
82.2611
83.4499
84.4954
85.4149
86.2227
86.9313
87.551
88.0908
88.5585
88.9608
89.3036
89.5921
89.8309
90.0239
90.1748
90.2869
90.3629
90.4055
90.417
90.3995
90.3549
90.285
90.1914
90.0754
89.9384
89.7816
89.6061
89.4129
89.2029
88.977
88.736
88.4805
88.2112
87.9287
87.6335
87.3262
87.0072
86.6769
86.3357
85.9839
85.6219
85.2498
84.8681
84.4767
84.0761
83.6663
83.2475
82.8198
82.3834
81.9382
81.4845
81.0222
80.5514
80.0721
79.5843
79.088
78.5833
78.0699
77.5481
77.0176
76.4784
75.9304
75.3735
74.8077
74.2328
73.6487
73.0553
72.4524
71.8399
71.2175
70.5851
69.9426
69.2896
68.6261
67.9517
67.2662
66.5694
65.861
65.1406
64.408
63.6631
62.905
62.1343
61.3495
60.5514
59.7391
58.9118
58.0701
57.2133
56.3405
55.4525
54.5487
53.6289
52.6928
51.7418
50.7758
49.796
48.804
47.8024
46.7949
45.7868
44.7877
43.8098
42.8719
42.0019
41.2411
40.6441
40.2793
40.2091
40.4607
41.0084
41.7895
42.7351
43.7878
44.9074
46.0652
47.242
48.4244
49.605
50.7773
51.9367
53.0818
54.2101
55.3197
56.4111
57.4826
58.5352
59.5676
60.581
61.5743
62.5487
63.5035
64.4398
65.3568
66.2558
67.136
67.9981
68.8427
69.6691
70.4779
71.2696
72.0436
72.8004
73.54
74.2629
74.9682
75.6564
76.3275
76.9813
77.6181
78.2371
78.8384
79.4218
79.9871
80.534
81.062
81.5709
82.0601
82.5291
82.9774
83.4042
83.8089
84.1906
84.5485
84.8814
85.1882
85.4677
85.7183
85.9388
86.1271
86.2814
86.3994
86.4786
86.5164
86.5096
86.4546
86.3476
86.184
85.9586
85.6656
85.2984
84.8489
84.3081
83.666
82.9093
82.0238
80.9926
79.7934
78.4012
76.7855
74.9055
79.1414
80.6489
81.9726
83.1368
84.1614
85.0634
85.8566
86.553
87.1627
87.6944
88.1556
88.553
88.8922
89.1782
89.4155
89.608
89.7592
89.8722
89.9499
89.9946
90.0088
89.9943
89.9532
89.8871
89.7975
89.6857
89.5532
89.401
89.2303
89.042
88.8369
88.616
88.38
88.1295
87.8652
87.5877
87.2976
86.9952
86.6811
86.3555
86.019
85.6718
85.3143
84.9466
84.5691
84.1819
83.7853
83.3793
82.9642
82.54
82.107
81.665
81.2143
80.7549
80.2868
79.8099
79.3245
78.8303
78.3275
77.8158
77.2955
76.7662
76.2281
75.681
75.1247
74.5593
73.9846
73.4004
72.8067
72.2032
71.5898
70.9663
70.3326
69.6884
69.0336
68.3678
67.691
67.0027
66.3028
65.591
64.8672
64.1306
63.3811
62.6185
61.8429
61.053
60.2494
59.4308
58.5974
57.7494
56.8853
56.006
55.1102
54.1989
53.2709
52.3274
51.3683
50.3937
49.4059
48.4061
47.3965
46.3823
45.3692
44.3657
43.3866
42.4515
41.5902
40.8459
40.2768
39.9515
39.9291
40.2279
40.814
41.6217
42.5831
43.6442
44.7662
45.9227
47.0958
48.2735
49.4478
50.6125
51.7653
52.9029
54.0236
55.1264
56.2105
57.2748
58.3205
59.3467
60.3535
61.3406
62.309
63.2586
64.1889
65.1012
65.9952
66.8707
67.7288
68.5687
69.3915
70.1965
70.9848
71.7554
72.5095
73.2461
73.9662
74.669
75.3552
76.024
76.6758
77.3107
77.9278
78.5275
79.1097
79.6736
80.2191
80.7459
81.2538
81.7419
82.2099
82.6572
83.0832
83.4869
83.8676
84.2244
84.5563
84.8619
85.1402
85.3896
85.6086
85.7953
85.9476
86.0635
86.1402
86.1752
86.1651
86.1063
85.995
85.8263
85.595
85.2952
84.9198
84.461
83.9093
83.2541
82.4824
81.5798
80.5271
79.303
77.881
76.2283
74.3058
78.8452
80.3187
81.6136
82.7536
83.7579
84.6428
85.4219
86.1066
86.7069
87.2311
87.6866
88.0797
88.416
88.7003
88.9369
89.1297
89.2819
89.3967
89.4767
89.5244
89.542
89.5315
89.4946
89.433
89.3482
89.2415
89.1143
88.9675
88.8023
88.6196
88.4203
88.2052
87.9749
87.7303
87.4718
87.2001
86.9156
86.6189
86.3104
85.9904
85.6593
85.3175
84.9651
84.6026
84.23
83.8477
83.4557
83.0543
82.6436
82.2237
81.7947
81.3567
80.9097
80.4539
79.9891
79.5155
79.033
78.5416
78.0414
77.5322
77.014
76.4867
75.9503
75.4048
74.8498
74.2855
73.7116
73.128
72.5347
71.9312
71.3177
70.6939
70.0595
69.4144
68.7584
68.0912
67.4126
66.7223
66.0201
65.3056
64.5785
63.8392
63.0863
62.32
61.5399
60.7456
59.9369
59.1133
58.2751
57.421
56.551
55.6651
54.7634
53.8449
52.91
51.9595
50.9927
50.0115
49.0161
48.0088
46.9934
45.973
44.9555
43.95
42.9706
42.0399
41.1889
40.4641
39.9259
39.6428
39.6694
40.0149
40.6385
41.4713
42.4477
43.5163
44.6412
45.7964
46.966
48.1388
49.3072
50.466
51.6119
52.7424
53.856
54.9516
56.0287
57.0868
58.1257
59.1453
60.1459
61.1273
62.0899
63.0338
63.9592
64.8663
65.7549
66.6261
67.4796
68.3157
69.1344
69.9355
70.72
71.4877
72.238
72.9719
73.6891
74.3891
75.0726
75.7393
76.3888
77.0214
77.6366
78.2346
78.8147
79.3771
79.921
80.4465
80.9527
81.4397
81.9063
82.3524
82.7769
83.1793
83.5589
83.9143
84.2447
84.5491
84.8258
85.0735
85.2906
85.4752
85.6253
85.7386
85.8126
85.8442
85.8305
85.7675
85.6513
85.4771
85.2393
84.9321
84.5482
84.0795
83.5164
82.8477
82.0604
81.1387
80.0641
78.814
77.3608
75.6706
73.7013
78.4699
79.9097
81.1764
82.2925
83.2771
84.1456
84.9112
85.5851
86.1767
86.6943
87.1449
87.5346
87.8689
88.1523
88.3892
88.5831
88.7373
88.8548
88.9381
88.9897
89.0117
89.006
88.9742
88.9182
88.8391
88.7384
88.6173
88.4769
88.3182
88.142
87.9493
87.7408
87.5173
87.2793
87.0275
86.7624
86.4846
86.1944
85.8923
85.5787
85.2539
84.9182
84.5719
84.2152
83.8485
83.4718
83.0853
82.6893
82.2837
81.8689
81.4447
81.0114
80.569
80.1174
79.6568
79.1871
78.7084
78.2205
77.7236
77.2176
76.7023
76.1778
75.6439
75.1005
74.5477
73.9851
73.4128
72.8306
72.2383
71.6358
71.0229
70.3994
69.7651
69.1198
68.4633
67.7954
67.1158
66.4242
65.7204
65.0041
64.2749
63.5328
62.7772
62.0079
61.2245
60.4267
59.6141
58.7863
57.9432
57.0842
56.2092
55.3179
54.4101
53.4857
52.5448
51.5876
50.6151
49.627
48.6254
47.6122
46.5914
45.5664
44.5449
43.5381
42.5603
41.6353
40.7975
40.0944
39.5897
39.3512
39.4278
39.8198
40.4792
41.3359
42.3264
43.4025
44.5289
45.6837
46.85
48.0181
49.1815
50.3341
51.4735
52.5979
53.7046
54.7935
55.8638
56.9152
57.9482
58.9615
59.9559
60.9314
61.8883
62.8266
63.7466
64.6486
65.5327
66.3992
67.2482
68.0799
68.8945
69.6921
70.4728
71.2368
71.9841
72.7148
73.4288
74.1263
74.8067
75.4708
76.118
76.7483
77.3615
77.9571
78.5354
79.0959
79.6379
80.1616
80.6663
81.1513
81.6165
82.0611
82.484
82.885
83.2628
83.6167
83.9456
84.248
84.523
84.7687
84.9836
85.1659
85.3134
85.4239
85.4946
85.5227
85.5049
85.4373
85.3159
85.1357
84.8911
84.5761
84.1833
83.7039
83.1287
82.446
81.6416
80.7006
79.6031
78.3258
76.8391
75.1096
73.0926
78.0058
79.4124
80.6514
81.7446
82.7101
83.563
84.316
84.9799
85.5639
86.0759
86.5226
86.91
87.2433
87.527
87.7652
87.9614
88.1187
88.24
88.3278
88.3844
88.4119
88.4121
88.3866
88.3371
88.2649
88.1713
88.0574
87.9244
87.7731
87.6046
87.4195
87.2187
87.0029
86.7726
86.5285
86.271
86.0007
85.718
85.4233
85.117
84.7994
84.4708
84.1314
83.7816
83.4215
83.0514
82.6713
82.2815
81.8821
81.4731
81.0547
80.6269
80.1898
79.7434
79.2877
78.8228
78.3486
77.8652
77.3724
76.8703
76.3588
75.8377
75.3071
74.7669
74.2169
73.6569
73.087
72.5069
71.9165
71.3156
70.7041
70.0817
69.4483
68.8036
68.1474
67.4796
66.7997
66.1077
65.403
64.6857
63.9551
63.2114
62.454
61.682
60.8961
60.0955
59.2793
58.4481
57.6013
56.7383
55.8591
54.9632
54.05
53.1206
52.1745
51.2119
50.2334
49.2399
48.2328
47.2146
46.1886
45.16
44.1362
43.1292
42.1545
41.2373
40.4139
39.7353
39.2668
39.0751
39.2023
39.6399
40.3331
41.2129
42.2172
43.2993
44.4283
45.582
46.7452
47.9094
49.0668
50.2142
51.3473
52.4652
53.5655
54.6484
55.7123
56.7573
57.784
58.7913
59.7802
60.7499
61.7011
62.634
63.5493
64.4462
65.3255
66.1872
67.0322
67.8595
68.67
69.4636
70.2405
71.0008
71.745
72.4723
73.1832
73.8776
74.5554
75.2167
75.8613
76.4891
77.0998
77.6934
78.2695
78.8278
79.368
79.8895
80.3923
80.8757
81.339
81.7817
82.2031
82.602
82.9782
83.3303
83.6572
83.9578
84.2304
84.474
84.6865
84.8661
85.0108
85.1181
85.1854
85.2096
85.1874
85.1149
84.9878
84.8014
84.5495
84.2261
83.8238
83.3334
82.7456
82.0477
81.2266
80.2648
79.1434
77.8378
76.3172
74.547
72.479
77.4415
78.8156
80.0276
81.0987
82.046
82.8844
83.626
84.2811
84.8587
85.3663
85.8104
86.1968
86.5305
86.8159
87.0567
87.2565
87.4183
87.5447
87.6383
87.7012
87.7355
87.7429
87.725
87.6834
87.6193
87.534
87.4286
87.3042
87.1616
87.0019
86.8256
86.6337
86.4267
86.2052
85.9699
85.7211
85.4595
85.1854
84.8992
84.6012
84.2919
83.9715
83.6401
83.2982
82.9458
82.5832
82.2105
81.8279
81.4355
81.0334
80.6216
80.2003
79.7695
79.3292
78.8794
78.4202
77.9515
77.4733
76.9856
76.4883
75.9814
75.4648
74.9384
74.402
73.8557
73.2992
72.7325
72.1554
71.5677
70.9693
70.3599
69.7395
69.1078
68.4645
67.8095
67.1425
66.4632
65.7715
65.0669
64.3492
63.6181
62.8737
62.1147
61.3418
60.5538
59.7511
58.9326
58.0989
57.2486
56.3824
55.4991
54.5995
53.6829
52.7493
51.7981
50.8309
49.8477
48.8496
47.8374
46.815
45.7853
44.7539
43.7289
42.7223
41.7519
40.8442
40.0377
39.3861
38.9561
38.8128
38.991
39.4728
40.1991
41.1002
42.1169
43.2056
44.3364
45.4883
46.6491
47.8091
48.9621
50.1032
51.2309
52.3427
53.4367
54.5133
55.5715
56.6104
57.631
58.6329
59.6155
60.5801
61.5259
62.454
63.3636
64.256
65.1304
65.988
66.828
67.651
68.4578
69.2474
70.0205
70.7775
71.5178
72.2417
72.9497
73.6409
74.3158
74.9742
75.6164
76.2415
76.8498
77.4409
78.0146
78.571
79.109
79.6286
80.1293
80.6106
81.072
81.5127
81.9321
82.3292
82.7033
83.0534
83.3782
83.6765
83.947
84.188
84.398
84.5748
84.7163
84.8202
84.8837
84.9038
84.8769
84.7992
84.6662
84.4731
84.2137
83.8816
83.4691
82.9676
82.3662
81.653
80.8135
79.8313
78.6844
77.3484
75.7935
73.9795
71.8611
76.7629
78.1055
79.2915
80.3415
81.2721
82.0973
82.8289
83.4768
84.0494
84.5542
84.9974
85.3844
85.7201
86.0087
86.2538
86.4588
86.6266
86.7598
86.8608
86.9316
86.9742
86.9903
86.9815
86.9492
86.8947
86.8192
86.7237
86.6093
86.4769
86.3273
86.1613
85.9796
85.7827
85.5714
85.3462
85.1075
84.8558
84.5915
84.315
84.0267
83.7268
83.4157
83.0935
82.7605
82.417
82.0631
81.6989
81.3246
80.9403
80.5462
80.1422
79.7284
79.3049
78.8717
78.4289
77.9763
77.5142
77.0422
76.5606
76.0691
75.5678
75.0565
74.5352
74.0037
73.462
72.9099
72.3473
71.7741
71.19
70.595
69.9888
69.3712
68.742
68.101
67.448
66.7828
66.105
65.4143
64.7107
63.9935
63.2628
62.5179
61.7592
60.9853
60.1963
59.3921
58.5726
57.7365
56.8841
56.0156
55.1296
54.227
53.3066
52.3695
51.4147
50.4437
49.456
48.4539
47.438
46.4122
45.3797
44.3458
43.3205
42.316
41.3514
40.4544
39.667
39.0449
38.6561
38.563
38.7922
39.3171
40.0745
40.9957
42.0239
43.1182
44.2505
45.4019
46.5598
47.7157
48.8637
50
51.1219
52.2277
53.3163
54.3869
55.439
56.4719
57.4867
58.4828
59.4603
60.4189
61.3598
62.2827
63.1878
64.0748
64.945
65.798
66.6336
67.4528
68.255
69.0411
69.8107
70.5637
71.3008
72.0213
72.726
73.4141
74.0863
74.7418
75.3808
76.0035
76.6091
77.198
77.7693
78.323
78.859
79.3764
79.8749
80.3544
80.8136
81.2522
81.6694
82.0647
82.4366
82.7844
83.1069
83.4029
83.671
83.9094
84.1165
84.2903
84.4286
84.5289
84.5885
84.6041
84.5724
84.4892
84.3501
84.1499
83.8826
83.5415
83.1187
82.605
81.9899
81.2607
80.4027
79.398
78.2253
76.8587
75.267
73.4089
71.2352
75.9533
77.2652
78.4268
79.4573
80.3728
81.1865
81.9099
82.5524
83.1221
83.626
84.0702
84.4598
84.7995
85.0933
85.3446
85.5568
85.7325
85.8744
85.9846
86.0651
86.1179
86.1446
86.1467
86.1255
86.0823
86.0183
85.9344
85.8317
85.7111
85.5733
85.419
85.249
85.064
84.8643
84.6506
84.4234
84.1831
83.9301
83.6648
83.3874
83.0984
82.7979
82.4862
82.1637
81.8303
81.4863
81.1319
80.7672
80.3922
80.0072
79.6121
79.2071
78.7921
78.3672
77.9325
77.4878
77.0332
76.5686
76.0941
75.6095
75.1149
74.61
74.0948
73.5692
73.0332
72.4865
71.9291
71.3607
70.7813
70.1906
69.5884
68.9747
68.349
67.7113
67.0613
66.3986
65.7232
65.0347
64.3328
63.6172
62.8876
62.1437
61.3851
60.6115
59.8226
59.018
58.1974
57.3609
56.5073
55.6366
54.7488
53.8435
52.9212
51.9808
51.0231
50.0491
49.0583
48.0525
47.0343
46.0051
44.97
43.9359
42.9106
41.9094
40.9513
40.0677
39.3011
38.7111
38.3659
38.3241
38.6038
39.1701
39.9575
40.8974
41.9363
43.0363
44.17
45.3202
46.4752
47.627
48.7708
49.9019
51.0182
52.1182
53.201
54.2656
55.3119
56.3396
57.3487
58.3391
59.3112
60.2649
61.2006
62.1184
63.0185
63.9013
64.7668
65.6153
66.4465
67.2615
68.06
68.8422
69.608
70.3573
71.0909
71.8084
72.5098
73.1947
73.8638
74.5167
75.1529
75.7729
76.3758
76.9622
77.5312
78.0825
78.6162
79.1312
79.6277
80.1047
80.5619
80.9983
81.4136
81.8064
82.1763
82.5218
82.8419
83.1355
83.4009
83.6366
83.8408
84.0114
84.1463
84.2429
84.2983
84.3094
84.2725
84.1836
84.0381
83.8306
83.5552
83.2044
82.7709
82.2449
81.6155
80.8699
79.9925
78.9653
77.7652
76.3667
74.736
72.8317
70.6019
74.9915
76.2747
77.4136
78.4266
79.3291
80.1338
80.8513
81.4908
82.06
82.5655
83.0131
83.4077
83.7537
84.055
84.315
84.5367
84.7227
84.8754
84.9971
85.0897
85.1548
85.1942
85.2093
85.2012
85.1714
85.1209
85.0506
84.9616
84.8546
84.7305
84.5899
84.4334
84.2619
84.0756
83.8753
83.6613
83.4341
83.194
82.9414
82.6766
82.4
82.1117
81.8121
81.5014
81.1796
80.847
80.5039
80.1501
79.786
79.4115
79.0267
78.6317
78.2266
77.8113
77.3858
76.9502
76.5045
76.0485
75.5824
75.1059
74.6191
74.1218
73.614
73.0954
72.5662
72.026
71.4749
70.9125
70.3388
69.7535
69.1565
68.5476
67.9265
67.2931
66.6471
65.9881
65.3161
64.6306
63.9315
63.2183
62.4909
61.7489
60.9919
60.2191
59.4311
58.6271
57.8068
56.9697
56.1157
55.2443
54.3554
53.4488
52.5243
51.5821
50.6223
49.6454
48.6522
47.6447
46.6237
45.5928
44.5565
43.5216
42.4987
41.5012
40.5517
39.6828
38.9394
38.3835
38.0841
38.0947
38.4241
39.0307
39.846
40.8034
41.8528
42.9569
44.0916
45.2412
46.3933
47.5418
48.6803
49.8062
50.9177
52.0121
53.0891
54.1486
55.1891
56.2112
57.2146
58.2002
59.1668
60.1153
61.0458
61.9586
62.8539
63.7324
64.5933
65.4374
66.2648
67.0756
67.8701
68.6483
69.4104
70.1565
70.8865
71.6006
72.2988
72.9805
73.6466
74.2965
74.9302
75.5474
76.148
76.7314
77.298
77.8471
78.3783
78.8913
79.3853
79.8602
80.3152
80.7493
81.1623
81.553
81.9204
82.2637
82.5814
82.8724
83.1353
83.3681
83.5693
83.7366
83.868
83.9607
84.0118
84.0182
83.976
83.8813
83.7291
83.5142
83.23
82.8699
82.4253
81.8863
81.2422
80.4795
79.5816
78.5309
77.3039
75.8717
74.2015
72.2494
69.9614
73.8522
75.109
76.2277
77.226
78.1183
78.9168
79.6315
80.271
80.8426
81.3527
81.8068
82.2093
82.5647
82.8765
83.148
83.3819
83.581
83.7474
83.8833
83.9904
84.0706
84.1252
84.1557
84.1633
84.1493
84.1146
84.0603
83.9871
83.8961
83.7878
83.663
83.5223
83.3664
83.1956
83.0106
82.8118
82.5995
82.3742
82.1363
81.886
81.6236
81.3493
81.0635
80.7663
80.4579
80.1384
79.8081
79.467
79.1151
78.7527
78.3798
77.9964
77.6026
77.1984
76.7837
76.3587
75.9232
75.4773
75.0208
74.5538
74.0762
73.5878
73.0886
72.5784
72.0573
71.5249
70.9812
70.4261
69.8592
69.2806
68.6899
68.087
67.4717
66.8437
66.2027
65.5486
64.8811
64.1998
63.5045
62.7947
62.0706
61.3311
60.5767
59.8066
59.0201
58.2177
57.3985
56.5618
55.7083
54.8371
53.9481
53.041
52.1152
51.172
50.2109
49.2326
48.2379
47.2282
46.2057
45.1738
44.1372
43.1032
42.0823
41.0904
40.1508
39.2979
38.5802
38.0615
37.8097
37.8732
38.2518
38.8967
39.7377
40.712
41.7705
42.8788
44.015
45.1632
46.3123
47.4569
48.5914
49.7122
50.8184
51.9073
52.9792
54.0325
55.068
56.0845
57.083
58.0626
59.0239
59.9678
60.8933
61.8012
62.6922
63.5655
64.4219
65.2621
66.0852
66.8919
67.6824
68.4573
69.2156
69.9581
70.6847
71.3954
72.0903
72.7696
73.4326
74.0796
74.7104
75.3249
75.9228
76.504
77.068
77.6146
78.1435
78.6541
79.146
79.6186
80.0713
80.5032
80.9139
81.3023
81.6676
82.0084
82.3238
82.6121
82.8722
83.1022
83.3003
83.4643
83.592
83.6808
83.7276
83.7291
83.6816
83.5808
83.4219
83.1992
82.9064
82.5363
82.0801
81.5284
80.8688
80.0885
79.1701
78.0946
76.8389
75.3726
73.6614
71.6585
69.3098
72.5034
73.7368
74.8389
75.8261
76.7122
77.5082
78.2239
78.8672
79.4452
79.9636
80.4278
80.8421
81.2104
81.5363
81.8227
82.0725
82.288
82.4713
82.6247
82.7496
82.8478
82.9207
82.9697
82.9959
83.0005
82.9845
82.9489
82.8943
82.8218
82.732
82.6256
82.5031
82.3652
82.2123
82.045
81.8636
81.6687
81.4605
81.2394
81.0056
80.7595
80.5014
80.2314
79.9497
79.6566
79.3522
79.0366
78.7099
78.3723
78.0238
77.6645
77.2944
76.9136
76.5222
76.12
75.7071
75.2835
74.8492
74.404
73.948
73.481
73.003
72.5139
72.0136
71.5019
70.9788
70.4439
69.8974
69.3388
68.7681
68.1851
67.5896
66.9812
66.3599
65.7253
65.0773
64.4154
63.7394
63.0492
62.344
61.6243
60.8889
60.1382
59.371
58.5874
57.7876
56.9702
56.136
55.2834
54.4134
53.5252
52.618
51.693
50.7496
49.7876
48.8086
47.8132
46.8022
45.7791
44.747
43.7109
42.6787
41.6609
40.6758
39.7476
38.913
38.2231
37.7434
37.5412
37.6581
38.0845
38.7657
39.6318
40.6213
41.6882
42.8008
43.9376
45.0842
46.2304
47.371
48.501
49.6174
50.7177
51.8017
52.8682
53.9165
54.9458
55.9574
56.9505
57.9247
58.8814
59.8196
60.7407
61.6442
62.53
63.3993
64.2512
65.087
65.9059
66.7091
67.4956
68.2662
69.0213
69.7602
70.4838
71.1912
71.8828
72.5591
73.2191
73.8631
74.4911
75.1032
75.6985
76.277
76.8386
77.3831
77.9095
78.4178
78.9074
79.3778
79.8282
80.258
80.6667
81.0528
81.4157
81.7541
82.067
82.3528
82.6102
82.8373
83.0323
83.193
83.317
83.4018
83.4441
83.4408
83.3878
83.2809
83.115
82.8845
82.5828
82.2026
81.7348
81.1693
80.4941
79.6952
78.7562
77.6558
76.3699
74.8682
73.1147
71.0604
68.6474
70.905
72.1197
73.21
74.191
75.0756
75.8742
76.5958
77.2478
77.837
78.3685
78.8475
79.278
79.6638
80.0081
80.3138
80.5836
80.8196
81.024
81.1987
81.3452
81.4653
81.5602
81.6312
81.6796
81.7063
81.7124
81.6987
81.6661
81.6152
81.547
81.4619
81.3606
81.2436
81.1115
80.9646
80.8035
80.6285
80.4399
80.2382
80.0236
79.7963
79.5567
79.3048
79.0411
78.7655
78.4783
78.1797
77.8696
77.5483
77.2158
76.8721
76.5174
76.1517
75.7748
75.387
74.9882
74.5784
74.1574
73.7253
73.282
72.8275
72.3616
71.8843
71.3954
70.8948
70.3825
69.8581
69.3216
68.7729
68.2117
67.6378
67.051
66.4511
65.8379
65.211
64.5704
63.9155
63.2463
62.5624
61.8636
61.1491
60.4189
59.6727
58.9101
58.1312
57.3347
56.5207
55.6889
54.8395
53.9712
53.0849
52.1792
51.2547
50.3121
49.3506
48.372
47.3761
46.3658
45.3424
44.311
43.2757
42.2461
41.2338
40.2561
39.3409
38.5264
37.8663
37.4285
37.2775
37.4477
37.9205
38.6368
39.526
40.5295
41.6041
42.7199
43.857
45.0019
46.1457
47.2824
48.4078
49.5192
50.6148
51.6934
52.7544
53.7972
54.8217
55.8277
56.8155
57.785
58.736
59.6697
60.5858
61.4845
62.3661
63.2304
64.0784
64.9099
65.7247
66.5238
67.3069
68.0737
68.8252
69.561
70.2807
70.9852
71.6737
72.3469
73.004
73.6455
74.2707
74.8801
75.4728
76.0491
76.6082
77.15
77.6744
78.1804
78.6677
79.136
79.5843
80.0119
80.4183
80.8021
81.1627
81.499
81.8093
82.0926
82.3472
82.5714
82.7634
82.9208
83.0412
83.1219
83.1599
83.1516
83.0931
82.98
82.807
82.5686
82.2579
81.8671
81.3873
80.8081
80.117
79.2996
78.3382
77.2121
75.8957
74.3586
72.5602
70.4526
67.9744
69.0065
70.2089
71.2937
72.275
73.1646
73.9722
74.706
75.3731
75.9795
76.5302
77.0299
77.4823
77.8913
78.2595
78.5898
78.8847
79.1464
79.3768
79.5776
79.7506
79.8971
80.0184
80.116
80.1907
80.2437
80.2758
80.2882
80.2813
80.256
80.213
80.1529
80.0763
79.9837
79.8757
79.7526
79.6149
79.463
79.2972
79.1179
78.9254
78.7198
78.5015
78.2706
78.0275
77.7722
77.5049
77.2257
76.9348
76.6322
76.3181
75.9925
75.6554
75.307
74.9471
74.5759
74.1933
73.7992
73.3938
72.9768
72.5483
72.1081
71.6563
71.1926
70.7171
70.2295
69.7297
69.2177
68.6931
68.1559
67.6058
67.0427
66.4663
65.8765
65.273
64.6555
64.0238
63.3775
62.7164
62.0403
61.3488
60.6415
59.918
59.1781
58.4214
57.6475
56.8561
56.0467
55.2192
54.3731
53.5082
52.6242
51.7217
50.7995
49.8581
48.8982
47.9208
46.9261
45.9162
44.8947
43.8642
42.8313
41.8055
40.7984
39.8306
38.9294
38.1367
37.5095
37.1156
37.0171
37.2403
37.7583
38.507
39.4183
40.4348
41.5163
42.6356
43.7727
44.9157
46.0564
47.1896
48.3104
49.4168
50.5071
51.5804
52.6359
53.6738
54.6927
55.6934
56.6758
57.6401
58.5865
59.5151
60.4263
61.3203
62.1973
63.0575
63.9011
64.7284
65.5396
66.3342
67.1135
67.8771
68.625
69.3573
70.0741
70.7749
71.4607
72.1308
72.7853
73.4237
74.0465
74.6533
75.2434
75.8173
76.3743
76.9137
77.4358
77.9396
78.4249
78.8909
79.3371
79.7626
80.1668
80.5485
80.907
81.2407
81.5489
81.8296
82.0817
82.3031
82.492
82.646
82.7628
82.8396
82.8731
82.8599
82.7959
82.6766
82.4967
82.2502
81.9302
81.529
81.0371
80.444
79.7362
78.8997
77.9161
76.7637
75.416
73.8404
71.9955
69.8324
67.2864
