41.2077
44.4002
46.9827
49.0334
50.6454
51.8984
52.8558
53.5665
54.0688
54.393
54.5631
54.5984
54.5148
54.3254
54.0411
53.6715
53.2249
52.7092
52.1317
51.5
50.8224
50.1084
49.3698
48.6219
47.8849
47.1875
46.569
46.0845
45.8037
45.7971
46.1003
46.6875
47.4897
48.4332
49.4599
50.5295
51.6149
52.6989
53.7705
54.8225
55.8506
56.8524
57.8265
58.7722
59.6898
60.5795
61.4419
62.2777
63.0877
63.8731
64.6346
65.3731
66.0896
66.7848
67.4596
68.115
68.7515
69.3699
69.9709
70.5552
71.1234
71.6761
72.2139
72.7373
73.2469
73.7431
74.2264
74.6973
75.1562
75.6036
76.0397
76.465
76.8798
77.2844
77.6792
78.0645
78.4405
78.8075
79.1659
79.5157
79.8572
80.1908
80.5165
80.8347
81.1455
81.4491
81.7457
82.0356
82.3189
82.5958
82.8664
83.1311
83.39
83.6433
83.8912
84.1338
84.3715
84.6043
84.8325
85.0562
85.2759
85.4915
85.7034
85.9117
86.1164
86.318
86.5166
86.7122
86.9052
87.0957
87.2835
87.4692
87.6524
87.8335
88.0124
88.1889
88.3633
88.5352
88.7047
88.8718
89.036
89.1974
89.3555
89.5102
89.6614
89.8086
89.9514
90.0899
90.2233
90.3515
90.4742
90.591
90.7016
90.8056
90.9027
90.9926
91.075
91.1496
91.2159
91.2739
91.323
91.3632
91.3942
91.4155
91.427
91.4285
91.4197
91.4004
91.3703
91.3292
91.2768
91.213
91.1377
91.0504
90.9509
90.8391
90.7148
90.5776
90.4273
90.2638
90.0866
89.8955
89.6903
89.4705
89.2359
88.9861
88.7206
88.4391
88.1412
87.8263
87.4939
87.1434
86.7743
86.3857
85.977
85.5473
85.0957
84.6212
84.123
83.5996
83.0495
82.4718
81.8645
81.2257
80.5536
79.846
79.1
78.3131
77.482
76.6031
75.6719
74.6836
73.6329
42.4068
45.5446
48.079
50.0941
51.6821
52.9203
53.8696
54.5772
55.0804
55.4083
55.5842
55.6269
55.5519
55.3719
55.0977
54.7386
54.3029
53.7981
53.2316
52.611
51.9447
51.2425
50.5168
49.7836
49.0647
48.3905
47.8035
47.3613
47.1344
47.1886
47.5479
48.1761
49.001
49.9515
50.9736
52.0302
53.0971
54.1585
55.2048
56.2298
57.2296
58.2026
59.1473
60.0637
60.9519
61.8124
62.646
63.4534
64.2356
64.9935
65.7281
66.4403
67.131
67.8012
68.4514
69.0828
69.6958
70.2914
70.8701
71.4327
71.9797
72.5117
73.0294
73.5331
74.0236
74.5011
74.9664
75.4196
75.8613
76.2919
76.7117
77.1211
77.5205
77.9101
78.2903
78.6614
79.0236
79.3772
79.7225
80.0596
80.3889
80.7105
81.0246
81.3315
81.6314
81.9244
82.2108
82.4908
82.7644
83.032
83.2939
83.55
83.8006
84.046
84.2864
84.5219
84.7527
84.9791
85.2012
85.4194
85.6338
85.8447
86.0522
86.2567
86.4583
86.6572
86.8536
87.0478
87.2399
87.4301
87.6184
87.8053
87.9906
88.1744
88.3568
88.5378
88.7175
88.8957
89.0722
89.2471
89.42
89.591
89.7597
89.9257
90.089
90.2491
90.4058
90.5587
90.7075
90.8517
90.9912
91.1254
91.2541
91.377
91.4935
91.6034
91.7066
91.8023
91.8905
91.9709
92.043
92.1067
92.1616
92.2075
92.2442
92.2712
92.2885
92.2957
92.2926
92.279
92.2546
92.2193
92.1728
92.1149
92.0453
91.9638
91.8702
91.7641
91.6455
91.5139
91.3692
91.2111
91.0391
90.8531
90.6526
90.4374
90.2069
89.9608
89.6987
89.42
89.1242
88.8106
88.4787
88.1278
87.7571
87.3657
86.9528
86.5172
86.058
85.574
85.0634
84.5251
83.9573
83.358
82.7252
82.0564
81.3491
80.5999
79.8059
78.9623
78.0655
77.1099
76.089
43.6351
46.7217
49.2129
51.1977
52.7667
53.9945
54.94
55.6489
56.157
56.4927
56.6786
56.7331
56.6712
56.5053
56.2461
55.9026
55.4829
54.9947
54.445
53.8415
53.1928
52.5089
51.8024
51.0904
50.396
49.7516
49.2023
48.8081
48.6392
48.7539
49.1639
49.8236
50.6604
51.6073
52.6146
53.6489
54.6883
55.7191
56.7326
57.7237
58.689
59.627
60.537
61.4187
62.2728
63.0996
63.9002
64.6752
65.4258
66.1527
66.857
67.5397
68.2016
68.8435
69.4664
70.0709
70.6579
71.228
71.7819
72.3203
72.8436
73.3527
73.8479
74.3298
74.7989
75.2556
75.7005
76.1339
76.5563
76.9681
77.3696
77.7611
78.143
78.5156
78.8792
79.2341
79.5805
79.9187
80.2489
80.5714
80.8864
81.194
81.4945
81.7882
82.0752
82.3556
82.6297
82.8977
83.1597
83.4162
83.6669
83.9125
84.1527
84.3882
84.6188
84.845
85.0669
85.2847
85.4987
85.7092
85.9162
86.1201
86.3212
86.5198
86.7159
86.9099
87.1021
87.2926
87.4817
87.6696
87.8564
88.0425
88.2278
88.4125
88.5966
88.7802
88.9634
89.1459
89.3278
89.5089
89.6891
89.8682
90.0457
90.2216
90.3956
90.5673
90.7363
90.9024
91.0651
91.2239
91.3788
91.5292
91.6745
91.8148
91.9493
92.0779
92.2
92.3156
92.424
92.5252
92.6186
92.7042
92.7813
92.85
92.9098
92.9605
93.0019
93.0336
93.0555
93.0673
93.0687
93.0595
93.0396
93.0085
92.9662
92.9124
92.8468
92.7691
92.6792
92.5766
92.4613
92.3329
92.1909
92.0352
91.8653
91.6809
91.4817
91.267
91.0366
90.7898
90.5261
90.2449
89.9456
89.6275
89.2896
88.9312
88.5513
88.149
87.7228
87.2718
86.7944
86.2888
85.7535
85.1863
84.5854
83.9476
83.2703
82.5508
81.7845
80.9676
80.0956
79.162
78.1606
44.8918
47.9305
50.3838
52.3436
53.8982
55.1203
56.0662
56.7805
57.2978
57.6455
57.8459
57.9167
57.8727
57.7261
57.4872
57.1651
56.7677
56.3025
55.7766
55.1977
54.5743
53.9167
53.238
52.556
51.8949
51.289
50.7854
50.4458
50.3375
50.5095
50.9605
51.6388
52.4738
53.4039
54.3842
55.3851
56.3874
57.3785
58.3513
59.3011
60.2251
61.122
61.9915
62.8336
63.6487
64.4375
65.2009
65.9395
66.6547
67.3472
68.018
68.668
69.2981
69.909
70.5017
71.0768
71.6351
72.1773
72.7039
73.2157
73.7132
74.1969
74.6675
75.1254
75.571
76.0048
76.4274
76.839
77.2401
77.6311
78.0122
78.3839
78.7464
79.1001
79.4452
79.7819
80.1106
80.4315
80.7448
81.0507
81.3494
81.6412
81.9262
82.2047
82.4767
82.7426
83.0025
83.2566
83.5052
83.7481
83.986
84.2189
84.4468
84.6703
84.8893
85.104
85.315
85.5221
85.7259
85.9264
86.124
86.3189
86.5115
86.7019
86.8906
87.0776
87.2634
87.4483
87.6324
87.816
87.9993
88.1828
88.3662
88.5499
88.734
88.9186
89.1037
89.2891
89.4749
89.6608
89.8468
90.0326
90.2179
90.4025
90.5861
90.7682
90.9485
91.1267
91.3023
91.4748
91.644
91.8093
91.9705
92.127
92.2785
92.4245
92.5648
92.6989
92.8265
92.9472
93.0607
93.1667
93.2648
93.3549
93.4365
93.5094
93.5733
93.628
93.6733
93.7087
93.7342
93.7494
93.754
93.7481
93.731
93.7028
93.663
93.6116
93.548
93.4722
93.3838
93.2825
93.1679
93.0398
92.8977
92.7413
92.5702
92.3838
92.1819
91.9636
91.7286
91.4762
91.2057
90.9164
90.6073
90.2778
89.9267
89.5528
89.1552
88.7323
88.2828
87.8048
87.2965
86.756
86.1806
85.568
84.9148
84.2176
83.4726
82.6752
81.8201
80.9012
79.9114
46.1749
49.1696
51.5901
53.5296
55.0746
56.2951
57.2458
57.9695
58.5001
58.8642
59.0834
59.1753
59.1541
59.0321
58.8193
58.5248
58.1563
57.7213
57.2271
56.6812
56.0923
55.4709
54.8304
54.1892
53.5726
53.0159
52.5677
52.2889
52.2416
52.463
52.9411
53.6213
54.4381
55.3365
56.2767
57.2326
58.1873
59.1297
60.0536
60.9546
61.8308
62.6808
63.5044
64.3017
65.0733
65.8198
66.542
67.2408
67.9172
68.572
69.2062
69.8205
70.4159
70.9932
71.5532
72.0964
72.6236
73.1355
73.6327
74.1157
74.5852
75.0416
75.4854
75.9173
76.3375
76.7465
77.1447
77.5327
77.9106
78.2789
78.6379
78.9878
79.3291
79.662
79.9867
80.3035
80.6127
80.9144
81.2089
81.4964
81.777
82.0511
82.3187
82.5801
82.8354
83.0849
83.3287
83.567
83.8
84.0279
84.2508
84.469
84.6826
84.892
85.0973
85.2988
85.4967
85.6913
85.8826
86.0712
86.2574
86.4411
86.6231
86.8035
86.9824
87.1606
87.338
87.5152
87.6923
87.8698
88.0478
88.2267
88.4066
88.5878
88.7703
88.9543
89.1398
89.3268
89.5151
89.7048
89.8955
90.0871
90.2793
90.4717
90.6639
90.8557
91.0465
91.2361
91.4239
91.6094
91.7923
91.972
92.1481
92.3202
92.4879
92.6507
92.8083
92.9602
93.106
93.2454
93.3781
93.5037
93.6218
93.7323
93.8346
93.9287
94.014
94.0905
94.1578
94.2157
94.2638
94.302
94.33
94.3474
94.3542
94.3499
94.3344
94.3073
94.2684
94.2174
94.154
94.0778
93.9886
93.8859
93.7694
93.6387
93.4933
93.3327
93.1566
92.9643
92.7552
92.5287
92.2839
92.0204
91.7371
91.4329
91.1071
90.7584
90.3856
89.987
89.5615
89.107
88.6216
88.1031
87.5487
86.9561
86.3219
85.6423
84.9132
84.1297
83.2863
82.3764
81.3918
47.482
50.4367
52.8289
54.7528
56.2922
57.5152
58.4745
59.2116
59.7594
60.144
60.3864
60.5038
60.5104
60.4182
60.2372
59.9764
59.6436
59.2464
58.792
58.2881
57.7436
57.1692
56.5786
55.9905
55.4308
54.9352
54.5517
54.338
54.348
54.6069
55.0946
55.7586
56.5403
57.3919
58.279
59.1785
60.0756
60.9607
61.8279
62.6735
63.4956
64.2931
65.0659
65.8139
66.5378
67.2382
67.9158
68.5714
69.2059
69.8201
70.4149
70.9911
71.5494
72.0906
72.6154
73.1245
73.6186
74.0981
74.5638
75.0161
75.4556
75.8827
76.298
76.7019
77.0949
77.4772
77.8495
78.2119
78.5649
78.9088
79.2439
79.5704
79.8888
80.1991
80.5017
80.7969
81.0847
81.3655
81.6395
81.9067
82.1676
82.4221
82.6706
82.9131
83.1499
83.3811
83.6069
83.8276
84.0432
84.2539
84.46
84.6617
84.8593
85.0527
85.2424
85.4285
85.6114
85.7912
85.9683
86.143
86.3154
86.4862
86.6555
86.8237
86.9911
87.1583
87.3253
87.4929
87.6612
87.8306
88.0015
88.1742
88.349
88.5259
88.7055
88.8876
89.0723
89.2597
89.4496
89.6421
89.8366
90.0333
90.2315
90.4312
90.6316
90.8325
91.0335
91.234
91.4335
91.6316
91.8278
92.0214
92.2123
92.3996
92.5831
92.7622
92.9366
93.1059
93.2695
93.4271
93.5784
93.723
93.8605
93.9906
94.113
94.2273
94.3334
94.4308
94.5193
94.5986
94.6684
94.7286
94.7787
94.8185
94.8478
94.8663
94.8737
94.8697
94.8541
94.8264
94.7865
94.7339
94.6683
94.5893
94.4966
94.3898
94.2682
94.1316
93.9792
93.8107
93.6253
93.4224
93.2012
92.9609
92.7007
92.4194
92.1162
91.7897
91.4387
91.0615
90.6567
90.2223
89.7563
89.2564
88.7197
88.1436
87.5246
86.8583
86.141
85.3673
84.5308
83.6252
82.6422
48.81
51.7283
54.0965
56.0086
57.5464
58.7754
59.7468
60.5009
61.0696
61.4783
61.7477
61.8949
61.9337
61.8762
61.7323
61.5111
61.2204
60.868
60.4613
60.0083
59.5179
59.001
58.4717
57.9489
57.4581
57.0343
56.7225
56.5745
56.6338
56.915
57.3946
58.0249
58.7561
59.5476
60.37
61.2033
62.0343
62.8544
63.6583
64.4427
65.2055
65.946
66.6637
67.3587
68.0315
68.6825
69.3125
69.9221
70.5121
71.0832
71.6363
72.1721
72.6912
73.1943
73.6821
74.1552
74.6141
75.0595
75.4918
75.9116
76.3195
76.7157
77.1007
77.4751
77.8392
78.1933
78.5379
78.8733
79.1997
79.5176
79.8271
80.1287
80.4224
80.7086
80.9875
81.2593
81.5242
81.7825
82.0342
82.2796
82.5189
82.7523
82.9798
83.2017
83.4182
83.6294
83.8355
84.0367
84.2331
84.425
84.6125
84.7957
84.9752
85.1507
85.3228
85.4917
85.6576
85.8208
85.9816
86.1402
86.2972
86.4528
86.6074
86.7615
86.9153
87.0694
87.2243
87.3802
87.5378
87.6973
87.8593
88.0242
88.1922
88.3637
88.5388
88.7178
88.9006
89.0874
89.2782
89.4726
89.6705
89.8716
90.0757
90.2821
90.4905
90.7005
90.9114
91.1228
91.334
91.5446
91.7539
91.9616
92.1669
92.3695
92.5686
92.7641
92.9552
93.1415
93.3228
93.4983
93.6679
93.8312
93.9877
94.1371
94.279
94.4133
94.5394
94.6572
94.7662
94.8663
94.9572
95.0385
95.11
95.1714
95.2224
95.2627
95.292
95.3101
95.3166
95.3112
95.2935
95.2633
95.2201
95.1636
95.0933
95.0088
94.9096
94.7953
94.6652
94.5187
94.3553
94.1742
93.9746
93.7557
93.5165
93.2561
92.9732
92.6668
92.3352
91.9769
91.5905
91.1737
90.7243
90.2403
89.7183
89.1557
88.5485
87.8928
87.184
86.4164
85.5842
84.6792
83.6939
50.1544
53.0397
55.3879
57.2918
58.8312
60.0694
61.0559
61.8298
62.4224
62.8585
63.1583
63.3388
63.4137
63.395
63.2927
63.116
62.8731
62.5716
62.2195
61.8247
61.3967
60.9465
60.4881
60.0403
59.6275
59.2823
59.0449
58.9587
59.0566
59.3451
59.8008
60.3835
61.0522
61.7734
62.5224
63.282
64.0403
64.7899
65.5255
66.2442
66.944
67.6239
68.2834
68.9225
69.5415
70.1407
70.7208
71.2823
71.8258
72.352
72.8615
73.3551
73.8332
74.2966
74.7457
75.1812
75.6035
76.0132
76.4108
76.7967
77.1713
77.5351
77.8885
78.2319
78.5657
78.8902
79.2057
79.5125
79.811
80.1014
80.3839
80.6589
80.9266
81.1872
81.4408
81.6878
81.9282
82.1624
82.3903
82.6123
82.8285
83.0389
83.244
83.4436
83.6382
83.8276
84.0123
84.1923
84.3677
84.5389
84.706
84.869
85.0284
85.1843
85.337
85.4866
85.6336
85.7782
85.9206
86.0614
86.2007
86.3391
86.4771
86.6149
86.7531
86.8922
87.0327
87.1752
87.3201
87.468
87.6194
87.7748
87.9346
88.0991
88.2686
88.4433
88.6234
88.8089
88.9997
89.1957
89.3965
89.602
89.8116
90.025
90.2414
90.4605
90.6816
90.904
91.1272
91.3506
91.5736
91.7953
92.0155
92.2334
92.4485
92.6603
92.8683
93.0719
93.2707
93.4643
93.6522
93.834
94.0095
94.178
94.3394
94.4932
94.6392
94.777
94.9063
95.0268
95.1382
95.2402
95.3325
95.4148
95.4869
95.5483
95.5988
95.6382
95.666
95.682
95.6858
95.6769
95.6552
95.62
95.5711
95.5078
95.4298
95.3366
95.2274
95.1017
94.9589
94.7981
94.6187
94.4195
94.1999
93.9585
93.6943
93.406
93.0921
92.7509
92.3808
91.9796
91.5449
91.0743
90.5649
90.0133
89.4161
88.7683
88.0655
87.3018
86.4705
85.5645
84.5737
51.511
54.3662
56.6974
58.5962
60.1398
61.3896
62.3936
63.1898
63.8086
64.2745
64.6073
64.8238
64.9377
64.961
64.9038
64.7754
64.5843
64.3383
64.0455
63.7145
63.3546
62.9771
62.5959
62.2287
61.8982
61.6332
61.4675
61.4355
61.5603
61.8434
62.2639
62.7897
63.3886
64.0336
64.7041
65.3855
66.0675
66.7431
67.4076
68.058
68.6924
69.3095
69.9089
70.4903
71.0538
71.5998
72.1284
72.6403
73.136
73.6159
74.0806
74.5307
74.9666
75.389
75.7983
76.195
76.5795
76.9523
77.3139
77.6646
78.0049
78.3351
78.6557
78.967
79.2692
79.5627
79.8479
80.125
80.3942
80.6558
80.9101
81.1573
81.3975
81.6311
81.8581
82.0788
82.2934
82.5019
82.7047
82.9017
83.0932
83.2793
83.4602
83.6361
83.807
83.9732
84.1347
84.2918
84.4446
84.5933
84.7381
84.8793
85.0169
85.1512
85.2825
85.4111
85.5372
85.6611
85.7833
85.904
86.0238
86.1429
86.2621
86.3816
86.5021
86.6241
86.7483
86.8753
87.0057
87.1401
87.2792
87.4235
87.5734
87.7296
87.8923
88.0619
88.2384
88.422
88.6125
88.8098
89.0137
89.2235
89.439
89.6595
89.8844
90.113
90.3448
90.5789
90.8147
91.0514
91.2884
91.525
91.7606
91.9944
92.226
92.4545
92.6797
92.901
93.1178
93.3297
93.536
93.7367
93.9312
94.1189
94.2997
94.4732
94.6389
94.7966
94.946
95.0866
95.2184
95.3407
95.4535
95.5565
95.6491
95.7312
95.8025
95.8626
95.9112
95.9479
95.9724
95.9843
95.9832
95.9686
95.9401
95.8973
95.8396
95.7664
95.6772
95.5712
95.4479
95.3063
95.1458
94.9652
94.7638
94.5402
94.2934
94.0218
93.7241
93.3983
93.0429
92.6555
92.2339
91.7752
91.2765
90.7343
90.1447
89.5032
88.8045
88.0427
87.2108
86.3009
85.3032
52.8741
55.7019
58.0186
59.9146
61.4645
62.7277
63.7509
64.5711
65.2178
65.715
66.0827
66.3369
66.4917
66.5589
66.5489
66.471
66.3339
66.1459
65.9151
65.6503
65.3611
65.0586
64.7562
64.4702
64.2208
64.0322
63.9313
63.9435
64.0844
64.3527
64.7315
65.1966
65.7232
66.2902
66.8811
67.4833
68.088
68.6889
69.2815
69.8629
70.4311
70.9848
71.5234
72.0464
72.5538
73.0457
73.5223
73.984
74.431
74.8639
75.2831
75.689
76.0821
76.4627
76.8313
77.1883
77.5342
77.8694
78.1941
78.5088
78.8139
79.1096
79.3964
79.6744
79.9441
80.2058
80.4595
80.7058
80.9446
81.1764
81.4012
81.6194
81.831
82.0364
82.2355
82.4287
82.616
82.7977
82.9738
83.1445
83.3099
83.4702
83.6256
83.7761
83.9219
84.0631
84.2
84.3326
84.4611
84.5857
84.7066
84.8239
84.938
85.0489
85.157
85.2626
85.3658
85.4672
85.5671
85.6658
85.7638
85.8616
85.9598
86.0589
86.1595
86.2623
86.3681
86.4775
86.5914
86.7104
86.8353
86.9668
87.1055
87.2522
87.407
87.5705
87.7429
87.9242
88.1143
88.3129
88.5199
88.7346
88.9564
89.1848
89.4189
89.658
89.9013
90.1481
90.3974
90.6484
90.9004
91.1527
91.4044
91.6551
91.9038
92.15
92.3931
92.6326
92.8679
93.0985
93.324
93.5438
93.7576
93.9649
94.1653
94.3585
94.5442
94.7219
94.8914
95.0522
95.2041
95.3468
95.4799
95.6032
95.7162
95.8187
95.9104
95.9909
96.0598
96.1168
96.1616
96.1936
96.2126
96.218
96.2094
96.1863
96.1481
96.0943
96.0242
95.9372
95.8325
95.7093
95.5667
95.4038
95.2195
95.0127
94.7821
94.5261
94.2434
93.932
93.59
93.2153
92.8053
92.3571
91.8677
91.3335
90.7504
90.1132
89.4172
88.6559
87.822
86.907
85.9004
54.2386
57.0408
59.3451
61.2398
62.7973
64.0751
65.1185
65.9634
66.6389
67.1684
67.5715
67.8643
68.0606
68.1725
68.2102
68.1834
68.1009
67.9709
67.8021
67.6031
67.3836
67.1544
66.9278
66.7186
66.5441
66.4236
66.3775
66.4235
66.5715
66.8192
67.1544
67.5592
68.0154
68.5068
69.0203
69.5455
70.0747
70.6023
71.1243
71.6378
72.1407
72.6316
73.11
73.575
74.0266
74.4647
74.8894
75.3008
75.6994
76.0852
76.4586
76.8201
77.17
77.5085
77.8361
78.1531
78.4599
78.7568
79.0441
79.3223
79.5915
79.852
80.1043
80.3485
80.5849
80.8138
81.0353
81.2498
81.4574
81.6583
81.8528
82.0409
82.2229
82.3989
82.569
82.7335
82.8924
83.0459
83.1942
83.3373
83.4753
83.6085
83.7369
83.8606
83.9799
84.0947
84.2054
84.3119
84.4145
84.5133
84.6086
84.7004
84.7891
84.8748
84.9579
85.0385
85.117
85.1938
85.2693
85.3438
85.418
85.4922
85.5672
85.6436
85.7221
85.8035
85.8887
85.9783
86.0735
86.1751
86.2839
86.401
86.527
86.6627
86.8088
86.9655
87.1332
87.312
87.5018
87.7022
87.9129
88.1331
88.3624
88.5997
88.8443
89.0951
89.3513
89.6119
89.8761
90.1427
90.411
90.6802
90.9494
91.2178
91.4848
91.7496
92.0115
92.2702
92.5248
92.7749
93.0199
93.2595
93.4932
93.7205
93.941
94.1544
94.3602
94.5581
94.7479
94.929
95.1012
95.2642
95.4177
95.5612
95.6945
95.8173
95.9292
96.0298
96.1189
96.1959
96.2605
96.3124
96.3511
96.376
96.3868
96.3829
96.3637
96.3287
96.2772
96.2084
96.1216
96.016
95.8907
95.7447
95.5768
95.3859
95.1705
94.9294
94.6607
94.3627
94.0332
93.6701
93.2706
92.8321
92.3508
91.8235
91.2453
90.612
89.9173
89.1553
88.3177
87.3965
86.3811
55.5983
58.3765
60.6696
62.564
64.1299
65.4228
66.4866
67.3565
68.0608
68.6225
69.0608
69.3919
69.6294
69.7853
69.87
69.8932
69.8637
69.7901
69.6808
69.5446
69.3907
69.2294
69.072
68.9313
68.8216
68.7579
68.755
68.8247
68.973
69.1979
69.4908
69.8393
70.2301
70.6513
71.0923
71.545
72.0027
72.4606
72.9149
73.363
73.8028
74.233
74.6526
75.0611
75.4581
75.8434
76.2171
76.5791
76.9295
77.2688
77.5969
77.9142
78.221
78.5175
78.8041
79.0811
79.3486
79.6072
79.8569
80.0981
80.3311
80.5561
80.7734
80.9832
81.1858
81.3813
81.57
81.7521
81.9277
82.097
82.2602
82.4174
82.5688
82.7145
82.8547
82.9894
83.1189
83.2432
83.3624
83.4767
83.5862
83.6909
83.791
83.8867
83.978
84.065
84.148
84.2269
84.3021
84.3736
84.4415
84.5062
84.5678
84.6264
84.6825
84.7363
84.7881
84.8382
84.8872
84.9354
84.9834
85.0319
85.0814
85.1327
85.1867
85.2443
85.3063
85.3739
85.4481
85.5301
85.6209
85.7217
85.8334
85.957
86.0932
86.2425
86.4054
86.5817
86.7715
86.9745
87.1899
87.4171
87.655
87.9028
88.1595
88.4238
88.6946
88.9709
89.2515
89.5355
89.8218
90.1094
90.3975
90.6851
90.9717
91.2562
91.5383
91.817
92.092
92.3625
92.6281
92.8882
93.1424
93.3903
93.6315
93.8654
94.0919
94.3105
94.5207
94.7224
94.9152
95.0987
95.2725
95.4364
95.59
95.7331
95.8651
95.9858
96.0947
96.1916
96.276
96.3474
96.4054
96.4496
96.4795
96.4944
96.4938
96.4771
96.4436
96.3926
96.3233
96.2348
96.1261
95.9964
95.8442
95.6685
95.4679
95.2407
94.9853
94.7
94.3822
94.0298
93.6403
93.2103
92.7364
92.2148
91.6414
91.0105
90.3164
89.5529
88.7112
87.7831
86.7569
56.9479
59.7028
61.9854
63.8799
65.4542
66.7619
67.8459
68.7402
69.4726
70.0656
70.5383
70.9063
71.1836
71.3817
71.5114
71.5821
71.6028
71.5819
71.5278
71.4491
71.3545
71.2535
71.1561
71.0733
71.0166
70.9973
71.0261
71.1106
71.2546
71.4565
71.7106
72.0085
72.3407
72.6984
73.0737
73.4598
73.8514
74.2443
74.6352
75.0215
75.4014
75.7736
76.1372
76.4913
76.8356
77.1698
77.4938
77.8076
78.1112
78.4047
78.6883
78.9621
79.2264
79.4815
79.7274
79.9646
80.1931
80.4134
80.6255
80.8299
81.0266
81.2158
81.398
81.5731
81.7415
81.9033
82.0586
82.2077
82.3507
82.4878
82.6191
82.7447
82.8648
82.9794
83.0887
83.1929
83.2919
83.386
83.4752
83.5596
83.6393
83.7145
83.7852
83.8515
83.9135
83.9714
84.0253
84.0752
84.1214
84.1639
84.203
84.2388
84.2715
84.3014
84.3286
84.3535
84.3765
84.3979
84.4182
84.4379
84.4574
84.4777
84.4992
84.5229
84.5498
84.5809
84.6172
84.6602
84.7109
84.7709
84.8415
84.9239
85.0197
85.1298
85.2552
85.3966
85.5545
85.7289
85.9196
86.1262
86.3478
86.5836
86.8323
87.0928
87.3636
87.6436
87.9313
88.2254
88.5248
88.8281
89.1343
89.4423
89.751
90.0596
90.3673
90.6733
90.9766
91.2769
91.5733
91.8653
92.1523
92.434
92.7095
92.9789
93.2413
93.4965
93.7441
93.9838
94.215
94.4377
94.6512
94.8555
95.0499
95.2343
95.4084
95.5717
95.7239
95.8646
95.9934
96.11
96.2139
96.3048
96.382
96.4452
96.4938
96.5273
96.545
96.5463
96.5306
96.4969
96.4446
96.3728
96.2804
96.1663
96.0295
95.8685
95.682
95.4683
95.2257
94.9522
94.6457
94.3035
93.923
93.501
93.0338
92.5176
91.9477
91.3188
90.6251
89.859
89.0127
88.0765
87.0393
58.2812
61.0133
63.2858
65.1801
66.7622
68.0841
69.1874
70.105
70.8641
71.4869
71.9921
72.3952
72.7098
72.9476
73.1191
73.2338
73.3005
73.3276
73.3231
73.2953
73.2523
73.2027
73.1554
73.1194
73.1039
73.1176
73.1678
73.2601
73.3966
73.5764
73.7958
74.049
74.3297
74.6313
74.9477
75.2739
75.6054
75.9386
76.2708
76.5997
76.9236
77.2413
77.5516
77.8541
78.148
78.4333
78.7096
78.9768
79.2349
79.4841
79.7243
79.9557
80.1785
80.3928
80.5988
80.7967
80.9867
81.1691
81.344
81.5116
81.6721
81.8258
81.9727
82.1131
82.2471
82.3749
82.4966
82.6125
82.7225
82.8269
82.9257
83.0191
83.1072
83.1901
83.2679
83.3406
83.4084
83.4714
83.5297
83.5833
83.6323
83.6768
83.7169
83.7527
83.7842
83.8117
83.8351
83.8546
83.8704
83.8825
83.8911
83.8963
83.8984
83.8975
83.8941
83.8882
83.8803
83.8708
83.8601
83.8488
83.8374
83.8269
83.8178
83.8112
83.8081
83.8098
83.8177
83.833
83.8575
83.8928
83.9405
84.0026
84.0804
84.1756
84.2893
84.4225
84.5756
84.7487
84.9416
85.1535
85.3835
85.6302
85.8923
86.1681
86.456
86.7545
87.0618
87.3765
87.6971
88.0222
88.3507
88.6812
89.0128
89.3443
89.675
90.0039
90.3303
90.6535
90.9727
91.2875
91.597
91.9011
92.1991
92.4906
92.7752
93.0523
93.3217
93.583
93.8357
94.0797
94.3145
94.5397
94.7551
94.9603
95.1548
95.3386
95.5109
95.6717
95.8205
95.9568
96.0802
96.1904
96.2867
96.3688
96.436
96.4878
96.5236
96.5426
96.5443
96.5278
96.4922
96.4366
96.36
96.2613
96.1394
95.9927
95.8199
95.6192
95.3889
95.127
94.8311
94.4987
94.1266
93.7121
93.2513
92.7399
92.1732
91.5458
90.8514
90.0826
89.231
88.2869
87.2385
59.5933
62.3025
64.5644
66.458
68.047
69.3818
70.5027
71.442
72.226
72.8765
73.4119
73.8474
74.1963
74.4705
74.6801
74.8345
74.9424
75.0119
75.0507
75.0667
75.0673
75.0602
75.0531
75.0536
75.0689
75.1056
75.1694
75.2639
75.3908
75.5497
75.7381
75.9523
76.1879
76.4401
76.7044
76.977
77.2543
77.5334
77.8119
78.0878
78.3597
78.6264
78.8869
79.1406
79.3869
79.6256
79.8563
80.0789
80.2934
80.4997
80.698
80.8882
81.0706
81.2451
81.4121
81.5716
81.7238
81.8689
82.007
82.1383
82.263
82.3812
82.4931
82.5988
82.6985
82.7922
82.8802
82.9626
83.0394
83.1107
83.1768
83.2376
83.2932
83.3438
83.3894
83.4301
83.466
83.4972
83.5237
83.5455
83.5629
83.5758
83.5843
83.5885
83.5884
83.5842
83.576
83.5637
83.5476
83.5277
83.5042
83.4772
83.447
83.4136
83.3774
83.3387
83.2978
83.2551
83.2111
83.1663
83.1215
83.0773
83.0347
82.9948
82.9587
82.928
82.9039
82.8884
82.8834
82.8909
82.913
82.952
83.0099
83.0885
83.1897
83.3143
83.4632
83.6363
83.8332
84.0529
84.294
84.5548
84.8335
85.1281
85.4366
85.7568
86.087
86.4255
86.7705
87.1203
87.4737
87.8294
88.1861
88.5428
88.8984
89.2521
89.6032
89.9508
90.2945
90.6333
90.9668
91.2945
91.6159
91.9305
92.2379
92.5378
92.8296
93.1132
93.388
93.6537
93.91
94.1567
94.3932
94.6194
94.8348
95.039
95.2318
95.4128
95.5815
95.7374
95.8804
96.0098
96.1251
96.2259
96.3116
96.3816
96.4352
96.4719
96.4907
96.491
96.4719
96.4323
96.3713
96.2877
96.1802
96.0476
95.8881
95.7001
95.4818
95.2309
94.9453
94.622
94.2585
93.8511
93.3959
92.889
92.3252
91.6986
91.0033
90.2315
89.3739
88.4213
87.3613
60.8791
63.565
65.8155
67.7073
69.3018
70.648
71.7848
72.7437
73.5503
74.226
74.7887
75.2535
75.6336
75.9402
76.1837
76.3733
76.5171
76.6233
76.699
76.7516
76.7881
76.8151
76.8394
76.8673
76.9046
76.9568
77.0278
77.1207
77.2367
77.3757
77.5364
77.7162
77.9122
78.1209
78.3392
78.564
78.7926
79.0227
79.2522
79.4796
79.7035
79.9229
80.1369
80.3448
80.5462
80.7407
80.9281
81.1082
81.2809
81.4462
81.604
81.7545
81.8978
82.0338
82.1628
82.2848
82.4
82.5085
82.6105
82.7061
82.7954
82.8785
82.9557
83.027
83.0925
83.1523
83.2065
83.2554
83.2988
83.337
83.37
83.3978
83.4207
83.4386
83.4515
83.4597
83.4631
83.4617
83.4558
83.4452
83.4301
83.4104
83.3864
83.358
83.3252
83.2882
83.247
83.2017
83.1523
83.099
83.0419
82.981
82.9166
82.8489
82.7781
82.7044
82.6282
82.55
82.4701
82.3893
82.3081
82.2275
82.1483
82.0718
81.9993
81.9324
81.8728
81.8228
81.7846
81.7606
81.7537
81.7667
81.8021
81.8626
81.9501
82.0662
82.2118
82.3866
82.5901
82.8209
83.0768
83.3559
83.6553
83.9729
84.306
84.6522
85.0093
85.3751
85.7479
86.1256
86.5071
86.8906
87.2749
87.6591
88.0419
88.4227
88.8002
89.174
89.5433
89.9077
90.2663
90.6187
90.9647
91.3034
91.6346
91.9579
92.2729
92.5792
92.8768
93.1648
93.4432
93.7116
93.9696
94.217
94.4534
94.6784
94.8917
95.0928
95.2815
95.4573
95.6197
95.7683
95.9026
96.022
96.126
96.2141
96.2855
96.3395
96.3754
96.3923
96.3894
96.3656
96.3199
96.2511
96.1579
96.0389
95.8925
95.7169
95.5102
95.2701
94.9945
94.6802
94.3247
93.9239
93.4742
92.9714
92.4099
91.7845
91.0877
90.3125
89.4492
88.488
87.4155
62.134
64.7961
67.0343
68.9228
70.5213
71.8769
73.0274
74.0035
74.8301
75.5282
76.1152
76.606
77.0135
77.3488
77.6219
77.8417
78.0163
78.1534
78.2599
78.3426
78.4077
78.4614
78.5095
78.5574
78.61
78.6714
78.7452
78.8335
78.9377
79.058
79.1935
79.3427
79.5037
79.6741
79.8514
80.0336
80.2184
80.4041
80.5891
80.772
80.9516
81.1272
81.2978
81.4629
81.6221
81.7749
81.9213
82.061
82.1938
82.3198
82.439
82.5512
82.6567
82.7555
82.8476
82.9332
83.0123
83.0852
83.1518
83.2123
83.2668
83.3154
83.3583
83.3954
83.427
83.4531
83.4738
83.4891
83.4992
83.5042
83.504
83.4988
83.4885
83.4734
83.4534
83.4286
83.399
83.3646
83.3256
83.2819
83.2336
83.1807
83.1232
83.0612
82.9947
82.9238
82.8485
82.7689
82.6849
82.5967
82.5043
82.408
82.3077
82.2038
82.0962
81.9855
81.8719
81.7556
81.6374
81.5177
81.3971
81.2768
81.1577
81.0409
80.9282
80.8213
80.7222
80.6333
80.5575
80.498
80.458
80.4411
80.4512
80.4913
80.5644
80.6722
80.8159
80.9952
81.2089
81.4549
81.7306
82.0328
82.3583
82.7039
83.0666
83.4434
83.8317
84.2291
84.6334
85.0427
85.4554
85.8696
86.2845
86.6987
87.1109
87.5206
87.9266
88.3284
88.725
89.1163
89.5013
89.8798
90.251
90.6149
90.9707
91.3183
91.6571
91.9869
92.3075
92.6183
92.919
93.2096
93.4895
93.7583
94.0159
94.2619
94.4958
94.7173
94.926
95.1215
95.3034
95.4712
95.6243
95.7624
95.8846
95.9906
96.0795
96.1508
96.2035
96.2369
96.25
96.2418
96.2112
96.1569
96.0778
95.9722
95.8386
95.6751
95.4798
95.2504
94.9843
94.6788
94.3307
93.9365
93.4924
92.9933
92.4341
91.8089
91.1111
90.332
89.4626
88.492
87.4081
63.3544
65.9916
68.2161
70.0999
71.7004
73.0633
74.2252
75.2159
76.0599
76.7775
77.3856
77.899
78.3302
78.6902
78.9885
79.234
79.4345
79.5972
79.7288
79.8354
79.923
79.9971
80.0627
80.1246
80.1868
80.2531
80.3261
80.408
80.4999
80.6022
80.7147
80.8365
80.9661
81.1022
81.2431
81.387
81.5324
81.6779
81.8222
81.9643
82.1032
82.238
82.3683
82.4934
82.6129
82.7266
82.8342
82.9355
83.0304
83.1189
83.201
83.2766
83.3457
83.4085
83.465
83.5153
83.5594
83.5974
83.6295
83.6556
83.676
83.6907
83.6997
83.7033
83.7013
83.694
83.6813
83.6634
83.6403
83.612
83.5787
83.5403
83.4969
83.4486
83.3954
83.3373
83.2743
83.2065
83.1339
83.0566
82.9744
82.8875
82.7958
82.6995
82.5983
82.4925
82.382
82.2668
82.1469
82.0224
81.8934
81.7599
81.622
81.4799
81.3337
81.1837
81.0302
80.8735
80.7142
80.5526
80.3899
80.2264
80.0638
79.903
79.7459
79.5943
79.4509
79.3184
79.1999
79.0997
79.0219
78.971
78.9521
78.9695
79.027
79.1272
79.2711
79.4585
79.6872
79.9541
80.2555
80.5871
80.9449
81.3246
81.7225
82.1352
82.5596
82.993
83.433
83.8775
84.3247
84.7731
85.2212
85.6676
86.1117
86.5524
86.9887
87.4201
87.8456
88.2651
88.6778
89.0831
89.481
89.8707
90.2519
90.6245
90.9879
91.3416
91.6858
92.0197
92.3434
92.6563
92.9583
93.2488
93.5278
93.7947
94.0494
94.2913
94.52
94.7354
94.9366
95.1235
95.2955
95.452
95.5924
95.7162
95.8225
95.9108
95.9802
96.0298
96.0587
96.0659
96.0502
96.0103
95.9449
95.8525
95.7315
95.5799
95.3957
95.1766
94.92
94.623
94.2824
93.8946
93.4553
92.9598
92.4028
91.778
91.0783
90.2954
89.4199
88.4403
87.3434
64.5369
67.1481
69.3575
71.2348
72.8352
74.2031
75.374
76.3769
77.2354
77.9694
78.5956
79.1282
79.5796
79.9603
80.2799
80.5467
80.7684
80.9519
81.1034
81.2288
81.3336
81.4227
81.5007
81.5717
81.6395
81.707
81.7768
81.8507
81.9301
82.0153
82.1065
82.2033
82.3048
82.41
82.518
82.6273
82.737
82.8459
82.9531
83.0577
83.1589
83.2561
83.3488
83.4365
83.5189
83.5957
83.6666
83.7315
83.7904
83.8432
83.8898
83.9302
83.9645
83.9926
84.0147
84.0307
84.0408
84.045
84.0434
84.0361
84.0231
84.0045
83.9804
83.9508
83.9158
83.8754
83.8297
83.7788
83.7227
83.6615
83.5951
83.5236
83.4471
83.3655
83.279
83.1874
83.0908
82.9893
82.8828
82.7713
82.6548
82.5333
82.4068
82.2752
82.1386
81.9969
81.8502
81.6983
81.5413
81.3792
81.212
81.0398
80.8625
80.6804
80.4936
80.3023
80.1066
79.9069
79.7036
79.4976
79.2891
79.0792
78.869
78.6602
78.4541
78.2534
78.0603
77.8783
77.7116
77.5646
77.4432
77.353
77.3008
77.2924
77.3333
77.427
77.5745
77.7749
78.025
78.32
78.6547
79.0232
79.4204
79.841
80.2804
80.7346
81.2003
81.6746
82.1544
82.6379
83.123
83.6083
84.0922
84.5737
85.0516
85.5252
85.9935
86.456
86.912
87.3609
87.8024
88.2359
88.661
89.0775
89.4847
89.8827
90.2711
90.6495
91.0176
91.375
91.7218
92.0574
92.3816
92.6939
92.9944
93.2825
93.5578
93.8201
94.069
94.3039
94.5246
94.7305
94.9212
95.0959
95.2544
95.3957
95.5194
95.6245
95.7104
95.776
95.8205
95.8428
95.8417
95.816
95.7642
95.6848
95.576
95.4361
95.2627
95.0537
94.8064
94.5177
94.1842
93.8025
93.368
92.876
92.3209
91.696
90.9946
90.2079
89.3259
88.3372
87.2279
65.6787
68.2627
70.4556
72.3245
73.9229
75.2936
76.4711
77.4833
78.3536
79.1012
79.7422
80.2908
80.7589
81.1568
81.4938
81.7779
82.0167
82.2166
82.3836
82.5234
82.6409
82.7406
82.8268
82.9033
82.9732
83.0395
83.1042
83.1693
83.2358
83.3047
83.376
83.4498
83.5256
83.6029
83.681
83.759
83.8361
83.9116
83.9847
84.0547
84.1212
84.1834
84.2411
84.2938
84.3413
84.3833
84.4197
84.4502
84.4749
84.4936
84.5063
84.5131
84.5138
84.5087
84.4975
84.4805
84.4577
84.4291
84.3948
84.3549
84.3093
84.2581
84.2015
84.1394
84.0719
83.999
83.9208
83.8373
83.7486
83.6546
83.5554
83.451
83.3415
83.2267
83.1069
82.9818
82.8515
82.716
82.5753
82.4294
82.2782
82.1216
81.9597
81.7923
81.6195
81.4412
81.2572
81.0677
80.8725
80.6716
80.465
80.2524
80.0343
79.8106
79.5812
79.3464
79.1063
78.8612
78.6114
78.3576
78.1003
77.8404
77.579
77.3178
77.0581
76.8026
76.5543
76.3169
76.0954
75.8951
75.723
75.5872
75.4964
75.4587
75.4818
75.5707
75.7263
75.9465
76.2261
76.5581
76.935
77.3491
77.7937
78.2623
78.7499
79.2517
79.764
80.2833
80.8071
81.3333
81.8596
82.3845
82.9071
83.4256
83.9393
84.4475
84.9496
85.4444
85.9319
86.4113
86.8824
87.3447
87.7979
88.2418
88.6758
89.0998
89.5135
89.9166
90.309
90.6902
91.0602
91.4186
91.7651
92.0993
92.4212
92.7304
93.0265
93.3091
93.5779
93.8325
94.0723
94.2971
94.5063
94.6993
94.8754
95.0342
95.1749
95.2967
95.3987
95.4802
95.5401
95.5773
95.5906
95.5787
95.5402
95.4736
95.3769
95.2484
95.0857
94.8864
94.6481
94.3674
94.0411
93.6653
93.2353
92.7466
92.1929
91.5684
90.8651
90.0739
89.1854
88.1866
87.0647
66.7777
69.3333
71.5081
73.3668
74.961
76.3323
77.5139
78.5331
79.4124
80.1706
80.8238
81.3852
81.8668
82.2785
82.6294
82.9274
83.1795
83.3921
83.5709
83.7212
83.8475
83.9544
84.0456
84.1245
84.1941
84.2571
84.3154
84.3709
84.4247
84.4777
84.5304
84.5829
84.6352
84.6869
84.7376
84.787
84.8343
84.8791
84.9208
84.959
84.9931
85.0228
85.0479
85.0679
85.0826
85.0919
85.0956
85.0935
85.0857
85.072
85.0525
85.027
84.9957
84.9585
84.9155
84.8666
84.812
84.7517
84.6856
84.6139
84.5367
84.4538
84.3654
84.2715
84.1722
84.0674
83.9572
83.8417
83.7207
83.5945
83.4628
83.3258
83.1835
83.0358
82.8827
82.7242
82.5602
82.3908
82.2158
82.0353
81.849
81.6571
81.4594
81.2558
81.0462
80.8305
80.6088
80.3807
80.1464
79.9055
79.6583
79.4046
79.144
78.877
78.6035
78.3231
78.0366
77.7439
77.4452
77.1411
76.8319
76.5183
76.2019
75.8838
75.5658
75.2505
74.9411
74.6419
74.3582
74.0971
73.867
73.6782
73.5422
73.4714
73.4758
73.5624
73.7323
73.981
74.3002
74.6796
75.1087
75.5778
76.0781
76.6024
77.1446
77.6994
78.2632
78.8322
79.4036
79.9755
80.5456
81.1129
81.6757
82.2333
82.7845
83.3288
83.8653
84.3937
84.9137
85.4244
85.926
86.4176
86.8993
87.3708
87.8319
88.2821
88.7214
89.1495
89.5664
89.9714
90.3646
90.7458
91.1145
91.4707
91.8141
92.1442
92.4609
92.7636
93.0522
93.3262
93.5851
93.8285
94.056
94.2668
94.4606
94.6365
94.7939
94.932
95.0501
95.147
95.222
95.2738
95.3012
95.3029
95.2775
95.2233
95.1384
95.021
94.8688
94.6792
94.4495
94.1766
93.8572
93.4869
93.0613
92.5757
92.0236
91.3986
90.6932
89.8977
89.0025
87.9942
86.8594
67.8324
70.3584
72.5135
74.3601
75.9482
77.3178
78.5011
79.5248
80.4107
81.177
81.8394
82.4108
82.9029
83.3255
83.6873
83.9958
84.2581
84.4801
84.6675
84.8251
84.9574
85.0685
85.1618
85.2409
85.3083
85.3664
85.4174
85.4628
85.504
85.5418
85.5768
85.6095
85.6399
85.6681
85.6938
85.7167
85.7366
85.7531
85.7658
85.7744
85.7786
85.7781
85.7726
85.762
85.746
85.7244
85.6973
85.6644
85.6258
85.5813
85.531
85.4748
85.4128
85.3449
85.2712
85.1917
85.1064
85.0154
84.9187
84.8163
84.7082
84.5945
84.4752
84.3503
84.2199
84.0839
83.9424
83.7954
83.6429
83.4848
83.3212
83.152
82.9773
82.7969
82.6109
82.4192
82.2218
82.0185
81.8093
81.5941
81.3729
81.1454
80.9117
80.6716
80.4249
80.1716
79.9114
79.6442
79.3701
79.0886
78.7998
78.5037
78.1997
77.8884
77.569
77.2421
76.9072
76.565
76.2152
75.858
75.4943
75.1246
74.7494
74.3708
73.9902
73.6098
73.2339
72.8666
72.514
72.1844
71.8879
71.6381
71.4504
71.3415
71.3265
71.4148
71.6069
71.8946
72.2649
72.703
73.1948
73.7281
74.2923
74.879
75.4814
76.0945
76.7137
77.3357
77.9579
78.578
79.1941
79.8053
80.4103
81.0078
81.5977
82.179
82.751
83.3137
83.8665
84.409
84.9412
85.4625
85.9732
86.4724
86.9606
87.4371
87.9022
88.3551
88.7963
89.2251
89.6414
90.0453
90.4362
90.8141
91.1785
91.5294
91.8663
92.1891
92.4971
92.7902
93.0678
93.3297
93.575
93.8035
94.0144
94.2072
94.3811
94.5352
94.6689
94.781
94.8707
94.9368
94.978
94.993
94.9803
94.9382
94.8649
94.7583
94.6162
94.4359
94.2148
93.9495
93.6364
93.2718
92.8505
92.3675
91.8167
91.1913
90.4833
89.6833
88.7812
87.763
86.6143
68.8413
71.3369
73.4706
75.3035
76.8835
78.2493
79.4323
80.4581
81.3481
82.1201
82.7891
83.368
83.868
84.2987
84.6685
84.985
85.2546
85.4833
85.6765
85.8387
85.9745
86.0874
86.181
86.2583
86.3219
86.3742
86.4171
86.4522
86.4808
86.504
86.5223
86.5364
86.5465
86.5528
86.5553
86.5539
86.5484
86.5387
86.5245
86.5057
86.4821
86.4533
86.4193
86.3799
86.335
86.2845
86.2283
86.1663
86.0984
86.0247
85.9451
85.8597
85.7683
85.6711
85.568
85.459
85.3443
85.2237
85.0974
84.9653
84.8274
84.6839
84.5346
84.3796
84.2189
84.0526
83.8805
83.7027
83.5193
83.33
83.1351
82.9343
82.7277
82.5151
82.2967
82.0721
81.8415
81.6047
81.3615
81.1119
80.8557
80.5929
80.3232
80.0465
79.7626
79.4713
79.1725
78.866
78.5518
78.2293
77.8984
77.5591
77.211
76.8544
76.4886
76.1136
75.7296
75.3361
74.9334
74.5219
74.1013
73.6728
73.2365
72.7944
72.3473
71.8986
71.4511
71.0104
70.5826
70.1777
69.808
69.4895
69.2435
69.0925
69.058
69.1532
69.3766
69.7146
70.1477
70.6555
71.2196
71.825
72.4597
73.1143
73.7817
74.4563
75.1339
75.8113
76.4859
77.1557
77.8193
78.4755
79.1232
79.7617
80.3905
81.0091
81.6171
82.2141
82.7997
83.3742
83.9371
84.4882
85.0273
85.5545
86.0696
86.5724
87.0625
87.5404
88.0056
88.4577
88.8971
89.3231
89.7359
90.1351
90.5203
90.8917
91.2485
91.5908
91.918
92.2298
92.5258
92.8055
93.0685
93.3141
93.5419
93.7511
93.9409
94.1108
94.2596
94.3866
94.4907
94.5706
94.6253
94.6532
94.6528
94.6225
94.5604
94.4644
94.3321
94.1607
93.9478
93.6898
93.383
93.0234
92.6061
92.1257
91.576
90.9501
90.2395
89.4349
88.525
87.4967
86.3346
69.8042
72.2679
74.379
76.1965
77.7665
79.1266
80.3072
81.3331
82.225
83.0003
83.6737
84.2577
84.7632
85.1996
85.5752
85.897
86.1716
86.4046
86.6013
86.7661
86.9031
87.0161
87.1082
87.1823
87.2411
87.2868
87.3211
87.3458
87.362
87.371
87.3735
87.3701
87.3612
87.3472
87.3281
87.3041
87.2751
87.2411
87.202
87.1576
87.108
87.0529
86.9922
86.9259
86.8539
86.7761
86.6924
86.6029
86.5074
86.4059
86.2986
86.1852
86.0659
85.9406
85.8095
85.6723
85.5293
85.3804
85.2255
85.0648
84.8983
84.7259
84.5476
84.3634
84.1735
83.9776
83.7758
83.5681
83.3545
83.1349
82.9093
82.6776
82.4398
82.1957
81.9453
81.6885
81.4252
81.1553
80.8786
80.5949
80.3042
80.0062
79.7008
79.3877
79.0668
78.7378
78.4006
78.0548
77.7001
77.3365
76.9635
76.581
76.1886
75.7862
75.3734
74.9499
74.5157
74.0705
73.6143
73.1469
72.6689
72.18
71.681
71.1731
70.6582
70.138
69.6163
69.0988
68.592
68.1067
67.6583
67.2661
66.9571
66.7616
66.7096
66.8174
67.0815
67.4806
67.9867
68.5727
69.2164
69.8995
70.6088
71.3347
72.0691
72.807
73.5445
74.2781
75.0057
75.7256
76.4366
77.138
77.8284
78.5076
79.1752
79.8307
80.4742
81.1052
81.7237
82.3295
82.9226
83.503
84.0704
84.6249
85.1664
85.6949
86.2101
86.7122
87.2009
87.676
88.1377
88.5857
89.0197
89.4398
89.8453
90.2365
90.6129
90.9741
91.32
91.6501
91.9639
92.2611
92.5412
92.8035
93.0476
93.2728
93.4782
93.6632
93.8268
93.9681
94.0861
94.1795
94.2471
94.2875
94.2992
94.2802
94.2289
94.143
94.0201
93.8576
93.6525
93.4013
93.1006
92.7458
92.3319
91.8539
91.3051
90.6779
89.9645
89.1548
88.2374
87.198
86.0219
70.7206
73.1513
75.2386
77.039
78.5975
79.95
81.1261
82.1501
83.042
83.8186
84.4943
85.0813
85.5903
86.0303
86.4093
86.7345
87.0121
87.2475
87.4458
87.6113
87.748
87.8594
87.9488
88.0187
88.0718
88.1101
88.1356
88.1498
88.154
88.1494
88.1367
88.1168
88.0902
88.0571
88.018
87.9729
87.9221
87.8654
87.8031
87.735
87.6611
87.5814
87.4958
87.4042
87.3067
87.2033
87.0938
86.9782
86.8566
86.7289
86.5952
86.4554
86.3095
86.1575
85.9995
85.8355
85.6654
85.4893
85.3072
85.119
84.9249
84.7247
84.5185
84.3062
84.0879
83.8635
83.633
83.3964
83.1535
82.9044
82.649
82.3872
82.1189
81.8441
81.5625
81.2742
80.9789
80.6765
80.3668
80.0497
79.725
79.3924
79.0517
78.7028
78.3453
77.9788
77.6035
77.2187
76.8243
76.4195
76.0047
75.5793
75.1428
74.6949
74.2349
73.7633
73.2791
72.7823
72.2725
71.7495
71.2133
70.664
70.1022
69.5287
68.9448
68.3529
67.7565
67.1614
66.5745
66.008
65.4788
65.0112
64.6383
64.399
64.3327
64.4604
64.7738
65.2423
65.828
66.4974
67.2236
67.9861
68.7712
69.5679
70.3695
71.1701
71.9665
72.7554
73.5354
74.3044
75.0618
75.8071
76.5392
77.2584
77.9638
78.6554
79.3334
79.9978
80.648
81.2844
81.907
82.5159
83.1108
83.6918
84.259
84.8123
85.3517
85.8773
86.3888
86.8865
87.3699
87.839
88.2937
88.7338
89.1592
89.5695
89.9647
90.3444
90.7083
91.056
91.3871
91.7012
91.9978
92.2763
92.536
92.7766
92.9971
93.1967
93.3745
93.5297
93.6611
93.7675
93.8476
93.9001
93.9232
93.9152
93.8742
93.7979
93.6841
93.5298
93.3323
93.0877
92.7926
92.4421
92.0319
91.5555
91.0073
90.3788
89.6624
88.8469
87.9216
86.8713
85.6809
71.5903
73.9872
76.0495
77.8315
79.3767
80.72
81.8901
82.9103
83.8003
84.5763
85.2525
85.8407
86.3512
86.793
87.1738
87.5005
87.7793
88.0154
88.2137
88.3785
88.5136
88.6223
88.7078
88.7727
88.8195
88.8502
88.8666
88.8704
88.8628
88.8451
88.8181
88.7825
88.7391
88.6883
88.6304
88.5657
88.4945
88.4169
88.3329
88.2426
88.1461
88.0434
87.9344
87.8193
87.6979
87.5703
87.4365
87.2964
87.1502
86.9977
86.839
86.6741
86.503
86.3257
86.1422
85.9525
85.7567
85.5547
85.3464
85.1321
84.9115
84.6847
84.4517
84.2124
83.9669
83.715
83.4568
83.1922
82.9211
82.6435
82.3592
82.0682
81.7704
81.4657
81.1539
80.8348
80.5084
80.1744
79.8326
79.4828
79.1248
78.7584
78.3833
77.9992
77.6059
77.2029
76.7899
76.3669
75.933
75.4884
75.0325
74.5645
74.0846
73.5917
73.0861
72.5669
72.0333
71.4857
70.9232
70.3456
69.7521
69.1437
68.5203
67.8825
67.2316
66.5698
65.9007
65.2297
64.5647
63.9196
63.3132
62.7735
62.3399
62.0622
61.988
62.1427
62.5122
63.0546
63.7221
64.4743
65.2811
66.1205
66.9781
67.8433
68.7087
69.569
70.4215
71.2634
72.0926
72.9088
73.7104
74.4977
75.2699
76.0266
76.7684
77.4946
78.2059
78.9016
79.5826
80.2482
80.8992
81.5351
82.1562
82.7629
83.3547
83.9319
84.4948
85.0428
85.5763
86.0954
86.5995
87.0889
87.5634
88.0231
88.4673
88.8962
89.3094
89.7068
90.0879
90.4525
90.8002
91.1306
91.4429
91.7369
92.0119
92.2671
92.502
92.7156
92.9071
93.0756
93.2198
93.3385
93.4307
93.4946
93.5287
93.5311
93.5
93.433
93.3278
93.1814
92.9907
92.7523
92.4622
92.1162
91.7086
91.2339
90.6854
90.0558
89.3354
88.5141
87.5805
86.5189
85.3129
72.4138
74.7761
76.8121
78.5744
80.105
81.4377
82.6
83.6149
84.5012
85.2751
85.9501
86.5378
87.0482
87.4901
87.8711
88.1979
88.4765
88.7119
88.909
89.0718
89.2042
89.3093
89.3902
89.4495
89.4895
89.5123
89.5196
89.5132
89.4941
89.4638
89.4231
89.3728
89.3136
89.2461
89.1707
89.0878
88.9976
88.9003
88.7962
88.6852
88.5676
88.4434
88.3126
88.1753
88.0316
87.8814
87.7247
87.5617
87.3922
87.2163
87.0341
86.8455
86.6505
86.4492
86.2415
86.0275
85.8072
85.5805
85.3474
85.108
84.8622
84.61
84.3514
84.0863
83.8147
83.5365
83.2517
82.9603
82.662
82.3569
82.0449
81.7258
81.3996
81.066
80.7248
80.3761
80.0195
79.6549
79.282
78.9005
78.5103
78.111
77.7024
77.2842
76.8558
76.4175
75.9681
75.5077
75.0358
74.5522
74.056
73.5469
73.0249
72.4885
71.9383
71.3726
70.7918
70.1946
69.5812
68.9504
68.3027
67.6371
66.9547
66.2557
65.5407
64.8129
64.0756
63.3337
62.5977
61.881
61.205
60.6013
60.1168
59.8097
59.7372
59.9265
60.3557
60.971
61.7159
62.545
63.4258
64.3356
65.2593
66.1865
67.1101
68.0255
68.9294
69.8197
70.6951
71.5545
72.3971
73.2233
74.0326
74.825
75.6006
76.3591
77.1013
77.8271
78.5363
79.2298
79.9074
80.5689
81.2151
81.8458
82.4609
83.061
83.6456
84.2152
84.7695
85.3088
85.8327
86.3415
86.8348
87.3126
87.7751
88.2215
88.6521
89.0662
89.4637
89.8446
90.2079
90.5535
90.8811
91.1898
91.4791
91.7484
91.9969
92.224
92.4284
92.6094
92.7658
92.8965
92.9999
93.0747
93.1192
93.1316
93.1098
93.0515
92.9543
92.8152
92.6311
92.3985
92.1131
91.7706
91.3655
90.892
90.3432
89.7112
88.9874
88.16
87.217
86.1436
84.9221
73.1916
75.5183
77.5273
79.2687
80.7833
82.1039
83.2572
84.2652
85.1465
85.9167
86.589
87.1748
87.6837
88.1244
88.5043
88.8299
89.1069
89.3406
89.5353
89.6953
89.8241
89.9249
90.0006
90.0538
90.0868
90.1015
90.0999
90.0833
90.0533
90.0109
89.9571
89.8929
89.8189
89.7358
89.644
89.544
89.4361
89.3206
89.1976
89.0674
88.9301
88.7858
88.6347
88.4768
88.312
88.1406
87.9626
87.7779
87.5866
87.3887
87.1843
86.9734
86.7559
86.5319
86.3014
86.0644
85.8208
85.5708
85.3141
85.051
84.7812
84.5048
84.2218
83.9321
83.6356
83.3323
83.0221
82.705
82.3808
82.0495
81.7108
81.3648
81.0112
80.6499
80.2806
79.9033
79.5177
79.1236
78.7207
78.3088
77.8875
77.4566
77.0157
76.5645
76.1026
75.6297
75.1454
74.6491
74.1406
73.6196
73.0849
72.5364
71.9734
71.3955
70.802
70.1927
69.5661
68.922
68.2604
67.5796
66.8799
66.1615
65.4235
64.6671
63.8941
63.1055
62.3065
61.5022
60.7035
59.9248
59.191
58.5376
58.0161
57.6944
57.6356
57.8657
58.3537
59.0356
59.849
60.7445
61.6888
62.6589
63.6399
64.6208
65.5951
66.5583
67.5076
68.4409
69.357
70.2551
71.135
71.9968
72.8397
73.6639
74.4702
75.2586
76.0293
76.7824
77.5184
78.2373
78.9395
79.6251
80.2944
80.9472
81.5843
82.2055
82.8108
83.4002
83.9742
84.5325
85.0749
85.6019
86.113
86.6081
87.0874
87.5506
87.9971
88.4272
88.8403
89.2362
89.6144
89.9747
90.3163
90.639
90.9419
91.2245
91.486
91.7256
91.9423
92.1352
92.3031
92.4448
92.559
92.644
92.6983
92.72
92.7069
92.6568
92.5671
92.4349
92.2567
92.0293
91.7482
91.4089
91.0059
90.5329
89.9833
89.3489
88.6201
87.7861
86.8338
85.7479
84.5103
73.9239
76.2147
78.1956
79.9152
81.4128
82.72
83.8629
84.8629
85.7379
86.5031
87.1714
87.7539
88.2602
88.6985
89.0761
89.3994
89.674
89.9048
90.0964
90.2528
90.3773
90.4732
90.5434
90.5902
90.616
90.6227
90.6121
90.5858
90.5451
90.4911
90.4251
90.3477
90.2598
90.1621
90.055
89.9391
89.8146
89.682
89.5416
89.3935
89.2378
89.0749
88.9047
88.7275
88.5432
88.352
88.1539
87.949
87.7372
87.5187
87.2935
87.0616
86.8229
86.5776
86.3255
86.0668
85.8014
85.5292
85.2503
84.9647
84.6722
84.373
84.0668
83.7537
83.4336
83.1065
82.7721
82.4306
82.0817
81.7253
81.3613
80.9895
80.6098
80.2221
79.826
79.4214
79.0081
78.5858
78.1542
77.7131
77.2621
76.8009
76.3292
75.8465
75.3526
74.847
74.3292
73.7989
73.255
72.6979
72.1266
71.5406
70.9393
70.322
69.688
69.0368
68.3675
67.6795
66.9723
66.2457
65.4983
64.7305
63.9423
63.1345
62.3085
61.4674
60.6142
59.7565
58.906
58.0782
57.3003
56.6128
56.0724
55.7528
55.7205
55.9956
56.5379
57.2769
58.1457
59.0954
60.0908
61.1101
62.137
63.162
64.1789
65.1823
66.1699
67.1403
68.0914
69.0231
69.9351
70.8278
71.7003
72.5533
73.3871
74.2019
74.9985
75.7763
76.5361
77.2781
78.0027
78.71
79.4004
80.074
80.731
81.3716
81.9959
82.604
83.1959
83.7718
84.3316
84.8754
85.4027
85.9141
86.4091
86.8877
87.3495
87.7944
88.2218
88.6319
89.0241
89.398
89.7529
90.0885
90.4042
90.6991
90.9728
91.2241
91.4523
91.6563
91.835
91.9871
92.1112
92.2059
92.2693
92.2995
92.2946
92.252
92.1692
92.0431
91.8706
91.6477
91.3704
91.0335
90.6321
90.1596
89.6084
88.971
88.2373
87.3955
86.4332
85.3343
84.0791
74.6117
76.8661
78.8181
80.5151
81.9945
83.2873
84.4187
85.4094
86.2769
87.0361
87.6993
88.2776
88.7801
89.2149
89.5893
89.9093
90.1806
90.408
90.5958
90.7478
90.8677
90.9583
91.0225
91.0628
91.0814
91.0801
91.0608
91.025
90.9741
90.9093
90.8315
90.7417
90.6408
90.5294
90.408
90.2772
90.1374
89.989
89.8323
89.6674
89.4948
89.3145
89.1266
88.9314
88.7289
88.5192
88.3024
88.0785
87.8477
87.6099
87.3652
87.1136
86.8551
86.5897
86.3174
86.0383
85.7523
85.4594
85.1595
84.8526
84.5388
84.2179
83.8899
83.5548
83.2124
82.8626
82.5055
82.1408
81.7684
81.3883
81.0003
80.6041
80.1997
79.7868
79.3653
78.9347
78.4951
78.046
77.5872
77.1184
76.6392
76.1492
75.6482
75.1358
74.6114
74.0748
73.5251
72.9625
72.3857
71.7949
71.1893
70.5681
69.9303
69.2762
68.6045
67.9147
67.2059
66.4769
65.7283
64.9589
64.1683
63.3564
62.5236
61.6706
60.7989
59.9118
59.0138
58.1128
57.2209
56.3571
55.5509
54.8453
54.3036
54.0026
54.0071
54.3292
54.9201
55.7053
56.6178
57.6079
58.6426
59.6991
60.7618
61.8217
62.8715
63.9074
64.9261
65.9265
66.9066
67.8668
68.8059
69.7248
70.6227
71.5007
72.3583
73.1961
74.0151
74.8146
75.5959
76.3584
77.1029
77.8297
78.5393
79.2314
79.9064
80.5645
81.206
81.8312
82.4395
83.0315
83.607
84.1661
84.7088
85.2349
85.7444
86.2371
86.7128
87.1713
87.6123
88.0355
88.4405
88.8269
89.1943
89.542
89.8694
90.1759
90.4607
90.7229
90.9618
91.1761
91.3647
91.5265
91.6598
91.7633
91.8351
91.8733
91.8758
91.8401
91.7635
91.6431
91.4754
91.2565
90.9823
90.6476
90.2471
89.774
89.221
88.5801
87.8403
86.9912
86.0178
84.9051
83.6322
75.2556
77.4732
79.3959
81.0692
82.5297
83.8072
84.926
85.9064
86.7655
87.5175
88.1747
88.7478
89.2456
89.6762
90.0465
90.3626
90.6299
90.8531
91.0365
91.1839
91.2987
91.3838
91.442
91.4756
91.487
91.4779
91.4502
91.4053
91.3446
91.2693
91.1805
91.0792
90.966
90.8418
90.7071
90.5625
90.4084
90.2453
90.0734
89.8931
89.7047
89.5082
89.3039
89.092
88.8725
88.6456
88.4114
88.17
87.9213
87.6655
87.4026
87.1327
86.8556
86.5715
86.2803
85.9821
85.6768
85.3644
85.0448
84.7181
84.3842
84.043
83.6945
83.3386
82.9751
82.6041
82.2255
81.839
81.4446
81.0421
80.6313
80.2121
79.7843
79.3477
78.9021
78.4472
77.9827
77.5083
77.0238
76.5288
76.023
75.506
74.9774
74.4368
73.884
73.318
72.739
72.1458
71.5382
70.916
70.2779
69.6241
68.9529
68.2647
67.5584
66.8326
66.0877
65.3221
64.536
63.7287
62.8997
62.0484
61.1765
60.2845
59.3743
58.4488
57.5147
56.58
55.6582
54.7704
53.9482
53.2397
52.7115
52.4422
52.4915
52.8612
53.495
54.3175
55.2628
56.2832
57.3461
58.4294
59.5181
60.6035
61.6787
62.7392
63.7824
64.8058
65.8094
66.7921
67.7532
68.6937
69.613
70.5112
71.3892
72.2471
73.0848
73.9034
74.7025
75.4832
76.2452
76.9894
77.7153
78.424
79.115
79.7888
80.4459
81.0858
81.7092
82.3156
82.9053
83.4785
84.0348
84.5743
85.097
85.6028
86.0912
86.5621
87.0153
87.4504
87.8674
88.2653
88.6438
89.0026
89.3408
89.6578
89.9529
90.2252
90.4738
90.6976
90.8954
91.0659
91.2077
91.3193
91.3987
91.4441
91.4533
91.4238
91.3528
91.2373
91.0737
90.8583
90.5867
90.2535
89.8531
89.379
88.8235
88.1784
87.4325
86.5743
85.5896
84.4623
83.1709
75.8565
78.0368
79.9296
81.5788
83.0195
84.2808
85.3862
86.3555
87.2052
87.9493
88.5997
89.1666
89.659
90.0847
90.4503
90.7618
91.0246
91.2432
91.4218
91.5642
91.6736
91.753
91.805
91.8321
91.8364
91.8197
91.7838
91.7302
91.6602
91.5752
91.476
91.3637
91.2392
91.103
90.956
90.7986
90.6313
90.4545
90.2686
90.074
89.8709
89.6594
89.4399
89.2125
88.9774
88.7346
88.4842
88.2264
87.9612
87.6887
87.4089
87.1218
86.8274
86.5259
86.2171
85.901
85.5777
85.2471
84.9092
84.5639
84.2112
83.851
83.4833
83.1079
82.7248
82.3339
81.935
81.5281
81.113
80.6895
80.2574
79.8166
79.3669
78.9081
78.4398
77.9619
77.4741
76.976
76.4674
75.948
75.4173
74.875
74.3206
73.754
73.1743
72.5813
71.9744
71.3531
70.717
70.0658
69.3981
68.7137
68.0125
67.2927
66.5543
65.7969
65.0189
64.2209
63.401
62.5601
61.6968
60.8126
59.9067
58.9819
58.0392
57.0839
56.1215
55.1612
54.2191
53.3174
52.4904
51.7906
51.2874
51.059
51.1581
51.5751
52.2478
53.1008
54.071
55.1128
56.1956
57.2974
58.4046
59.5077
60.6006
61.6788
62.7395
63.781
64.8021
65.8017
66.7805
67.738
68.6742
69.5894
70.4838
71.3578
72.2114
73.0456
73.8606
74.6565
75.4333
76.1921
76.9328
77.6553
78.3606
79.0484
79.7186
80.372
81.0081
81.6276
82.2299
82.8155
83.384
83.9358
84.4701
84.9876
85.4873
85.9696
86.4338
86.88
87.3073
87.7157
88.1046
88.4733
88.8213
89.148
89.4525
89.7338
89.9912
90.2236
90.4297
90.6082
90.7576
90.8764
90.9627
91.0146
91.0297
91.0057
90.9396
90.8283
90.6684
90.4557
90.1858
89.8532
89.4525
88.9768
88.4182
87.7678
87.015
86.1481
85.1514
84.008
82.6971
76.4149
78.558
80.4205
82.0447
83.4651
84.7095
85.8008
86.7582
87.5978
88.3331
88.9759
89.5361
90.0225
90.4425
90.8029
91.1094
91.3672
91.5808
91.7544
91.8915
91.9954
92.069
92.1149
92.1355
92.1329
92.1088
92.0651
92.0032
91.9245
91.8302
91.7213
91.5989
91.4637
91.3165
91.158
90.9887
90.8092
90.6198
90.421
90.2132
89.9965
89.7713
89.5377
89.296
89.0463
88.7888
88.5235
88.2506
87.9701
87.682
87.3865
87.0836
86.7732
86.4554
86.1302
85.7976
85.4576
85.1101
84.7551
84.3925
84.0223
83.6444
83.2587
82.8652
82.4638
82.0543
81.6366
81.2106
80.7761
80.333
79.8811
79.4202
78.95
78.4704
77.981
77.4817
76.9721
76.452
75.9209
75.3787
74.8248
74.2589
73.6807
73.0898
72.4855
71.867
71.2347
70.5877
69.9253
69.2476
68.5529
67.8411
67.1116
66.3637
65.5967
64.8101
64.0031
63.1758
62.3267
61.4559
60.5642
59.6506
58.7166
57.7646
56.7961
55.8162
54.8325
53.8545
52.8998
51.992
51.17
50.4871
50.0171
49.836
49.9875
50.451
51.1593
52.0383
53.0283
54.0854
55.1808
56.2952
57.414
58.5287
59.6332
60.7238
61.7966
62.8505
63.8841
64.8969
65.8885
66.8589
67.8081
68.7362
69.6436
70.531
71.3977
72.2443
73.0718
73.8802
74.6699
75.441
76.1938
76.9287
77.6458
78.3453
79.0275
79.692
80.3397
80.9703
81.5839
82.1801
82.7596
83.3219
83.8667
84.3943
84.9044
85.3965
85.8707
86.3265
86.7633
87.1811
87.579
87.9568
88.3137
88.6488
88.9617
89.2512
89.5165
89.7566
89.97
90.1557
90.3119
90.4372
90.5296
90.5871
90.6074
90.5881
90.5261
90.4183
90.2612
90.0506
89.7816
89.4494
89.0478
88.5698
88.0075
87.3512
86.5908
85.7133
84.7036
83.5439
82.2117
76.9319
79.0373
80.869
82.4681
83.8675
85.0944
86.1709
87.1158
87.9446
88.6705
89.3051
89.8581
90.3378
90.7518
91.1065
91.4075
91.66
91.8684
92.0367
92.1684
92.2668
92.3346
92.3745
92.3888
92.3794
92.3483
92.2971
92.2274
92.1405
92.0375
91.9196
91.7877
91.6426
91.4852
91.3161
91.1359
90.9451
90.7441
90.5335
90.3134
90.0843
89.8464
89.5999
89.3451
89.082
88.8109
88.5318
88.245
87.9503
87.648
87.338
87.0204
86.6952
86.3625
86.0221
85.6742
85.3187
84.9555
84.5846
84.206
83.8196
83.4253
83.023
82.6127
82.1942
81.7675
81.3323
80.8886
80.4361
79.9748
79.5044
79.0247
78.5355
78.0366
77.5277
77.0085
76.4788
75.9382
75.3864
74.823
74.2477
73.6601
73.0599
72.4465
71.8192
71.1782
70.5227
69.8521
69.1658
68.463
67.7438
67.0072
66.2527
65.4796
64.6872
63.875
63.0424
62.1889
61.3143
60.4183
59.5011
58.5633
57.6059
56.631
55.6426
54.6442
53.6442
52.6546
51.6928
50.7866
49.9747
49.3158
48.8849
48.7552
48.9602
49.4687
50.2104
51.112
52.1177
53.1866
54.2907
55.4125
56.5381
57.6601
58.7715
59.8688
60.9499
62.0116
63.0536
64.0757
65.0762
66.0559
67.015
67.9527
68.8699
69.7666
70.6438
71.5008
72.3383
73.1568
73.9564
74.7375
75.5007
76.2456
76.9726
77.6819
78.3738
79.0484
79.7057
80.3458
80.9688
81.5747
82.1634
82.7348
83.2889
83.8253
84.3442
84.8452
85.328
85.7922
86.2376
86.6634
87.0695
87.4552
87.8198
88.1625
88.4828
88.7797
89.052
89.2987
89.5187
89.7105
89.8728
90.0037
90.1013
90.1637
90.1885
90.173
90.1144
90.0095
89.8544
89.6451
89.3766
89.0439
88.6404
88.1594
87.5926
86.9299
86.1612
85.2722
84.2488
83.0718
81.718
77.4076
79.4754
81.2763
82.8497
84.2277
85.4365
86.4977
87.4294
88.2469
88.963
89.5889
90.1341
90.6068
91.0143
91.3629
91.6582
91.9052
92.1082
92.2711
92.3973
92.4902
92.5523
92.5863
92.5943
92.5785
92.5407
92.4825
92.4055
92.3108
92.1998
92.0735
91.9328
91.7787
91.6119
91.433
91.2428
91.0416
90.83
90.6085
90.3773
90.1367
89.8872
89.6289
89.362
89.0866
88.8031
88.5114
88.2117
87.9041
87.5886
87.2653
86.9342
86.5954
86.2489
85.8946
85.5326
85.1628
84.7851
84.3996
84.0062
83.6048
83.1954
82.7777
82.3519
81.9177
81.475
81.0236
80.5635
80.0945
79.6163
79.1289
78.6318
78.1251
77.6084
77.0814
76.5439
75.9956
75.4361
74.8651
74.2824
73.6875
73.08
72.4594
71.8256
71.1776
70.5158
69.8386
69.1466
68.4387
67.714
66.9728
66.214
65.4366
64.641
63.8261
62.9907
62.1357
61.2599
60.3632
59.4456
58.5067
57.5486
56.5719
55.5791
54.5737
53.5614
52.5505
51.5538
50.5904
49.6893
48.8932
48.2631
47.8757
47.7999
48.0585
48.6106
49.3831
50.3056
51.3238
52.4012
53.5115
54.6375
55.7666
56.892
58.0074
59.1083
60.1934
61.2597
62.3072
63.3346
64.3409
65.3271
66.2921
67.2371
68.1612
69.0651
69.9497
70.8142
71.6598
72.486
73.2935
74.0829
74.8537
75.6065
76.3419
77.0593
77.7592
78.4418
79.1074
79.7556
80.3865
81.0002
81.5968
82.176
82.7381
83.2823
83.8088
84.3173
84.8075
85.2791
85.7316
86.1647
86.5779
86.9704
87.3418
87.6912
88.0179
88.321
88.5994
88.8519
89.0775
89.2748
89.4421
89.5778
89.6799
89.7463
89.7748
89.7625
89.7066
89.6037
89.45
89.2411
88.9724
88.6385
88.2325
87.7475
87.1754
86.5056
85.7272
84.8271
83.7883
82.593
81.2165
77.8427
79.873
81.6427
83.1902
84.5464
85.7366
86.7821
87.7002
88.5059
89.2117
89.8285
90.3654
90.8308
91.2315
91.5739
91.8632
92.1045
92.302
92.4594
92.5802
92.6676
92.7241
92.7524
92.7545
92.7326
92.6885
92.6237
92.5397
92.4379
92.3194
92.1854
92.0367
91.8742
91.6988
91.511
91.3116
91.101
90.8797
90.6482
90.4068
90.1559
89.8958
89.6266
89.3487
89.0622
88.7673
88.4641
88.1527
87.8332
87.5057
87.1702
86.8268
86.4755
86.1163
85.7493
85.3743
84.9914
84.6005
84.2016
83.7946
83.3794
82.956
82.5243
82.0842
81.6354
81.1781
80.7119
80.2367
79.7524
79.2588
78.7556
78.2427
77.7198
77.1867
76.6431
76.0888
75.5234
74.9466
74.3582
73.7577
73.1448
72.5191
71.8802
71.2276
70.5609
69.8801
69.1838
68.472
67.7447
67.0003
66.2388
65.4602
64.6629
63.8473
63.012
62.1575
61.2828
60.3871
59.4715
58.5348
57.5787
56.6037
55.6105
54.6033
53.5852
52.5625
51.5436
50.5435
49.5821
48.6904
47.9138
47.3165
46.9754
46.9552
47.2667
47.8604
48.6616
49.6025
50.6325
51.7165
52.8306
53.9587
55.089
56.2152
57.3315
58.4341
59.5206
60.5892
61.6384
62.6685
63.6784
64.6682
65.6371
66.5863
67.5154
68.4242
69.3139
70.1842
71.0349
71.8673
72.6806
73.476
74.253
75.0124
75.754
76.4778
77.1841
77.8735
78.5453
79.2002
79.8377
80.4582
81.0613
81.647
82.2155
82.7662
83.2991
83.8139
84.3106
84.7884
85.247
85.6862
86.1055
86.5039
86.8809
87.236
87.5682
87.8765
88.1602
88.4178
88.6482
88.8499
89.0215
89.1611
89.2669
89.3366
89.3679
89.358
89.304
89.2023
89.0492
88.8403
88.5705
88.2346
87.8255
87.336
86.7575
86.0799
85.2914
84.3782
83.3244
82.1089
80.7085
78.2377
80.2303
81.9689
83.4901
84.8241
85.9955
87.0248
87.929
88.7225
89.4176
90.0249
90.5534
91.0111
91.4049
91.7407
92.024
92.2595
92.4514
92.6034
92.7189
92.8008
92.852
92.8747
92.8713
92.8436
92.7935
92.7225
92.6322
92.5238
92.3984
92.2573
92.1012
91.9312
91.7479
91.552
91.3442
91.1251
90.895
90.6545
90.4039
90.1436
89.8738
89.5949
89.307
89.0104
88.7051
88.3914
88.0694
87.7391
87.4007
87.0541
86.6995
86.3368
85.9661
85.5874
85.2006
84.8057
84.4027
83.9915
83.5721
83.1444
82.7083
82.2637
81.8104
81.3485
80.8777
80.3979
79.9089
79.4106
78.9028
78.3853
77.8578
77.3202
76.7721
76.2134
75.6437
75.0627
74.4702
73.8658
73.2491
72.6199
71.9776
71.322
70.6526
69.9689
69.2705
68.557
67.8283
67.083
66.3211
65.542
64.7452
63.9308
63.0972
62.2443
61.3725
60.4802
59.5678
58.6359
57.6835
56.7124
55.7226
54.7165
53.6976
52.669
51.6387
50.6159
49.6145
48.658
47.7781
47.0244
46.4631
46.1716
46.2077
46.5707
47.2037
48.0319
48.9896
50.0295
51.1188
52.2353
53.3641
54.4953
55.6208
56.7362
57.838
58.924
59.9925
61.0424
62.0731
63.0841
64.0753
65.0466
65.998
66.9292
67.8414
68.7342
69.608
70.4628
71.2991
72.1166
72.9163
73.6981
74.4621
75.2081
75.9371
76.6488
77.3428
78.02
78.6801
79.3227
79.9485
80.5567
81.148
81.7218
82.2778
82.8161
83.3362
83.8381
84.321
84.7847
85.2291
85.6531
86.0566
86.4385
86.7982
87.1351
87.4479
87.7357
87.9975
88.2317
88.4372
88.6122
88.755
88.8636
88.9359
88.9692
88.961
88.9081
88.807
88.6538
88.444
88.1724
87.8334
87.4204
86.9257
86.3403
85.654
84.8546
83.9279
82.8568
81.6208
80.1951
78.5924
80.5477
82.2548
83.7497
85.0613
86.2136
87.2264
88.1163
88.8973
89.5815
90.1791
90.6989
91.1488
91.5353
91.8646
92.1418
92.3714
92.5578
92.7044
92.8146
92.8914
92.9373
92.9549
92.9461
92.9131
92.8574
92.7808
92.6846
92.5701
92.4385
92.2909
92.1282
91.9513
91.7609
91.5577
91.3424
91.1156
90.8776
90.629
90.3701
90.1013
89.8229
89.5351
89.2382
88.9324
88.6179
88.2947
87.9631
87.6231
87.2747
86.9182
86.5534
86.1804
85.7993
85.41
85.0125
84.6067
84.1927
83.7704
83.3397
82.9005
82.4528
81.9965
81.5313
81.0573
80.5743
80.0821
79.5806
79.0696
78.5489
78.0183
77.4775
76.9264
76.3648
75.7923
75.2086
74.6135
74.0067
73.3878
72.7565
72.1124
71.4553
70.7844
70.0998
69.4009
68.6871
67.9581
67.2134
66.4525
65.675
64.8802
64.0678
63.2373
62.3881
61.52
60.6325
59.7254
58.7985
57.8526
56.8868
55.9024
54.9007
53.8845
52.8557
51.8195
50.7839
49.7579
48.7581
47.8087
46.9436
46.215
45.6928
45.453
45.5455
45.9586
46.6288
47.4814
48.4549
49.5036
50.5979
51.716
52.8446
53.9747
55.0983
56.2116
57.3121
58.3962
59.4631
60.5117
61.5415
62.5525
63.5436
64.5151
65.4671
66.3998
67.3133
68.2077
69.0833
69.9404
70.7791
71.5996
72.4022
73.187
73.9542
74.7039
75.4364
76.1516
76.8497
77.5308
78.1947
78.8413
79.4711
80.0838
80.6792
81.2569
81.8173
82.3598
82.8843
83.3901
83.8774
84.3455
84.7937
85.222
85.6294
86.0151
86.3788
86.7192
87.0357
87.3269
87.592
87.8293
88.0377
88.2153
88.3606
88.4712
88.5452
88.5799
88.5726
88.5201
88.4188
88.2646
88.0532
87.7791
87.4367
87.019
86.5183
85.9249
85.2291
84.4179
83.4761
82.3872
81.1295
79.6774
78.9072
80.825
82.5009
83.9692
85.2582
86.3912
87.3872
88.2626
89.0309
89.7039
90.2915
90.8025
91.2444
91.6237
91.9463
92.2173
92.4412
92.6221
92.7635
92.8686
92.9404
92.9814
92.9941
92.9804
92.9423
92.8816
92.7997
92.6982
92.5782
92.441
92.2876
92.1189
91.9358
91.7391
91.5295
91.3075
91.0737
90.8287
90.5728
90.3065
90.0302
89.744
89.4484
89.1434
88.8294
88.5066
88.175
87.8347
87.486
87.1288
86.7632
86.3893
86.007
85.6165
85.2177
84.8105
84.395
83.9711
83.5387
83.0978
82.6483
82.1901
81.7231
81.2472
80.7623
80.2682
79.7648
79.2519
78.7294
78.197
77.6545
77.1018
76.5385
75.9645
75.3795
74.7833
74.1754
73.5557
72.9237
72.2792
71.6218
70.9512
70.267
69.5684
68.8557
68.1282
67.3849
66.6263
65.8516
65.0601
64.2509
63.4246
62.5803
61.7176
60.836
59.9352
59.0152
58.0758
57.1172
56.1399
55.1447
54.1331
53.1074
52.071
51.029
49.989
48.9624
47.9659
47.0249
46.1775
45.4769
44.9959
44.8096
44.9582
45.4193
46.1249
47.0005
47.9881
49.0452
50.1427
51.2625
52.3904
53.5186
54.6398
55.751
56.848
57.9299
58.9942
60.0412
61.0689
62.0777
63.068
64.0385
64.9904
65.9227
66.8362
67.7309
68.6076
69.4655
70.3053
71.1272
71.9318
72.7184
73.4876
74.2395
74.9742
75.6919
76.3926
77.0763
77.7431
78.3929
79.0257
79.6414
80.2399
80.821
81.3845
81.9303
82.458
82.9672
83.4578
83.9291
84.3807
84.8121
85.2224
85.6114
85.978
86.3214
86.6406
86.9344
87.202
87.4417
87.6522
87.8317
87.9785
88.0906
88.1655
88.2009
88.1937
88.1408
88.0386
87.8829
87.6691
87.3919
87.0451
86.6217
86.1141
85.5123
84.806
83.9816
83.0249
81.9173
80.636
79.156
79.1814
81.0622
82.7067
84.1484
85.4147
86.5281
87.5072
88.3679
89.1233
89.785
90.3626
90.8646
91.2984
91.6705
91.9865
92.2513
92.4696
92.6451
92.7814
92.8817
92.9487
92.9851
92.9932
92.9749
92.9323
92.8669
92.7804
92.6741
92.5492
92.407
92.2484
92.0745
91.8859
91.6836
91.4682
91.2403
91.0004
90.7492
90.4869
90.2141
89.9311
89.6381
89.3355
89.0235
88.7022
88.372
88.0329
87.685
87.3285
86.9634
86.5898
86.2077
85.8172
85.4183
85.011
84.5952
84.1709
83.7381
83.2967
82.8466
82.3879
81.9203
81.4438
80.9582
80.4635
79.9594
79.4459
78.9228
78.3898
77.8469
77.2938
76.7302
76.156
75.571
74.9747
74.3671
73.7477
73.1163
72.4726
71.8163
71.1469
70.4642
69.7676
69.0569
68.332
67.5917
66.8366
66.0651
65.2779
64.4741
63.6526
62.8141
61.9571
61.0823
60.1889
59.276
58.3447
57.3943
56.4253
55.4374
54.433
53.413
52.3799
51.3373
50.2908
49.2479
48.222
47.2303
46.3
45.4711
44.8011
44.3643
44.2327
44.437
44.9439
45.6822
46.5796
47.5802
48.6444
49.7458
50.8656
51.993
53.1191
54.2381
55.3455
56.4397
57.5184
58.5795
59.6234
60.6489
61.6552
62.6433
63.6119
64.5622
65.4932
66.4062
67.3003
68.1765
69.0343
69.8746
70.6968
71.5019
72.2892
73.0594
73.8128
74.5488
75.2679
75.9706
76.656
77.3246
77.9766
78.6114
79.2292
79.8298
80.4132
80.9793
81.5274
82.0574
82.5691
83.0619
83.5356
83.9896
84.4233
84.8361
85.2273
85.5961
85.9416
86.2628
86.5586
86.8279
87.0692
87.281
87.4618
87.6095
87.7222
87.7974
87.8326
87.825
87.7711
87.6672
87.5092
87.2922
87.0112
86.6594
86.2299
85.7143
85.1036
84.3857
83.5477
82.5745
81.4463
80.1409
78.6316
79.4147
81.2586
82.8718
84.2869
85.5304
86.6241
87.5862
88.432
89.1744
89.8247
90.3921
90.8852
91.311
91.6758
91.9852
92.2441
92.4568
92.6271
92.7586
92.8542
92.9169
92.949
92.9528
92.9304
92.8837
92.8142
92.7235
92.6129
92.4838
92.3371
92.1741
91.9955
91.8022
91.595
91.3746
91.1416
90.8965
90.6398
90.372
90.0935
89.8047
89.5058
89.1971
88.8789
88.5513
88.2146
87.8689
87.5143
87.151
86.7789
86.3982
86.009
85.6112
85.2049
84.79
84.3665
83.9345
83.4938
83.0444
82.5862
82.1192
81.6432
81.1582
80.664
80.1605
79.6476
79.125
78.5928
78.0505
77.4982
76.9355
76.3623
75.7783
75.1833
74.577
73.9592
73.3295
72.6877
72.0335
71.3665
70.6864
69.9929
69.2853
68.5641
67.8279
67.0767
66.3101
65.5281
64.7294
63.9141
63.0822
62.2323
61.3651
60.4791
59.5747
58.6522
57.7104
56.7505
55.7724
54.7759
53.7635
52.7356
51.6963
50.6487
49.5982
48.5548
47.5307
46.5445
45.6265
44.8185
44.1814
43.7909
43.7148
43.9737
44.5246
45.2937
46.211
47.2234
48.2941
49.3982
50.5191
51.6452
52.7689
53.8849
54.9895
56.0802
57.1552
58.2133
59.2531
60.2754
61.2792
62.2645
63.231
64.1785
65.1081
66.0193
66.9123
67.7869
68.6441
69.4837
70.3054
71.1102
71.8974
72.668
73.4217
74.1581
74.8782
75.5812
76.2678
76.9373
77.5905
78.2265
78.8455
79.4478
80.0326
80.6002
81.1498
81.6814
82.1949
82.6894
83.1647
83.6205
84.0557
84.4701
84.8628
85.2332
85.5801
85.9025
86.1995
86.4698
86.7121
86.9246
87.1058
87.2538
87.3664
87.4413
87.4757
87.4668
87.4112
87.3051
87.1441
86.9235
86.6377
86.2802
85.8437
85.3199
84.6987
83.9686
83.1161
82.1249
80.9756
79.6447
78.1046
79.6064
81.4134
82.9955
84.384
85.6046
86.6786
87.6236
88.4545
89.1839
89.8226
90.38
90.864
91.2818
91.6395
91.9424
92.1954
92.4028
92.5682
92.695
92.7864
92.845
92.8732
92.8732
92.8471
92.7967
92.7236
92.6293
92.515
92.3822
92.2318
92.0649
91.8824
91.6851
91.4738
91.2491
91.0117
90.7622
90.5009
90.2284
89.9451
89.6513
89.3473
89.0334
88.7098
88.3768
88.0345
87.6832
87.3228
86.9535
86.5755
86.1887
85.7932
85.389
84.9762
84.5547
84.1246
83.6857
83.2381
82.7817
82.3163
81.8421
81.3587
80.8661
80.3643
79.8531
79.3323
78.8018
78.2613
77.7109
77.1502
76.579
75.9972
75.4045
74.8006
74.1854
73.5584
72.9196
72.2686
71.605
70.9285
70.2389
69.5357
68.8188
68.0875
67.3416
66.5806
65.8042
65.012
64.2035
63.3784
62.5363
61.6774
60.8001
59.9048
58.9912
58.0597
57.1091
56.1402
55.154
54.15
53.13
52.0966
51.0513
49.9997
48.9468
47.9025
46.8813
45.9031
44.9981
44.2132
43.6109
43.2689
43.2493
43.5613
44.1539
44.9521
45.8878
46.9111
47.9877
49.0949
50.2158
51.3405
52.4618
53.5747
54.6758
55.7634
56.8346
57.8889
58.9256
59.9443
60.9447
61.9267
62.8903
63.8355
64.7625
65.6714
66.5624
67.4356
68.2907
69.1289
69.9498
70.7536
71.5405
72.3105
73.0633
73.7998
74.5198
75.2231
75.9095
76.5797
77.2332
77.8697
78.4896
79.0925
79.678
80.2464
80.7968
81.3295
81.8437
82.3393
82.8156
83.2723
83.7085
84.1239
84.5175
84.8887
85.2362
85.5595
85.857
86.1277
86.3702
86.5828
86.7639
86.9115
87.0234
87.0973
87.1303
87.1196
87.0617
86.9526
86.7879
86.5629
86.2717
85.9078
85.4638
84.9304
84.2983
83.5553
82.6873
81.6776
80.5062
79.1487
77.5755
79.7553
81.5256
83.0766
84.4385
85.6363
86.6906
87.6184
88.4343
89.1507
89.778
90.3253
90.8005
91.2103
91.561
91.8577
92.105
92.3073
92.468
92.5906
92.678
92.7328
92.7576
92.7543
92.725
92.6714
92.5952
92.4978
92.3805
92.2446
92.0911
91.921
91.7353
91.5347
91.32
91.0918
90.8509
90.5976
90.3325
90.0561
89.7688
89.4708
89.1626
88.8444
88.5163
88.1788
87.8318
87.4756
87.1103
86.7361
86.3529
85.9609
85.56
85.1504
84.7321
84.305
83.869
83.4243
82.9707
82.5081
82.0366
81.556
81.0662
80.5671
80.0586
79.5405
79.0128
78.4753
77.9278
77.3701
76.802
76.2233
75.6339
75.0335
74.4218
73.7987
73.1638
72.5168
71.8576
71.1857
70.5009
69.8028
69.0911
68.3653
67.6255
66.871
66.1013
65.3158
64.5149
63.6978
62.8641
62.0134
61.1453
60.2596
59.356
58.4342
57.4941
56.5358
55.5594
54.5662
53.5555
52.5294
51.4899
50.4402
49.3847
48.3308
47.2871
46.2691
45.2994
44.4097
43.6492
43.085
42.7932
42.8303
43.1941
43.8264
44.651
45.6041
46.6375
47.7199
48.8286
49.9495
51.0734
52.1922
53.3027
54.4002
55.4834
56.5513
57.6017
58.6346
59.6495
60.6468
61.6254
62.5857
63.5278
64.452
65.3587
66.2472
67.1181
67.9716
68.8079
69.6271
70.4294
71.2148
71.9837
72.7359
73.4716
74.1907
74.8935
75.5798
76.2497
76.9029
77.5396
78.1591
78.7621
79.348
79.9165
80.4674
81.0002
81.5149
82.0108
82.4876
82.9444
83.3812
83.7969
84.1907
84.5621
84.91
85.2331
85.5307
85.8013
86.0434
86.2555
86.4358
86.5825
86.6931
86.7654
86.7965
86.7833
86.7224
86.6098
86.441
86.2107
85.9136
85.5427
85.0899
84.5471
83.9033
83.146
82.2616
81.2324
80.0369
78.6514
77.0444
79.8596
81.5937
83.1137
84.4491
85.6241
86.6586
87.5693
88.3704
89.0737
89.6896
90.227
90.6934
91.0956
91.4394
91.7301
91.9721
92.1695
92.3259
92.4446
92.5284
92.58
92.6016
92.5955
92.5635
92.5073
92.4286
92.3287
92.209
92.0707
91.9147
91.7422
91.5539
91.3507
91.1333
90.9025
90.6587
90.4025
90.1345
89.855
89.5644
89.2632
88.9516
88.6298
88.2982
87.9569
87.6061
87.246
86.8767
86.4983
86.1109
85.7145
85.3092
84.895
84.472
84.0401
83.5993
83.1496
82.6909
82.2232
81.7463
81.2603
80.765
80.2603
79.746
79.2221
78.6884
78.1448
77.5911
77.0271
76.4526
75.8675
75.2715
74.6643
74.0458
73.4157
72.7738
72.1197
71.4532
70.774
70.0818
69.3763
68.6571
67.924
67.1761
66.414
65.6363
64.8436
64.035
63.2097
62.3683
61.51
60.6344
59.7407
58.8296
57.9005
56.9534
55.9881
55.0052
54.005
52.9884
51.9563
50.9122
49.8586
48.8005
47.745
46.7034
45.6901
44.7294
43.8566
43.1231
42.5985
42.3591
42.4529
42.8666
43.536
44.3861
45.3543
46.3975
47.4847
48.5952
49.7166
50.8389
51.9553
53.0626
54.1567
55.2367
56.3001
57.3472
58.3762
59.3878
60.3809
61.3564
62.3132
63.2526
64.1736
65.0768
65.963
66.8313
67.6824
68.5168
69.334
70.1343
70.9181
71.6857
72.4364
73.1707
73.8888
74.5905
75.2758
75.9452
76.5977
77.2337
77.853
78.4555
79.0409
79.6091
80.1598
80.6925
81.2069
81.7027
82.1793
82.6361
83.0727
83.488
83.8817
84.2528
84.6002
84.923
85.22
85.4899
85.7311
85.9422
86.1214
86.2665
86.3753
86.4455
86.4741
86.4579
86.3935
86.2767
86.1031
85.8673
85.5633
85.1847
84.7229
84.1691
83.5129
82.7409
81.8392
80.7887
79.5695
78.1538
76.5113
79.9176
81.6155
83.1047
84.4138
85.5661
86.5809
87.4746
88.2609
88.9513
89.556
90.0836
90.5414
90.9362
91.2734
91.5583
91.7953
91.9882
92.1407
92.2559
92.3366
92.3854
92.4045
92.3961
92.3619
92.3037
92.2231
92.1214
91.9999
91.8598
91.702
91.5277
91.3376
91.1326
90.9133
90.6805
90.4347
90.1764
89.9061
89.6244
89.3315
89.0278
88.7136
88.3892
88.0548
87.7106
87.3569
86.9937
86.6212
86.2396
85.8488
85.4489
85.0401
84.6222
84.1954
83.7596
83.3148
82.861
82.3981
81.9261
81.4448
80.9542
80.4543
79.9448
79.4257
78.8969
78.3582
77.8094
77.2504
76.681
76.101
75.5103
74.9085
74.2956
73.6712
73.0351
72.3871
71.7268
71.054
70.3685
69.6698
68.9577
68.2321
67.492
66.7375
65.9687
65.1843
64.3848
63.569
62.7374
61.8887
61.0237
60.1408
59.2409
58.3227
57.3871
56.4336
55.4616
54.4727
53.4669
52.4444
51.4082
50.36
49.3032
48.2425
47.1867
46.1466
45.139
44.1892
43.3348
42.6305
42.1482
41.9624
42.1125
42.5742
43.2786
44.1519
45.1352
46.1867
47.2783
48.391
49.512
50.6327
51.7466
52.8508
53.9421
55.0184
56.078
57.1212
58.1468
59.1541
60.1439
61.1157
62.069
63.005
63.9232
64.8233
65.7065
66.572
67.4208
68.2523
69.0675
69.8656
70.6477
71.4129
72.1618
72.8949
73.6114
74.312
74.996
75.6637
76.3154
76.9504
77.5687
78.1703
78.7552
79.3226
79.8725
80.4045
80.9185
81.4136
81.8896
82.3458
82.7816
83.1965
83.5894
83.9597
84.3064
84.6284
84.9243
85.193
85.433
85.6426
85.8199
85.9631
86.0696
86.1371
86.1627
86.143
86.0746
85.9531
85.7741
85.532
85.2208
84.8339
84.3624
83.7973
83.1274
82.3399
81.4199
80.3479
79.1022
77.6557
75.9762
79.9268
81.5888
83.0474
84.3302
85.4598
86.4552
87.332
88.1036
88.7814
89.3751
89.8931
90.3427
90.7302
91.0613
91.3408
91.573
91.762
91.911
92.0232
92.1013
92.1478
92.1649
92.1547
92.119
92.0594
91.9775
91.8746
91.752
91.6108
91.4521
91.2767
91.0855
90.8794
90.659
90.425
90.178
89.9184
89.6468
89.3635
89.0691
88.7637
88.4478
88.1216
87.7853
87.4391
87.0833
86.7179
86.3431
85.9591
85.5657
85.1633
84.7517
84.331
83.9013
83.4625
83.0146
82.5575
82.0913
81.6158
81.131
80.6368
80.1331
79.6197
79.0967
78.5638
78.0209
77.4678
76.9044
76.3305
75.7459
75.1504
74.5439
73.926
73.2966
72.6554
72.0021
71.3365
70.6584
69.9673
69.2631
68.5454
67.8136
67.0679
66.3081
65.533
64.7427
63.9368
63.115
62.2775
61.4228
60.5512
59.6629
58.7565
57.8324
56.8911
55.9313
54.9544
53.9596
52.9487
51.9216
50.8811
49.8287
48.7693
47.7071
46.6517
45.6145
44.6129
43.6752
42.8409
42.1675
41.73
41.5994
41.8051
42.3127
43.0505
43.9455
44.9421
46.0014
47.0968
48.2108
49.3314
50.4504
51.5624
52.6637
53.7515
54.8242
55.8806
56.92
57.9418
58.9457
59.9318
60.8999
61.8501
62.7821
63.6969
64.5943
65.4744
66.3369
67.1829
68.0121
68.8248
69.6204
70.4002
71.1636
71.9104
72.6415
73.3561
74.055
74.7377
75.4038
76.0541
76.6876
77.3049
77.9053
78.489
79.0552
79.6039
80.1352
80.6479
81.1422
81.6171
82.0723
82.5073
82.9211
83.3129
83.6822
84.0275
84.3481
84.6426
84.9098
85.148
85.3556
85.5308
85.6715
85.7754
85.8399
85.8619
85.8383
85.7653
85.6387
85.4538
85.205
84.8861
84.4899
84.0081
83.431
82.7473
81.9435
81.0038
79.9091
78.6366
77.158
75.4389
79.8841
81.5105
82.9387
84.1953
85.3025
86.2785
87.1386
87.8958
88.5612
89.1442
89.6529
90.0946
90.4753
90.8006
91.0751
91.3032
91.4886
91.6347
91.7444
91.8205
91.8653
91.881
91.8697
91.8331
91.7728
91.6903
91.587
91.464
91.3225
91.1634
90.9877
90.7963
90.5899
90.3692
90.1348
89.8873
89.6273
89.3551
89.0713
88.7761
88.47
88.1532
87.826
87.4887
87.1414
86.7843
86.4175
86.0413
85.6557
85.2607
84.8565
84.4431
84.0205
83.5887
83.1477
82.6975
82.2381
81.7694
81.2913
80.8038
80.3068
79.8002
79.2838
78.7577
78.2215
77.6753
77.1188
76.5518
75.9743
75.3859
74.7866
74.1761
73.5541
72.9205
72.275
71.6174
70.9473
70.2646
69.5689
68.8599
68.1373
67.4009
66.6502
65.885
65.1048
64.3094
63.4984
62.6714
61.8281
60.9682
60.0913
59.1972
58.2855
57.3568
56.4097
55.4449
54.4624
53.4628
52.4474
51.4161
50.3714
49.3165
48.2543
47.1913
46.1368
45.1025
44.1091
43.1842
42.3719
41.7321
41.3414
41.2668
41.5272
42.079
42.8473
43.7622
44.7717
45.838
46.9369
48.0526
49.1725
50.2899
51.3994
52.4983
53.5827
54.6519
55.7046
56.7401
57.7581
58.7583
59.7412
60.7056
61.6523
62.5812
63.4927
64.3867
65.2636
66.1235
66.9666
67.793
68.6025
69.396
70.1732
70.9343
71.6792
72.4081
73.1206
73.8175
74.4983
75.163
75.8115
76.4434
77.0591
77.6582
78.2401
78.8052
79.3528
79.8823
80.394
80.8867
81.3605
81.8145
82.248
82.6605
83.0509
83.4186
83.7624
84.0814
84.374
84.6393
84.8754
85.0807
85.2534
85.3913
85.4921
85.553
85.5712
85.5432
85.4652
85.333
85.1416
84.8855
84.5583
84.1526
83.6595
83.0697
82.3712
81.5502
80.5904
79.4714
78.1707
76.6585
74.899
79.7859
81.3769
82.7748
84.0056
85.0906
86.0474
86.8912
87.6342
88.2875
88.8601
89.36
89.7942
90.1686
90.4885
90.7587
90.9831
91.1656
91.3093
91.4171
91.4918
91.5356
91.5507
91.5389
91.5022
91.4419
91.3596
91.2565
91.1339
90.9928
90.8343
90.6592
90.4683
90.2624
90.0422
89.8083
89.5612
89.3016
89.0297
88.7461
88.4511
88.1451
87.8283
87.501
87.1635
86.8159
86.4584
86.0912
85.7144
85.3281
84.9324
84.5273
84.1129
83.6892
83.2562
82.8139
82.3623
81.9014
81.4311
80.9513
80.4619
79.963
79.4543
78.9358
78.4074
77.8688
77.3201
76.761
76.1913
75.611
75.0197
74.4173
73.8036
73.1784
72.5415
71.8925
71.2313
70.5576
69.8711
69.1715
68.4585
67.7319
66.9915
66.2362
65.4668
64.6823
63.8826
63.0666
62.2351
61.3873
60.5228
59.6412
58.7425
57.8262
56.8922
55.9406
54.9712
53.9844
52.9805
51.9604
50.9254
49.8774
48.8193
47.7554
46.692
45.6391
44.6093
43.6238
42.7137
41.9252
41.3213
40.9795
40.9616
41.2754
41.869
42.6661
43.6002
44.6204
45.6937
46.7956
47.9121
49.0313
50.1475
51.2546
52.3504
53.4316
54.4978
55.5469
56.5787
57.5935
58.59
59.5686
60.5299
61.473
62.3985
63.3065
64.1973
65.0715
65.9282
66.7683
67.5918
68.3989
69.1897
69.9643
70.7228
71.4658
72.1924
72.903
73.5977
74.2764
74.9391
75.5853
76.2156
76.8295
77.4268
78.0073
78.5707
79.1167
79.6449
80.1546
80.646
81.1182
81.5706
82.0026
82.4132
82.802
83.168
83.51
83.8268
84.1175
84.3805
84.6141
84.8169
84.9867
85.1215
85.2188
85.2759
85.2898
85.257
85.1736
85.0354
84.8372
84.5734
84.2372
83.8215
83.3168
82.7137
81.9993
81.1604
80.1796
79.0358
77.7059
76.1588
74.3561
79.6276
81.1834
82.5514
83.7566
84.8196
85.7577
86.5853
87.3147
87.9563
88.519
89.0106
89.4378
89.8064
90.1216
90.388
90.6094
90.7896
90.9316
91.0384
91.1124
91.1559
91.171
91.1597
91.1235
91.064
90.9827
90.8808
90.7594
90.6196
90.4624
90.2887
90.0992
89.8948
89.676
89.4434
89.1977
88.9393
88.6686
88.3862
88.0923
87.7872
87.4713
87.1448
86.808
86.4611
86.1041
85.7374
85.3609
84.9748
84.5792
84.1741
83.7596
83.3357
82.9024
82.4596
82.0075
81.5459
81.0748
80.5942
80.1038
79.6038
79.0939
78.5741
78.0442
77.5042
76.9538
76.3929
75.8213
75.239
74.6456
74.041
73.425
72.7973
72.1578
71.5062
70.8422
70.1656
69.4761
68.7734
68.0573
67.3273
66.5832
65.825
65.0516
64.2635
63.4596
62.6404
61.8051
60.9528
60.0843
59.1988
58.2954
57.3751
56.4371
55.4813
54.5073
53.5165
52.5089
51.4852
50.447
49.3962
48.336
47.2702
46.207
45.1556
44.1309
43.1551
42.2618
41.4985
40.933
40.6421
40.6813
41.0469
41.68
42.5045
43.4553
44.4866
45.5656
46.6709
47.7873
48.9063
50.0207
51.1252
52.2181
53.2967
54.3588
55.4049
56.433
57.4441
58.4369
59.4124
60.3696
61.3097
62.2316
63.1368
64.0242
64.8952
65.7488
66.5858
67.4068
68.211
68.999
69.7714
70.5273
71.2674
71.9915
72.7001
73.3925
74.069
74.7296
75.374
76.0027
76.6146
77.2099
77.7885
78.35
78.8941
79.4205
79.9287
80.4182
80.8886
81.3391
81.7693
82.1782
82.565
82.9289
83.2688
83.5835
83.8718
84.1322
84.3632
84.5631
84.7298
84.8611
84.9547
85.0076
85.0169
84.979
84.8899
84.7453
84.5398
84.2677
83.9225
83.4959
82.9791
82.3621
81.6316
80.7735
79.7707
78.6012
77.2399
75.6563
73.8097
79.4037
80.9248
82.2631
83.443
84.4844
85.4042
86.2162
86.9323
87.5628
88.1162
88.6001
89.0209
89.3845
89.6957
89.9589
90.1782
90.3569
90.498
90.6044
90.6785
90.7226
90.7387
90.7286
90.6939
90.6362
90.5567
90.4568
90.3376
90.2
90.0451
89.8737
89.6866
89.4845
89.268
89.0377
88.7943
88.5381
88.2696
87.9892
87.6973
87.3942
87.0801
86.7554
86.4202
86.0748
85.7194
85.3539
84.9787
84.5937
84.1991
83.795
83.3813
82.958
82.5253
82.0831
81.6313
81.17
80.6989
80.2183
79.7279
79.2276
78.7174
78.1971
77.6666
77.1259
76.5747
76.0128
75.4402
74.8567
74.262
73.656
73.0385
72.4092
71.7679
71.1144
70.4484
69.7696
69.0779
68.3729
67.6543
66.922
66.1751
65.4138
64.6375
63.8466
63.0397
62.2173
61.3783
60.5228
59.651
58.7615
57.8552
56.9307
55.9891
55.0292
54.0523
53.0581
52.0465
51.0197
49.9786
48.9247
47.8628
46.797
45.7338
44.6853
43.6666
42.7015
41.8253
41.0899
40.5649
40.327
40.4233
40.839
41.5094
42.359
43.3264
44.3672
45.4515
46.5591
47.6765
48.7945
49.9063
51.009
52.0989
53.1742
54.2335
55.276
56.3005
57.308
58.2977
59.2696
60.2232
61.1597
62.0788
62.98
63.8647
64.7324
65.5829
66.4173
67.2348
68.0366
68.8218
69.5914
70.3447
71.0825
71.8041
72.5103
73.2003
73.8749
74.5332
75.1754
75.8019
76.4117
77.0049
77.5818
78.1413
78.6834
79.2078
79.7143
80.2018
80.6702
81.1187
81.547
81.9538
82.3385
82.7001
83.0377
83.35
83.6357
83.8934
84.1215
84.3183
84.4816
84.6093
84.6987
84.7472
84.7516
84.7083
84.6132
84.4618
84.2487
83.9681
83.6129
83.1752
82.6458
82.0139
81.2666
80.3895
79.3634
78.167
76.774
75.1515
73.2603
79.1079
80.5944
81.9035
83.0585
84.0788
84.9807
85.7777
86.4813
87.1013
87.646
88.123
88.5383
88.8976
89.2056
89.4667
89.6846
89.8626
90.0038
90.1108
90.1861
90.2317
90.2497
90.2418
90.2095
90.1545
90.0779
89.981
89.8649
89.7306
89.579
89.4109
89.2272
89.0284
88.8152
88.5883
88.3481
88.0951
87.8298
87.5525
87.2636
86.9634
86.6522
86.3302
85.9977
85.6548
85.3018
84.9386
84.5656
84.1828
83.7901
83.3878
82.9759
82.5543
82.123
81.6822
81.2317
80.7715
80.3015
79.8217
79.3321
78.8324
78.3228
77.8029
77.2727
76.7321
76.1809
75.619
75.0462
74.4623
73.8671
73.2605
72.6423
72.0121
71.3699
70.7153
70.0481
69.368
68.6748
67.9681
67.2478
66.5132
65.765
65.0016
64.2233
63.4297
62.6204
61.7951
60.9535
60.0958
59.2207
58.3284
57.4185
56.4917
55.5465
54.5835
53.6035
52.6056
51.5917
50.5616
49.5175
48.4623
47.3985
46.3324
45.2711
44.2255
43.2136
42.2598
41.4031
40.6977
40.2157
40.0322
40.185
40.6492
41.3547
42.2278
43.2098
44.26
45.349
46.4586
47.5761
48.6931
49.8035
50.9036
51.9906
53.0626
54.1185
55.1575
56.179
57.1829
58.169
59.1373
60.0879
61.021
61.9366
62.835
63.7163
64.5803
65.4282
66.2595
67.0745
67.8733
68.6557
69.4225
70.1735
70.9083
71.6277
72.3314
73.019
73.6912
74.3474
74.9874
75.6116
76.2192
76.8107
77.385
77.9427
78.4827
79.0053
79.5094
79.9951
80.4613
80.908
81.3338
81.7384
82.1209
82.4802
82.8152
83.1251
83.4081
83.6629
83.888
84.0813
84.241
84.3647
84.45
84.4938
84.4931
84.444
84.3426
84.1841
83.9629
83.6733
83.308
82.8588
82.3163
81.6692
80.9045
80.0066
78.9568
77.7327
76.3066
74.6448
72.7049
78.7322
80.1847
81.4649
82.5955
83.5954
84.48
85.2627
85.9545
86.5649
87.1019
87.5728
87.9836
88.3395
88.6454
88.9053
89.1229
89.3013
89.4436
89.5523
89.6298
89.678
89.699
89.6944
89.6658
89.6145
89.5419
89.4491
89.3373
89.2073
89.0601
88.8965
88.7171
88.5228
88.3141
88.0916
87.8557
87.6071
87.346
87.0728
86.788
86.4918
86.1845
85.8663
85.5374
85.1981
84.8485
84.4887
84.1189
83.7392
83.3495
82.9501
82.5408
82.1218
81.6931
81.2546
80.8063
80.3482
79.8801
79.4022
78.9143
78.4162
77.908
77.3894
76.8604
76.3208
75.7705
75.2094
74.6372
74.0539
73.4591
72.8527
72.2345
71.6044
70.9619
70.307
69.6394
68.9588
68.2648
67.5573
66.836
66.1004
65.3505
64.5859
63.8061
63.0109
62.1999
61.3728
60.5293
59.669
58.7917
57.8971
56.9849
56.0549
55.1072
54.1416
53.1584
52.1586
51.1416
50.1092
49.0631
48.0064
46.9417
45.8752
44.8158
43.7743
42.7697
41.8296
40.9934
40.3203
39.8838
39.7559
39.9648
40.4751
41.2136
42.1085
43.1048
44.1623
45.2562
46.3674
47.4849
48.6012
49.7096
50.8071
51.8917
52.9605
54.013
55.0484
56.0664
57.0672
58.0497
59.0145
59.9616
60.8912
61.8034
62.6984
63.5765
64.4378
65.2825
66.1108
66.9228
67.7187
68.4986
69.2627
70.0109
70.7435
71.4603
72.1615
72.8469
73.5163
74.1702
74.8081
75.43
76.0357
76.6246
77.1971
77.7525
78.2904
78.8108
79.313
79.7962
80.2605
80.7048
81.1284
81.5308
81.9108
82.2677
82.6003
82.9072
83.1875
83.4392
83.661
83.8509
84.0069
84.1265
84.2073
84.2463
84.2402
84.1852
84.0772
83.9113
83.6819
83.383
83.0073
82.5459
81.9897
81.327
80.5437
79.6248
78.5505
77.2974
75.8362
74.1333
72.1439
78.2672
79.686
80.938
82.045
83.0251
83.8935
84.6627
85.3437
85.9455
86.476
86.9419
87.3492
87.703
88.0079
88.2679
88.4863
88.6665
88.8111
88.9227
89.0036
89.0557
89.0809
89.0809
89.057
89.0108
88.9435
88.8561
88.7497
88.6253
88.4837
88.3257
88.152
87.9634
87.7603
87.5434
87.3131
87.0699
86.8142
86.5463
86.2667
85.9757
85.6734
85.3601
85.0361
84.7014
84.3564
84.001
83.6355
83.2599
82.8743
82.4788
82.0733
81.658
81.2327
80.7976
80.3525
79.8975
79.4324
78.9573
78.472
77.9765
77.4706
76.9543
76.4274
75.8898
75.3413
74.7818
74.2112
73.6292
73.0357
72.4304
71.8132
71.1839
70.5421
69.8877
69.2204
68.54
67.8461
67.1386
66.417
65.681
64.9307
64.1655
63.3845
62.5884
61.7764
60.9476
60.1028
59.2411
58.3621
57.4658
56.5517
55.6193
54.6695
53.7018
52.7165
51.714
50.695
49.6607
48.613
47.5546
46.4895
45.4238
44.3668
43.3302
42.3343
41.4081
40.5949
39.9563
39.5675
39.4962
39.7602
40.3142
41.0842
41.9999
43.0081
44.0735
45.1711
46.2837
47.4016
48.5158
49.6228
50.7176
51.7991
52.8647
53.9143
54.9463
55.9607
56.958
57.9369
58.8987
59.8423
60.7684
61.6772
62.5694
63.4443
64.3023
65.1439
65.9696
66.7786
67.5715
68.3486
69.1098
69.8554
70.5856
71.2998
71.9984
72.6814
73.3487
74.0001
74.6357
75.2553
75.8586
76.4456
77.0158
77.569
78.1049
78.6228
79.1227
79.604
80.066
80.508
80.9294
81.3292
81.7068
82.0612
82.3911
82.6953
82.9725
83.2212
83.4396
83.6259
83.778
83.8935
83.9696
84.0036
83.9919
83.9308
83.8159
83.6425
83.4046
83.0959
82.7093
82.2355
81.6653
80.9859
80.1844
79.2432
78.1435
76.8605
75.3637
73.6183
71.5764
77.7014
79.0872
80.3117
81.396
82.3573
83.2105
83.9676
84.6389
85.2334
85.7586
86.2209
86.6262
86.9793
87.2846
87.546
87.7668
87.9501
88.0985
88.2145
88.3002
88.3577
88.3885
88.3945
88.3769
88.3371
88.2764
88.1957
88.0962
87.9787
87.8441
87.6932
87.5265
87.3449
87.1487
86.9387
86.7153
86.4789
86.2298
85.9686
85.6955
85.4108
85.1148
84.8076
84.4896
84.1608
83.8215
83.4718
83.1118
82.7415
82.3611
81.9706
81.57
81.1594
80.7387
80.308
79.8673
79.4164
78.9553
78.484
78.0024
77.5105
77.0079
76.4949
75.9711
75.4364
74.8907
74.3339
73.7657
73.186
72.5946
71.9914
71.376
70.7483
70.1081
69.455
68.789
68.1096
67.4166
66.7097
65.9887
65.2532
64.5032
63.7377
62.9572
62.1604
61.348
60.5187
59.6732
58.8101
57.9302
57.0321
56.1168
55.1835
54.2322
53.2624
52.2754
51.2712
50.2506
49.2143
48.1655
47.1064
46.0415
44.977
43.9224
42.8916
41.9054
40.9951
40.2066
39.6045
39.2656
39.2516
39.5691
40.1653
40.9643
41.8988
42.9191
43.9912
45.0914
46.2057
47.3231
48.4365
49.5406
50.6333
51.7118
52.774
53.8203
54.8493
55.8601
56.8538
57.8298
58.7875
59.7281
60.6508
61.5567
62.4451
63.3171
64.172
65.0109
65.833
66.639
67.4295
68.2037
68.9622
69.7054
70.4325
71.1441
71.8405
72.521
73.1857
73.8348
74.4683
75.0856
75.6866
76.2712
76.8391
77.3904
77.924
78.4399
78.9376
79.4165
79.8762
80.3159
80.7349
81.1324
81.5075
81.8592
82.1863
82.4877
82.7619
83.0074
83.2224
83.405
83.5531
83.6642
83.7357
83.7645
83.7471
83.6797
83.5578
83.3765
83.1299
82.8114
82.4133
81.9272
81.3421
80.646
79.8248
78.8617
77.735
76.4202
74.8875
73.0969
71.0028
77.0209
78.3746
79.5727
80.6354
81.5793
82.4186
83.165
83.8283
84.417
84.9385
85.3989
85.8038
86.1579
86.4654
86.7299
86.9547
87.1429
87.2968
87.4188
87.5111
87.5755
87.6137
87.6272
87.6175
87.5858
87.5333
87.461
87.3699
87.261
87.1349
86.9924
86.8343
86.6611
86.4734
86.2718
86.0567
85.8284
85.5875
85.3343
85.0691
84.7921
84.5037
84.204
83.8933
83.5718
83.2395
82.8967
82.5434
82.1797
81.8057
81.4215
81.027
80.6223
80.2075
79.7824
79.347
78.9014
78.4455
77.9792
77.5023
77.015
76.517
76.0082
75.4885
74.9578
74.4159
73.8627
73.298
72.7216
72.1334
71.533
70.9204
70.2953
69.6575
69.0068
68.3428
67.6653
66.9741
66.2688
65.5491
64.8148
64.0655
63.3013
62.521
61.7248
60.9123
60.0837
59.2376
58.3744
57.4941
56.5955
55.6795
54.7448
53.7925
52.8216
51.8334
50.8275
49.8058
48.7684
47.7189
46.6597
45.5947
44.5321
43.4811
42.4569
41.481
40.588
39.8265
39.2637
38.9765
39.0203
39.39
40.026
40.8521
41.804
42.8349
43.913
45.0167
46.1318
47.2485
48.3602
49.4626
50.5525
51.6279
52.6874
53.7302
54.7556
55.7629
56.753
57.7254
58.6801
59.6167
60.5364
61.439
62.3245
63.1928
64.045
64.8807
65.6998
66.5033
67.2904
68.0621
68.8182
69.5582
70.2831
70.9921
71.6859
72.3638
73.0265
73.6731
74.3039
74.9191
75.5178
76.1004
76.666
77.2147
77.7464
78.26
78.7554
79.2323
79.6896
80.1269
80.5435
80.9387
81.3112
81.6603
81.9846
82.2831
82.5543
82.7965
83.008
83.1869
83.3309
83.4377
83.5044
83.5279
83.5047
83.4309
83.3019
83.1125
82.8569
82.5282
82.1187
81.6193
81.0192
80.306
79.4649
78.4781
77.3242
75.9774
74.4066
72.5703
70.4196
76.2088
77.5316
78.7047
79.7473
80.6756
81.5028
82.2403
82.8975
83.4825
84.0023
84.4628
84.8693
85.2264
85.5381
85.8078
86.0387
86.2336
86.395
86.5251
86.6259
86.6992
86.7466
86.7696
86.7697
86.7479
86.7054
86.6433
86.5625
86.4638
86.3479
86.2158
86.0679
85.9049
85.7273
85.5357
85.3305
85.112
84.8808
84.6372
84.3814
84.1137
83.8344
83.5437
83.2418
82.9289
82.6052
82.2706
81.9254
81.5697
81.2035
80.8269
80.4398
80.0424
79.6346
79.2164
78.7878
78.3487
77.8991
77.4389
76.9681
76.4866
75.9941
75.4908
74.9763
74.4507
73.9137
73.3652
72.805
72.233
71.6489
71.0525
70.4438
69.8223
69.1879
68.5403
67.8793
67.2047
66.5161
65.8132
65.0959
64.3636
63.6162
62.8533
62.0745
61.2796
60.4683
59.64
58.7952
57.9324
57.0519
56.1534
55.2367
54.3024
53.3491
52.3776
51.3889
50.3823
49.3593
48.3222
47.2718
46.2122
45.149
44.0882
43.0416
42.0242
41.0609
40.1864
39.4538
38.9327
38.6993
38.8005
39.2206
39.8944
40.7459
41.7139
42.7551
43.8386
44.9447
46.0603
47.1761
48.2867
49.3866
50.4736
51.5458
52.602
53.6412
54.6631
55.6674
56.6539
57.6227
58.5738
59.5074
60.4237
61.3228
62.205
63.0705
63.9194
64.752
65.568
66.3685
67.1531
67.922
68.6752
69.4125
70.1347
70.8415
71.5327
72.2081
72.8683
73.5128
74.1412
74.7541
75.3504
75.9308
76.4944
77.0408
77.5702
78.0815
78.5749
79.0493
79.5045
79.9395
80.3539
80.7464
81.1165
81.4629
81.7845
82.0801
82.3481
82.587
82.7951
82.9702
83.1102
83.2125
83.2743
83.2925
83.2634
83.183
83.0467
82.8492
82.5844
82.2452
81.824
81.3111
80.6957
79.9649
79.1033
78.0927
76.9102
75.5303
73.9191
72.0353
69.827
75.2444
76.538
77.6879
78.7126
79.6273
80.4448
81.1757
81.8293
82.413
82.9336
83.3967
83.8074
84.1699
84.4882
84.7655
85.0049
85.2091
85.3802
85.5207
85.6323
85.7167
85.7756
85.8105
85.8224
85.8127
85.7824
85.7325
85.664
85.5776
85.474
85.3541
85.2184
85.0675
84.9019
84.7222
84.5287
84.3219
84.1022
83.8698
83.6252
83.3685
83.1
82.82
82.5286
82.2259
81.9122
81.5876
81.2521
80.9059
80.549
80.1814
79.8032
79.4145
79.0152
78.6053
78.1847
77.7535
77.3116
76.8589
76.3954
75.9209
75.4354
74.9388
74.4308
73.9114
73.3805
72.8379
72.2834
71.7168
71.138
70.5467
69.9428
69.326
68.6961
68.0528
67.3959
66.725
66.04
65.3406
64.6263
63.8971
63.1526
62.3923
61.6154
60.8227
60.0132
59.1867
58.3428
57.4813
56.6018
55.704
54.788
53.8534
52.9003
51.9289
50.9395
49.9328
48.9103
47.8726
46.8226
45.7638
44.7017
43.6445
42.6024
41.5933
40.6433
39.7894
39.0874
38.6105
38.4323
38.5907
39.0595
39.7687
40.6438
41.6273
42.6768
43.765
44.8739
45.9896
47.105
48.213
49.3104
50.395
51.464
52.5167
53.553
54.5712
55.5718
56.5547
57.5204
58.4679
59.3979
60.3107
61.2064
62.0853
62.9479
63.7936
64.6231
65.4365
66.2339
67.0156
67.7816
68.532
69.267
69.9865
70.6906
71.3793
72.0521
72.7098
73.352
73.9783
74.5888
75.1832
75.7609
76.3223
76.8668
77.3939
77.9033
78.3941
78.8665
79.3194
79.752
80.164
80.5542
80.9217
81.2655
81.5844
81.8771
82.1421
82.3777
82.5823
82.7536
82.8895
82.9874
83.0443
83.0571
83.0221
82.9351
82.7913
82.5855
82.3112
81.9617
81.5285
81.0017
80.3706
79.6216
78.7385
77.7033
76.4928
75.0779
73.426
71.4932
69.2254
74.1021
75.3688
76.4981
77.5076
78.4116
79.2224
79.9499
80.6027
81.1882
81.7126
82.1814
82.5992
82.9702
83.2981
83.586
83.8368
84.053
84.2368
84.3904
84.5155
84.6138
84.6869
84.736
84.7624
84.7673
84.7517
84.7165
84.6626
84.5909
84.5019
84.3965
84.2752
84.1386
83.9872
83.8215
83.6419
83.4488
83.2426
83.0236
82.7921
82.5483
82.2925
82.025
81.7459
81.4553
81.1535
80.8405
80.5165
80.1814
79.8355
79.4787
79.111
78.7326
78.3433
77.9432
77.5324
77.1106
76.6778
76.2341
75.7793
75.3133
74.8361
74.3475
73.8474
73.3356
72.8121
72.2767
71.7292
71.1693
70.597
70.012
69.4142
68.8032
68.1789
67.5409
66.8892
66.2233
65.543
64.8479
64.1378
63.4127
62.6714
61.9147
61.1416
60.3515
59.5448
58.7209
57.8788
57.0192
56.1415
55.2454
54.3306
53.3965
52.4443
51.4736
50.4848
49.4785
48.4559
47.4188
46.3696
45.3123
44.2524
43.1983
42.1622
41.1624
40.2263
39.3949
38.7268
38.296
38.1743
38.3893
38.9046
39.6467
40.5442
41.5414
42.599
43.6921
44.8027
45.9183
47.0324
48.1389
49.2336
50.3151
51.3807
52.4305
53.4626
54.4777
55.4746
56.4543
57.4158
58.3596
59.2866
60.1959
61.0881
61.964
62.8229
63.6654
64.4921
65.3024
66.0968
66.8755
67.6391
68.3867
69.1189
69.8357
70.5372
71.2233
71.8944
72.5497
73.1894
73.8134
74.4216
75.0136
75.5894
76.1486
76.6908
77.2157
77.7229
78.2118
78.6819
79.1325
79.5628
79.9725
80.3603
80.7254
81.0667
81.3829
81.6726
81.9346
82.1671
82.3682
82.5357
82.6675
82.7609
82.813
82.8204
82.7794
82.6856
82.5345
82.3202
82.0365
81.6763
81.2306
80.6902
80.0427
79.2753
78.3706
77.3096
76.0693
74.6193
72.9253
70.9404
68.6107
72.7501
73.9931
75.1053
76.1032
77.0005
77.8082
78.5361
79.1921
79.7832
80.3153
80.7935
81.2223
81.6055
81.9466
82.2486
82.5142
82.7459
82.9457
83.1158
83.2577
83.3731
83.4634
83.5299
83.5738
83.5962
83.5982
83.5806
83.5441
83.4898
83.4181
83.3299
83.2256
83.1059
82.9712
82.8219
82.6586
82.4816
82.2913
82.0879
81.8717
81.6432
81.4023
81.1495
80.8847
80.6084
80.3204
80.021
79.7104
79.3885
79.0554
78.7112
78.3559
77.9896
77.6122
77.2237
76.8242
76.4135
75.9916
75.5584
75.114
74.6581
74.1907
73.7117
73.221
72.7184
72.2037
71.6768
71.1377
70.586
70.0215
69.4442
68.8537
68.2499
67.6324
67.0011
66.3557
65.6959
65.0214
64.3321
63.6272
62.9072
62.1709
61.4187
60.6495
59.8634
59.0606
58.2396
57.4012
56.5441
55.669
54.7752
53.862
52.9303
51.9797
51.0098
50.0222
49.0171
47.995
46.959
45.9113
44.856
43.7991
42.7487
41.7194
40.73
39.8099
39.0027
38.3699
37.988
37.9238
38.1942
38.7538
39.5274
40.4453
41.4552
42.5207
43.6175
44.7294
45.8447
46.9573
48.0615
49.154
50.2317
51.2945
52.3406
53.3696
54.3804
55.374
56.35
57.3077
58.2484
59.1712
60.0774
60.9666
61.8386
62.6946
63.5337
64.3573
65.1644
65.9562
66.732
67.4922
68.2374
68.9669
69.6814
70.3803
71.0639
71.7325
72.3853
73.0226
73.6443
74.2505
74.8403
75.4139
75.9709
76.5112
77.034
77.5389
78.0257
78.4936
78.9421
79.3703
79.7779
80.1634
80.526
80.8647
81.1783
81.4653
81.7243
81.9536
82.1512
82.3151
82.4429
82.5318
82.579
82.581
82.534
82.4336
82.2749
82.0522
81.7589
81.3878
80.9298
80.3749
79.711
78.9241
77.998
76.9112
75.6396
74.1533
72.4158
70.3785
67.9833
71.1482
72.3722
73.4722
74.4634
75.3587
76.1685
76.9017
77.5659
78.1675
78.7121
79.2043
79.6486
80.0485
80.4072
80.7277
81.0125
81.2639
81.4838
81.6743
81.8369
81.9733
82.0845
82.1721
82.2372
82.2807
82.3037
82.307
82.2914
82.2576
82.2065
82.1385
82.0543
81.9545
81.8393
81.7094
81.5653
81.4071
81.2353
81.0502
80.8521
80.6412
80.4178
80.1821
79.9342
79.6744
79.4026
79.1193
78.8242
78.5176
78.1996
77.8702
77.5294
77.1772
76.8137
76.4388
76.0525
75.6549
75.2457
74.825
74.3927
73.9487
73.4929
73.0252
72.5455
72.0537
71.5495
71.0329
70.5037
69.9616
69.4066
68.8384
68.2568
67.6615
67.0523
66.429
65.7914
65.139
64.4717
63.7892
63.0913
62.3773
61.647
60.9002
60.1365
59.356
58.5575
57.7411
56.9064
56.0537
55.1817
54.2912
53.381
52.4514
51.5033
50.5355
49.5499
48.546
47.5263
46.4916
45.446
44.3928
43.3395
42.295
41.2726
40.2948
39.3922
38.6108
38.0162
37.6853
37.6792
38.0038
38.6058
39.4087
40.3455
41.3669
42.439
43.5391
44.6519
45.7672
46.8781
47.9798
49.0693
50.1443
51.2035
52.2459
53.271
54.2785
55.2683
56.2404
57.1948
58.1312
59.0508
59.9534
60.8391
61.708
62.5601
63.3965
64.2168
65.0208
65.8095
66.5827
67.34
68.0824
68.8095
69.521
70.2176
70.8987
71.5648
72.2152
72.8505
73.4699
74.0739
74.6615
75.2332
75.788
76.3259
76.8468
77.3497
77.8343
78.3004
78.7467
79.1728
79.5781
79.9613
80.3216
80.658
80.969
81.2533
81.5094
81.7355
81.9299
82.0901
82.2139
82.2985
82.3409
82.3376
82.2846
82.1775
82.0112
81.78
81.4771
81.0949
80.6243
80.0549
79.3744
78.5682
77.6188
76.5055
75.2026
73.6799
71.8966
69.8049
67.3435
69.2462
70.4574
71.5515
72.5426
73.4424
74.2607
75.0056
75.6843
76.3025
76.8655
77.3779
77.8434
78.2657
78.6476
78.9919
79.3011
79.5773
79.8224
80.0382
80.2264
80.3882
80.5251
80.6382
80.7288
80.7976
80.8457
80.874
80.8832
80.874
80.8471
80.8031
80.7426
80.6661
80.5741
80.467
80.3452
80.2092
80.0591
79.8954
79.7184
79.5282
79.3252
79.1094
78.8812
78.6407
78.3879
78.1231
77.8463
77.5576
77.2572
76.9449
76.621
76.2854
75.938
75.579
75.2083
74.8258
74.4315
74.0254
73.6073
73.1772
72.735
72.2806
71.8139
71.3347
70.8429
70.3384
69.8209
69.2903
68.7463
68.189
67.6178
67.0328
66.4335
65.8198
65.1914
64.548
63.8893
63.2151
62.5251
61.8188
61.096
60.3563
59.5994
58.8249
58.0324
57.2217
56.3924
55.5443
54.6769
53.7902
52.8845
51.9586
51.0132
50.0485
49.0657
48.0644
47.0467
46.0152
44.9719
43.9221
42.8732
41.8341
40.8211
39.8554
38.9713
38.2187
37.6648
37.3866
37.4389
37.8163
38.458
39.2886
40.2429
41.2749
42.3535
43.4563
44.5697
45.684
46.7936
47.8927
48.979
50.0505
51.106
52.1445
53.1663
54.1698
55.1556
56.1238
57.0743
58.0074
58.9232
59.822
60.7041
61.5695
62.4186
63.2516
64.0686
64.8699
65.6551
66.4253
67.1801
67.9197
68.644
69.3532
70.0469
70.7258
71.3895
72.0379
72.6705
73.288
73.8897
74.4751
75.0447
75.5977
76.1336
76.6524
77.1533
77.6362
78.0999
78.5444
78.9684
79.3716
79.7526
80.1108
80.4447
80.7533
81.035
81.2884
81.5115
81.7026
81.8593
81.9792
82.0596
82.0972
82.0886
82.0296
81.9159
81.7422
81.5026
81.1899
80.7966
80.3133
79.7294
79.0316
78.2057
77.2333
76.0929
74.7579
73.1959
71.3652
69.2172
66.6869
