84.2479
83.6324
83.0059
82.3684
81.7202
81.0615
80.3923
79.7131
79.0242
78.3259
77.6188
76.9035
76.181
75.4521
74.7182
73.9809
73.2422
72.5048
71.772
71.0477
70.3373
69.6475
68.9866
68.3655
67.7976
67.2998
66.8926
66.6001
66.4462
66.4479
66.606
66.9049
67.3194
67.8237
68.3952
69.0156
69.6701
70.3476
71.0395
71.739
72.441
73.1418
73.8384
74.5285
75.2104
75.883
76.5453
77.1966
77.8364
78.4645
79.0807
79.6849
80.277
80.8572
81.4255
81.9821
82.527
83.0605
83.5828
84.0939
84.5941
85.0836
85.5627
86.0314
86.49
86.9387
87.3777
87.8071
88.2272
88.6382
89.0401
89.4332
89.8176
90.1936
90.5612
90.9208
91.2723
91.6161
91.9522
92.2808
92.6021
92.9163
93.2235
93.5239
93.8178
94.1051
94.3863
94.6614
94.9306
95.1942
95.4523
95.7053
95.9532
96.1964
96.4351
96.6696
96.9001
97.1268
97.3502
97.5702
97.7876
98.0024
98.215
98.4257
98.6346
98.8424
99.0493
99.2554
99.4613
99.6672
99.8733
100.08
100.287
100.496
100.706
100.917
101.13
101.345
101.562
101.781
102.002
102.225
102.45
102.677
102.906
103.138
103.371
103.606
103.842
104.08
104.32
104.561
104.802
105.045
105.288
105.531
105.775
106.019
106.263
106.506
106.749
106.991
107.232
107.472
107.71
107.948
108.183
108.417
108.649
108.878
109.105
109.33
109.552
109.772
109.988
110.201
110.411
110.618
110.822
111.021
111.217
111.409
111.598
111.782
111.961
112.137
112.307
112.473
112.635
112.791
112.942
113.088
113.229
113.364
113.493
113.617
113.734
113.845
113.95
114.048
114.14
114.224
114.302
114.371
114.433
114.488
114.533
114.571
114.599
114.618
114.628
114.627
114.616
84.8766
84.2759
83.6645
83.0427
82.4105
81.7682
81.116
80.4542
79.7832
79.1033
78.4151
77.7193
77.0167
76.3082
75.5954
74.8796
74.1631
73.4483
72.7385
72.0379
71.3516
70.6863
70.0505
69.4549
68.9129
68.4417
68.0617
67.7963
67.6685
67.6928
67.8671
68.1741
68.5889
69.0867
69.6462
70.2503
70.8854
71.5411
72.2093
72.884
73.5604
74.2351
74.9051
75.5685
76.2238
76.8698
77.5056
78.1307
78.7446
79.347
79.9378
80.517
81.0844
81.6402
82.1843
82.7171
83.2385
83.7487
84.248
84.7364
85.2142
85.6816
86.1386
86.5856
87.0228
87.4501
87.868
88.2765
88.6758
89.0662
89.4477
89.8205
90.1848
90.5408
90.8886
91.2283
91.5603
91.8845
92.2012
92.5106
92.8127
93.1078
93.396
93.6776
93.9526
94.2213
94.4839
94.7405
94.9913
95.2366
95.4768
95.7117
95.9417
96.1672
96.3884
96.6054
96.8186
97.0283
97.2348
97.4384
97.6394
97.8381
98.0349
98.2301
98.4241
98.6172
98.8097
99.0021
99.1946
99.3876
99.5813
99.7763
99.9726
100.171
100.371
100.573
100.777
100.984
101.193
101.406
101.621
101.838
102.059
102.282
102.508
102.737
102.968
103.202
103.437
103.675
103.914
104.155
104.398
104.642
104.887
105.132
105.378
105.625
105.872
106.118
106.364
106.61
106.855
107.099
107.342
107.584
107.824
108.062
108.299
108.533
108.766
108.995
109.223
109.447
109.669
109.888
110.103
110.316
110.524
110.73
110.931
111.129
111.322
111.512
111.697
111.877
112.054
112.225
112.392
112.553
112.71
112.861
113.007
113.147
113.281
113.41
113.532
113.648
113.758
113.861
113.957
114.046
114.128
114.202
114.268
114.326
114.376
114.417
114.449
114.472
114.485
114.488
114.48
85.5272
84.9423
84.3473
83.7422
83.1274
82.5029
81.8691
81.2262
80.5746
79.9148
79.2473
78.5728
77.8922
77.2064
76.5169
75.8251
75.1331
74.4436
73.7597
73.0854
72.426
71.7881
71.1799
70.6122
70.0984
69.6553
69.3034
69.0653
68.9627
69.0072
69.1943
69.5054
69.9163
70.4035
70.9471
71.5311
72.1432
72.7737
73.4152
74.0622
74.7103
75.3561
75.9973
76.6318
77.2584
77.8759
78.4835
79.0806
79.667
80.2423
80.8063
81.359
81.9004
82.4305
82.9494
83.4572
83.954
84.44
84.9153
85.3801
85.8345
86.2788
86.713
87.1375
87.5523
87.9575
88.3535
88.7403
89.1181
89.4872
89.8475
90.1993
90.5428
90.8781
91.2054
91.5248
91.8364
92.1405
92.4371
92.7266
93.0089
93.2843
93.5529
93.815
94.0706
94.32
94.5634
94.8009
95.0327
95.2593
95.4805
95.6969
95.9084
96.1156
96.3185
96.5174
96.7129
96.9049
97.094
97.2804
97.4645
97.6465
97.8269
98.0062
98.1846
98.3624
98.5402
98.7182
98.8969
99.0766
99.2577
99.4405
99.6253
99.8125
100.002
100.195
100.391
100.59
100.792
100.998
101.207
101.42
101.636
101.856
102.079
102.305
102.535
102.767
103.002
103.24
103.48
103.722
103.966
104.212
104.459
104.707
104.956
105.206
105.456
105.707
105.957
106.207
106.456
106.705
106.953
107.199
107.444
107.688
107.93
108.17
108.408
108.643
108.876
109.106
109.334
109.558
109.779
109.997
110.212
110.423
110.63
110.834
111.033
111.228
111.419
111.605
111.787
111.964
112.137
112.304
112.466
112.622
112.774
112.919
113.059
113.193
113.32
113.441
113.556
113.664
113.765
113.858
113.945
114.023
114.094
114.157
114.211
114.256
114.292
114.318
114.335
114.341
114.337
86.1975
85.6295
85.0519
84.4648
83.8684
83.263
82.6489
82.0263
81.3958
80.7577
80.1126
79.4613
78.8046
78.1436
77.4795
76.8141
76.1492
75.4875
74.8321
74.187
73.5572
72.9494
72.3716
71.8344
71.3509
70.9377
70.6147
70.4038
70.3248
70.3868
70.5829
70.894
71.2966
71.7689
72.2924
72.8526
73.4381
74.04
74.6518
75.2682
75.8853
76.4999
77.11
77.7137
78.3096
78.8967
79.4745
80.0421
80.5995
81.1462
81.6821
82.2072
82.7214
83.2247
83.7172
84.1991
84.6703
85.1311
85.5815
86.0218
86.452
86.8724
87.283
87.6841
88.0758
88.4582
88.8316
89.196
89.5516
89.8986
90.2371
90.5673
90.8893
91.2033
91.5094
91.8077
92.0985
92.3818
92.6578
92.9267
93.1886
93.4436
93.6921
93.934
94.1697
94.3992
94.6227
94.8406
95.0529
95.2598
95.4618
95.6589
95.8513
96.0395
96.2237
96.404
96.581
96.7547
96.9258
97.0943
97.2609
97.4256
97.5892
97.7518
97.914
98.0761
98.2385
98.4017
98.5661
98.7321
98.9001
99.0705
99.2436
99.4198
99.5993
99.7825
99.9695
100.161
100.356
100.555
100.759
100.967
101.179
101.396
101.616
101.841
102.069
102.301
102.536
102.774
103.016
103.259
103.506
103.754
104.004
104.255
104.508
104.762
105.016
105.271
105.526
105.78
106.035
106.289
106.542
106.794
107.045
107.294
107.542
107.787
108.031
108.272
108.511
108.748
108.981
109.212
109.439
109.664
109.884
110.101
110.315
110.524
110.73
110.931
111.128
111.321
111.508
111.691
111.869
112.043
112.21
112.373
112.53
112.681
112.826
112.965
113.098
113.225
113.344
113.457
113.563
113.662
113.753
113.836
113.912
113.979
114.037
114.086
114.126
114.157
114.177
114.187
114.186
86.8853
86.3351
85.7758
85.2076
84.6308
84.0456
83.4524
82.8515
82.2433
81.6284
81.0074
80.381
79.75
79.1156
78.4792
77.8422
77.2068
76.5753
75.9511
75.3378
74.7406
74.1657
73.621
73.1167
72.6657
72.2839
71.9905
71.8064
71.7492
71.8255
72.0265
72.3329
72.7227
73.1757
73.675
74.2076
74.763
75.3333
75.9125
76.4956
77.0793
77.6607
78.2376
78.8084
79.372
79.9272
80.4736
81.0104
81.5374
82.0544
82.561
83.0573
83.5432
84.0188
84.4841
84.939
85.3838
85.8185
86.2433
86.6582
87.0635
87.4592
87.8455
88.2226
88.5905
88.9494
89.2994
89.6408
89.9736
90.298
90.614
90.9219
91.2219
91.5139
91.7982
92.0749
92.3442
92.6061
92.8609
93.1087
93.3495
93.5837
93.8114
94.0326
94.2477
94.4567
94.6599
94.8574
95.0496
95.2365
95.4185
95.5957
95.7684
95.937
96.1017
96.2629
96.4207
96.5756
96.7279
96.8781
97.0264
97.1734
97.3194
97.4648
97.6102
97.7559
97.9025
98.0504
98.2
98.3519
98.5064
98.6641
98.8251
98.9901
99.1591
99.3327
99.511
99.6941
99.8822
100.076
100.274
100.478
100.686
100.9
101.119
101.342
101.57
101.802
102.038
102.277
102.52
102.766
103.015
103.267
103.52
103.776
104.033
104.291
104.55
104.81
105.07
105.33
105.59
105.85
106.109
106.367
106.624
106.88
107.134
107.386
107.636
107.884
108.129
108.372
108.612
108.849
109.083
109.314
109.541
109.765
109.985
110.201
110.413
110.621
110.824
111.023
111.217
111.406
111.591
111.77
111.944
112.112
112.275
112.432
112.583
112.728
112.866
112.998
113.123
113.242
113.353
113.456
113.553
113.641
113.721
113.792
113.855
113.909
113.953
113.988
114.012
114.026
114.029
87.5879
87.0562
86.5161
85.9677
85.4114
84.8474
84.2762
83.698
83.1135
82.5231
81.9274
81.3274
80.7237
80.1177
79.5106
78.9041
78.3002
77.7013
77.1106
76.5317
75.9696
75.4302
74.9211
74.4522
74.0357
73.6867
73.4234
73.2653
73.2277
73.3146
73.5159
73.8131
74.1855
74.6148
75.0862
75.5875
76.1097
76.6454
77.1893
77.737
78.2853
78.8313
79.3734
79.9098
80.4395
80.9616
81.4752
81.9801
82.4757
82.9618
83.4382
83.9049
84.3617
84.8086
85.2457
85.673
86.0906
86.4986
86.897
87.2859
87.6656
88.036
88.3973
88.7496
89.0931
89.4279
89.7541
90.0718
90.3812
90.6823
90.9754
91.2605
91.5378
91.8073
92.0693
92.3238
92.571
92.8111
93.044
93.2701
93.4895
93.7022
93.9085
94.1085
94.3024
94.4903
94.6726
94.8493
95.0206
95.1869
95.3483
95.5051
95.6576
95.806
95.9507
96.0919
96.23
96.3654
96.4984
96.6295
96.759
96.8874
97.0152
97.1429
97.2709
97.3997
97.5298
97.6618
97.7962
97.9335
98.0741
98.2186
98.3674
98.5208
98.6794
98.8433
99.0128
99.1882
99.3696
99.5571
99.7506
99.9503
100.156
100.367
100.585
100.807
101.035
101.268
101.505
101.747
101.992
102.242
102.494
102.75
103.007
103.268
103.53
103.793
104.058
104.324
104.59
104.856
105.123
105.389
105.654
105.919
106.183
106.445
106.706
106.965
107.222
107.477
107.729
107.979
108.226
108.47
108.712
108.949
109.184
109.414
109.641
109.864
110.083
110.297
110.507
110.713
110.913
111.109
111.3
111.485
111.666
111.84
112.009
112.172
112.329
112.48
112.624
112.762
112.893
113.017
113.133
113.242
113.343
113.437
113.522
113.598
113.666
113.724
113.773
113.811
113.84
113.857
113.864
88.3024
87.7899
87.2696
86.7418
86.2068
85.6648
85.1164
84.562
84.002
83.4371
82.868
82.2955
81.7205
81.1442
80.568
79.9936
79.4229
78.8584
78.3031
77.7607
77.2358
76.7342
76.2631
75.8317
75.4513
75.1363
74.9033
74.77
74.7492
74.8427
75.0399
75.323
75.6736
76.0755
76.5152
76.9823
77.4684
77.9673
78.4738
78.9841
79.4951
80.0044
80.5102
81.0111
81.5058
81.9935
82.4736
82.9455
83.4088
83.8633
84.3087
84.745
85.1719
85.5896
85.9979
86.397
86.7867
87.1673
87.5387
87.9011
88.2545
88.5991
88.9349
89.262
89.5806
89.8907
90.1925
90.4861
90.7715
91.0489
91.3185
91.5802
91.8343
92.0809
92.32
92.5519
92.7765
92.9941
93.2048
93.4087
93.6059
93.7967
93.9811
94.1593
94.3315
94.4979
94.6586
94.8139
94.9639
95.109
95.2492
95.385
95.5166
95.6442
95.7681
95.8888
96.0066
96.1218
96.2348
96.3462
96.4562
96.5655
96.6744
96.7836
96.8936
97.0048
97.1179
97.2335
97.3522
97.4743
97.6006
97.7317
97.8679
98.0097
98.1575
98.3118
98.4726
98.6404
98.8153
98.9973
99.1864
99.3826
99.5858
99.7956
100.012
100.235
100.464
100.698
100.938
101.182
101.431
101.685
101.941
102.202
102.465
102.731
102.998
103.268
103.539
103.811
104.084
104.358
104.631
104.904
105.177
105.449
105.72
105.99
106.258
106.525
106.789
107.052
107.312
107.569
107.824
108.075
108.324
108.569
108.811
109.048
109.283
109.513
109.739
109.96
110.177
110.39
110.597
110.8
110.998
111.19
111.377
111.558
111.733
111.902
112.066
112.223
112.373
112.517
112.653
112.783
112.905
113.019
113.126
113.224
113.315
113.396
113.468
113.531
113.584
113.627
113.66
113.682
113.692
89.0258
88.533
88.0331
87.5264
87.0132
86.4939
85.969
85.4389
84.9043
84.3657
83.8239
83.2798
82.7344
82.1889
81.6447
81.1035
80.5672
80.0385
79.5201
79.0157
78.5297
78.0675
77.6359
77.2435
76.9006
76.6201
76.4172
76.307
76.2999
76.3959
76.5843
76.8491
77.174
77.5448
77.9501
78.3804
78.8285
79.2886
79.7562
80.2277
80.7004
81.1719
81.6406
82.1049
82.5638
83.0165
83.4623
83.9007
84.3311
84.7534
85.1673
85.5726
85.9692
86.3571
86.7361
87.1064
87.4679
87.8206
88.1646
88.5
88.8268
89.145
89.4549
89.7563
90.0495
90.3345
90.6115
90.8804
91.1415
91.3947
91.6403
91.8783
92.1088
92.3319
92.5477
92.7564
92.958
93.1527
93.3406
93.5218
93.6965
93.8647
94.0268
94.1827
94.3327
94.4769
94.6156
94.7489
94.877
95.0003
95.1189
95.233
95.343
95.4492
95.5519
95.6514
95.7482
95.8425
95.9349
96.0258
96.1157
96.2051
96.2945
96.3846
96.4758
96.5688
96.6643
96.7629
96.8651
96.9717
97.0833
97.2005
97.3238
97.4537
97.5908
97.7354
97.8878
98.0482
98.2169
98.3938
98.579
98.7724
98.9737
99.1829
99.3995
99.6233
99.8539
100.091
100.334
100.582
100.836
101.094
101.356
101.622
101.892
102.164
102.439
102.715
102.993
103.273
103.553
103.834
104.116
104.397
104.678
104.958
105.237
105.514
105.791
106.065
106.338
106.608
106.876
107.142
107.404
107.664
107.92
108.173
108.423
108.668
108.91
109.148
109.381
109.61
109.835
110.055
110.269
110.479
110.684
110.883
111.077
111.265
111.447
111.623
111.792
111.955
112.112
112.262
112.405
112.54
112.668
112.788
112.9
113.004
113.1
113.186
113.263
113.331
113.389
113.437
113.474
113.499
113.514
89.7549
89.2822
88.803
88.3178
87.8268
87.3306
86.8295
86.3243
85.8154
85.3036
84.7897
84.2745
83.7592
83.245
82.7334
82.226
81.7249
81.2326
80.7518
80.2861
79.8398
79.4178
79.0266
78.6738
78.3688
78.1229
77.949
77.8597
77.863
77.9573
78.1328
78.3754
78.6715
79.0089
79.3776
79.7695
80.1783
80.5986
81.0265
81.4585
81.8922
82.3253
82.7563
83.1837
83.6065
84.0239
84.435
84.8394
85.2367
85.6264
86.0084
86.3825
86.7484
87.1062
87.4557
87.7969
88.1298
88.4544
88.7707
89.0787
89.3785
89.6701
89.9536
90.229
90.4965
90.7561
91.0078
91.2518
91.4881
91.7168
91.938
92.1518
92.3583
92.5575
92.7496
92.9347
93.1129
93.2842
93.4489
93.607
93.7586
93.9039
94.0431
94.1762
94.3035
94.4251
94.5412
94.652
94.7578
94.8586
94.9549
95.0468
95.1347
95.2188
95.2996
95.3773
95.4523
95.5252
95.5962
95.666
95.735
95.8038
95.873
95.9431
96.0149
96.089
96.1662
96.247
96.3323
96.4228
96.5192
96.6221
96.7323
96.8502
96.9764
97.1114
97.2554
97.4089
97.5717
97.7442
97.9262
98.1175
98.3179
98.5272
98.7449
98.9708
99.2043
99.4449
99.6922
99.9457
100.205
100.469
100.738
101.011
101.287
101.567
101.849
102.134
102.42
102.708
102.997
103.287
103.576
103.866
104.155
104.444
104.732
105.018
105.304
105.587
105.868
106.147
106.424
106.698
106.969
107.237
107.501
107.762
108.02
108.274
108.524
108.769
109.011
109.248
109.48
109.707
109.93
110.147
110.359
110.565
110.766
110.961
111.15
111.333
111.509
111.679
111.842
111.998
112.147
112.289
112.423
112.549
112.667
112.776
112.877
112.969
113.051
113.124
113.186
113.239
113.28
113.31
113.329
90.4867
90.0342
89.5759
89.1122
88.6436
88.1706
87.6937
87.2134
86.7304
86.2456
85.7596
85.2735
84.7884
84.3056
83.8266
83.3531
82.8872
82.4313
81.988
81.561
81.1541
80.7721
80.4208
80.1071
79.8392
79.6266
79.48
79.409
79.419
79.5079
79.667
79.885
80.1504
80.4529
80.7842
81.1371
81.5061
81.8864
82.2743
82.6668
83.0615
83.4563
83.8496
84.2401
84.6267
85.0086
85.3851
85.7556
86.1196
86.4768
86.8268
87.1696
87.5048
87.8324
88.1522
88.4641
88.7683
89.0645
89.3528
89.6333
89.9059
90.1706
90.4276
90.6768
90.9183
91.1521
91.3783
91.597
91.8083
92.0121
92.2086
92.3979
92.58
92.755
92.9231
93.0842
93.2385
93.3862
93.5272
93.6617
93.7899
93.9118
94.0277
94.1376
94.2417
94.3401
94.4332
94.5209
94.6037
94.6816
94.755
94.8241
94.8893
94.9507
95.0089
95.0641
95.1168
95.1674
95.2164
95.2643
95.3116
95.3591
95.4072
95.4567
95.5082
95.5627
95.6207
95.6832
95.7509
95.8246
95.9053
95.9936
96.0902
96.196
96.3113
96.4368
96.5728
96.7196
96.8772
97.0459
97.2254
97.4155
97.616
97.8266
98.0466
98.2757
98.5133
98.7589
99.0118
99.2715
99.5374
99.8088
100.085
100.366
100.651
100.939
101.231
101.524
101.82
102.117
102.415
102.714
103.013
103.312
103.611
103.909
104.206
104.502
104.797
105.089
105.38
105.668
105.954
106.237
106.517
106.793
107.067
107.337
107.603
107.865
108.124
108.378
108.627
108.872
109.113
109.348
109.578
109.803
110.023
110.237
110.445
110.647
110.843
111.033
111.217
111.393
111.563
111.726
111.881
112.029
112.169
112.301
112.425
112.54
112.647
112.744
112.832
112.909
112.977
113.034
113.08
113.115
113.137
91.2178
90.7854
90.348
89.906
89.4597
89.0099
88.5569
88.1015
87.6443
87.1861
86.7279
86.2707
85.8155
85.3637
84.9169
84.4768
84.0453
83.625
83.2184
82.8289
82.4602
82.1167
81.8037
81.5271
81.2941
81.1122
80.9898
80.9337
80.9471
81.0277
81.1686
81.3607
81.5947
81.8624
82.1564
82.4708
82.8005
83.1413
83.4899
83.8434
84.1996
84.5565
84.9126
85.2666
85.6175
85.9643
86.3065
86.6433
86.9743
87.299
87.6173
87.9289
88.2334
88.5308
88.8209
89.1037
89.3791
89.6469
89.9073
90.1601
90.4054
90.6431
90.8734
91.0962
91.3115
91.5194
91.72
91.9132
92.0991
92.2778
92.4494
92.6139
92.7713
92.9219
93.0655
93.2023
93.3325
93.456
93.573
93.6836
93.7879
93.8861
93.9782
94.0644
94.1448
94.2197
94.2891
94.3533
94.4126
94.467
94.517
94.5627
94.6044
94.6426
94.6775
94.7095
94.7391
94.7667
94.7929
94.8181
94.843
94.8682
94.8945
94.9225
94.953
94.9869
95.0251
95.0684
95.1177
95.1741
95.2385
95.3117
95.3945
95.4878
95.5923
95.7084
95.8367
95.9774
96.1305
96.2962
96.4743
96.6644
96.8662
97.0792
97.3029
97.5366
97.7798
98.0316
98.2916
98.5589
98.8329
99.113
99.3985
99.6887
99.9831
100.281
100.582
100.886
101.192
101.499
101.807
102.116
102.426
102.735
103.044
103.353
103.66
103.966
104.27
104.573
104.873
105.171
105.466
105.759
106.048
106.335
106.618
106.897
107.172
107.443
107.71
107.973
108.231
108.485
108.734
108.977
109.215
109.449
109.676
109.898
110.114
110.324
110.527
110.724
110.915
111.099
111.275
111.445
111.607
111.761
111.908
112.046
112.176
112.297
112.409
112.512
112.605
112.688
112.761
112.823
112.874
112.913
112.94
91.9451
91.5327
91.116
90.6953
90.2712
89.8442
89.4148
88.9839
88.5521
88.1202
87.6891
87.26
86.834
86.4124
85.9968
85.5889
85.1907
84.8045
84.4329
84.079
83.7463
83.4388
83.161
82.9183
82.7164
82.5613
82.459
82.4139
82.4278
82.4984
82.6204
82.7868
82.9904
83.2242
83.4822
83.7592
84.0509
84.3535
84.6639
84.9796
85.2983
85.6183
85.9381
86.2565
86.5723
86.8848
87.1931
87.4968
87.7952
88.088
88.3749
88.6555
88.9297
89.1972
89.4578
89.7116
89.9582
90.1978
90.4302
90.6555
90.8735
91.0842
91.2877
91.484
91.6731
91.855
92.0297
92.1973
92.3578
92.5112
92.6576
92.7971
92.9297
93.0554
93.1744
93.2866
93.3923
93.4914
93.5841
93.6704
93.7505
93.8244
93.8923
93.9544
94.0107
94.0615
94.1069
94.1471
94.1822
94.2127
94.2386
94.2603
94.278
94.2922
94.3031
94.3113
94.317
94.3209
94.3233
94.3251
94.3267
94.3288
94.3322
94.3378
94.3464
94.3588
94.3762
94.3995
94.4297
94.4681
94.5155
94.573
94.6418
94.7226
94.8161
94.9232
95.0442
95.1794
95.3289
95.4926
95.6704
95.8619
96.0663
96.2834
96.5123
96.7522
97.0024
97.2623
97.5308
97.8073
98.091
98.381
98.6769
98.9777
99.283
99.592
99.9043
100.219
100.536
100.854
101.174
101.495
101.815
102.136
102.456
102.775
103.093
103.41
103.725
104.038
104.349
104.657
104.963
105.265
105.565
105.861
106.154
106.442
106.727
107.008
107.284
107.556
107.823
108.085
108.343
108.595
108.842
109.083
109.319
109.549
109.773
109.99
110.202
110.406
110.604
110.795
110.979
111.156
111.325
111.486
111.639
111.783
111.919
112.047
112.165
112.273
112.372
112.461
112.539
112.606
112.661
112.705
112.737
92.6654
92.2728
91.8764
91.4767
91.0742
90.6696
90.2633
89.8562
89.449
89.0426
88.6379
88.236
87.838
87.4453
87.0595
86.6822
86.3154
85.9613
85.6223
85.3014
85.0016
84.7266
84.4803
84.2671
84.0917
83.9585
83.8716
83.8339
83.8458
83.9056
84.0091
84.151
84.3257
84.5275
84.7514
84.9931
85.2487
85.5148
85.7887
86.068
86.3507
86.6352
86.9198
87.2036
87.4854
87.7643
88.0398
88.311
88.5776
88.8391
89.095
89.3453
89.5895
89.8274
90.0589
90.2839
90.5022
90.7137
90.9184
91.1161
91.3069
91.4908
91.6676
91.8374
92.0003
92.1561
92.3049
92.4468
92.5817
92.7097
92.8308
92.9451
93.0526
93.1534
93.2474
93.3349
93.4158
93.4902
93.5582
93.6199
93.6754
93.7247
93.7681
93.8056
93.8374
93.8637
93.8845
93.9001
93.9107
93.9165
93.9178
93.9149
93.9079
93.8975
93.8837
93.8672
93.8483
93.8275
93.8055
93.7829
93.7602
93.7383
93.718
93.7001
93.6857
93.6757
93.6712
93.6736
93.6837
93.7031
93.7329
93.7743
93.8286
93.8966
93.9794
94.0776
94.1919
94.3225
94.4694
94.6325
94.8114
95.0057
95.2146
95.4375
95.6733
95.9213
96.1805
96.4499
96.7288
97.0162
97.3111
97.6129
97.9205
98.2335
98.551
98.8724
99.1969
99.5241
99.8535
100.184
100.516
100.849
101.181
101.514
101.846
102.177
102.507
102.835
103.161
103.486
103.808
104.127
104.443
104.756
105.066
105.373
105.676
105.974
106.269
106.559
106.845
107.127
107.403
107.675
107.941
108.202
108.458
108.708
108.952
109.19
109.422
109.648
109.867
110.08
110.285
110.484
110.675
110.859
111.035
111.202
111.362
111.513
111.656
111.789
111.914
112.028
112.133
112.227
112.31
112.382
112.443
112.492
112.528
93.376
93.0026
92.626
92.2467
91.8653
91.4823
91.0984
90.7143
90.3309
89.9489
89.5693
89.1933
88.822
88.4566
88.0988
87.7501
87.4125
87.0879
86.7787
86.4875
86.2171
85.9706
85.7514
85.5631
85.4091
85.2929
85.217
85.1832
85.1914
85.24
85.3258
85.4449
85.5926
85.7646
85.9568
86.1653
86.3869
86.6187
86.858
87.1027
87.3511
87.6014
87.8524
88.1029
88.3518
88.5984
88.8418
89.0816
89.3171
89.548
89.7738
89.9943
90.209
90.418
90.6208
90.8174
91.0077
91.1914
91.3686
91.5391
91.703
91.86
92.0103
92.1538
92.2904
92.4202
92.5431
92.6593
92.7686
92.8711
92.9668
93.0558
93.1381
93.2137
93.2826
93.3451
93.4009
93.4504
93.4935
93.5302
93.5608
93.5853
93.6037
93.6163
93.6231
93.6243
93.6201
93.6106
93.5961
93.5768
93.5528
93.5246
93.4923
93.4564
93.4173
93.3753
93.3309
93.2847
93.2373
93.1893
93.1413
93.0944
93.0492
93.0068
92.9682
92.9346
92.9073
92.8874
92.8766
92.8761
92.8874
92.912
92.9513
93.0064
93.0785
93.1684
93.2767
93.4037
93.5493
93.7133
93.8952
94.0942
94.3095
94.5401
94.785
95.0431
95.3132
95.5944
95.8855
96.1855
96.4935
96.8086
97.1298
97.4564
97.7876
98.1226
98.4609
98.8017
99.1445
99.4889
99.834
100.18
100.526
100.871
101.216
101.559
101.901
102.242
102.58
102.916
103.25
103.58
103.908
104.233
104.553
104.871
105.184
105.493
105.798
106.099
106.395
106.686
106.972
107.253
107.529
107.799
108.064
108.323
108.576
108.822
109.063
109.297
109.524
109.745
109.958
110.164
110.363
110.554
110.737
110.912
111.079
111.237
111.386
111.526
111.656
111.777
111.887
111.987
112.076
112.153
112.219
112.273
112.313
94.0739
93.7192
93.3618
93.0022
92.641
92.2789
91.9164
91.5543
91.1935
90.8347
90.4789
90.1273
89.7809
89.441
89.1091
88.7868
88.4758
88.178
87.8954
87.6305
87.3857
87.1636
86.9671
86.7989
86.6617
86.5578
86.4891
86.4564
86.4594
86.4967
86.5657
86.6635
86.7864
86.931
87.0937
87.2714
87.4612
87.6606
87.8674
88.0795
88.2952
88.5131
88.7319
88.9504
89.1678
89.3831
89.5958
89.805
90.0105
90.2116
90.408
90.5994
90.7854
90.9659
91.1406
91.3093
91.472
91.6284
91.7784
91.922
92.0591
92.1897
92.3136
92.4308
92.5414
92.6452
92.7424
92.8328
92.9165
92.9935
93.0638
93.1274
93.1843
93.2346
93.2784
93.3156
93.3462
93.3705
93.3884
93.3999
93.4053
93.4044
93.3976
93.3848
93.3663
93.342
93.3123
93.2772
93.237
93.1919
93.1421
93.0879
93.0296
92.9676
92.9022
92.8339
92.7632
92.6906
92.6167
92.5423
92.4681
92.3949
92.3236
92.2555
92.1915
92.1331
92.0815
92.0383
92.0052
91.9837
91.9756
91.9827
92.0065
92.0485
92.1101
92.1922
92.2955
92.4201
92.5661
92.7329
92.9197
93.1257
93.3497
93.5905
93.8468
94.1172
94.4005
94.6956
95.001
95.3157
95.6386
95.9689
96.3053
96.6471
96.9934
97.3435
97.6968
98.0524
98.4101
98.7689
99.1285
99.4884
99.8481
100.207
100.565
100.922
101.278
101.631
101.982
102.33
102.676
103.019
103.359
103.695
104.027
104.355
104.68
105
105.316
105.627
105.933
106.234
106.531
106.821
107.107
107.387
107.661
107.929
108.19
108.446
108.695
108.938
109.173
109.402
109.623
109.837
110.044
110.242
110.433
110.615
110.789
110.954
111.109
111.256
111.393
111.519
111.636
111.741
111.836
111.919
111.99
112.048
112.094
94.7567
94.4199
94.081
93.7403
93.3985
93.0562
92.714
92.3729
92.0333
91.6963
91.3629
91.0339
90.7106
90.3942
90.0861
89.7876
89.5005
89.2265
88.9674
88.7252
88.5022
88.3006
88.1224
87.9701
87.8454
87.7501
87.6854
87.6516
87.6482
87.674
87.7272
87.8052
87.9052
88.0243
88.1597
88.3088
88.469
88.6382
88.8143
88.9956
89.1804
89.3675
89.5556
89.7437
89.9308
90.1161
90.299
90.4789
90.6552
90.8274
90.9953
91.1583
91.3163
91.469
91.6162
91.7576
91.8931
92.0226
92.1459
92.2629
92.3736
92.4779
92.5757
92.6669
92.7516
92.8297
92.9011
92.9659
93.024
93.0755
93.1203
93.1585
93.1901
93.215
93.2334
93.2452
93.2505
93.2493
93.2417
93.2278
93.2076
93.1812
93.1487
93.1102
93.0659
93.0157
92.96
92.8988
92.8323
92.7608
92.6845
92.6036
92.5186
92.4297
92.3373
92.2418
92.1437
92.0438
91.9424
91.8405
91.7387
91.638
91.5395
91.4442
91.3535
91.2687
91.1915
91.1235
91.0667
91.023
90.9943
90.983
90.9908
91.0195
91.0708
91.1457
91.2452
91.3691
91.5174
91.6893
91.8836
92.0992
92.3346
92.5882
92.8585
93.1439
93.443
93.7541
94.0762
94.4076
94.7476
95.0947
95.4479
95.8067
96.1697
96.5365
96.9061
97.2778
97.6512
98.0258
98.4007
98.7757
99.1504
99.5241
99.8966
100.268
100.637
101.003
101.368
101.73
102.088
102.443
102.795
103.143
103.488
103.828
104.164
104.495
104.822
105.144
105.461
105.773
106.079
106.38
106.675
106.965
107.248
107.526
107.797
108.062
108.319
108.571
108.815
109.052
109.281
109.504
109.718
109.924
110.122
110.312
110.493
110.664
110.827
110.98
111.123
111.256
111.379
111.49
111.591
111.679
111.755
111.819
111.869
95.422
95.1024
94.781
94.4584
94.1349
93.8114
93.4885
93.1669
92.8473
92.5306
92.2178
91.9098
91.6077
91.3126
91.0258
90.7488
90.4829
90.2296
89.9908
89.7681
89.5633
89.3783
89.2147
89.0744
88.9588
88.8689
88.8056
88.7688
88.7582
88.7727
88.8106
88.8701
88.9488
89.0444
89.1545
89.2769
89.4096
89.5504
89.6978
89.85
90.0056
90.1634
90.3223
90.4812
90.6393
90.7959
90.9501
91.1016
91.2497
91.394
91.5341
91.6696
91.8003
91.9259
92.0461
92.1607
92.2696
92.3727
92.4697
92.5605
92.6452
92.7235
92.7955
92.861
92.92
92.9724
93.0183
93.0576
93.0902
93.1163
93.1356
93.1484
93.1545
93.154
93.1469
93.1332
93.113
93.0862
93.053
93.0133
92.9673
92.9151
92.8566
92.7919
92.7213
92.6448
92.5625
92.4747
92.3814
92.283
92.1794
92.0713
91.9587
91.842
91.7216
91.5981
91.4718
91.3433
91.2134
91.0827
90.952
90.8226
90.6953
90.5713
90.4522
90.3396
90.2351
90.1408
90.0587
89.9912
89.9408
89.9097
89.9007
89.916
89.9574
90.0262
90.1232
90.2486
90.4016
90.5812
90.7861
91.0144
91.2642
91.5337
91.8209
92.124
92.4414
92.7712
93.1121
93.4627
93.8215
94.1875
94.5596
94.9368
95.318
95.7028
96.09
96.4793
96.8696
97.2609
97.6522
98.0433
98.4336
98.8228
99.2104
99.5963
99.9797
100.361
100.739
101.114
101.486
101.855
102.219
102.58
102.937
103.289
103.637
103.98
104.318
104.651
104.979
105.301
105.618
105.93
106.235
106.535
106.828
107.115
107.395
107.669
107.936
108.197
108.449
108.695
108.933
109.163
109.386
109.6
109.805
110.002
110.191
110.37
110.539
110.699
110.849
110.988
111.117
111.234
111.34
111.434
111.516
111.585
111.64
96.0677
95.7645
95.4598
95.1541
94.848
94.5422
94.2372
93.9338
93.6327
93.3349
93.041
92.7521
92.4691
92.1933
91.9257
91.6675
91.4201
91.1849
90.9634
90.7569
90.567
90.3952
90.243
90.1115
90.0019
89.9149
89.8509
89.8099
89.7914
89.7944
89.8178
89.8598
89.9185
89.9922
90.0788
90.1764
90.2832
90.3975
90.5177
90.6425
90.7704
90.9005
91.0315
91.1626
91.2929
91.4218
91.5486
91.6727
91.7935
91.9107
92.0239
92.1327
92.2367
92.3358
92.4297
92.5181
92.601
92.678
92.7492
92.8143
92.8733
92.926
92.9724
93.0124
93.046
93.073
93.0935
93.1075
93.1148
93.1154
93.1094
93.0968
93.0774
93.0515
93.0188
92.9795
92.9336
92.8811
92.822
92.7564
92.6844
92.6059
92.5211
92.43
92.3327
92.2294
92.1201
92.0051
91.8844
91.7582
91.627
91.4907
91.3497
91.2046
91.0553
90.9026
90.747
90.5889
90.4292
90.2685
90.1078
89.9479
89.7904
89.6361
89.4871
89.3446
89.2111
89.0885
88.9792
88.8863
88.8124
88.7606
88.7341
88.7355
88.7674
88.8312
88.9277
89.057
89.2178
89.4086
89.6274
89.8718
90.1396
90.4282
90.7355
91.0593
91.3978
91.7489
92.1111
92.4829
92.8627
93.2495
93.6421
94.0393
94.4404
94.8445
95.2508
95.6585
96.067
96.476
96.8848
97.2927
97.6996
98.105
98.5084
98.9096
99.3084
99.7041
100.097
100.486
100.872
101.254
101.632
102.005
102.375
102.739
103.099
103.454
103.804
104.149
104.488
104.821
105.149
105.471
105.787
106.097
106.4
106.697
106.987
107.27
107.547
107.816
108.078
108.332
108.578
108.817
109.047
109.269
109.483
109.688
109.883
110.069
110.246
110.413
110.569
110.715
110.85
110.974
111.086
111.185
111.273
111.346
111.407
96.6919
96.4042
96.1152
95.8255
95.5357
95.2463
94.958
94.6716
94.3876
94.1068
93.8302
93.5586
93.2929
93.0342
92.7834
92.5418
92.3104
92.0906
91.8835
91.6904
91.5126
91.3512
91.2073
91.082
90.9759
90.8897
90.8234
90.7771
90.7502
90.7419
90.7512
90.7766
90.8166
90.8698
90.9343
91.0086
91.0912
91.1805
91.2752
91.374
91.4757
91.5793
91.6837
91.7882
91.892
91.9943
92.0946
92.1922
92.2867
92.3777
92.4647
92.5475
92.6256
92.6989
92.767
92.8298
92.8871
92.9387
92.9845
93.0243
93.058
93.0854
93.1066
93.1215
93.1298
93.1317
93.127
93.1157
93.0978
93.0732
93.042
93.004
92.9592
92.9078
92.8495
92.7846
92.7129
92.6345
92.5494
92.4577
92.3593
92.2544
92.1429
92.025
91.9007
91.7701
91.6334
91.4906
91.342
91.1876
91.0278
90.8627
90.6926
90.5179
90.3389
90.1563
89.9701
89.7813
89.5904
89.3985
89.2061
89.0144
88.8248
88.6387
88.4576
88.2838
88.119
87.9659
87.8277
87.7071
87.6081
87.534
87.4889
87.4762
87.4991
87.5594
87.658
87.7942
87.9665
88.1724
88.4091
88.6736
88.963
89.2743
89.605
89.9526
90.3149
90.69
91.0759
91.471
91.8739
92.2833
92.698
93.117
93.5392
93.964
94.3904
94.8178
95.2456
95.6733
96.1002
96.526
96.9502
97.3724
97.7922
98.2095
98.6239
99.0351
99.4428
99.8466
100.247
100.643
101.034
101.421
101.803
102.181
102.553
102.92
103.282
103.638
103.989
104.334
104.673
105.005
105.332
105.652
105.966
106.272
106.572
106.865
107.151
107.429
107.7
107.963
108.218
108.465
108.704
108.934
109.156
109.368
109.571
109.765
109.948
110.122
110.285
110.438
110.579
110.709
110.827
110.932
111.025
111.104
111.169
97.2931
97.02
96.7458
96.471
96.1963
95.9222
95.6494
95.3783
95.1099
94.8448
94.5838
94.3277
94.0774
93.8338
93.5978
93.3705
93.1528
92.9459
92.7508
92.5685
92.4001
92.2466
92.1087
91.9873
91.8828
91.7957
91.7259
91.6735
91.6378
91.6182
91.6137
91.6233
91.6457
91.6794
91.7233
91.7757
91.8355
91.9012
91.9718
92.0459
92.1227
92.2011
92.2802
92.3592
92.4374
92.5142
92.5889
92.661
92.73
92.7955
92.8572
92.9147
92.9675
93.0156
93.0587
93.0964
93.1287
93.1553
93.1761
93.191
93.1998
93.2024
93.1987
93.1887
93.1721
93.1491
93.1195
93.0832
93.0402
92.9905
92.9341
92.8708
92.8007
92.7238
92.64
92.5494
92.4519
92.3475
92.2363
92.1183
91.9934
91.8618
91.7234
91.5784
91.4267
91.2685
91.1038
90.9328
90.7557
90.5726
90.3836
90.1888
89.9889
89.7839
89.5742
89.3604
89.1428
88.922
88.6989
88.4741
88.2486
88.0236
87.8003
87.5805
87.3656
87.1579
86.9598
86.7742
86.6046
86.4544
86.3279
86.2298
86.165
86.1379
86.1524
86.2113
86.3148
86.462
86.65
86.8754
87.1344
87.4231
87.7381
88.0757
88.4332
88.8076
89.1968
89.5981
90.0099
90.4307
90.8585
91.2922
91.7308
92.1728
92.6175
93.0641
93.5119
93.96
94.4078
94.855
95.3009
95.7451
96.1873
96.6272
97.0642
97.498
97.9285
98.3554
98.7784
99.1974
99.612
100.022
100.428
100.828
101.224
101.614
101.999
102.379
102.753
103.121
103.484
103.84
104.19
104.534
104.871
105.202
105.525
105.842
106.152
106.455
106.75
107.037
107.317
107.589
107.853
108.109
108.356
108.594
108.824
109.044
109.254
109.455
109.646
109.827
109.997
110.156
110.304
110.44
110.564
110.675
110.773
110.858
110.928
97.8699
97.6104
97.3499
97.0891
96.8284
96.5684
96.3097
96.0529
95.7987
95.5477
95.3007
95.0584
94.8216
94.5912
94.368
94.1529
93.9469
93.7507
93.5653
93.3916
93.2304
93.0826
92.9487
92.8293
92.7249
92.6355
92.5613
92.5021
92.4573
92.4265
92.4088
92.4032
92.4087
92.4241
92.4483
92.4801
92.5182
92.5617
92.6093
92.6601
92.7131
92.7674
92.8223
92.8769
92.9306
92.9827
93.0328
93.0802
93.1246
93.1655
93.2025
93.2354
93.2637
93.2872
93.3057
93.3189
93.3267
93.3288
93.3252
93.3156
93.2999
93.278
93.2498
93.2152
93.1741
93.1264
93.072
93.011
92.9432
92.8686
92.7871
92.6987
92.6034
92.5011
92.3918
92.2755
92.1522
92.0218
91.8844
91.7399
91.5885
91.43
91.2645
91.0921
90.9127
90.7265
90.5337
90.334
90.1279
89.9152
89.6965
89.4718
89.2411
89.005
88.7639
88.5178
88.2677
88.014
87.7573
87.4984
87.2385
86.9783
86.7197
86.4641
86.2134
85.97
85.7365
85.5161
85.3126
85.1303
84.9744
84.8504
84.7645
84.7228
84.7301
84.7898
84.902
85.0645
85.2731
85.5228
85.8087
86.126
86.4704
86.8381
87.2255
87.6296
88.048
88.4782
88.9181
89.3661
89.8206
90.2803
90.7438
91.2103
91.6786
92.1483
92.6181
93.0876
93.5566
94.0239
94.4896
94.9529
95.4136
95.8713
96.3259
96.7767
97.2238
97.6668
98.1057
98.5399
98.9694
99.3941
99.8138
100.228
100.638
101.041
101.439
101.832
102.218
102.598
102.972
103.34
103.702
104.057
104.405
104.746
105.08
105.407
105.727
106.039
106.344
106.641
106.93
107.211
107.484
107.748
108.004
108.25
108.488
108.716
108.934
109.143
109.341
109.529
109.706
109.871
110.026
110.168
110.298
110.415
110.519
110.609
110.684
98.4211
98.1743
97.9267
97.6787
97.431
97.1839
96.9381
96.6942
96.4527
96.2144
95.9799
95.7498
95.5249
95.306
95.0938
94.8891
94.6926
94.5052
94.3277
94.1606
94.0048
93.8608
93.7292
93.6104
93.5046
93.412
93.3326
93.266
93.2121
93.1701
93.1394
93.1192
93.1086
93.1066
93.1122
93.1244
93.1421
93.1643
93.1902
93.2187
93.249
93.2804
93.312
93.3431
93.3732
93.4017
93.428
93.4516
93.4721
93.4891
93.5022
93.511
93.5154
93.515
93.5095
93.4988
93.4826
93.4607
93.4331
93.3994
93.3597
93.3137
93.2613
93.2025
93.1371
93.0651
92.9864
92.9008
92.8084
92.7091
92.6028
92.4894
92.369
92.2415
92.1068
91.9649
91.8158
91.6594
91.4958
91.3249
91.1467
90.9613
90.7685
90.5686
90.3614
90.147
89.9255
89.6968
89.4615
89.219
88.9699
88.7145
88.4525
88.1848
87.9112
87.6325
87.3487
87.061
86.7697
86.4754
86.1796
85.8833
85.5875
85.2947
85.0064
84.725
84.454
84.1966
83.9572
83.7407
83.5531
83.4015
83.2934
83.2368
83.2383
83.3018
83.427
83.6097
83.8438
84.1227
84.4399
84.7899
85.1674
85.5681
85.9882
86.4247
86.8746
87.3355
87.8054
88.2824
88.7649
89.2517
89.7416
90.2334
90.7264
91.2197
91.7125
92.2044
92.6948
93.183
93.6689
94.1517
94.6314
95.1075
95.58
96.0481
96.5122
96.9716
97.4264
97.8761
98.3208
98.7604
99.1945
99.6232
100.046
100.463
100.874
101.279
101.678
102.071
102.457
102.836
103.209
103.575
103.934
104.286
104.631
104.968
105.298
105.621
105.935
106.242
106.54
106.83
107.111
107.384
107.648
107.903
108.149
108.384
108.61
108.826
109.032
109.227
109.411
109.583
109.744
109.893
110.029
110.151
110.261
110.356
110.437
98.9458
98.7108
98.475
98.2389
98.003
97.7677
97.5337
97.3015
97.0715
96.8445
96.621
96.4016
96.1871
95.9781
95.7752
95.5792
95.3907
95.2104
95.0389
94.8768
94.7247
94.5831
94.4524
94.3329
94.2248
94.1281
94.0428
93.9686
93.9053
93.8523
93.809
93.7747
93.7487
93.73
93.7179
93.7114
93.7096
93.7116
93.7167
93.724
93.7326
93.742
93.7513
93.7599
93.7673
93.7729
93.7763
93.7768
93.7742
93.768
93.7578
93.7434
93.7245
93.7007
93.6718
93.6377
93.598
93.5527
93.5015
93.4443
93.3809
93.3112
93.2351
93.1524
93.0631
92.9671
92.8643
92.7545
92.6378
92.514
92.3831
92.2451
92.0997
91.9471
91.7872
91.6198
91.4451
91.2628
91.073
90.8758
90.6709
90.4585
90.2385
90.0109
89.7757
89.5329
89.2826
89.0249
88.7599
88.4874
88.2077
87.9209
87.6273
87.3274
87.0209
86.7085
86.3908
86.068
85.7409
85.4107
85.0777
84.7439
84.41
84.0784
83.7508
83.4304
83.1199
82.8238
82.5463
82.2939
82.0734
81.8928
81.7621
81.6911
81.6885
81.7593
81.9018
82.1095
82.3737
82.686
83.0384
83.4242
83.8378
84.2743
84.7296
85.2003
85.6835
86.1767
86.6778
87.185
87.6967
88.2117
88.7287
89.2467
89.765
90.2827
90.7991
91.3137
91.8258
92.3354
92.8417
93.3446
93.8434
94.3383
94.8288
95.3148
95.7957
96.2718
96.7428
97.2081
97.6683
98.1225
98.5713
99.0141
99.4507
99.8813
100.306
100.724
101.135
101.54
101.938
102.329
102.713
103.091
103.461
103.824
104.179
104.527
104.867
105.199
105.523
105.839
106.146
106.446
106.736
107.018
107.29
107.553
107.807
108.05
108.284
108.508
108.721
108.923
109.113
109.293
109.46
109.615
109.757
109.886
110.001
110.101
110.187
99.4431
99.2191
98.9943
98.769
98.544
98.3195
98.0961
97.8743
97.6546
97.4377
97.2239
97.0139
96.8083
96.6078
96.4127
96.2239
96.0418
95.8671
95.7002
95.5416
95.3919
95.2514
95.1205
94.9993
94.8879
94.7865
94.6949
94.6129
94.5401
94.4762
94.4206
94.3727
94.3318
94.2972
94.2681
94.2438
94.2234
94.2062
94.1914
94.1783
94.1662
94.1545
94.1424
94.1294
94.1149
94.0985
94.0796
94.0579
94.0328
94.0041
93.9714
93.9344
93.8927
93.8462
93.7945
93.7375
93.6749
93.6066
93.5324
93.452
93.3655
93.2725
93.1731
93.067
92.9542
92.8345
92.7079
92.5743
92.4336
92.2857
92.1305
91.9679
91.798
91.6206
91.4356
91.243
91.0427
90.8347
90.619
90.3954
90.164
89.9247
89.6774
89.4223
89.1591
88.888
88.609
88.322
88.0271
87.7244
87.4139
87.0959
86.7704
86.4376
86.0979
85.7516
85.399
85.0408
84.6776
84.3102
83.9399
83.5674
83.1945
82.823
82.4556
82.0945
81.7436
81.4076
81.0914
80.8019
80.5477
80.3382
80.1854
80.1016
80.098
80.1795
80.3431
80.5795
80.8774
81.2261
81.6164
82.0406
82.4922
82.9664
83.4583
83.9647
84.4825
85.009
85.5423
86.0804
86.6219
87.1658
87.7104
88.255
88.7989
89.3412
89.8815
90.419
90.9535
91.4845
92.0115
92.5344
93.0528
93.5664
94.0751
94.5787
95.077
95.5697
96.0568
96.5379
97.0133
97.4827
97.9459
98.4029
98.8533
99.2974
99.7349
100.166
100.59
101.007
101.417
101.82
102.216
102.604
102.985
103.359
103.725
104.083
104.433
104.775
105.109
105.434
105.751
106.059
106.358
106.649
106.93
107.201
107.463
107.714
107.956
108.187
108.407
108.616
108.814
109
109.173
109.335
109.483
109.617
109.738
109.844
109.935
99.9126
99.6986
99.4838
99.2686
99.0534
98.8387
98.6249
98.4125
98.202
97.9938
97.7886
97.5868
97.3889
97.1954
97.0069
96.824
96.647
96.4765
96.313
96.1568
96.0083
95.8679
95.7357
95.612
95.4968
95.3901
95.2918
95.2017
95.1195
95.0449
94.9772
94.9161
94.861
94.811
94.7657
94.7243
94.6862
94.6506
94.6168
94.5843
94.5522
94.5202
94.4875
94.4537
94.4182
94.3805
94.3402
94.2969
94.2501
94.1996
94.145
94.086
94.0222
93.9535
93.8796
93.8003
93.7154
93.6246
93.5278
93.4248
93.3156
93.1998
93.0775
92.9484
92.8125
92.6696
92.5197
92.3625
92.1982
92.0265
91.8473
91.6606
91.4664
91.2644
91.0546
90.8371
90.6116
90.3781
90.1366
89.887
89.6292
89.3632
89.0888
88.8062
88.5152
88.2157
87.908
87.5919
87.2673
86.9342
86.593
86.2435
85.8861
85.5206
85.1473
84.7669
84.3795
83.9857
83.5861
83.1816
82.773
82.3618
81.9494
81.5378
81.1296
80.7278
80.3363
79.9603
79.6052
79.2792
78.9917
78.7546
78.5819
78.4883
78.4869
78.5827
78.7703
79.0378
79.3712
79.758
80.1876
80.6513
81.1422
81.6546
82.1841
82.7266
83.2795
83.8397
84.4056
84.975
85.5465
86.1193
86.6916
87.2632
87.8328
88.3999
88.9639
89.5247
90.0814
90.6337
91.1815
91.7246
92.2623
92.7947
93.3216
93.8427
94.358
94.8674
95.3706
95.8678
96.3585
96.8427
97.3204
97.7914
98.2558
98.7131
99.1637
99.6073
100.044
100.473
100.895
101.31
101.717
102.117
102.509
102.893
103.27
103.638
103.998
104.35
104.693
105.028
105.354
105.672
105.98
106.279
106.568
106.848
107.117
107.377
107.626
107.865
108.092
108.308
108.513
108.705
108.886
109.053
109.207
109.348
109.474
109.585
109.682
100.354
100.149
99.9434
99.7373
99.5311
99.3252
99.12
98.916
98.7136
98.5132
98.3154
98.1205
97.9292
97.7417
97.5587
97.3804
97.2074
97.0401
96.8788
96.7239
96.5757
96.4344
96.3003
96.1734
96.0538
95.9415
95.8363
95.738
95.6465
95.5612
95.4819
95.408
95.339
95.2743
95.2134
95.1557
95.1005
95.0473
94.9953
94.9441
94.893
94.8415
94.789
94.7351
94.6793
94.6211
94.5601
94.4959
94.4282
94.3565
94.2807
94.2003
94.1151
94.0248
93.9293
93.8282
93.7214
93.6087
93.4899
93.3648
93.2334
93.0953
92.9505
92.7989
92.6403
92.4747
92.3018
92.1216
91.934
91.739
91.5362
91.3258
91.1075
90.8814
90.6473
90.4051
90.1547
89.8961
89.6291
89.3538
89.0699
88.7774
88.4763
88.1665
87.848
87.5205
87.1841
86.839
86.4848
86.1218
85.7501
85.3691
84.9798
84.5816
84.1753
83.761
83.3386
82.9094
82.4735
82.0319
81.5851
81.1353
80.6836
80.2323
79.7838
79.3417
78.9101
78.4945
78.1014
77.7403
77.4219
77.1599
76.9705
76.8714
76.8761
76.9891
77.2027
77.5024
77.872
78.2971
78.766
79.2691
79.7991
80.3499
80.9166
81.4951
82.0828
82.6768
83.2747
83.8753
84.4767
85.0781
85.6783
86.2761
86.8714
87.463
88.051
88.6343
89.2132
89.7867
90.3552
90.9179
91.4748
92.0259
92.5708
93.1094
93.6419
94.1676
94.6868
95.1996
95.7053
96.2042
96.6962
97.1815
97.6594
98.1302
98.5938
99.0501
99.499
99.9405
100.374
100.801
101.219
101.63
102.033
102.428
102.815
103.193
103.563
103.925
104.278
104.622
104.957
105.284
105.601
105.908
106.206
106.494
106.771
107.039
107.295
107.541
107.776
107.999
108.211
108.41
108.596
108.77
108.93
109.077
109.208
109.325
109.426
100.766
100.57
100.373
100.175
99.9768
99.7788
99.5813
99.3848
99.1896
98.996
98.8046
98.6158
98.4299
98.2474
98.0687
97.8942
97.7242
97.559
97.3991
97.2447
97.096
96.9532
96.8165
96.6859
96.5615
96.4432
96.3309
96.2245
96.1236
96.0279
95.9372
95.8508
95.7685
95.6897
95.6139
95.5405
95.4689
95.3988
95.3294
95.2602
95.1908
95.1206
95.0491
94.9759
94.9005
94.8225
94.7415
94.6572
94.5691
94.477
94.3805
94.2794
94.1733
94.0621
93.9455
93.8233
93.6952
93.5612
93.4209
93.2743
93.1211
92.9612
92.7946
92.6209
92.4402
92.2522
92.0569
91.8541
91.6438
91.4257
91.1999
90.9661
90.7244
90.4745
90.2164
89.95
89.6751
89.3918
89.0998
88.799
88.4895
88.171
87.8435
87.5069
87.161
86.8061
86.4416
86.0677
85.6844
85.2919
84.8896
84.4779
84.0571
83.6267
83.1877
82.7395
82.2832
81.8186
81.3469
80.8684
80.3847
79.8966
79.4064
78.9161
78.428
77.9467
77.4764
77.0228
76.5945
76.2009
75.8547
75.5713
75.3697
75.2692
75.284
75.4169
75.6578
75.9898
76.395
76.8576
77.3647
77.9064
78.4743
79.0623
79.6653
80.2792
80.9008
81.5275
82.1572
82.7881
83.4186
84.0481
84.6752
85.2993
85.9195
86.5352
87.1463
87.7522
88.3524
88.947
89.5356
90.1177
90.6937
91.2631
91.8256
92.3816
92.9304
93.4726
94.0075
94.5355
95.0561
95.5697
96.0758
96.5745
97.0661
97.55
98.0266
98.4953
98.9564
99.41
99.8556
100.293
100.723
101.145
101.559
101.964
102.361
102.75
103.13
103.501
103.863
104.217
104.561
104.896
105.222
105.538
105.844
106.139
106.425
106.7
106.965
107.218
107.46
107.69
107.908
108.114
108.307
108.487
108.653
108.805
108.942
109.064
109.17
101.149
100.961
100.771
100.581
100.39
100.2
100.009
99.8192
99.6303
99.4427
99.2569
99.0731
98.8919
98.7134
98.5382
98.3665
98.1986
98.0349
97.8755
97.7208
97.571
97.4261
97.2863
97.1516
97.0221
96.8977
96.7782
96.6636
96.5534
96.4476
96.3457
96.2474
96.1522
96.0597
95.9695
95.881
95.7938
95.7074
95.6213
95.5349
95.4479
95.3597
95.2699
95.1781
95.0839
94.9868
94.8865
94.7827
94.675
94.563
94.4466
94.3254
94.1991
94.0676
93.9305
93.7877
93.639
93.4841
93.323
93.1553
92.981
92.7999
92.6119
92.4167
92.2143
92.0046
91.7873
91.5624
91.3298
91.0894
90.8409
90.5843
90.3196
90.0465
89.7649
89.4747
89.1759
88.8683
88.5517
88.2262
87.8914
87.5474
87.194
86.8311
86.4585
86.0763
85.6843
85.2823
84.8705
84.4489
84.017
83.5751
83.1231
82.6613
82.1898
81.7091
81.2189
80.72
80.2135
79.6993
79.179
78.6544
78.1265
77.5983
77.073
76.554
76.0472
75.5585
75.0974
74.6744
74.3043
74.0045
73.7953
73.6979
73.7264
73.8814
74.1504
74.5143
74.9539
75.4523
75.996
76.5741
77.1785
77.802
78.4395
79.087
79.7411
80.3992
81.0592
81.7194
82.3782
83.035
83.6882
84.337
84.9815
85.6207
86.2543
86.8819
87.5032
88.118
88.7262
89.3275
89.9218
90.5087
91.0886
91.6613
92.2267
92.7843
93.3348
93.8777
94.4128
94.9406
95.4607
95.9729
96.4776
96.9745
97.4634
97.9446
98.4177
98.883
99.34
99.7891
100.23
100.662
101.086
101.502
101.909
102.308
102.697
103.078
103.45
103.813
104.166
104.51
104.844
105.168
105.482
105.786
106.079
106.362
106.634
106.894
107.143
107.38
107.605
107.818
108.017
108.203
108.375
108.532
108.675
108.802
108.913
101.503
101.322
101.14
100.956
100.772
100.588
100.403
100.219
100.036
99.8536
99.6725
99.4931
99.3157
99.1406
98.968
98.7984
98.632
98.4689
98.3095
98.154
98.0024
97.8549
97.7117
97.5726
97.4378
97.3071
97.1804
97.0576
96.9384
96.8226
96.7099
96.5999
96.4923
96.3867
96.2826
96.1797
96.0774
95.9754
95.8732
95.7704
95.6665
95.561
95.4536
95.3439
95.2316
95.1161
94.9972
94.8745
94.7478
94.6167
94.481
94.3403
94.1945
94.0432
93.8864
93.7236
93.5548
93.3798
93.1983
93.0102
92.8153
92.6136
92.4047
92.1886
91.9651
91.7342
91.4955
91.2491
90.9948
90.7325
90.462
90.1831
89.8959
89.6001
89.2956
88.9824
88.6601
88.3288
87.9883
87.6384
87.2791
86.9101
86.5314
86.1428
85.7442
85.3356
84.9167
84.4874
84.0474
83.5972
83.1364
82.665
82.1831
81.6906
81.1878
80.6749
80.1523
79.6202
79.0796
78.5315
77.9764
77.4161
76.8527
76.2887
75.7275
75.174
74.6329
74.1122
73.622
73.1738
72.7839
72.4721
72.2602
72.1704
72.216
72.3949
72.6922
73.0872
73.5595
74.0919
74.6697
75.2822
75.9202
76.5768
77.2471
77.9262
78.6109
79.299
79.9876
80.6754
81.361
82.0435
82.7215
83.3946
84.0621
84.7236
85.379
86.0274
86.6689
87.3031
87.9301
88.5496
89.1616
89.7659
90.3625
90.9513
91.5324
92.1056
92.6709
93.2283
93.7778
94.3193
94.8526
95.3781
95.8956
96.405
96.9062
97.3994
97.8841
98.3608
98.8292
99.2892
99.7406
100.184
100.618
101.044
101.461
101.869
102.268
102.658
103.039
103.411
103.773
104.125
104.467
104.8
105.122
105.434
105.735
106.025
106.304
106.572
106.828
107.072
107.303
107.522
107.727
107.919
108.097
108.26
108.408
108.54
108.656
101.827
101.653
101.477
101.3
101.122
100.944
100.765
100.586
100.407
100.229
100.052
99.8765
99.7022
99.5297
99.3593
99.1911
99.0254
98.8625
98.7025
98.5457
98.392
98.2416
98.0945
97.9509
97.8106
97.6735
97.5396
97.4087
97.2806
97.1551
97.0319
96.9107
96.7911
96.6728
96.5554
96.4386
96.3219
96.205
96.0874
95.9687
95.8485
95.7265
95.6022
95.4753
95.3455
95.2123
95.0755
94.9347
94.7897
94.6401
94.4857
94.3262
94.1615
93.9911
93.815
93.633
93.4447
93.2501
93.0489
92.841
92.6262
92.4043
92.1753
91.9388
91.6949
91.4433
91.1839
90.9166
90.6412
90.3575
90.0656
89.7651
89.456
89.1382
88.8114
88.4756
88.1306
87.7762
87.4124
87.0389
86.6557
86.2625
85.8592
85.4457
85.0218
84.5875
84.1422
83.6864
83.2194
82.7417
82.253
81.7532
81.2418
80.7199
80.187
79.6434
79.0895
78.5253
77.9524
77.3712
76.783
76.1893
75.5924
74.995
74.4009
73.8149
73.2431
72.6939
72.1779
71.7088
71.3043
70.985
70.7753
70.6973
70.7626
70.9667
71.2923
71.7174
72.2208
72.7844
73.394
74.0381
74.7071
75.3947
76.0947
76.8032
77.5164
78.2321
78.9474
79.6613
80.3719
81.0786
81.78
82.4759
83.1652
83.8478
84.5236
85.1918
85.8526
86.5054
87.1503
87.7872
88.4164
89.0371
89.6497
90.254
90.8501
91.4383
92.0179
92.5892
93.1523
93.7071
94.2535
94.7917
95.3215
95.843
96.3561
96.8608
97.357
97.8448
98.324
98.7947
99.2567
99.71
100.155
100.59
101.017
101.434
101.843
102.242
102.632
103.012
103.382
103.743
104.094
104.434
104.764
105.084
105.393
105.69
105.976
106.251
106.514
106.764
107.002
107.227
107.438
107.636
107.819
107.988
108.141
108.278
108.399
102.122
101.954
101.784
101.613
101.44
101.267
101.093
100.919
100.744
100.57
100.397
100.224
100.052
99.8818
99.7128
99.5455
99.3802
99.217
99.056
98.8974
98.7412
98.5876
98.4366
98.2882
98.1423
97.9989
97.8579
97.7191
97.5823
97.4473
97.3139
97.1817
97.0506
96.9201
96.79
96.6598
96.5293
96.398
96.2656
96.1317
95.996
95.8581
95.7176
95.5742
95.4275
95.2773
95.1233
94.965
94.8023
94.635
94.4626
94.285
94.1019
93.9132
93.7185
93.5178
93.3107
93.0971
92.8769
92.6498
92.4157
92.1744
91.9257
91.6696
91.4058
91.1342
90.8547
90.5671
90.2712
89.967
89.6542
89.3328
89.0025
88.6632
88.3149
87.9573
87.5902
87.2135
86.8271
86.4308
86.0244
85.6077
85.1806
84.743
84.2947
83.8352
83.3651
82.8834
82.3904
81.8863
81.3703
80.8431
80.304
79.7537
79.192
78.6188
78.0352
77.4409
76.8374
76.2253
75.606
74.9807
74.3526
73.7245
73.1003
72.4848
71.8858
71.3117
70.7744
70.2887
69.8734
69.5517
69.3485
69.2859
69.3734
69.6038
69.9574
70.4112
70.9436
71.5365
72.1752
72.8479
73.5453
74.2607
74.9883
75.7236
76.463
77.2036
77.9438
78.6816
79.4152
80.1443
80.8677
81.5843
82.2944
82.997
83.6916
84.3786
85.0571
85.7277
86.3896
87.0433
87.6881
88.3247
88.9524
89.5715
90.1822
90.7841
91.3777
91.9623
92.5384
93.1062
93.6651
94.2154
94.7571
95.2904
95.8149
96.3307
96.8378
97.3363
97.8262
98.3072
98.7792
99.2424
99.6966
100.142
100.578
101.005
101.422
101.83
102.228
102.617
102.996
103.365
103.724
104.072
104.41
104.737
105.053
105.357
105.65
105.932
106.201
106.458
106.702
106.933
107.15
107.354
107.543
107.716
107.875
108.017
108.142
102.388
102.225
102.061
101.894
101.727
101.558
101.388
101.218
101.048
100.877
100.706
100.536
100.366
100.198
100.03
99.8629
99.6974
99.5335
99.3711
99.2105
99.0516
98.8946
98.7395
98.5862
98.4348
98.2851
98.137
97.9904
97.8451
97.7009
97.5576
97.415
97.2728
97.1306
96.9882
96.8453
96.7015
96.5564
96.4099
96.2614
96.1108
95.9576
95.8015
95.6423
95.4795
95.313
95.1423
94.9673
94.7876
94.6031
94.4134
94.2183
94.0177
93.8112
93.5986
93.3798
93.1546
92.9227
92.6841
92.4385
92.1857
91.9256
91.6581
91.3829
91.0999
90.809
90.51
90.2028
89.8872
89.563
89.2301
88.8884
88.5377
88.1778
87.8086
87.4299
87.0415
86.6433
86.2351
85.8167
85.388
84.9487
84.4987
84.038
83.5661
83.0829
82.5882
82.082
81.5641
81.0347
80.493
79.9393
79.3741
78.7965
78.2071
77.6066
76.9945
76.3722
75.7396
75.0987
74.45
73.7964
73.1394
72.4832
71.8314
71.1906
70.5678
69.9722
69.4176
68.9195
68.498
68.1782
67.9857
67.9417
68.0535
68.3106
68.6918
69.173
69.7325
70.3522
71.0175
71.7162
72.4394
73.1799
73.932
74.6913
75.4542
76.218
76.9805
77.7396
78.4947
79.2443
79.9875
80.7238
81.4526
82.1735
82.8858
83.5901
84.2857
84.9725
85.6502
86.3194
86.9796
87.6305
88.2727
88.906
89.5301
90.1455
90.7517
91.3493
91.9378
92.5176
93.0883
93.6505
94.2035
94.748
95.2833
95.8101
96.3277
96.8367
97.3364
97.8272
98.3092
98.7819
99.2454
99.6999
100.145
100.581
101.007
101.423
101.83
102.227
102.614
102.991
103.357
103.713
104.058
104.392
104.715
105.027
105.327
105.615
105.891
106.154
106.404
106.641
106.864
107.073
107.267
107.446
107.61
107.756
107.886
102.623
102.466
102.306
102.145
101.982
101.817
101.652
101.485
101.318
101.15
100.982
100.814
100.646
100.478
100.311
100.144
99.9781
99.8131
99.6491
99.4863
99.3245
99.164
99.0047
98.8465
98.6895
98.5335
98.3785
98.2243
98.0708
97.9178
97.765
97.6123
97.4593
97.3059
97.1518
96.9966
96.8401
96.6819
96.5218
96.3594
96.1945
96.0267
95.8557
95.6813
95.5031
95.3208
95.1343
94.9432
94.7472
94.5462
94.3399
94.128
93.9104
93.6868
93.457
93.2209
92.9782
92.7287
92.4723
92.2088
91.9381
91.6599
91.3741
91.0806
90.7792
90.4696
90.1519
89.8258
89.4911
89.1477
88.7955
88.4343
88.0638
87.684
87.2947
86.8957
86.4869
86.068
85.6389
85.1993
84.7492
84.2882
83.8163
83.3334
82.8389
82.3326
81.8149
81.2853
80.7436
80.1902
79.6241
79.0457
78.455
77.852
77.2368
76.6099
75.9715
75.3228
74.6636
73.9956
73.3208
72.6403
71.9574
71.2761
70.6002
69.9364
69.2933
68.6804
68.1124
67.6057
67.183
66.8689
66.6908
66.6684
66.8058
67.0899
67.4979
68.0052
68.5903
69.2344
69.9233
70.6456
71.3917
72.1545
72.9285
73.7095
74.4933
75.2776
76.06
76.839
77.613
78.3811
79.1424
79.8963
80.6422
81.3802
82.1091
82.8288
83.5398
84.2418
84.9345
85.6179
86.2921
86.957
87.6126
88.2589
88.896
89.5235
90.1422
90.7517
91.3521
91.9431
92.5253
93.0985
93.6623
94.2173
94.7632
95.2999
95.8277
96.3465
96.8559
97.3563
97.8474
98.3294
98.8021
99.2652
99.719
100.163
100.598
101.022
101.437
101.842
102.237
102.621
102.995
103.358
103.711
104.052
104.382
104.7
105.007
105.301
105.584
105.853
106.109
106.351
106.58
106.794
106.994
107.178
107.346
107.497
107.631
102.829
102.677
102.522
102.364
102.205
102.045
101.883
101.719
101.555
101.39
101.224
101.057
100.89
100.723
100.556
100.39
100.223
100.057
99.8911
99.7258
99.5611
99.397
99.2334
99.0704
98.9079
98.7458
98.5841
98.4225
98.261
98.0994
97.9375
97.7751
97.6119
97.4477
97.2823
97.1154
96.9467
96.776
96.6029
96.4273
96.2487
96.0669
95.8817
95.6927
95.4997
95.3025
95.1007
94.8942
94.6826
94.4658
94.2435
94.0156
93.7817
93.5417
93.2954
93.0425
92.783
92.5167
92.2433
91.9626
91.6746
91.379
91.0757
90.7645
90.4453
90.1179
89.7822
89.4379
89.0849
88.7231
88.3523
87.9723
87.5829
87.1841
86.7755
86.3571
85.9286
85.4899
85.0408
84.581
84.1104
83.6287
83.1359
82.6317
82.1155
81.5879
81.0483
80.4965
79.9324
79.3554
78.7663
78.1646
77.5503
76.9234
76.2843
75.6331
74.9703
74.2966
73.6129
72.9205
72.2209
71.5167
70.8105
70.1064
69.41
68.727
68.0665
67.4399
66.8619
66.3513
65.9304
65.6263
65.466
65.4673
65.6316
65.9428
66.3769
66.9089
67.5173
68.1841
68.8945
69.6377
70.404
71.1869
71.9802
72.7797
73.5824
74.3847
75.1848
75.9814
76.7724
77.557
78.3349
79.1045
79.8659
80.6186
81.3626
82.0971
82.8222
83.5379
84.244
84.9406
85.628
86.3055
86.9734
87.6318
88.2807
88.9202
89.5502
90.1709
90.7823
91.3843
91.977
92.5604
93.1347
93.6994
94.2551
94.8017
95.339
95.867
96.3858
96.895
97.3951
97.8858
98.367
98.8385
99.3007
99.7531
100.196
100.628
101.051
101.463
101.866
102.257
102.638
103.009
103.368
103.716
104.053
104.378
104.691
104.991
105.279
105.554
105.816
106.064
106.298
106.518
106.722
106.911
107.084
107.239
107.378
103.005
102.857
102.706
102.553
102.398
102.241
102.082
101.921
101.759
101.596
101.432
101.267
101.101
100.935
100.768
100.601
100.433
100.266
100.098
99.9303
99.7625
99.5948
99.427
99.2592
99.0913
98.9233
98.755
98.5863
98.4171
98.2473
98.0766
97.9048
97.7318
97.5574
97.3813
97.2032
97.0229
96.8402
96.6548
96.4664
96.2748
96.0797
95.8809
95.6781
95.471
95.2594
95.0431
94.8218
94.5953
94.3634
94.1258
93.8824
93.6329
93.3772
93.1151
92.8463
92.5707
92.2881
91.9984
91.7013
91.3967
91.0845
90.7644
90.4363
90.1001
89.7555
89.4025
89.0408
88.6703
88.2909
87.9022
87.5043
87.0969
86.6798
86.2529
85.8159
85.3687
84.9111
84.4428
83.9637
83.4736
82.9724
82.4596
81.9353
81.3988
80.8507
80.29
79.7173
79.132
78.5336
77.9229
77.2994
76.6626
76.0136
75.3521
74.678
73.9927
73.2965
72.5904
71.8758
71.1539
70.4283
69.7016
68.978
68.263
67.5639
66.8898
66.2529
65.6689
65.1573
64.7423
64.4517
64.3121
64.3392
64.531
64.8691
65.3283
65.8839
66.5138
67.2009
67.931
68.6927
69.4769
70.2771
71.0877
71.9037
72.7225
73.5406
74.3566
75.1684
75.9742
76.7739
77.5656
78.3497
79.1248
79.891
80.6482
81.3956
82.1338
82.862
83.5803
84.2893
84.988
85.6771
86.3566
87.0261
87.686
88.3361
88.977
89.608
90.2295
90.8415
91.444
92.0372
92.6212
93.1955
93.7604
94.316
94.8623
95.3991
95.9265
96.4444
96.9529
97.4518
97.9412
98.4209
98.8909
99.3511
99.8013
100.241
100.671
101.091
101.501
101.899
102.287
102.664
103.03
103.385
103.728
104.059
104.378
104.685
104.979
105.259
105.527
105.78
106.019
106.244
106.453
106.647
106.824
106.984
107.126
103.151
103.007
102.86
102.71
102.559
102.405
102.249
102.091
101.931
101.77
101.608
101.444
101.279
101.113
100.946
100.778
100.61
100.441
100.271
100.101
99.9297
99.7583
99.5864
99.414
99.2409
99.067
98.8924
98.7169
98.5403
98.3626
98.1835
98.0029
97.8206
97.6363
97.4499
97.2612
97.0699
96.8758
96.6786
96.4781
96.2741
96.0664
95.8546
95.6385
95.418
95.1927
94.9626
94.7272
94.4864
94.2401
93.988
93.7298
93.4655
93.1948
92.9175
92.6335
92.3425
92.0444
91.7391
91.4263
91.1059
90.7777
90.4415
90.0973
89.7448
89.3839
89.0144
88.6361
88.2489
87.8526
87.447
87.032
86.6073
86.1729
85.7284
85.2738
84.8088
84.3332
83.8468
83.3495
82.8409
82.321
81.7894
81.246
80.6905
80.1231
79.5429
78.9501
78.345
77.7267
77.0953
76.4515
75.7943
75.1247
74.4422
73.7479
73.042
72.3248
71.5984
70.8633
70.1224
69.3779
68.6326
67.8923
67.162
66.4497
65.7646
65.1207
64.5339
64.0251
63.6193
63.3453
63.2286
63.283
63.5028
63.8674
64.3509
64.9284
65.5787
66.2844
67.0319
67.8101
68.6099
69.4253
70.2505
71.0812
71.914
72.7461
73.5751
74.4001
75.2192
76.0316
76.8359
77.6323
78.4199
79.1979
79.9669
80.7263
81.4754
82.215
82.9444
83.6641
84.3735
85.0733
85.7632
86.4428
87.1126
87.7729
88.4231
89.064
89.6948
90.3164
90.928
91.5301
92.1229
92.706
93.2795
93.8436
94.3984
94.9434
95.4789
96.0049
96.5215
97.0282
97.5253
98.0125
98.4899
98.9574
99.4151
99.8625
100.3
100.726
101.142
101.548
101.942
102.326
102.698
103.059
103.408
103.745
104.07
104.383
104.682
104.968
105.241
105.499
105.744
105.973
106.187
106.385
106.566
106.73
106.876
103.266
103.126
102.983
102.837
102.688
102.537
102.384
102.229
102.071
101.912
101.75
101.588
101.423
101.258
101.09
100.922
100.752
100.582
100.41
100.237
100.063
99.8886
99.7127
99.5357
99.3575
99.1781
98.9975
98.8154
98.6318
98.4465
98.2594
98.0703
97.8791
97.6855
97.4894
97.2906
97.0888
96.8839
96.6755
96.4636
96.2478
96.028
95.8039
95.5753
95.342
95.1037
94.8603
94.6116
94.3573
94.0972
93.8312
93.5591
93.2806
92.9956
92.7039
92.4053
92.0997
91.7868
91.4666
91.1388
90.8033
90.4599
90.1085
89.7489
89.3809
89.0044
88.6192
88.2251
87.822
87.4096
86.9879
86.5567
86.1157
85.6647
85.2037
84.7323
84.2504
83.7578
83.2543
82.7397
82.2137
81.6762
81.1269
80.5656
79.9921
79.4063
78.8078
78.1971
77.5731
76.9361
76.2861
75.623
74.9474
74.2585
73.557
72.8438
72.1187
71.383
70.6383
69.8853
69.1271
68.3655
67.6048
66.8501
66.1068
65.384
64.6918
64.0433
63.4569
62.9535
62.5603
62.3057
62.2144
62.2972
62.5451
62.9356
63.4424
64.0406
64.7095
65.4321
66.1951
66.9879
67.8022
68.6308
69.4686
70.3115
71.1563
72.0001
72.841
73.6773
74.5076
75.3309
76.1464
76.9535
77.7512
78.54
79.3193
80.0888
80.8483
81.5978
82.3369
83.0663
83.7856
84.4948
85.1935
85.8826
86.5618
87.2307
87.89
88.5396
89.179
89.809
90.429
91.0396
91.6406
92.2317
92.8135
93.3854
93.948
94.5007
95.0438
95.5775
96.1012
96.6155
97.1197
97.6141
98.0988
98.5732
99.0375
99.4917
99.9354
100.369
100.791
101.203
101.604
101.994
102.372
102.739
103.094
103.437
103.767
104.085
104.39
104.681
104.959
105.222
105.471
105.705
105.923
106.125
106.31
106.478
106.628
103.35
103.214
103.074
102.932
102.786
102.638
102.487
102.334
102.179
102.021
101.861
101.699
101.535
101.37
101.202
101.033
100.862
100.69
100.517
100.341
100.165
99.9863
99.8065
99.6251
99.4421
99.2574
99.071
98.8827
98.6924
98.4999
98.3052
98.1082
97.9085
97.7061
97.5008
97.2924
97.0807
96.8655
96.6466
96.4238
96.1968
95.9656
95.7298
95.4893
95.2439
94.9934
94.7374
94.476
94.2088
93.9357
93.6566
93.3711
93.0791
92.7805
92.4751
92.1627
91.8432
91.5163
91.182
90.8399
90.4901
90.1323
89.7664
89.3921
89.0094
88.6181
88.218
87.8089
87.3907
86.9633
86.5263
86.0796
85.6231
85.1566
84.6798
84.1927
83.6948
83.1862
82.6666
82.1357
81.5933
81.0393
80.4733
79.8953
79.3051
78.7024
78.087
77.4587
76.8176
76.1633
75.496
74.8156
74.1222
73.4159
72.6972
71.9665
71.2244
70.472
69.711
68.9422
68.1683
67.3924
66.6189
65.8518
65.0984
64.3678
63.6701
63.0202
62.437
61.9424
61.5641
61.3315
61.2674
61.3794
61.6554
62.0712
62.6
63.2179
63.9039
64.6423
65.4192
66.2248
67.0511
67.891
68.7397
69.5935
70.4484
71.3022
72.1528
72.9987
73.8388
74.6715
75.4962
76.3124
77.1196
77.9174
78.7056
79.4838
80.2521
81.0103
81.7583
82.4962
83.2239
83.9414
84.6488
85.3461
86.0333
86.7105
87.3778
88.0352
88.6824
89.3201
89.9481
90.5663
91.1745
91.7733
92.3624
92.9418
93.5113
94.0714
94.6218
95.1622
95.6931
96.2141
96.7251
97.2263
97.7173
98.1985
98.6691
99.1298
99.5797
100.019
100.448
100.866
101.273
101.668
102.052
102.425
102.785
103.133
103.469
103.792
104.102
104.398
104.681
104.949
105.202
105.44
105.663
105.869
106.058
106.229
106.383
103.403
103.271
103.134
102.995
102.853
102.707
102.559
102.408
102.254
102.098
101.939
101.778
101.615
101.449
101.281
101.112
100.94
100.766
100.591
100.413
100.233
100.052
99.8685
99.683
99.4954
99.3057
99.1138
98.9196
98.7229
98.5237
98.3219
98.1172
97.9096
97.6989
97.4849
97.2675
97.0464
96.8215
96.5926
96.3596
96.1221
95.8801
95.6333
95.3816
95.1247
94.8625
94.5947
94.3213
94.0419
93.7565
93.4649
93.1668
92.8621
92.5506
92.2323
91.9068
91.5741
91.2339
90.8861
90.5306
90.1672
89.7958
89.4161
89.028
88.6314
88.2261
87.8119
87.3887
86.9562
86.5144
86.0629
85.6018
85.1307
84.6495
84.1579
83.6559
83.1431
82.6195
82.0847
81.5385
80.9808
80.4113
79.83
79.2362
78.6303
78.0119
77.3804
76.7363
76.0793
75.4092
74.7255
74.0292
73.3199
72.598
71.8636
71.1174
70.3601
69.5928
68.8169
68.0341
67.2471
66.4589
65.6737
64.897
64.1358
63.3992
62.6989
62.0503
61.4724
60.9896
60.6291
60.4204
60.385
60.5266
60.8304
61.2709
61.8209
62.4571
63.1593
63.9113
64.7011
65.518
66.3548
67.2044
68.0628
68.925
69.7889
70.651
71.5102
72.364
73.2117
74.0526
74.8851
75.7095
76.5243
77.3297
78.1255
78.9117
79.6875
80.4532
81.2086
81.9543
82.6893
83.4141
84.1288
84.8333
85.5278
86.2122
86.8866
87.551
88.2055
88.8502
89.4851
90.1102
90.7254
91.331
91.9268
92.5129
93.0893
93.6559
94.2128
94.7598
95.2971
95.8242
96.3417
96.8491
97.3465
97.8336
98.3103
98.7769
99.2329
99.6782
100.113
100.536
100.949
101.35
101.739
102.117
102.482
102.836
103.176
103.504
103.819
104.12
104.407
104.679
104.937
105.179
105.406
105.615
105.808
105.983
106.139
103.425
103.295
103.163
103.027
102.887
102.744
102.598
102.449
102.297
102.142
101.985
101.824
101.662
101.496
101.328
101.158
100.985
100.81
100.633
100.453
100.271
100.086
99.8992
99.7098
99.5179
99.3235
99.1264
98.9267
98.7241
98.5185
98.31
98.0982
97.8831
97.6646
97.4425
97.2165
96.9867
96.7527
96.5144
96.2717
96.0244
95.7722
95.5151
95.2527
94.9851
94.7119
94.433
94.1482
93.8574
93.5603
93.2569
92.9469
92.6302
92.3066
91.976
91.6382
91.293
90.9403
90.5799
90.2117
89.8355
89.4511
89.0585
88.6574
88.2476
87.8291
87.4016
86.965
86.5192
86.0638
85.5988
85.124
84.6392
84.1442
83.6388
83.1228
82.596
82.0583
81.5093
80.9489
80.3769
79.7931
79.1972
78.5889
77.9686
77.3353
76.6896
76.0305
75.3589
74.6742
73.976
73.2652
72.5411
71.8048
71.0563
70.2958
69.5249
68.7444
67.9558
67.1604
66.362
65.5635
64.7691
63.9848
63.2178
62.4774
61.7769
61.1317
60.562
60.0927
59.7524
59.5699
59.5643
59.7358
60.0668
60.5309
61.1014
61.7548
62.4717
63.2368
64.0374
64.8647
65.7106
66.569
67.4347
68.3048
69.1758
70.0448
70.9107
71.7716
72.6258
73.4732
74.3122
75.1429
75.9642
76.7764
77.5785
78.3711
79.1533
79.9257
80.6876
81.4396
82.181
82.9122
83.6336
84.3444
85.0452
85.7363
86.4169
87.0877
87.7488
88.3997
89.0407
89.6719
90.2934
90.9054
91.5073
92.0994
92.6818
93.2544
93.8172
94.3702
94.9133
95.4465
95.9697
96.4829
96.9859
97.4787
97.9612
98.4332
98.8947
99.3455
99.7854
100.214
100.632
101.038
101.433
101.815
102.186
102.544
102.889
103.222
103.541
103.846
104.138
104.414
104.676
104.922
105.152
105.365
105.562
105.74
105.899
103.414
103.288
103.159
103.025
102.889
102.748
102.605
102.458
102.308
102.154
101.998
101.839
101.676
101.511
101.343
101.172
100.998
100.822
100.643
100.461
100.276
100.089
99.8989
99.706
99.5101
99.3113
99.1094
98.9045
98.6963
98.4849
98.27
98.0516
97.8296
97.6038
97.374
97.1401
96.902
96.6595
96.4125
96.1608
95.9041
95.6425
95.3756
95.1034
94.8256
94.5421
94.2527
93.9573
93.6557
93.3478
93.0333
92.7121
92.3841
92.0491
91.707
91.3575
91.0006
90.6361
90.2639
89.8837
89.4954
89.099
88.6941
88.2807
87.8587
87.4278
86.9878
86.5387
86.0802
85.6123
85.1345
84.647
84.1493
83.6414
83.1231
82.594
82.0542
81.5033
80.9411
80.3675
79.7822
79.185
78.5756
77.9544
77.3203
76.6736
76.0141
75.3422
74.6567
73.9583
73.2473
72.5229
71.7862
71.0365
70.2749
69.5024
68.7191
67.9269
67.1272
66.3214
65.5134
64.7057
63.904
63.1139
62.3426
61.6013
60.9026
60.2626
59.7033
59.2499
58.9318
58.777
58.8018
59.0033
59.3611
59.8482
60.438
61.1074
61.838
62.6147
63.4258
64.2618
65.1156
65.9811
66.8538
67.7301
68.607
69.482
70.353
71.2193
72.0792
72.9319
73.7765
74.6121
75.439
76.2565
77.0643
77.8618
78.6497
79.4275
80.1947
80.9522
81.699
82.436
83.1629
83.8792
84.5858
85.282
85.9686
86.6448
87.3114
87.9678
88.6144
89.2515
89.8784
90.4959
91.1033
91.7009
92.289
92.867
93.4352
93.9939
94.5423
95.0808
95.6093
96.128
96.6363
97.1343
97.6219
98.0991
98.5659
99.0216
99.4665
99.9002
100.323
100.734
101.133
101.52
101.895
102.258
102.608
102.945
103.268
103.578
103.873
104.153
104.419
104.668
104.902
105.119
105.318
105.499
105.661
103.369
103.247
103.121
102.991
102.857
102.72
102.578
102.434
102.285
102.133
101.978
101.82
101.658
101.493
101.325
101.154
100.979
100.802
100.621
100.438
100.251
100.061
99.868
99.6717
99.4721
99.2693
99.063
98.8533
98.64
98.4231
98.2024
97.9779
97.7494
97.5168
97.2799
97.0387
96.793
96.5426
96.2874
96.0272
95.762
95.4914
95.2155
94.934
94.6468
94.3536
94.0545
93.7492
93.4375
93.1193
92.7945
92.4628
92.1242
91.7786
91.4256
91.0653
90.6975
90.3219
89.9385
89.5471
89.1476
88.7398
88.3235
87.8987
87.4651
87.0226
86.571
86.1102
85.6399
85.1601
84.6706
84.171
83.6614
83.1415
82.6111
82.0699
81.518
80.9549
80.3804
79.7945
79.197
78.5875
77.9659
77.332
76.6857
76.0267
75.355
74.6703
73.9728
73.2622
72.5387
71.8029
71.054
70.2928
69.5199
68.7364
67.9424
67.1396
66.3302
65.5155
64.6989
63.8848
63.0769
62.2827
61.5093
60.768
60.0729
59.4409
58.8935
58.4582
58.164
58.0383
58.0943
58.3255
58.7094
59.2188
59.8268
60.5114
61.2546
62.0423
62.8623
63.7062
64.5667
65.4383
66.3166
67.1984
68.08
68.9596
69.8354
70.7059
71.5701
72.4269
73.2757
74.1159
74.9471
75.7688
76.5809
77.3832
78.175
78.9572
79.7293
80.4913
81.243
81.9847
82.7158
83.4372
84.1485
84.8498
85.5408
86.2221
86.8936
87.5548
88.2066
88.8485
89.4803
90.1027
90.715
91.3178
91.9105
92.4937
93.0668
93.6303
94.1837
94.7273
95.2606
95.7841
96.2972
96.8002
97.2926
97.7744
98.2458
98.7062
99.1557
99.5942
100.021
100.437
100.84
101.232
101.611
101.978
102.332
102.673
103
103.314
103.613
103.897
104.166
104.419
104.656
104.875
105.078
105.261
105.426
103.291
103.173
103.05
102.923
102.792
102.657
102.518
102.376
102.229
102.079
101.925
101.768
101.607
101.442
101.274
101.103
100.928
100.75
100.568
100.383
100.194
100.002
99.8062
99.607
99.4041
99.1976
98.9874
98.7733
98.5554
98.3334
98.1074
97.8773
97.6428
97.404
97.1606
96.9126
96.6598
96.4021
96.1393
95.8714
95.5981
95.3193
95.035
94.7449
94.4489
94.1468
93.8386
93.524
93.2029
92.8752
92.5408
92.1994
91.851
91.4954
91.1324
90.7619
90.3838
89.998
89.6042
89.2024
88.7923
88.374
87.9471
87.5115
87.0672
86.6139
86.1514
85.6797
85.1985
84.7077
84.2071
83.6965
83.1758
82.6447
82.1031
81.5508
80.9875
80.4132
79.8275
79.2303
78.6213
78.0005
77.3674
76.7223
76.0647
75.3945
74.7111
74.0154
73.3067
72.5852
71.8509
71.1039
70.3444
69.573
68.79
67.9963
67.193
66.3814
65.5638
64.7416
63.9184
63.0981
62.2861
61.4888
60.7155
59.9763
59.286
58.6633
58.1302
57.7145
57.4463
57.3508
57.4383
57.6988
58.1083
58.6385
59.2642
59.9631
60.7184
61.5153
62.3435
63.1946
64.061
64.9382
65.821
66.7065
67.5924
68.4756
69.3548
70.2287
71.0965
71.9566
72.8086
73.6521
74.4865
75.312
76.1275
76.9332
77.729
78.5147
79.2905
80.0561
80.8116
81.5571
82.2925
83.0178
83.7331
84.4384
85.1338
85.8193
86.4949
87.1607
87.8163
88.4626
89.099
89.7257
90.3426
90.9494
91.5468
92.1344
92.7122
93.2798
93.8378
94.3858
94.9235
95.4514
95.969
96.4761
96.9731
97.4595
97.935
98.3998
98.8535
99.2961
99.7272
100.147
100.555
100.95
101.334
101.705
102.062
102.407
102.738
103.055
103.357
103.645
103.917
104.173
104.413
104.635
104.84
105.027
105.194
103.178
103.063
102.944
102.82
102.692
102.56
102.424
102.283
102.139
101.991
101.838
101.682
101.522
101.358
101.191
101.019
100.844
100.665
100.483
100.296
100.106
99.9116
99.7137
99.5118
99.306
99.0963
98.8824
98.6645
98.4423
98.2159
97.9851
97.7498
97.5099
97.2654
97.016
96.7618
96.5025
96.2381
95.9684
95.6933
95.4127
95.1264
94.8343
94.5363
94.2322
93.9219
93.6052
93.2821
92.9523
92.6159
92.2725
91.9221
91.5645
91.1996
90.8274
90.4475
90.0599
89.6645
89.2611
88.8496
88.4298
88.0016
87.5649
87.1194
86.6651
86.2018
85.7293
85.2475
84.7562
84.2552
83.7444
83.2236
82.6926
82.1512
81.5993
81.0366
80.463
79.8782
79.2821
78.6745
78.0552
77.4239
76.7808
76.1249
75.4571
74.7763
74.0832
73.3774
72.6583
71.9269
71.1828
70.4262
69.6569
68.8763
68.0845
67.2823
66.4709
65.6517
64.8266
63.9982
63.1691
62.3446
61.5297
60.7313
59.9585
59.2234
58.54
57.9278
57.4107
57.0165
56.7755
56.7111
56.8302
57.1195
57.5536
58.1044
58.7463
59.4588
60.2249
61.0308
61.8666
62.7238
63.5953
64.4768
65.3634
66.2527
67.1411
68.0275
68.9093
69.7862
70.656
71.5189
72.3734
73.2196
74.0565
74.8841
75.7026
76.511
77.3095
78.0985
78.8771
79.6457
80.4042
81.1531
81.8917
82.6202
83.3389
84.0476
84.7464
85.4357
86.1149
86.7843
87.4439
88.0938
88.7339
89.3644
89.9851
90.596
91.1973
91.7887
92.3704
92.9422
93.5042
94.0558
94.5977
95.1296
95.6512
96.1625
96.6634
97.1537
97.6331
98.1018
98.5595
99.0061
99.4409
99.8644
100.276
100.675
101.062
101.437
101.798
102.146
102.481
102.801
103.106
103.397
103.672
103.931
104.174
104.399
104.606
104.795
104.964
103.028
102.917
102.801
102.681
102.556
102.427
102.294
102.156
102.014
101.867
101.717
101.562
101.403
101.24
101.073
100.902
100.727
100.548
100.364
100.177
99.9854
99.7898
99.5899
99.3859
99.1776
98.965
98.7481
98.5267
98.3008
98.0703
97.8352
97.5953
97.3506
97.1009
96.8463
96.5864
96.3213
96.0508
95.7748
95.4931
95.2058
94.9126
94.6134
94.3081
93.9966
93.6788
93.3544
93.0234
92.6857
92.3411
91.9896
91.6308
91.2649
90.8915
90.5106
90.1221
89.7258
89.3216
88.9094
88.4889
88.0601
87.6229
87.177
86.7225
86.259
85.7864
85.3047
84.8135
84.3129
83.8026
83.2824
82.7521
82.2117
81.6608
81.0995
80.5273
79.9442
79.3499
78.7443
78.1272
77.4983
76.8577
76.2048
75.5396
74.8625
74.1724
73.4702
72.7548
72.0272
71.2865
70.5337
69.768
68.9909
68.2017
67.4021
66.5925
65.7736
64.9479
64.117
63.283
62.4503
61.6229
60.8063
60.0075
59.237
58.5063
57.8313
57.2317
56.7321
56.3612
56.1487
56.1161
56.2666
56.5841
57.042
57.6121
58.27
58.9951
59.7713
60.5857
61.4281
62.2906
63.1665
64.0517
64.9418
65.8337
66.7244
67.6129
68.4971
69.3752
70.2472
71.1118
71.9679
72.8159
73.655
74.4844
75.3048
76.1151
76.916
77.7067
78.4879
79.2588
80.0201
80.7711
81.5121
82.2437
82.965
83.6768
84.3785
85.0704
85.7529
86.4253
87.088
87.741
88.3847
89.0184
89.6424
90.2567
90.8616
91.4565
92.0416
92.6168
93.1822
93.7377
94.2832
94.8185
95.3437
95.8588
96.3632
96.8571
97.3402
97.8125
98.2737
98.7237
99.1621
99.589
100.004
100.407
100.797
101.175
101.54
101.891
102.228
102.551
102.86
103.154
103.431
103.693
103.938
104.166
104.375
104.566
104.737
102.84
102.733
102.621
102.505
102.383
102.258
102.127
101.992
101.852
101.708
101.56
101.407
101.249
101.087
100.921
100.751
100.576
100.397
100.213
100.025
99.8327
99.6359
99.4346
99.2288
99.0184
98.8035
98.5839
98.3595
98.1304
97.8965
97.6576
97.4137
97.1647
96.9105
96.651
96.3861
96.1158
95.8398
95.5581
95.2707
94.9773
94.6778
94.3723
94.0604
93.7422
93.4174
93.0861
92.7479
92.403
92.051
91.6919
91.3257
90.952
90.5709
90.1822
89.7857
89.3815
88.9692
88.5488
88.1201
87.6831
87.2376
86.7834
86.3205
85.8486
85.3676
84.8773
84.3777
83.8685
83.3496
82.8208
82.282
81.7329
81.1734
80.6034
80.0226
79.4308
78.8279
78.2136
77.5878
76.9504
76.3009
75.6395
74.9663
74.2803
73.5819
72.871
72.1474
71.4118
70.6631
69.9021
69.1294
68.3444
67.5481
66.7418
65.9253
65.1009
64.2693
63.4336
62.5956
61.7598
60.9299
60.1128
59.3153
58.5482
57.8238
57.158
56.5724
56.0917
55.7453
55.5626
55.5624
55.7442
56.0892
56.5702
57.1589
57.8316
58.5686
59.3542
60.176
61.0244
61.8916
62.7717
63.66
64.5525
65.4464
66.3393
67.2293
68.1147
68.9945
69.8676
70.7333
71.5909
72.4395
73.2797
74.1107
74.9324
75.744
76.5463
77.3389
78.1217
78.8942
79.6573
80.4106
81.1536
81.8871
82.6106
83.3246
84.0289
84.7231
85.4081
86.083
86.7486
87.4043
88.0507
88.6871
89.3139
89.9314
90.5389
91.1371
91.7252
92.3035
92.8722
93.4308
93.9794
94.5181
95.0464
95.5645
96.0721
96.5693
97.0557
97.5311
97.9956
98.4487
98.8907
99.3207
99.7388
100.145
100.538
100.919
101.286
101.641
101.981
102.307
102.618
102.914
103.195
103.459
103.706
103.936
104.147
104.34
104.512
102.612
102.51
102.402
102.289
102.172
102.049
101.922
101.79
101.653
101.512
101.365
101.214
101.059
100.899
100.734
100.564
100.39
100.211
100.028
99.8395
99.6467
99.4491
99.2468
99.0397
98.8278
98.611
98.3893
98.1625
97.9308
97.6938
97.4518
97.2044
96.9517
96.6936
96.4299
96.1606
95.8857
95.6049
95.3182
95.0256
94.7268
94.4218
94.1105
93.7928
93.4685
93.1376
92.7999
92.4554
92.1038
91.7452
91.3794
91.0063
90.6257
90.2376
89.8417
89.4381
89.0266
88.607
88.1792
87.7432
87.2987
86.8456
86.3839
85.9133
85.4337
84.9451
84.4471
83.9397
83.4228
82.8961
82.3595
81.8129
81.256
80.6887
80.1108
79.5221
78.9224
78.3117
77.6896
77.056
76.4107
75.7537
75.0846
74.4034
73.7099
73.0041
72.2857
71.5549
70.8116
70.056
69.2881
68.5082
67.7168
66.9148
66.1021
65.2801
64.4502
63.6141
62.7746
61.9335
61.095
60.2647
59.4476
58.6524
57.8899
57.1725
56.518
55.9473
55.4871
55.1666
55.0146
55.0469
55.2596
55.6315
56.1343
56.7408
57.428
58.1761
58.9704
59.7995
60.6532
61.5246
62.408
63.2992
64.1937
65.0892
65.9832
66.8741
67.7603
68.6407
69.5149
70.3811
71.2393
72.0889
72.9297
73.7613
74.5836
75.3965
76.1997
76.9932
77.7766
78.5507
79.315
80.0696
80.8144
81.5495
82.2745
82.9902
83.6963
84.3928
85.0797
85.7566
86.4244
87.0826
87.7309
88.3699
88.9994
89.619
90.2294
90.8297
91.4207
92.002
92.5731
93.1346
93.6859
94.2275
94.7586
95.2797
95.7901
96.2902
96.7794
97.2577
97.7252
98.1812
98.626
99.0589
99.4798
99.8887
100.285
100.668
101.039
101.395
101.738
102.067
102.38
102.679
102.961
103.228
103.477
103.709
103.922
104.116
104.29
102.343
102.245
102.142
102.033
101.92
101.801
101.677
101.549
101.415
101.276
101.133
100.984
100.831
100.672
100.509
100.341
100.168
99.99
99.8071
99.6193
99.4265
99.2287
99.0258
98.8179
98.6049
98.3868
98.1635
97.9349
97.701
97.4617
97.217
96.9668
96.711
96.4496
96.1824
95.9094
95.6305
95.3455
95.0545
94.7573
94.4538
94.144
93.8277
93.5048
93.1752
92.8388
92.4956
92.1453
91.788
91.4235
91.0516
90.6724
90.2856
89.8912
89.4889
89.0789
88.6608
88.2347
87.8003
87.3576
86.9063
86.4465
85.978
85.5005
85.0141
84.5185
84.0136
83.4993
82.9753
82.4416
81.898
81.3443
80.7804
80.206
79.621
79.0253
78.4186
77.8008
77.1717
76.5311
75.8788
75.215
74.5386
73.8507
73.1505
72.438
71.7126
70.9754
70.2257
69.4639
68.69
67.9043
67.1073
66.2995
65.4817
64.6551
63.821
62.9813
62.1382
61.2949
60.4552
59.6243
58.8087
58.0168
57.2599
56.5509
55.9081
55.3539
54.9155
54.6222
54.5017
54.5667
54.8097
55.2076
55.7316
56.3553
57.0554
57.8144
58.6168
59.4522
60.3108
61.1864
62.0725
62.9658
63.8619
64.7589
65.6537
66.5451
67.4321
68.3127
69.1865
70.0532
70.9115
71.7612
72.6021
73.4339
74.2569
75.07
75.8736
76.6677
77.452
78.2268
78.9918
79.7473
80.4934
81.2296
81.9561
82.6731
83.3805
84.0784
84.7664
85.4453
86.1147
86.7746
87.4251
88.0661
88.6976
89.3195
89.9316
90.5344
91.1276
91.7111
92.2848
92.8484
93.4024
93.9463
94.4802
95.0035
95.5166
96.0193
96.511
96.9921
97.4619
97.9207
98.368
98.8034
99.227
99.6382
100.037
100.423
100.796
101.155
101.5
101.831
102.147
102.447
102.732
103
103.251
103.485
103.699
103.895
104.07
102.03
101.937
101.838
101.734
101.625
101.511
101.391
101.266
101.136
101.001
100.86
100.714
100.564
100.408
100.246
100.08
99.9086
99.7319
99.5501
99.363
99.1707
98.9732
98.7704
98.5622
98.3487
98.1298
97.9055
97.6756
97.4402
97.1992
96.9525
96.7001
96.4419
96.1778
95.9077
95.6316
95.3494
95.061
94.7664
94.4653
94.1579
93.8439
93.5232
93.1958
92.8617
92.5206
92.1725
91.8173
91.4549
91.0851
90.708
90.3234
89.9311
89.5311
89.1233
88.7076
88.2837
87.8518
87.4115
86.9629
86.5057
86.0398
85.5652
85.0817
84.5891
84.0874
83.5763
83.0557
82.5256
81.9856
81.4357
80.8758
80.3055
79.7249
79.1336
78.5316
77.9186
77.2945
76.6591
76.0123
75.3538
74.6835
74.0016
73.3072
72.6011
71.8822
71.1516
70.4087
69.653
68.8858
68.1066
67.3154
66.5135
65.7012
64.8792
64.0482
63.2107
62.368
61.5227
60.678
59.8379
59.0078
58.194
57.4062
56.6553
55.9559
55.3264
54.7902
54.3745
54.1096
54.0212
54.1188
54.3915
54.8146
55.3592
55.9987
56.7119
57.4806
58.2911
59.1319
59.9953
60.8741
61.7627
62.6577
63.5553
64.4526
65.3483
66.2398
67.1267
68.0072
68.8812
69.7471
70.6055
71.4549
72.296
73.1276
73.9504
74.7634
75.567
76.3615
77.146
77.921
78.6868
79.4427
80.189
80.9258
81.6534
82.3712
83.0796
83.7785
84.468
85.1484
85.8191
86.4804
87.1323
87.7747
88.4078
89.0314
89.6456
90.2502
90.8452
91.4306
92.0062
92.5721
93.1281
93.6742
94.2101
94.7358
95.2512
95.7558
96.2499
96.7333
97.2056
97.6666
98.1162
98.5538
98.9797
99.3933
99.7944
100.182
100.557
100.919
101.266
101.599
101.917
102.219
102.505
102.775
103.028
103.263
103.479
103.676
103.853
101.669
101.582
101.488
101.39
101.285
101.176
101.061
100.94
100.814
100.682
100.545
100.403
100.255
100.102
99.9433
99.7794
99.61
99.4352
99.2549
99.0692
98.878
98.6813
98.4791
98.2713
98.0579
97.8388
97.6141
97.3836
97.1473
96.9052
96.6571
96.4032
96.1431
95.8771
95.6048
95.3263
95.0416
94.7504
94.4528
94.1487
93.8379
93.5205
93.1963
92.8652
92.5271
92.1821
91.8299
91.4704
91.1037
90.7295
90.3479
89.9586
89.5616
89.1568
88.7442
88.3235
87.8947
87.4576
87.0123
86.5585
86.0961
85.6249
85.145
84.6562
84.1582
83.6511
83.1346
82.6085
82.0729
81.5275
80.9721
80.4065
79.8308
79.2446
78.6478
78.0402
77.4217
76.7921
76.1512
75.4988
74.8351
74.1594
73.4717
72.772
72.0607
71.3368
70.6011
69.8528
69.0923
68.3204
67.5362
66.7411
65.9347
65.1185
64.2924
63.4588
62.6186
61.7733
60.9265
60.0811
59.2407
58.4121
57.6019
56.8186
56.0751
55.3861
54.7709
54.2533
53.8617
53.6262
53.5704
53.7005
54.0023
54.4496
55.0137
55.6689
56.394
57.1721
57.9897
58.8363
59.7036
60.5849
61.4759
62.3723
63.2708
64.1689
65.0646
65.9559
66.8426
67.7229
68.5964
69.4617
70.3194
71.1686
72.0087
72.8401
73.6624
74.475
75.2786
76.0724
76.8571
77.632
78.3978
79.1537
79.9006
80.6376
81.3656
82.0839
82.7932
83.4927
84.1829
84.8642
85.5358
86.1981
86.8514
87.4951
88.1294
88.7543
89.3701
89.9762
90.5727
91.1597
91.7373
92.3048
92.8626
93.4104
93.9481
94.4757
94.9929
95.4997
95.9958
96.4813
96.9556
97.4186
97.8702
98.31
98.7379
99.1534
99.5562
99.9463
100.323
100.686
101.036
101.37
101.69
101.994
102.282
102.553
102.808
103.044
103.261
103.459
103.636
101.259
101.177
101.09
100.997
100.898
100.793
100.683
100.567
100.446
100.319
100.186
100.047
99.9031
99.7533
99.5979
99.4369
99.2702
99.0978
98.9197
98.736
98.5465
98.3513
98.1503
97.9434
97.7307
97.5122
97.2877
97.0572
96.8207
96.5782
96.3295
96.0747
95.8136
95.5462
95.2725
94.9924
94.7057
94.4126
94.1128
93.8063
93.493
93.1729
92.8458
92.5118
92.1706
91.8223
91.4668
91.1039
90.7336
90.3557
89.9703
89.5772
89.1763
88.7675
88.3507
87.9259
87.4928
87.0515
86.6018
86.1435
85.6767
85.2011
84.7166
84.2232
83.7206
83.2088
82.6876
82.1569
81.6165
81.0663
80.5061
79.9359
79.3553
78.7643
78.1627
77.5503
76.927
76.2926
75.6469
74.9898
74.321
73.641
72.9488
72.2446
71.5284
70.8
70.0596
69.307
68.5429
67.7665
66.9784
66.1792
65.3698
64.5499
63.7211
62.8849
62.0421
61.1958
60.3476
59.5016
58.6628
57.8359
57.0294
56.2524
55.5167
54.8391
54.2388
53.7412
53.375
53.1698
53.147
53.3091
53.6393
54.1099
54.6927
55.3625
56.0994
56.8862
57.7104
58.5619
59.4329
60.3172
61.2099
62.1073
63.0063
63.9045
64.8001
65.6914
66.5774
67.457
68.3296
69.1945
70.0513
70.8996
71.7392
72.5697
73.3907
74.203
75.0059
75.7995
76.5838
77.3582
78.1236
78.8797
79.626
80.3634
81.0915
81.8098
82.5193
83.2196
83.9102
84.592
85.2642
85.9275
86.5812
87.2261
87.8613
88.4875
89.1041
89.7116
90.3094
90.8979
91.4765
92.0455
92.6049
93.1542
93.6935
94.2229
94.7417
95.2501
95.7482
96.2352
96.7111
97.1759
97.6294
98.071
98.5006
98.9179
99.3226
99.7144
100.093
100.458
100.809
101.145
101.466
101.772
102.061
102.334
102.589
102.827
103.045
103.243
103.421
100.795
100.72
100.639
100.552
100.459
100.36
100.256
100.145
100.029
99.9067
99.7787
99.6447
99.5048
99.3591
99.2076
99.0501
98.8867
98.7175
98.5423
98.3611
98.174
97.9809
97.7818
97.5766
97.3654
97.148
96.9245
96.6948
96.4588
96.2165
95.968
95.713
95.4516
95.1837
94.9093
94.6282
94.3405
94.0461
93.7449
93.4368
93.1218
92.7997
92.4706
92.1344
91.791
91.4402
91.0821
90.7165
90.3434
89.9627
89.5743
89.1781
88.7741
88.362
87.9419
87.5137
87.0772
86.6323
86.179
85.7172
85.2466
84.7673
84.279
83.7817
83.2753
82.7596
82.2345
81.6998
81.1555
80.6013
80.0371
79.4627
78.8782
78.2831
77.6774
77.0609
76.4336
75.7951
75.1453
74.4842
73.8114
73.1271
72.431
71.7229
71.0029
70.2708
69.5267
68.7706
68.0025
67.2227
66.4315
65.6293
64.8166
63.9941
63.163
62.3244
61.4807
60.633
59.7845
58.9391
58.1019
57.2779
56.4753
55.7048
54.9782
54.3125
53.7288
53.252
52.9122
52.7381
52.7485
52.9422
53.2999
53.793
54.3936
55.0778
55.825
56.6204
57.4508
58.3069
59.1816
60.0682
60.9624
61.861
62.7603
63.6584
64.5535
65.4442
66.3298
67.2084
68.0799
68.9436
69.7993
70.6464
71.4848
72.3142
73.1346
73.9459
74.7479
75.5406
76.324
77.0981
77.8629
78.6185
79.3647
80.1018
80.8296
81.5482
82.2573
82.9575
83.6487
84.3307
85.0035
85.6669
86.3214
86.9668
87.6027
88.2296
88.8473
89.4554
90.0543
90.6439
91.2235
91.7939
92.3542
92.905
93.4459
93.9763
94.4968
95.0065
95.506
95.9944
96.4721
96.9383
97.3931
97.8364
98.2675
98.6866
99.0928
99.4861
99.8663
100.233
100.585
100.922
101.245
101.552
101.843
102.116
102.373
102.611
102.83
103.029
103.208
100.273
100.205
100.131
100.051
99.9653
99.8732
99.7749
99.6705
99.5601
99.4435
99.3209
99.1921
99.0573
98.9164
98.7693
98.6161
98.4568
98.2914
98.1198
97.942
97.758
97.5678
97.3713
97.1686
96.9595
96.7441
96.5223
96.2941
96.0594
95.8183
95.5705
95.3163
95.0553
94.7877
94.5134
94.2322
93.9443
93.6494
93.3475
93.0386
92.7227
92.3996
92.0693
91.7317
91.3867
91.0343
90.6745
90.307
89.932
89.5492
89.1586
88.7601
88.3537
87.9392
87.5166
87.0858
86.6466
86.1991
85.7429
85.2782
84.8048
84.3225
83.8312
83.3309
82.8214
82.3025
81.7743
81.2364
80.6888
80.1313
79.5639
78.9863
78.3983
77.7999
77.1909
76.5711
75.9403
75.2985
74.6454
73.9809
73.3048
72.6172
71.9179
71.2062
70.4831
69.7479
69.0003
68.2412
67.4704
66.6878
65.8941
65.0894
64.2739
63.4495
62.6167
61.7768
60.9317
60.0836
59.2355
58.3912
57.5556
56.7351
55.9377
55.1744
54.4576
53.805
53.2382
52.7836
52.4713
52.329
52.3726
52.5975
52.9816
53.4965
54.1145
54.8116
55.5695
56.3726
57.2087
58.0694
58.9467
59.8357
60.7311
61.6303
62.5296
63.4279
64.3223
65.2121
66.0967
66.9741
67.8448
68.7072
69.5615
70.4072
71.2447
72.0728
72.8919
73.7019
74.5031
75.2947
76.0771
76.8503
77.6142
78.369
79.115
79.8514
80.5787
81.297
82.0061
82.7061
83.3971
84.079
84.7519
85.4158
86.0705
86.7162
87.3528
87.9799
88.5981
89.2071
89.8067
90.397
90.9778
91.5487
92.1103
92.662
93.2039
93.7357
94.257
94.7682
95.2688
95.7584
96.2374
96.7051
97.1612
97.6058
98.0384
98.4585
98.8663
99.2608
99.6423
100.01
100.363
100.702
101.026
101.334
101.625
101.9
102.158
102.396
102.616
102.816
102.995
99.6876
99.6283
99.5626
99.4905
99.412
99.3272
99.2361
99.1387
99.0349
98.9249
98.8085
98.6857
98.5567
98.4213
98.2796
98.1316
97.9772
97.8164
97.6492
97.4755
97.2955
97.1089
96.916
96.7164
96.5104
96.2978
96.0785
95.8527
95.6202
95.3809
95.1349
94.8822
94.6226
94.3561
94.0827
93.8023
93.5149
93.2204
92.9187
92.6099
92.2939
91.9706
91.6399
91.3018
90.9561
90.603
90.2422
89.8738
89.4976
89.1136
88.7216
88.3217
87.9138
87.4977
87.0734
86.6408
86.1998
85.7503
85.2922
84.8254
84.3499
83.8654
83.372
82.8694
82.3575
81.8364
81.3057
80.7654
80.2153
79.6554
79.0854
78.5052
77.9147
77.3137
76.702
76.0795
75.4461
74.8016
74.1458
73.4787
72.8
72.1099
71.4075
70.6938
69.9677
69.2301
68.4801
67.7187
66.9451
66.1604
65.3641
64.5576
63.741
62.9152
62.0807
61.24
60.3945
59.5466
58.6988
57.8562
57.0234
56.2069
55.4152
54.6592
53.9531
53.3145
52.7659
52.3345
52.0504
51.9404
52.0172
52.2724
52.6824
53.2181
53.8525
54.5626
55.3301
56.14
56.9819
57.8465
58.7269
59.6172
60.514
61.4136
62.3128
63.2106
64.1047
64.9934
65.8767
66.7533
67.6221
68.4835
69.3362
70.1808
71.0163
71.8433
72.661
73.4699
74.2694
75.0597
75.8412
76.6132
77.3761
78.1303
78.875
79.6106
80.3376
81.0551
81.7637
82.4633
83.1543
83.836
84.5087
85.1724
85.8272
86.4733
87.11
87.7376
88.3562
88.9655
89.5656
90.1564
90.7378
91.3096
91.8719
92.4244
92.967
93.4997
94.0221
94.5343
95.0359
95.5268
96.0067
96.4753
96.9327
97.3784
97.8121
98.2335
98.6424
99.038
99.4205
99.7893
100.144
100.484
100.808
101.117
101.41
101.685
101.943
102.183
102.403
102.603
102.782
99.0342
98.984
98.9272
98.8639
98.794
98.7175
98.6345
98.5449
98.4488
98.3461
98.2369
98.1212
97.9989
97.87
97.7345
97.5925
97.4438
97.2886
97.1267
96.9581
96.7829
96.601
96.4124
96.217
96.0149
95.806
95.5902
95.3676
95.1381
94.9017
94.6584
94.408
94.1507
93.8862
93.6146
93.3359
93.05
92.7568
92.4563
92.1485
91.8333
91.5106
91.1804
90.8427
90.4973
90.1443
89.7835
89.4149
89.0385
88.6541
88.2617
87.8613
87.4527
87.0358
86.6107
86.1771
85.7351
85.2846
84.8254
84.3573
83.8805
83.3947
82.8998
82.3958
81.8825
81.3597
80.8274
80.2855
79.7337
79.172
78.6002
78.0182
77.4258
76.823
76.2094
75.5851
74.9497
74.3032
73.6455
72.9763
72.2956
71.6032
70.8994
70.1834
69.4554
68.7155
67.9642
67.2006
66.4253
65.6391
64.8414
64.0335
63.2153
62.3886
61.5534
60.7125
59.8666
59.0193
58.1729
57.3325
56.5029
55.6905
54.9052
54.1578
53.4629
52.8388
52.3095
51.9024
51.6476
51.5705
51.6802
51.9653
52.4001
52.9557
53.6056
54.3277
55.1043
55.9215
56.7685
57.6366
58.5194
59.4117
60.3093
61.209
62.1084
63.0055
63.8987
64.7862
65.6681
66.5432
67.4109
68.2701
69.1216
69.9646
70.7988
71.6237
72.4401
73.2475
74.0454
74.8347
75.6144
76.3855
77.1475
77.9001
78.6441
79.3787
80.1048
80.8215
81.5297
82.2287
82.9188
83.6003
84.2726
84.9364
85.5909
86.2366
86.8735
87.5012
88.1198
88.7297
89.33
89.9211
90.5028
91.0754
91.6381
92.1912
92.7344
93.2677
93.7912
94.3041
94.8065
95.2982
95.779
96.2486
96.7069
97.1535
97.5881
98.0105
98.4203
98.8171
99.2005
99.5701
99.9255
100.266
100.592
100.901
101.195
101.471
101.729
101.969
102.19
102.39
102.569
98.3055
98.2656
98.2189
98.1654
98.1052
98.0381
97.9642
97.8836
97.7962
97.702
97.601
97.4933
97.3787
97.2574
97.1292
96.9942
96.8523
96.7036
96.548
96.3856
96.2162
96.0399
95.8567
95.6665
95.4693
95.265
95.0538
94.8354
94.61
94.3774
94.1377
93.8907
93.6366
93.3751
93.1064
92.8303
92.5468
92.2559
91.9576
91.6517
91.3382
91.0172
90.6885
90.3521
90.0079
89.656
89.2961
88.9283
88.5526
88.1688
87.7768
87.3767
86.9684
86.5517
86.1266
85.693
85.2509
84.8001
84.3406
83.8722
83.395
82.9086
82.4132
81.9085
81.3945
80.871
80.3379
79.7951
79.2424
78.6798
78.107
77.524
76.9305
76.3265
75.7118
75.0862
74.4496
73.8019
73.1429
72.4724
71.7904
71.0968
70.3913
69.674
68.9448
68.2037
67.4507
66.6865
65.9101
65.1224
64.3238
63.5147
62.6964
61.8687
61.0334
60.1927
59.3474
58.5008
57.6567
56.8184
55.9921
55.1854
54.4065
53.6683
52.9851
52.3771
51.8676
51.4858
51.2612
51.2173
51.3596
51.6736
52.1326
52.7073
53.372
54.1059
54.8912
55.7148
56.5664
57.4379
58.3233
59.2168
60.115
61.0147
61.9137
62.8099
63.702
64.5887
65.4692
66.3426
67.2086
68.0665
68.9162
69.7573
70.5897
71.4133
72.2279
73.0336
73.8298
74.6174
75.396
76.1656
76.9262
77.6775
78.4202
79.1541
79.879
80.5948
81.3021
82.0006
82.6899
83.3708
84.0425
84.7058
85.3603
86.0056
86.6423
87.2698
87.8887
88.4981
89.0989
89.6901
90.2723
90.8448
91.4082
91.9616
92.5053
93.0393
93.563
94.0764
94.5797
95.0721
95.5535
96.0241
96.4831
96.9305
97.3661
97.7892
98.1997
98.5973
98.9814
99.352
99.7081
100.049
100.376
100.686
100.98
101.256
101.515
101.755
101.976
102.177
102.355
97.4938
97.4656
97.4302
97.3879
97.3385
97.2821
97.2186
97.1482
97.0707
96.9862
96.8946
96.7961
96.6904
96.5778
96.458
96.3312
96.1973
96.0563
95.9082
95.753
95.5906
95.421
95.2443
95.0603
94.8691
94.6707
94.465
94.252
94.0317
93.8041
93.569
93.3266
93.0767
92.8193
92.5545
92.2821
92.0022
91.7146
91.4194
91.1165
90.8058
90.4875
90.1613
89.8272
89.4852
89.1353
88.7774
88.4114
88.0373
87.6551
87.2646
86.8658
86.4586
86.043
85.6189
85.1862
84.7449
84.2948
83.8359
83.3681
82.8913
82.4054
81.9102
81.4058
80.8919
80.3685
79.8354
79.2926
78.7398
78.177
77.604
77.0207
76.427
75.8226
75.2075
74.5814
73.9444
73.2961
72.6365
71.9654
71.2829
70.5886
69.8826
69.1642
68.4344
67.6927
66.9392
66.1739
65.397
64.6089
63.8099
63.0006
62.1816
61.3541
60.5192
59.6785
58.8344
57.9899
57.1476
56.3125
55.4904
54.6889
53.918
53.1892
52.5188
51.9274
51.439
51.0831
50.8896
50.879
51.0535
51.3958
51.8779
52.4709
53.1502
53.8945
54.6879
55.518
56.3739
57.2489
58.1358
59.0303
59.9294
60.829
61.7273
62.6231
63.5139
64.3992
65.2781
66.1503
67.0144
67.8704
68.7182
69.5574
70.3879
71.2099
72.0227
72.8265
73.6213
74.4072
75.1841
75.9521
76.7112
77.4614
78.2027
78.9352
79.6589
80.3735
81.0797
81.7773
82.4661
83.1462
83.8175
84.4798
85.1337
85.7789
86.4152
87.0427
87.661
88.2706
88.8712
89.4623
90.0446
90.6175
91.1807
91.7346
92.2786
92.8129
93.3372
93.8511
94.3548
94.8476
95.3298
95.8007
96.2605
96.7085
97.1447
97.5684
97.9798
98.3779
98.7629
99.1339
99.4906
99.8327
100.159
100.47
100.764
101.041
101.3
101.541
101.762
101.962
102.141
96.59
96.5749
96.5524
96.5227
96.4857
96.4414
96.3898
96.3309
96.2647
96.1913
96.1106
96.0225
95.9272
95.8246
95.7146
95.5973
95.4726
95.3406
95.2013
95.0545
94.9004
94.7388
94.5698
94.3934
94.2095
94.0181
93.8192
93.6127
93.3988
93.1772
92.9481
92.7113
92.4669
92.2148
91.955
91.6874
91.4121
91.129
90.8381
90.5393
90.2327
89.918
89.5954
89.2648
88.9261
88.5794
88.2244
87.8613
87.4899
87.1102
86.7222
86.3257
85.9207
85.5073
85.0851
84.6544
84.2148
83.7664
83.3091
82.8427
82.3673
81.8827
81.3888
80.8855
80.3726
79.8502
79.3181
78.776
78.224
77.6619
77.0895
76.5068
75.9135
75.3096
74.6948
74.0691
73.4323
72.7843
72.1248
71.4538
70.7714
70.0768
69.3708
68.653
67.9228
67.1811
66.4276
65.6618
64.885
64.097
63.2982
62.4891
61.6701
60.8431
60.0091
59.1696
58.327
57.4841
56.6446
55.8131
54.9958
54.2005
53.4372
52.7189
52.0621
51.4877
51.0214
50.693
50.531
50.5539
50.7602
51.1298
51.6339
52.2446
52.9374
53.692
54.4935
55.3293
56.1893
57.067
57.9561
58.8515
59.7508
60.65
61.5482
62.4424
63.3324
64.2161
65.0937
65.9636
66.8258
67.6803
68.5261
69.3632
70.1921
71.0117
71.8225
72.6248
73.4177
74.2017
74.9768
75.7435
76.5009
77.2495
77.9893
78.7204
79.4428
80.1568
80.8619
81.5583
82.246
82.9252
83.5956
84.2575
84.9107
85.5552
86.191
86.818
87.4362
88.0455
88.6458
89.2368
89.8189
90.3918
90.9553
91.5093
92.0536
92.5878
93.1124
93.6267
94.1307
94.6239
95.1065
95.5781
96.0383
96.4867
96.9234
97.3478
97.7594
98.1583
98.5437
98.9152
99.2725
99.6148
99.942
100.253
100.548
100.825
101.084
101.325
101.545
101.746
101.924
95.5832
95.583
95.5752
95.5598
95.5369
95.5064
95.4683
95.4226
95.3694
95.3087
95.2403
95.1644
95.0809
94.9899
94.8912
94.7849
94.671
94.5494
94.4203
94.2835
94.139
93.9869
93.827
93.6595
93.4842
93.3012
93.1105
92.9119
92.7056
92.4915
92.2696
92.0398
91.8021
91.5566
91.3031
91.0417
90.7723
90.495
90.2096
89.9161
89.6146
89.3049
88.9872
88.6611
88.327
87.9845
87.6337
87.2745
86.907
86.531
86.1465
85.7535
85.3518
84.9415
84.5224
84.0946
83.6578
83.2121
82.7574
82.2935
81.8205
81.3382
80.8464
80.3452
79.8344
79.3139
78.7835
78.2433
77.6929
77.1323
76.5615
75.9801
75.3882
74.7855
74.1719
73.5474
72.9116
72.2644
71.606
70.9357
70.2542
69.5604
68.8552
68.1377
67.4081
66.6671
65.9138
65.1491
64.3725
63.5852
62.787
61.9783
61.1607
60.3348
59.5016
58.6638
57.8232
56.9823
56.146
55.3186
54.5066
53.718
52.963
52.2558
51.6134
51.0573
50.6141
50.3136
50.1838
50.2403
50.4776
50.8736
51.3992
52.0267
52.7324
53.4972
54.306
55.147
56.0107
56.8909
57.7815
58.6781
59.577
60.4763
61.3735
62.2671
63.1551
64.0377
64.9135
65.7815
66.6421
67.4941
68.3382
69.1737
70
70.818
71.6267
72.4269
73.2178
74.0003
74.7735
75.5379
76.294
77.0409
77.7795
78.509
79.2299
79.9426
80.6463
81.3415
82.0281
82.7065
83.376
84.037
84.6893
85.3335
85.9686
86.595
87.2126
87.8215
88.4214
89.0124
89.5946
90.1672
90.7306
91.2845
91.8288
92.3633
92.888
93.4025
93.9066
94.4003
94.8832
95.355
95.8153
96.2642
96.7013
97.1261
97.5383
97.9375
98.3234
98.6951
99.0528
99.3956
99.7231
100.035
100.329
100.607
100.866
101.106
101.327
101.527
101.705
94.4606
94.4774
94.4863
94.4874
94.4805
94.4657
94.4432
94.4126
94.3743
94.3281
94.274
94.212
94.1421
94.0643
93.9787
93.8852
93.7837
93.6743
93.5571
93.4318
93.2987
93.1576
93.0085
92.8514
92.6864
92.5133
92.3323
92.1432
91.946
91.7409
91.5276
91.3062
91.0768
90.8392
90.5935
90.3396
90.0776
89.8073
89.5288
89.242
88.947
88.6436
88.3319
88.0119
87.6834
87.3465
87.0011
86.6472
86.2847
85.9136
85.5339
85.1455
84.7483
84.3423
83.9274
83.5036
83.0708
82.6289
82.1779
81.7176
81.248
80.769
80.2805
79.7824
79.2746
78.757
78.2294
77.6918
77.144
76.586
76.0175
75.4385
74.8488
74.2482
73.6367
73.014
72.3801
71.7348
71.078
70.4097
69.7294
69.0372
68.3331
67.6169
66.8892
66.1491
65.397
64.6332
63.8583
63.0717
62.2749
61.4675
60.6508
59.8266
58.9951
58.1594
57.3208
56.4835
55.6504
54.8276
54.0209
53.2396
52.4943
51.7986
51.1713
50.6344
50.2149
49.9435
49.8466
49.9364
50.2041
50.6259
51.172
51.8155
52.5334
53.3074
54.123
54.969
55.8367
56.7191
57.6109
58.5081
59.4073
60.3061
61.2024
62.0946
62.9816
63.8624
64.7364
65.6028
66.4609
67.3112
68.1531
68.9864
69.811
70.6263
71.4332
72.2313
73.0202
73.8006
74.5723
75.3347
76.0889
76.8344
77.5709
78.2992
79.0186
79.7298
80.4321
81.1263
81.8116
82.4889
83.1573
83.8176
84.469
85.1119
85.7466
86.3723
86.9893
87.5979
88.1973
88.7879
89.3697
89.9421
90.5052
91.0592
91.6034
92.1379
92.6624
93.177
93.6815
94.1752
94.6582
95.1303
95.591
96.0402
96.4775
96.9025
97.3152
97.7148
98.1009
98.4731
98.831
99.1741
99.5017
99.8133
100.108
100.386
100.645
100.885
101.106
101.305
101.483
93.2068
93.2432
93.2712
93.291
93.3026
93.306
93.3011
93.2881
93.2668
93.2372
93.1996
93.1536
93.0995
93.0371
92.9665
92.8877
92.8007
92.7054
92.6019
92.4902
92.3702
92.2419
92.1054
91.9607
91.8076
91.6462
91.4766
91.2987
91.1124
90.9178
90.7149
90.5037
90.284
90.056
89.8197
89.5749
89.3217
89.06
88.7899
88.5113
88.2243
87.9286
87.6245
87.3118
86.9905
86.6605
86.3219
85.9746
85.6185
85.2537
84.8801
84.4975
84.1061
83.7057
83.2963
82.8778
82.4501
82.0132
81.567
81.1115
80.6464
80.1719
79.6877
79.1938
78.6901
78.1764
77.6528
77.1189
76.5747
76.0202
75.4551
74.8793
74.2928
73.6952
73.0867
72.4669
71.8357
71.193
70.5387
69.8728
69.1949
68.5051
67.8032
67.0893
66.3632
65.6251
64.875
64.113
63.3396
62.5548
61.7594
60.9544
60.1398
59.3172
58.4881
57.655
56.8194
55.985
55.1566
54.3385
53.538
52.7646
52.0288
51.3461
50.7342
50.2172
49.8229
49.5814
49.5176
49.6405
49.9381
50.3844
50.9504
51.6092
52.3387
53.1219
53.944
54.7946
55.6654
56.5503
57.4433
58.3408
59.2398
60.1378
61.033
61.9243
62.8097
63.6887
64.5606
65.425
66.2814
67.1295
67.9691
68.8001
69.6224
70.4359
71.2406
72.0366
72.8236
73.6015
74.3711
75.1321
75.8843
76.628
77.3631
78.0892
78.8073
79.5169
80.2181
80.9105
81.5949
82.2709
82.9382
83.5973
84.2481
84.89
85.5238
86.1487
86.7653
87.3729
87.9721
88.5621
89.1435
89.7154
90.2785
90.832
91.3762
91.9105
92.4353
92.9497
93.4542
93.948
94.431
94.9034
95.3642
95.8136
96.2513
96.6765
97.0892
97.4889
97.8754
98.2478
98.6059
98.9491
99.277
99.5887
99.8836
100.161
100.42
100.66
100.881
101.08
101.257
