56.7433
60.7641
64.1403
66.997
69.4362
71.5351
73.3528
74.9344
76.3157
77.525
78.5853
79.5155
80.3314
81.0461
81.6708
82.215
82.6869
83.0936
83.4412
83.7352
83.9803
84.1807
84.34
84.4615
84.5482
84.6027
84.6272
84.6239
84.5946
84.541
84.4647
84.3669
84.2489
84.1119
83.9567
83.7844
83.5957
83.3914
83.1721
82.9385
82.691
82.4302
82.1566
81.8705
81.5722
81.2623
80.9408
80.6082
80.2646
79.9103
79.5456
79.1705
78.7852
78.39
77.9849
77.57
77.1456
76.7117
76.2683
75.8156
75.3536
74.8824
74.402
73.9126
73.414
72.9065
72.3899
71.8643
71.3297
70.7861
70.2336
69.672
69.1014
68.5217
67.9329
67.3351
66.728
66.1117
65.4861
64.8511
64.2067
63.5528
62.8892
62.2159
61.5327
60.8396
60.1363
59.4228
58.699
57.9646
57.2194
56.4634
55.6962
54.9178
54.1278
53.3261
52.5124
51.6864
50.8479
49.9967
49.1323
48.2546
47.3632
46.4578
45.5382
44.6039
43.6549
42.6907
41.7109
40.7164
39.7058
38.6799
37.6391
36.5847
35.5169
34.4392
33.3537
32.2669
31.1858
30.1239
29.0994
28.1389
27.2779
26.5584
26.0204
25.6903
25.5731
25.6466
25.8676
26.1849
26.5493
26.9215
27.2734
27.5865
27.8479
28.0486
28.1825
28.2458
28.2338
28.1439
57.7583
61.5922
64.8174
67.5542
69.8972
71.9183
73.6723
75.2015
76.5394
77.7126
78.743
79.6485
80.444
81.142
81.7532
82.2866
82.7502
83.1507
83.494
83.7854
84.0292
84.2296
84.3901
84.5138
84.6036
84.662
84.6911
84.6931
84.6696
84.6224
84.5528
84.4622
84.3518
84.2225
84.0755
83.9114
83.7312
83.5356
83.325
83.1002
82.8617
82.6099
82.3452
82.0681
81.7789
81.4779
81.1654
80.8416
80.5068
80.1612
79.805
79.4384
79.0616
78.6746
78.2777
77.8708
77.4543
77.0281
76.5923
76.1471
75.6924
75.2284
74.755
74.2725
73.7807
73.2798
72.7696
72.2503
71.7219
71.1844
70.6377
70.0818
69.5168
68.9426
68.3591
67.7664
67.1644
66.553
65.9322
65.3018
64.6619
64.0123
63.3528
62.6836
62.0043
61.315
60.6154
59.9054
59.1848
58.4536
57.7115
56.9583
56.1937
55.4178
54.6301
53.8305
53.0186
52.1943
51.3572
50.5071
49.6438
48.7667
47.8757
46.9705
46.0507
45.116
44.1661
43.2008
42.2199
41.2233
40.211
39.1832
38.1405
37.0838
36.0147
34.9358
33.8513
32.768
31.6942
30.6449
29.6426
28.7159
27.9055
27.2531
26.799
26.5649
26.5501
26.7258
27.047
27.4615
27.9236
28.3972
28.857
29.2857
29.6718
30.0074
30.2861
30.5045
30.6588
30.7455
58.6808
62.3362
65.418
68.0403
70.2913
72.2377
73.9303
75.4088
76.7045
77.8427
78.844
79.7253
80.5008
81.1825
81.7805
82.3035
82.7591
83.1536
83.4928
83.7816
84.0244
84.225
84.3869
84.5131
84.6062
84.6687
84.7027
84.7102
84.6928
84.6522
84.5897
84.5065
84.4039
84.2827
84.144
83.9886
83.8172
83.6304
83.4289
83.2132
82.9838
82.7412
82.4858
82.2178
81.9377
81.6458
81.3423
81.0275
80.7015
80.3647
80.0171
79.659
79.2905
78.9117
78.5228
78.1239
77.715
77.2963
76.868
76.4299
75.9823
75.5251
75.0584
74.5823
74.0968
73.602
73.0978
72.5843
72.0615
71.5293
70.9879
70.4371
69.8769
69.3074
68.7285
68.1401
67.5422
66.9348
66.3178
65.691
65.0545
64.4082
63.7519
63.0856
62.409
61.7222
61.0249
60.3171
59.5985
58.8689
58.1284
57.3765
56.613
55.8379
55.0508
54.2516
53.4399
52.6154
51.778
50.9272
50.0628
49.1844
48.2919
47.3847
46.4626
45.5253
44.5725
43.6038
42.6197
41.6189
40.6029
39.5705
38.524
37.4637
36.3916
35.3109
34.2256
33.1443
32.0777
31.0423
30.0633
29.173
28.414
27.8301
27.4581
27.3144
27.3912
27.6539
28.0557
28.5448
29.0786
29.6251
30.1604
30.6697
31.1423
31.5711
31.9511
32.2776
32.5474
32.7584
59.5119
62.9964
65.9421
68.4553
70.6182
72.4926
74.1258
75.5551
76.8099
77.914
78.8869
79.7447
80.5008
81.1666
81.7518
82.2647
82.7125
83.1013
83.4367
83.7233
83.9654
84.1665
84.3301
84.459
84.5558
84.6228
84.6621
84.6754
84.6646
84.6309
84.5759
84.5006
84.4062
84.2936
84.1637
84.0173
83.8551
83.6776
83.4856
83.2794
83.0596
82.8265
82.5806
82.3222
82.0516
81.7691
81.4749
81.1692
80.8523
80.5244
80.1856
79.8361
79.4761
79.1056
78.7247
78.3337
77.9326
77.5214
77.1003
76.6694
76.2286
75.7781
75.3179
74.8481
74.3687
73.8796
73.3811
72.873
72.3553
71.8282
71.2915
70.7452
70.1895
69.6241
69.0491
68.4644
67.8701
67.266
66.6521
66.0282
65.3944
64.7505
64.0965
63.4322
62.7575
62.0722
61.3763
60.6696
59.9519
59.2231
58.4829
57.7312
56.9677
56.1923
55.4046
54.6045
53.7917
52.9658
52.1266
51.2738
50.407
49.526
48.6304
47.7199
46.7942
45.8529
44.8958
43.9226
42.9332
41.9275
40.9064
39.869
38.8169
37.7522
36.6758
35.5927
34.5079
33.429
32.3704
31.3504
30.3959
29.545
28.8407
28.3269
28.0356
27.9779
28.1375
28.4756
28.9432
29.4911
30.0794
30.6783
31.2681
31.8343
32.3683
32.8623
33.3127
33.7146
34.0657
34.3632
60.2514
63.5738
66.3894
68.7986
70.8768
72.6817
74.2576
75.6392
76.8542
77.9251
78.8703
79.7051
80.4423
81.0927
81.6655
82.1687
82.6091
82.9926
83.3245
83.6093
83.851
84.0531
84.2188
84.3509
84.4518
84.5238
84.5688
84.5886
84.5847
84.5587
84.5117
84.4448
84.3592
84.2558
84.1353
83.9984
83.846
83.6784
83.4964
83.3003
83.0905
82.8676
82.6318
82.3834
82.1227
81.85
81.5655
81.2695
80.9621
80.6434
80.3137
79.9732
79.6218
79.2598
78.8873
78.5043
78.111
77.7075
77.2938
76.8699
76.4361
75.9923
75.5385
75.0749
74.6014
74.1181
73.6249
73.1221
72.6094
72.087
71.5548
71.0128
70.461
69.8994
69.328
68.7466
68.1554
67.5541
66.9427
66.3212
65.6896
65.0475
64.3952
63.7322
63.0587
62.3743
61.6791
60.9728
60.2553
59.5263
58.7858
58.0334
57.269
56.4924
55.7032
54.9014
54.0864
53.2582
52.4163
51.5605
50.6904
49.8058
48.9063
47.9915
47.0612
46.1149
45.1526
44.174
43.179
42.1677
41.1403
40.0973
39.0399
37.9697
36.8895
35.8035
34.7189
33.644
32.5941
31.5916
30.6657
29.8575
29.2109
28.7684
28.5571
28.5809
28.8159
29.2204
29.7427
30.3371
30.9666
31.6051
32.2342
32.841
33.4181
33.9588
34.4581
34.9135
35.3216
35.6796
60.9007
64.0683
66.7601
69.0694
71.0661
72.8039
74.3241
75.6594
76.8357
77.8742
78.7925
79.6049
80.3236
80.959
81.5198
82.0137
82.4471
82.8257
83.1546
83.438
83.6798
83.8833
84.0517
84.1875
84.2931
84.3706
84.4219
84.4488
84.4526
84.4348
84.3965
84.3388
84.2627
84.1691
84.0587
83.9322
83.7903
83.6334
83.4621
83.2767
83.0778
82.8657
82.6406
82.4029
82.1528
81.8905
81.6164
81.3305
81.033
80.7241
80.404
80.0727
79.7305
79.3774
79.0135
78.6389
78.2537
77.858
77.4519
77.0354
76.6087
76.1716
75.7244
75.267
74.7995
74.3219
73.8342
73.3365
72.8287
72.3109
71.7831
71.2452
70.6973
70.1393
69.5711
68.9928
68.4043
67.8055
67.1964
66.5769
65.947
65.3064
64.6552
63.9932
63.3203
62.6364
61.9413
61.2348
60.5169
59.7872
59.0456
58.292
57.5261
56.7476
55.9563
55.152
54.3343
53.503
52.6578
51.7983
50.9243
50.0353
49.1311
48.2114
47.2758
46.324
45.3557
44.3714
43.3698
42.3524
41.3188
40.2693
39.2064
38.1313
37.0475
35.9597
34.8754
33.8055
32.7669
31.7839
30.8899
30.1278
29.5419
29.1724
29.0401
29.1413
29.4451
29.9069
30.475
31.1071
31.7685
32.4361
33.0938
33.7302
34.3379
34.9111
35.4456
35.9382
36.3859
36.7865
61.4599
64.4798
67.0535
69.2669
71.1851
72.8578
74.324
75.6141
76.7525
77.7594
78.6513
79.4418
80.1426
80.7635
81.3127
81.7977
82.2245
82.5986
82.9249
83.2074
83.4497
83.6552
83.8268
83.9669
84.0778
84.1616
84.22
84.2546
84.2669
84.2581
84.2294
84.1817
84.1161
84.0332
83.9338
83.8185
83.688
83.5426
83.3829
83.2093
83.022
82.8215
82.608
82.3817
82.143
81.8919
81.6288
81.3537
81.0669
80.7684
80.4585
80.1371
79.8045
79.4608
79.106
78.7402
78.3636
77.9762
77.578
77.1692
76.7498
76.3198
75.8793
75.4284
74.967
74.4952
74.0131
73.5206
73.0178
72.5047
71.9812
71.4474
70.9032
70.3487
69.7837
69.2083
68.6224
68.026
67.4189
66.8012
66.1726
65.5333
64.883
64.2215
63.549
62.8651
62.1697
61.4627
60.7439
60.0131
59.2701
58.5147
57.7468
56.966
56.172
55.3648
54.5438
53.709
52.8598
51.9962
51.1176
50.2239
49.3145
48.3894
47.4481
46.4904
45.5163
44.5252
43.5173
42.4929
41.4531
40.3976
39.3292
38.2488
37.1617
36.072
34.9895
33.9262
32.9009
31.9401
31.0817
30.369
29.8473
29.5518
29.4971
29.6709
30.0377
30.5492
31.1564
31.8178
32.5043
33.1936
33.8724
34.5295
35.1591
35.7549
36.3135
36.8322
37.3072
37.7366
61.9296
64.8089
67.2692
69.3901
71.2323
72.842
74.2554
75.5014
76.6029
77.5788
78.4448
79.2138
79.897
80.5037
81.0417
81.5181
81.9387
82.3088
82.6329
82.9149
83.1585
83.3665
83.5419
83.687
83.804
83.8948
83.961
84.0043
84.0259
84.0271
84.0089
83.9723
83.918
83.8469
83.7596
83.6566
83.5385
83.4057
83.2587
83.0977
82.9232
82.7353
82.5343
82.3205
82.0941
81.8551
81.6039
81.3405
81.0651
80.7778
80.4788
80.1681
79.8458
79.5121
79.167
78.8106
78.4431
78.0644
77.6747
77.2739
76.8623
76.4397
76.0063
75.5621
75.1072
74.6416
74.1652
73.6782
73.1805
72.6722
72.1532
71.6235
71.0832
70.5321
69.9704
69.3978
68.8145
68.2203
67.6152
66.9991
66.3719
65.7335
65.0839
64.4229
63.7504
63.0663
62.3704
61.6625
60.9426
60.2103
59.4656
58.7082
57.9378
57.1543
56.3574
55.5467
54.7221
53.8833
53.03
52.1617
51.2783
50.3792
49.4645
48.5336
47.5862
46.6223
45.6416
44.644
43.6296
42.5987
41.552
40.4905
39.416
38.3313
37.2413
36.1511
35.0708
34.0156
33.0053
32.0711
31.2514
30.5922
30.1372
29.9162
29.937
30.1791
30.6027
31.1574
31.7967
32.4825
33.1878
33.8936
34.587
35.2585
35.9026
36.5141
37.0888
37.6245
38.1177
38.5665
62.3106
65.0554
67.4065
69.4383
71.2066
72.7549
74.1169
75.3195
76.3846
77.33
78.1705
78.9185
79.5844
80.1771
80.7042
81.1724
81.5872
81.9535
82.2759
82.5579
82.8031
83.0144
83.1942
83.345
83.4689
83.5675
83.6425
83.6954
83.7274
83.7397
83.7331
83.7086
83.6669
83.6088
83.5347
83.4452
83.3408
83.2219
83.0888
82.9417
82.781
82.6069
82.4197
82.2194
82.0063
81.7806
81.5422
81.2915
81.0285
80.7533
80.4661
80.1668
79.8557
79.5328
79.1982
78.8519
78.4941
78.1248
77.7441
77.352
76.9486
76.534
76.1082
75.6712
75.2231
74.7639
74.2937
73.8125
73.3202
72.8169
72.3026
71.7773
71.241
70.6936
70.1351
69.5656
68.9849
68.393
67.7898
67.1753
66.5494
65.912
65.263
64.6022
63.9297
63.2452
62.5486
61.8397
61.1184
60.3845
59.6377
58.8779
58.1049
57.3184
56.5182
55.704
54.8754
54.0323
53.1744
52.3012
51.4126
50.5081
49.5876
48.6506
47.697
46.7268
45.739
44.7348
43.7132
42.6757
41.6226
40.5552
39.4748
38.386
37.293
36.203
35.1269
34.0816
33.0895
32.1839
31.4072
30.8052
30.4189
30.2727
30.3663
30.6723
31.1466
31.7387
32.4051
33.11
33.8295
34.5467
35.2499
35.9312
36.5846
37.2057
37.791
38.3373
38.842
39.3024
62.6036
65.2192
67.4653
69.4106
71.1071
72.5952
73.9066
75.0667
76.0958
77.0111
77.8263
78.5534
79.2021
79.7811
80.2974
80.7575
81.1666
81.5296
81.8506
82.1332
82.3805
82.5955
82.7805
82.9378
83.0693
83.1767
83.2616
83.3251
83.3686
83.3931
83.3994
83.3883
83.3606
83.3168
83.2573
83.1828
83.0935
82.9898
82.8719
82.7402
82.5947
82.4358
82.2636
82.0781
81.8797
81.6683
81.4441
81.2072
80.9577
80.6956
80.4212
80.1344
79.8354
79.5241
79.2008
78.8655
78.5182
78.1591
77.7881
77.4053
77.0109
76.6048
76.1872
75.758
75.3172
74.865
74.4014
73.9263
73.4399
72.942
72.4328
71.9121
71.3801
70.8366
70.2817
69.7153
69.1374
68.5479
67.9468
67.334
66.7094
66.0729
65.4245
64.7641
64.0915
63.4065
62.7091
61.999
61.2762
60.5405
59.7915
59.0293
58.2534
57.4637
56.6599
55.8418
55.0091
54.1615
53.2987
52.4203
51.5263
50.6161
49.6895
48.7462
47.7862
46.8089
45.8144
44.8035
43.7751
42.7304
41.6709
40.5969
39.5122
38.4197
37.3243
36.2354
35.1648
34.13
33.1588
32.2861
31.5561
31.0144
30.6989
30.6269
30.79
31.1549
31.6745
32.2992
32.9869
33.7073
34.437
35.1624
35.8718
36.5586
37.2176
37.8439
38.4344
38.9862
39.4966
39.9633
62.8092
65.3008
67.4453
69.3065
70.9328
72.3619
73.6234
74.7412
75.7347
76.6199
77.4099
78.116
78.7476
79.3127
79.8183
80.2704
80.674
81.0338
81.3537
81.6371
81.8871
82.1063
82.2972
82.4617
82.6017
82.7189
82.8146
82.89
82.9462
82.9842
83.0048
83.0086
82.9963
82.9683
82.9251
82.8671
82.7945
82.7076
82.6066
82.4917
82.3631
82.2209
82.0651
81.896
81.7136
81.518
81.3092
81.0874
80.8527
80.605
80.3446
80.0713
79.7855
79.487
79.176
78.8525
78.5167
78.1686
77.8082
77.4356
77.0509
76.6541
76.2453
75.8245
75.3918
74.9471
74.4906
74.0223
73.5422
73.0502
72.5464
72.0309
71.5035
70.9643
70.4132
69.8503
69.2754
68.6886
68.0898
67.4788
66.8557
66.2204
65.5727
64.9125
64.2398
63.5544
62.8562
62.145
61.4206
60.6829
59.9317
59.1667
58.3879
57.5948
56.7873
55.9651
55.128
54.2757
53.4078
52.5241
51.6243
50.7081
49.7754
48.8256
47.8588
46.8749
45.8736
44.8551
43.8199
42.7685
41.702
40.6223
39.532
38.4362
37.3395
36.252
35.1884
34.1676
33.22
32.3839
31.7038
31.2259
30.9819
30.9829
31.2122
31.631
32.1902
32.8423
33.5482
34.2792
35.0167
35.7467
36.4597
37.1487
37.8096
38.4379
39.03
39.5838
40.0956
40.5632
62.9288
65.3007
67.3467
69.1259
70.6832
72.054
73.266
74.3419
75.2996
76.1546
76.9192
77.604
78.2181
78.7693
79.2639
79.7078
80.1059
80.4625
80.7814
81.0659
81.3189
81.5429
81.7401
81.9126
82.062
82.1899
82.2975
82.386
82.4563
82.5093
82.5457
82.566
82.5707
82.5604
82.5352
82.4954
82.4413
82.3731
82.2908
82.1946
82.0845
81.9607
81.8232
81.6721
81.5073
81.329
81.1372
80.932
80.7134
80.4815
80.2363
79.9779
79.7064
79.4218
79.1243
78.8138
78.4905
78.1543
77.8055
77.444
77.0699
76.6832
76.2841
75.8725
75.4485
75.0122
74.5636
74.1026
73.6294
73.1439
72.6462
72.1362
71.614
71.0795
70.5328
69.9737
69.4022
68.8184
68.2221
67.6133
66.9919
66.3579
65.7111
65.0514
64.3788
63.693
62.994
62.2816
61.5557
60.816
60.0624
59.2947
58.5127
57.7162
56.9048
56.0784
55.2367
54.3794
53.5063
52.617
51.7113
50.789
49.8497
48.8932
47.9195
46.928
45.9197
44.8942
43.8513
42.7931
41.7203
40.6349
39.5401
38.4405
37.3433
36.2589
35.203
34.1986
33.2779
32.4815
31.8556
31.4438
31.2721
31.3441
31.6352
32.1028
32.6969
33.3717
34.0917
34.8315
35.5734
36.3053
37.019
37.7082
38.3682
38.9953
39.5863
40.1384
40.6486
41.1137
62.9639
65.22
67.1701
68.8688
70.3582
71.6712
72.834
73.8676
74.7894
75.6136
76.3523
77.0154
77.6116
78.1481
78.6313
79.0667
79.4589
79.8121
80.1299
80.4155
80.6716
80.9007
81.1048
81.2859
81.4455
81.5851
81.7058
81.8086
81.8945
81.964
82.0178
82.0564
82.0802
82.0893
82.0841
82.0647
82.0311
81.9836
81.922
81.8465
81.757
81.6536
81.5362
81.4048
81.2595
81.1003
80.9271
80.7401
80.5392
80.3246
80.0961
79.854
79.5982
79.3289
79.046
78.7497
78.44
78.1171
77.7809
77.4315
77.069
76.6935
76.3049
75.9035
75.4891
75.062
74.622
74.1692
73.7036
73.2253
72.7343
72.2306
71.7141
71.185
70.643
70.0883
69.5207
68.9403
68.347
67.7407
67.1214
66.4889
65.8432
65.1843
64.5118
63.8259
63.1262
62.4128
61.6853
60.9437
60.1878
59.4173
58.6321
57.832
57.0166
56.1859
55.3393
54.477
53.5984
52.7032
51.7914
50.8626
49.9166
48.9532
47.9724
46.9738
45.9576
44.9248
43.8748
42.8097
41.7298
40.6387
39.5387
38.4366
37.3395
36.2593
35.2129
34.2273
33.3364
32.5838
32.0158
31.6719
31.5726
31.7128
32.0615
32.573
33.1965
33.8905
34.6214
35.3671
36.1111
36.8435
37.5555
38.2422
38.8995
39.523
40.11
40.6577
41.1631
41.6232
62.9166
65.0603
66.9166
68.5362
69.9582
71.2136
72.3269
73.3179
74.2031
74.996
75.7078
76.3484
76.9257
77.4468
77.9178
78.3439
78.7296
79.0788
79.3952
79.6816
79.9408
80.1751
80.3864
80.5766
80.7472
80.8994
81.0343
81.1528
81.2556
81.3434
81.4165
81.4753
81.5201
81.551
81.568
81.5711
81.5605
81.5359
81.4974
81.4448
81.3781
81.2972
81.2021
81.0926
80.9687
80.8305
80.6779
80.5108
80.3294
80.1336
79.9236
79.6992
79.4607
79.208
78.9412
78.6605
78.3657
78.0572
77.7348
77.3987
77.049
76.6857
76.3089
75.9186
75.5148
75.0977
74.6673
74.2235
73.7665
73.2963
72.8128
72.316
71.8061
71.2829
70.7464
70.1966
69.6336
69.0571
68.4673
67.8639
67.2471
66.6166
65.9724
65.3144
64.6426
63.9567
63.2565
62.5421
61.8133
61.0699
60.3116
59.5384
58.7499
57.9461
57.1267
56.2914
55.44
54.5723
53.688
52.7869
51.8687
50.9332
49.9802
49.0096
48.0214
47.0153
45.9916
44.9507
43.8933
42.8205
41.7341
40.6367
39.5332
38.4281
37.3318
36.2564
35.2228
34.2579
33.4008
32.6957
32.1882
31.9138
31.8859
32.0911
32.4928
33.0426
33.6921
34.4011
35.1405
35.8894
36.6333
37.3636
38.0728
38.7551
39.4073
40.0252
40.6066
41.1476
41.6459
42.0984
62.7893
64.8237
66.5881
68.1295
69.4846
70.6822
71.7455
72.6933
73.5408
74.3012
74.9852
75.6018
76.159
76.6634
77.121
77.5366
77.9147
78.2591
78.5732
78.8599
79.1218
79.3611
79.5797
79.7793
79.9614
80.127
80.2772
80.4127
80.5341
80.6419
80.7363
80.8175
80.8856
80.9406
80.9823
81.0106
81.0254
81.0265
81.0135
80.9864
80.9451
80.8891
80.8186
80.7333
80.6331
80.518
80.3879
80.2429
80.0828
79.9078
79.7178
79.513
79.2933
79.0588
78.8097
78.5459
78.2676
77.9748
77.6676
77.3462
77.0105
76.6606
76.2966
75.9186
75.5266
75.1206
74.7008
74.2671
73.8196
73.3584
72.8833
72.3944
71.8918
71.3754
70.8451
70.3011
69.7432
69.1714
68.5856
67.9859
67.372
66.744
66.1018
65.4453
64.7742
64.0887
63.3884
62.6733
61.9433
61.1981
60.4377
59.6617
58.8701
58.0626
57.239
56.3991
55.5427
54.6695
53.7793
52.8719
51.9471
51.0046
50.0443
49.0661
48.0702
47.0557
46.0243
44.9756
43.9099
42.8298
41.7367
40.6338
39.5254
38.4185
37.3231
36.2551
35.235
34.2944
33.4741
32.8202
32.3764
32.1722
32.2141
32.4804
32.9304
33.5141
34.1849
34.9057
35.6504
36.4003
37.143
37.8696
38.5736
39.2504
39.896
40.507
41.0805
41.613
42.1024
42.545
62.5855
64.5132
66.1871
67.6511
68.9392
70.0786
71.0912
71.9945
72.8032
73.5296
74.184
74.7752
75.3105
75.7966
76.239
76.6425
77.0115
77.3497
77.6603
77.9462
78.21
78.4537
78.6793
78.8884
79.0821
79.2618
79.4282
79.582
79.7236
79.8532
79.971
80.077
80.171
80.2528
80.322
80.3784
80.4216
80.4511
80.4667
80.468
80.4547
80.4265
80.3832
80.3246
80.2505
80.1609
80.0556
79.9347
79.7981
79.6458
79.4778
79.2943
79.0953
78.8808
78.6509
78.4057
78.1453
77.8698
77.5793
77.2738
76.9535
76.6184
76.2686
75.9041
75.5251
75.1315
74.7235
74.301
73.8641
73.4129
72.9473
72.4673
71.973
71.4643
70.9412
70.4038
69.8518
69.2855
68.7046
68.1091
67.4989
66.874
66.2343
65.5797
64.9101
64.2253
63.5253
62.8098
62.0788
61.3322
60.5697
59.7911
58.9964
58.1852
57.3575
56.5129
55.6513
54.7724
53.8762
52.9622
52.0305
51.0807
50.1127
49.1265
48.122
47.1001
46.0597
45.0029
43.9293
42.8417
41.7411
40.6325
39.5201
38.4118
37.3182
36.2575
35.2538
34.3406
33.5611
32.9615
32.5833
32.4495
32.5587
32.8822
33.3757
33.988
34.6765
35.4062
36.1544
36.9035
37.6426
38.3645
39.0621
39.7314
40.3689
40.9711
41.5351
42.0579
42.5364
42.9672
62.3093
64.1326
65.7173
67.1042
68.3251
69.4057
70.3663
71.2237
71.9919
72.6825
73.3054
73.8689
74.3803
74.8457
75.2707
75.66
76.0178
76.3477
76.653
76.9366
77.2008
77.4478
77.6796
77.8976
78.1031
78.2972
78.4806
78.6538
78.817
78.9705
79.114
79.2473
79.3699
79.4815
79.5815
79.6691
79.744
79.8054
79.8528
79.8856
79.9035
79.9061
79.8929
79.8638
79.8186
79.757
79.679
79.5846
79.4736
79.3462
79.2024
79.0421
78.8656
78.6729
78.4641
78.2392
77.9984
77.7418
77.4695
77.1816
76.8781
76.5593
76.225
75.8755
75.5108
75.1309
74.736
74.326
73.901
73.461
73.006
72.536
72.0511
71.5513
71.0364
70.5065
69.9616
69.4016
68.8264
68.236
67.6303
67.0093
66.3728
65.7208
65.0531
64.3697
63.6703
62.955
62.2235
61.4757
60.7113
59.9304
59.1327
58.3179
57.486
56.6367
55.7698
54.8852
53.9826
53.0618
52.1228
51.1654
50.1895
49.1947
48.1819
47.1507
46.1025
45.0364
43.9544
42.8583
41.7507
40.6362
39.5192
38.4098
37.3196
36.2686
35.2829
34.4003
33.665
33.1232
32.8118
32.7479
32.9213
33.2975
33.8289
34.4663
35.168
35.9044
36.6534
37.4004
38.1346
38.8499
39.5402
40.2008
40.8293
41.4213
41.9745
42.4861
42.9521
43.3694
61.9656
63.6866
65.183
66.4929
67.6463
68.667
69.5743
70.3842
71.1099
71.7624
72.3513
72.8846
73.3692
73.8113
74.2162
74.5884
74.9322
75.2513
75.5487
75.8275
76.0901
76.3387
76.5751
76.8011
77.0178
77.2261
77.4269
77.6204
77.8069
77.9861
78.1576
78.321
78.4755
78.6203
78.7544
78.8771
78.9873
79.0843
79.1671
79.2352
79.2878
79.3245
79.3447
79.3482
79.3347
79.304
79.256
79.1905
79.1077
79.0075
78.89
78.7552
78.6032
78.4342
78.2483
78.0456
77.8262
77.5902
77.3378
77.069
76.7841
76.483
76.1659
75.8329
75.4839
75.1192
74.7388
74.3426
73.9308
73.5034
73.0604
72.6018
72.1275
71.6377
71.1322
70.6111
70.0742
69.5216
68.9532
68.3689
67.7687
67.1524
66.52
65.8714
65.2064
64.525
63.827
63.1123
62.3807
61.6321
60.8664
60.0833
59.2828
58.4646
57.6286
56.7745
55.9023
55.0117
54.1026
53.1749
52.2283
51.2629
50.2785
49.2755
48.2531
47.2129
46.1548
45.0798
43.989
42.8846
41.7695
40.6483
39.5275
38.4168
37.3308
36.2905
35.3265
34.4773
33.7895
33.3079
33.0645
33.0689
33.3027
33.7271
34.2915
34.9493
35.6619
36.4019
37.1499
37.8926
38.6211
39.3285
40.0099
40.6611
41.2789
41.8596
42.4011
42.8998
43.352
43.7547
61.5603
63.1807
64.5896
65.8226
66.9077
67.8674
68.7199
69.4803
70.1612
70.7731
71.3252
71.8253
72.28
72.6954
73.0767
73.4284
73.7547
74.0594
74.3457
74.6164
74.8745
75.1219
75.3609
75.5929
75.8195
76.0414
76.2596
76.474
76.6848
76.8917
77.0938
77.2903
77.48
77.6617
77.8342
77.996
78.1458
78.2826
78.4051
78.5124
78.6036
78.6782
78.7354
78.7749
78.7963
78.7995
78.7843
78.7506
78.6984
78.6279
78.539
78.4319
78.3066
78.1635
78.0025
77.8238
77.6277
77.4142
77.1834
76.9356
76.6708
76.3892
76.0909
75.7759
75.4444
75.0964
74.732
74.3512
73.9541
73.5408
73.1111
72.6653
72.2031
71.7246
71.2299
70.7188
70.1913
69.6473
69.0869
68.5098
67.9161
67.3057
66.6784
66.0341
65.3727
64.6942
63.9982
63.2849
62.5539
61.8051
61.0384
60.2537
59.4506
58.6292
57.7893
56.9306
56.053
55.1564
54.2407
53.3056
52.3512
51.3774
50.3841
49.3717
48.3398
47.2901
46.2216
45.1368
44.036
42.9228
41.8
40.6725
39.5472
38.4363
37.3554
36.3283
35.3874
34.5752
33.938
33.5189
33.3437
33.4142
33.7046
34.1714
34.7645
35.4392
36.1593
36.9005
37.6462
38.3833
39.1041
39.803
40.4743
41.1146
41.7206
42.2893
42.8174
43.302
43.7395
44.1257
61.0998
62.6213
63.9435
65.0995
66.1157
67.013
67.809
68.5177
69.1513
69.7198
70.232
70.6954
71.1166
71.5015
71.8551
72.1821
72.4868
72.7728
73.0436
73.3023
73.5517
73.7944
74.0324
74.2678
74.5019
74.7359
74.9706
75.2061
75.4422
75.6785
75.9136
76.1465
76.3752
76.5982
76.8135
77.0191
77.2135
77.3947
77.5616
77.7127
77.8469
77.9634
78.0616
78.1407
78.2006
78.241
78.2616
78.2626
78.2439
78.2056
78.1478
78.0707
77.9745
77.8593
77.7253
77.5728
77.4019
77.2128
77.0056
76.7805
76.5377
76.2773
75.9995
75.7043
75.3919
75.0623
74.7155
74.3518
73.971
73.5733
73.1587
72.727
72.2785
71.8129
71.3304
70.8308
70.3141
69.7802
69.2291
68.6606
68.0747
67.4713
66.8503
66.2115
65.5548
64.8801
64.1872
63.476
62.7464
61.9982
61.2312
60.4452
59.6403
58.816
57.9724
57.1092
56.2264
55.3237
54.4012
53.4586
52.496
51.5134
50.5107
49.4884
48.4466
47.3858
46.3077
45.2119
44.101
42.9784
41.8466
40.7119
39.5833
38.472
37.3974
36.3852
35.4702
34.6981
34.1147
33.7594
33.6516
33.785
34.1273
34.6319
35.249
35.9362
36.6616
37.4019
38.1431
38.8736
39.5856
40.2744
40.9345
41.5633
42.1566
42.7117
43.2259
43.6952
44.1164
44.4854
60.5915
62.0158
63.2519
64.3309
65.2773
66.1111
66.8487
67.5036
68.0872
68.6092
69.0782
69.5013
69.885
70.235
70.5564
70.854
71.1319
71.3941
71.6442
71.8856
72.1213
72.3542
72.5868
72.8213
73.0596
73.3029
73.5524
73.8082
74.0701
74.3372
74.608
74.8805
75.1526
75.4215
75.6848
75.9397
76.184
76.4153
76.6317
76.8316
77.0137
77.1768
77.3201
77.443
77.545
77.626
77.6859
77.7246
77.7422
77.7389
77.7148
77.6702
77.6053
77.5203
77.4156
77.2913
77.1476
76.9848
76.8031
76.6027
76.3838
76.1465
75.891
75.6174
75.3258
75.0164
74.6891
74.3441
73.9814
73.601
73.203
72.7874
72.3541
71.9031
71.4344
70.9479
70.4436
69.9214
69.3811
68.8227
68.2461
67.6512
67.0378
66.4058
65.7551
65.0854
64.3967
63.6888
62.9616
62.2148
61.4483
60.6619
59.8555
59.029
58.1821
57.3148
56.4268
55.5182
54.5888
53.6386
52.6676
51.6759
50.6636
49.6311
48.578
47.5063
46.4163
45.3094
44.1878
43.0544
41.9136
40.772
39.6388
38.5288
37.4608
36.4647
35.5796
34.8499
34.3228
34.0319
33.9902
34.183
34.5725
35.1095
35.7461
36.4425
37.1699
37.9079
38.6429
39.3651
40.0676
40.7452
41.3937
42.0094
42.5889
43.1299
43.6283
44.0816
44.4854
44.836
60.0432
61.372
62.5229
63.5247
64.4008
65.1699
65.8474
66.4462
66.9772
67.4498
67.872
68.251
68.5928
68.9034
69.1877
69.4504
69.6959
69.9284
70.1517
70.3694
70.585
70.8019
71.0229
71.2509
71.4883
71.7369
71.998
72.2723
72.5595
72.8584
73.1672
73.4831
73.8031
74.1235
74.4406
74.751
75.0514
75.3388
75.6107
75.8651
76.1003
76.3149
76.508
76.6789
76.8271
76.9525
77.055
77.1346
77.1915
77.226
77.2383
77.2287
77.1976
77.1452
77.0719
76.9779
76.8636
76.7293
76.5751
76.4013
76.2082
75.9959
75.7646
75.5144
75.2456
74.9581
74.6521
74.3277
73.9849
73.6237
73.2442
72.8463
72.4301
71.9954
71.5423
71.0708
70.5806
70.0717
69.544
68.9974
68.4317
67.8469
67.2428
66.6191
65.9758
65.3126
64.6295
63.9261
63.2024
62.4582
61.6933
60.9074
60.1005
59.2723
58.4228
57.5517
56.6591
55.7447
54.8085
53.8506
52.871
51.8698
50.8469
49.8037
48.7393
47.6559
46.5533
45.4344
44.3011
43.1561
42.0057
40.8566
39.7193
38.6096
37.5501
36.5727
35.7189
35.035
34.5657
34.3394
34.3615
34.6092
35.0404
35.6052
36.2571
36.96
37.687
38.4204
39.1482
39.8608
40.5521
41.2175
41.8528
42.4546
43.0198
43.5452
44.0275
44.4634
44.8489
45.1793
59.4633
60.6984
61.7649
62.69
63.4952
64.1986
64.8144
65.3552
65.8312
66.2513
66.6234
66.9543
67.2501
67.5164
67.7583
67.9805
68.1876
68.3838
68.5732
68.76
68.9479
69.1409
69.3427
69.5568
69.7864
70.0341
70.302
70.5914
70.9022
71.2332
71.5821
71.9454
72.3184
72.6962
73.074
73.4468
73.8103
74.1606
74.4946
74.8096
75.1036
75.3751
75.6229
75.8463
76.0449
76.2185
76.3672
76.491
76.5904
76.6656
76.717
76.745
76.75
76.7326
76.6929
76.6316
76.5488
76.4449
76.3203
76.1751
76.0098
75.8244
75.6193
75.3945
75.1503
74.8867
74.6039
74.3019
73.9809
73.6408
73.2817
72.9035
72.5062
72.0899
71.6543
71.1995
70.7254
70.2317
69.7185
69.1855
68.6327
68.0598
67.4666
66.853
66.2188
65.5638
64.8878
64.1906
63.4719
62.7316
61.9694
61.1852
60.3788
59.55
58.6986
57.8246
56.9277
56.008
55.0654
54.0998
53.1115
52.1006
51.0674
50.0123
48.936
47.8401
46.7247
45.5923
44.4464
43.2895
42.128
40.9708
39.8292
38.72
37.6702
36.7134
35.8934
35.2576
34.8473
34.6847
34.7673
35.0652
35.5331
36.1205
36.7836
37.4895
38.2143
38.9412
39.6599
40.3621
41.0412
41.6933
42.3149
42.9017
43.4512
43.9604
44.4253
44.8427
45.2085
45.518
58.8602
60.0036
60.987
61.8357
62.5701
63.2069
63.76
64.241
64.6598
65.0249
65.3437
65.623
65.8686
66.086
66.2803
66.4563
66.6185
66.7715
66.9196
67.0672
67.2189
67.3791
67.5523
67.7431
67.9557
68.1942
68.4618
68.7607
69.0919
69.4543
69.845
70.2593
70.691
71.1334
71.5794
72.0224
72.4568
72.8775
73.2806
73.6628
74.0218
74.3557
74.6633
74.9439
75.1971
75.4229
75.6213
75.7928
75.9376
76.0564
76.1496
76.2178
76.2616
76.2814
76.2777
76.2511
76.2019
76.1306
76.0376
75.9231
75.7875
75.6311
75.454
75.2566
75.039
74.8012
74.5436
74.2661
73.9688
73.6517
73.315
72.9585
72.5822
72.1861
71.7701
71.3341
70.878
70.4017
69.9049
69.3876
68.8496
68.2906
67.7104
67.1089
66.4857
65.8408
65.1737
64.4843
63.7724
63.0377
62.2799
61.4988
60.6942
59.866
59.0139
58.1377
57.2375
56.3131
55.3644
54.3916
53.3948
52.3741
51.3302
50.2635
49.174
48.0643
46.9352
45.7889
44.6287
43.459
42.2869
41.1202
39.9732
38.8657
37.8264
36.8917
36.1084
35.5223
35.1711
35.0705
35.2096
35.5525
36.0513
36.6566
37.3274
38.0335
38.7534
39.4726
40.1809
40.8709
41.5372
42.1754
42.7813
43.3527
43.8857
44.377
44.8237
45.2215
45.5664
45.8539
58.2425
59.2966
60.1983
60.9714
61.6351
62.2052
62.6948
63.1148
63.4746
63.7824
64.0454
64.2699
64.4616
64.6259
64.7678
64.8921
65.0033
65.1061
65.2052
65.3053
65.4115
65.5288
65.6627
65.8191
66.0035
66.2218
66.4792
66.7797
67.1258
67.5172
67.9507
68.4201
68.9169
69.4315
69.9542
70.4761
70.9897
71.4887
71.9682
72.4244
72.8544
73.2563
73.6288
73.9713
74.2834
74.5651
74.8169
75.0392
75.2327
75.3979
75.5357
75.6466
75.7314
75.7908
75.8254
75.8357
75.8223
75.7857
75.7262
75.6444
75.5405
75.415
75.268
75.0999
74.9107
74.7008
74.4703
74.2192
73.9476
73.6556
73.3432
73.0105
72.6572
72.2835
71.8892
71.4741
71.0383
70.5814
70.1033
69.6038
69.0827
68.5398
67.9749
67.3876
66.7776
66.1448
65.4888
64.8093
64.1061
63.3789
62.6273
61.8511
61.0501
60.2239
59.3725
58.4955
57.593
56.6648
55.7109
54.7313
53.7263
52.6961
51.6409
50.5623
49.4599
48.3363
47.1927
46.031
44.8561
43.6724
42.4873
41.311
40.159
39.0533
38.0248
37.1144
36.3686
35.8336
35.541
35.4997
35.6905
36.073
36.5975
37.2161
37.8909
38.5949
39.3079
40.0171
40.714
41.3906
42.0424
42.6652
43.2554
43.8097
44.325
44.7979
45.2247
45.602
45.9251
46.1888
57.6185
58.5858
59.4076
60.1064
60.7002
61.2038
61.6295
61.9878
62.2877
62.5367
62.7418
62.909
63.0438
63.1515
63.2369
63.3046
63.3593
63.4056
63.4484
63.4928
63.5441
63.6082
63.6915
63.801
63.9442
64.129
64.3633
64.6543
65.007
65.4231
65.8996
66.4282
66.997
67.5924
68.2009
68.8107
69.412
69.9971
70.5601
71.0967
71.6037
72.0789
72.5212
72.9298
73.3047
73.6461
73.9546
74.2308
74.4758
74.6902
74.875
75.0311
75.1594
75.2606
75.3356
75.3849
75.4093
75.4093
75.3855
75.3383
75.2681
75.1754
75.0604
74.9234
74.7648
74.5846
74.3831
74.1604
73.9165
73.6516
73.3657
73.0587
72.7306
72.3814
72.0109
71.6189
71.2055
70.7703
70.3131
69.8338
69.332
68.8076
68.2602
67.6894
67.095
66.4767
65.8341
65.1668
64.4746
63.7571
63.0139
62.2447
61.4491
60.627
59.778
58.9019
57.9985
57.0678
56.1098
55.1243
54.1119
53.0727
52.007
50.9158
49.8001
48.6622
47.5028
46.3261
45.1349
43.9362
42.737
41.5504
40.3921
39.2884
38.2722
37.3872
36.6808
36.1968
35.961
35.9753
36.2124
36.6288
37.1733
37.8012
38.477
39.1753
39.8798
40.5775
41.261
41.923
42.5595
43.1658
43.7387
44.2754
44.7717
45.2249
45.6312
45.9865
46.2864
46.5252
56.9959
57.8792
58.6235
59.2496
59.7746
60.2125
60.5748
60.8714
61.1108
61.3003
61.4463
61.5546
61.6305
61.679
61.7047
61.712
61.7058
61.6903
61.6707
61.6521
61.6402
61.6414
61.6629
61.7132
61.8012
61.9377
62.1339
62.4011
62.7492
63.1833
63.7015
64.2931
64.9412
65.6263
66.3298
67.036
67.7329
68.4111
69.0638
69.6863
70.2752
70.8282
71.3442
71.8227
72.2638
72.668
73.0361
73.3691
73.6681
73.9341
74.1684
74.372
74.5459
74.691
74.8084
74.8987
74.9629
75.0014
75.0151
75.0043
74.9697
74.9116
74.8305
74.7266
74.6003
74.4518
74.2812
74.0888
73.8747
73.6388
73.3814
73.1022
72.8014
72.4787
72.1342
71.7676
71.3788
70.9676
70.5338
70.0769
69.5969
69.0933
68.5659
68.0142
67.438
66.8367
66.2101
65.5576
64.8789
64.1736
63.4412
62.6814
61.8937
61.0778
60.2334
59.3602
58.4579
57.5265
56.5658
55.5759
54.557
53.5096
52.4341
51.3313
50.2026
49.0494
47.8744
46.6806
45.4728
44.2575
43.0438
41.846
40.6817
39.5792
38.576
37.7168
37.0504
36.6167
36.4356
36.5006
36.7786
37.2224
37.7817
38.4146
39.0877
39.7788
40.4718
41.1568
41.8255
42.472
43.0916
43.6802
44.235
44.752
45.2287
45.6609
46.0454
46.3775
46.6527
46.8653
56.3819
57.1843
57.8535
58.4092
58.8671
59.2406
59.5405
59.7761
59.9554
60.0854
60.172
60.2209
60.2369
60.2247
60.1888
60.1335
60.0632
59.9823
59.8957
59.8087
59.727
59.6575
59.6079
59.5877
59.608
59.6818
59.8246
60.0532
60.3837
60.8273
61.3842
62.0411
62.7745
63.5566
64.3624
65.1718
65.9699
66.746
67.4927
68.2048
68.8787
69.5126
70.1051
70.656
71.1658
71.6351
72.0651
72.457
72.8121
73.1319
73.4176
73.6706
73.892
74.083
74.2446
74.3778
74.4834
74.5624
74.6152
74.6427
74.6454
74.6237
74.5782
74.5091
74.4169
74.3019
74.1641
74.0039
73.8213
73.6164
73.3894
73.1401
72.8685
72.5746
72.2582
71.9191
71.5572
71.1723
70.7641
70.3322
69.8763
69.3962
68.8913
68.3614
67.8059
67.2244
66.6164
65.9815
65.3192
64.6288
63.9101
63.1624
62.3853
61.5784
60.7411
59.8733
58.9744
58.0445
57.0832
56.0907
55.0668
54.0127
52.9277
51.8142
50.6727
49.5046
48.3137
47.1032
45.8782
44.646
43.4171
42.2064
41.0355
39.9347
38.9442
38.1114
37.4844
37.0991
36.969
37.0791
37.3919
37.857
38.4265
39.0594
39.7272
40.4081
41.0886
41.7587
42.411
43.0402
43.6416
44.2116
44.7466
45.2435
45.6988
46.109
46.4698
46.7776
47.0267
47.2112
55.7823
56.5074
57.1046
57.5922
57.9853
58.2962
58.5353
58.7113
58.8317
58.9031
58.931
58.9208
58.8771
58.8042
58.7063
58.5875
58.4519
58.3039
58.148
57.9895
57.8341
57.6887
57.5619
57.4637
57.4069
57.4075
57.4851
57.6629
57.9651
58.4102
59.0018
59.7237
60.5442
61.4259
62.3362
63.2504
64.1509
65.0259
65.8672
66.6695
67.4293
68.1446
68.8144
69.4388
70.0182
70.5538
71.047
71.4992
71.9119
72.2869
72.6256
72.9295
73.1999
73.4383
73.6457
73.8234
73.9721
74.0929
74.1866
74.2539
74.2955
74.3118
74.3035
74.271
74.2145
74.1346
74.0313
73.905
73.7558
73.5837
73.3889
73.1713
72.931
72.6678
72.3816
72.0722
71.7394
71.3831
71.0028
70.5982
70.169
69.7148
69.2352
68.7296
68.1976
67.6387
67.0523
66.4379
65.7948
65.1225
64.4205
63.688
62.9245
62.1296
61.3025
60.4429
59.5504
58.6246
57.6653
56.6725
55.6465
54.587
53.495
52.3714
51.2183
50.0365
48.8296
47.6023
46.3598
45.1096
43.8646
42.641
41.4622
40.3626
39.3852
38.5784
37.9897
37.6498
37.5659
37.7153
38.0562
38.537
39.1107
39.7407
40.3995
41.0679
41.7339
42.3873
43.0222
43.6324
44.2141
44.7636
45.2779
45.7528
46.1853
46.5717
46.908
47.1895
47.4108
47.5658
55.2024
55.8539
56.3822
56.8047
57.1355
57.3863
57.5668
57.6851
57.7485
57.7629
57.7338
57.666
57.5638
57.4313
57.2724
57.091
56.8907
56.6759
56.4507
56.2203
55.9904
55.7679
55.5617
55.3827
55.2452
55.1679
55.1752
55.2976
55.5675
56.0114
56.6348
57.418
58.3202
59.2953
60.3036
61.3163
62.3137
63.2828
64.2148
65.1038
65.9467
66.7412
67.4867
68.1832
68.8317
69.4333
69.9896
70.5024
70.9733
71.4042
71.7967
72.1525
72.4731
72.7599
73.0144
73.2377
73.4308
73.5948
73.7307
73.8392
73.921
73.9767
74.0071
74.0125
73.9933
73.95
73.8828
73.792
73.6777
73.5401
73.3793
73.1953
72.988
72.7574
72.5033
72.2256
71.9241
71.5984
71.2483
70.8733
70.4732
70.0475
69.5956
69.1171
68.6114
68.078
67.5161
66.9252
66.3046
65.6536
64.9715
64.2576
63.5111
62.7315
61.918
61.0701
60.1872
59.2689
58.3147
57.3246
56.2987
55.237
54.1403
53.0093
51.8457
50.6516
49.4303
48.1863
46.926
45.6591
44.3971
43.1592
41.9731
40.8735
39.9081
39.1263
38.5731
38.2751
38.2317
38.4136
38.7759
39.2662
39.8401
40.463
41.1098
41.7632
42.4121
43.0473
43.6625
44.2521
44.813
45.3409
45.832
46.2837
46.6918
47.0528
47.3628
47.6163
47.8081
47.9315
54.6462
55.2277
55.6906
56.0513
56.3228
56.5162
56.6407
56.704
56.7128
56.6727
56.5888
56.4657
56.3074
56.1176
55.9
55.6582
55.3957
55.1162
54.8242
54.5242
54.222
53.9248
53.6415
53.3838
53.1678
53.0153
52.9555
53.0265
53.2683
53.7135
54.3668
55.2041
56.1762
57.2303
58.3217
59.4191
60.5011
61.5535
62.5668
63.5348
64.4541
65.3225
66.1392
66.9046
67.6194
68.285
68.9031
69.4755
70.004
70.4906
70.9369
71.3449
71.716
72.052
72.3542
72.6238
72.8623
73.0705
73.2495
73.4002
73.5234
73.6198
73.6899
73.7345
73.7539
73.7485
73.7187
73.6648
73.587
73.4854
73.3601
73.2112
73.0387
72.8424
72.6222
72.378
72.1096
71.8167
71.4988
71.1557
70.787
70.3921
69.9705
69.5217
69.0451
68.5399
68.0055
67.4413
66.8463
66.2198
65.5611
64.8693
64.1435
63.3829
62.5868
61.7543
60.8848
59.9777
59.0325
58.0489
57.0264
55.9659
54.8669
53.7315
52.5605
51.3564
50.1219
48.8633
47.5869
46.3025
45.0244
43.7731
42.5784
41.4787
40.5232
39.7639
39.2432
38.9819
38.9723
39.1802
39.5564
40.0508
40.6197
41.2316
41.8641
42.5003
43.1297
43.7442
44.3377
44.9053
45.443
45.9471
46.414
46.84
47.2222
47.5563
47.8376
48.0614
48.2216
48.3114
54.1162
54.6319
55.033
55.3351
55.5505
55.6897
55.7612
55.7724
55.7295
55.6378
55.5022
55.3269
55.1155
54.8717
54.5988
54.3
53.9789
53.6388
53.284
52.919
52.5496
52.1828
51.8282
51.4986
51.2116
50.9924
50.8752
50.9045
51.1268
51.5769
52.258
53.14
54.1668
55.2817
56.4372
57.6009
58.7507
59.8716
60.9533
61.9893
62.9756
63.9099
64.7914
65.62
66.3967
67.1227
67.7997
68.4294
69.0138
69.5547
70.054
70.5135
70.9349
71.3198
71.6698
71.9862
72.2703
72.5232
72.746
72.9396
73.1049
73.2427
73.3537
73.4384
73.4973
73.531
73.5398
73.524
73.4838
73.4194
73.331
73.2186
73.0822
72.9218
72.7371
72.5282
72.2946
72.0362
71.7526
71.4434
71.1081
70.7463
70.3573
69.9407
69.4957
69.0215
68.5176
67.983
67.4168
66.8183
66.1865
65.5204
64.819
64.0815
63.3067
62.4938
61.642
60.7504
59.8183
58.8452
57.8313
56.7756
55.6789
54.5427
53.3672
52.1556
50.9121
49.6413
48.35
47.0504
45.7572
44.4923
43.2884
42.1878
41.2411
40.5015
40.0082
39.7779
39.7952
40.0213
40.4053
40.8977
41.4571
42.0548
42.6691
43.2849
43.8924
44.4842
45.0538
45.5968
46.1096
46.5877
47.0279
47.4269
47.7808
48.0855
48.3365
48.5283
48.6548
48.7085
53.6144
54.068
54.411
54.658
54.8207
54.9089
54.9306
54.8929
54.8016
54.6617
54.4778
54.2537
53.993
53.699
53.3748
53.0236
52.6485
52.2529
51.8408
51.4168
50.9866
50.5577
50.1401
49.7478
49.4004
49.1262
48.9643
48.9634
49.1745
49.6314
50.3349
51.2492
52.315
53.4729
54.6748
55.8875
57.0887
58.2627
59.399
60.4907
61.5331
62.5239
63.4619
64.3468
65.1795
65.9609
66.6925
67.3762
68.0135
68.6065
69.1568
69.6664
70.137
70.5701
70.9673
71.33
71.6596
71.9571
72.2239
72.4607
72.6686
72.8483
73.0005
73.126
73.2252
73.2987
73.3468
73.37
73.3684
73.3423
73.2919
73.2171
73.1181
72.9948
72.847
72.6747
72.4775
72.2552
72.0075
71.7339
71.4341
71.1073
70.7532
70.371
69.96
69.5196
69.0487
68.5467
68.0125
67.4452
66.8437
66.207
65.5339
64.8235
64.0743
63.2855
62.4559
61.5845
60.6705
59.713
58.7116
57.6661
56.5766
55.4437
54.269
53.0547
51.8046
50.525
49.2225
47.9093
46.6028
45.326
44.114
43.0115
42.0713
41.3477
40.8772
40.6712
40.7081
40.9456
41.3306
41.8153
42.3611
42.9401
43.5324
44.1251
44.7082
45.2743
45.8173
46.3335
46.8181
47.2682
47.6794
48.0489
48.3722
48.6452
48.8632
49.0207
49.1108
49.126
53.1412
53.5366
53.8252
54.0206
54.134
54.1745
54.1498
54.0666
53.9302
53.7457
53.517
53.2479
52.9418
52.6018
52.2309
51.8319
51.4081
50.9626
50.4994
50.023
49.5396
49.0568
48.5854
48.1406
47.7442
47.4273
47.2329
47.2126
47.4181
47.8808
48.5989
49.533
50.6235
51.8098
53.0437
54.2914
55.5299
56.7435
57.9216
59.0569
60.1447
61.1822
62.1679
63.1015
63.9833
64.8142
65.5954
66.3285
67.015
67.6568
68.2555
68.8129
69.3307
69.8104
70.2535
70.6616
71.0358
71.3775
71.6877
71.9675
72.2178
72.4394
72.6332
72.7996
72.9395
73.0532
73.1412
73.2039
73.2416
73.2545
73.2427
73.2065
73.1458
73.0606
72.9508
72.8162
72.6566
72.4718
72.2615
72.0251
71.7622
71.4724
71.1549
70.8092
70.4345
70.03
69.5948
69.1281
68.6287
68.0957
67.528
66.9242
66.2833
65.604
64.8848
64.1246
63.322
62.4759
61.585
60.6488
59.6655
58.6358
57.559
56.4352
55.2666
54.055
52.8042
51.5198
50.2102
48.8875
47.5694
46.2821
45.0623
43.9566
43.0217
42.3107
41.8584
41.6705
41.7206
41.962
42.3422
42.8136
43.3404
43.8965
44.4638
45.0295
45.5848
46.1213
46.6351
47.1212
47.5755
47.9943
48.3741
48.7108
49.001
49.2398
49.4221
49.5424
49.5934
49.5671
52.6965
53.0375
53.2751
53.4224
53.4897
53.4859
53.4182
53.2927
53.1148
52.889
52.6192
52.309
51.9616
51.5799
51.1668
50.7249
50.2575
49.7678
49.2596
48.7378
48.2085
47.68
47.1638
46.6763
46.2415
45.893
45.6767
45.6453
45.8496
46.3172
47.0435
47.9876
49.0912
50.2941
51.5484
52.8192
54.0833
55.325
56.5335
57.7017
58.8247
59.8994
60.9243
61.8985
62.8223
63.6962
64.5212
65.2986
66.0298
66.7165
67.3601
67.9623
68.5247
69.0488
69.536
69.9877
70.4053
70.79
71.1428
71.4648
71.7569
72.02
72.2549
72.4622
72.6425
72.7965
72.9245
73.027
73.1042
73.1564
73.1839
73.1867
73.1649
73.1185
73.0473
72.9514
72.8304
72.6841
72.5122
72.3142
72.0897
71.8381
71.559
71.2515
70.9149
70.5484
70.1512
69.7222
69.2603
68.7646
68.2337
67.6663
67.0612
66.4169
65.732
65.005
64.2344
63.4188
62.5567
61.6468
60.6887
59.6806
58.6225
57.5153
56.3589
55.1566
53.9115
52.6285
51.3174
49.9901
48.6651
47.3689
46.1418
45.0331
44.1019
43.4007
42.9626
42.7873
42.8442
43.0831
43.4512
43.9038
44.4064
44.9352
45.4726
46.0075
46.5301
47.0343
47.5152
47.9675
48.3877
48.7721
49.1169
49.4182
49.6719
49.8734
50.0172
50.0971
50.106
50.0351
52.2792
52.5692
52.7594
52.8618
52.8863
52.8413
52.7337
52.5693
52.3532
52.0896
51.7823
51.4347
51.0498
50.6305
50.1795
49.6995
49.1935
48.6648
48.1176
47.5565
46.9882
46.4214
45.8684
45.347
44.883
44.5125
44.2831
44.2485
44.456
44.9301
45.6622
46.611
47.7194
48.9293
50.193
51.4764
52.7556
54.015
55.2439
56.4353
57.5841
58.6872
59.7428
60.7499
61.7084
62.6187
63.4815
64.2977
65.0688
65.7958
66.4804
67.1239
67.7277
68.2934
68.8222
69.3155
69.7746
70.2006
70.5945
70.9575
71.2904
71.5941
71.8694
72.1169
72.3372
72.5311
72.6988
72.8408
72.9575
73.0491
73.1158
73.1578
73.1751
73.1678
73.1358
73.079
72.9971
72.89
72.7573
72.5986
72.4134
72.2013
71.9617
71.6938
71.3969
71.0702
70.7127
70.3236
69.9016
69.4456
68.9544
68.4266
67.8607
67.2553
66.6087
65.9194
65.1856
64.4057
63.578
62.7011
61.7736
60.7943
59.7626
58.6784
57.5424
56.3571
55.1248
53.8515
52.5467
51.2213
49.8957
48.5964
47.3654
46.255
45.3262
44.6322
44.2041
44.0359
44.0926
44.3217
44.6714
45.0985
45.571
46.0661
46.5688
47.0673
47.5534
48.0204
48.4637
48.8783
49.261
49.6071
49.9133
50.1758
50.3897
50.5504
50.6522
50.6886
50.6519
50.5329
51.8877
52.1302
52.276
52.3366
52.3214
52.2383
52.0937
51.8935
51.6422
51.344
51.0026
50.621
50.2023
49.7491
49.2642
48.7503
48.2103
47.6477
47.0664
46.4717
45.8703
45.2715
44.6886
44.1407
43.6554
43.2712
43.0368
43.006
43.2224
43.7067
44.4454
45.397
46.5053
47.7147
48.9792
50.2657
51.5506
52.8186
54.0591
55.2649
56.4311
57.5544
58.6329
59.6655
60.6517
61.5918
62.4863
63.3358
64.1414
64.9041
65.6253
66.3061
66.9479
67.5519
68.1195
68.6518
69.15
69.6152
70.0484
70.4507
70.8229
71.1659
71.4804
71.767
72.0266
72.2594
72.4662
72.6472
72.8029
72.9334
73.0391
73.1201
73.1764
73.2082
73.2153
73.1977
73.1552
73.0876
72.9945
72.8756
72.7304
72.5585
72.3592
72.1319
71.8759
71.5902
71.2741
70.9265
70.5462
70.1322
69.6831
69.1975
68.674
68.1108
67.5064
66.8589
66.1666
65.4275
64.64
63.8021
62.9119
61.9686
60.9709
59.9183
58.8111
57.6509
56.441
55.1869
53.8972
52.5844
51.2673
49.9744
48.7452
47.636
46.7102
46.0221
45.5994
45.4324
45.4814
45.6927
46.0161
46.4099
46.8449
47.3004
47.7617
48.2181
48.6619
49.0868
49.4878
49.8605
50.2005
50.5046
50.7685
50.9878
51.1584
51.2746
51.3309
51.3201
51.2341
51.0631
51.5199
51.718
51.8224
51.8441
51.792
51.6735
51.4949
51.2616
50.9781
50.6482
50.2756
49.8632
49.4139
48.9304
48.4151
47.871
47.301
46.7085
46.0977
45.4739
44.8445
44.2191
43.6121
43.044
42.5441
42.1533
41.9211
41.9008
42.132
42.6306
43.3784
44.3332
45.4391
46.6437
47.9031
49.1856
50.4689
51.7378
52.9821
54.1948
55.3709
56.5071
57.6014
58.6526
59.6601
60.6237
61.5439
62.421
63.2559
64.0495
64.8027
65.5168
66.1926
66.8315
67.4346
68.0029
68.5375
69.0395
69.5098
69.9493
70.3589
70.7395
71.0917
71.4161
71.7135
71.9843
72.2291
72.4482
72.6419
72.8107
72.9547
73.0741
73.169
73.2394
73.2854
73.3068
73.3034
73.2752
73.2217
73.1427
73.0377
72.9063
72.7478
72.5617
72.3472
72.1035
71.8297
71.5249
71.1878
70.8175
70.4124
69.9714
69.4927
68.9747
68.4158
67.814
67.1675
66.4742
65.7319
64.9387
64.0931
63.1927
62.2369
61.2239
60.1546
59.0291
57.8516
56.627
55.364
54.0754
52.7794
51.5029
50.2859
49.1855
48.2661
47.5843
47.1641
46.9921
47.0253
47.2101
47.4969
47.849
48.2382
48.6464
49.0591
49.4669
49.8626
50.2393
50.5926
50.918
51.2113
51.4687
51.6857
51.8582
51.9812
52.0491
52.0559
51.9941
51.8549
51.6279
51.1734
51.33
51.3958
51.3812
51.2948
51.1435
50.9334
50.6696
50.3564
49.9976
49.5965
49.156
48.679
48.168
47.6256
47.0545
46.4579
45.839
45.2024
44.5535
43.9002
43.2527
42.6264
42.0434
41.5349
41.1439
40.9209
40.9172
41.1688
41.6857
42.4457
43.4048
44.5085
45.7063
46.9571
48.231
49.5072
50.7712
52.0132
53.2264
54.4061
55.5489
56.6528
57.7164
58.7391
59.7204
60.6606
61.5601
62.4192
63.2387
64.0195
64.7624
65.4683
66.1383
66.7734
67.3745
67.9426
68.4785
68.9834
69.4578
69.9027
70.3188
70.7068
71.0674
71.401
71.7083
71.9897
72.2456
72.4763
72.6823
72.8636
73.0205
73.1531
73.2614
73.3455
73.4053
73.4406
73.4513
73.4371
73.3977
73.3327
73.2416
73.124
72.9791
72.8064
72.6051
72.3742
72.1129
71.82
71.4944
71.1348
70.7399
70.3081
69.8377
69.3271
68.7742
68.177
67.5336
66.8417
66.0991
65.3037
64.4536
63.5471
62.5834
61.561
60.4812
59.347
58.1625
56.9379
55.6847
54.4222
53.1755
51.9834
50.9035
49.9999
49.3288
48.9101
48.7278
48.7359
48.8829
49.1232
49.423
49.7575
50.1089
50.4658
50.8178
51.1585
51.4815
51.7814
52.0543
52.296
52.5018
52.6676
52.7888
52.8602
52.8759
52.8291
52.7121
52.5156
52.2284
50.8458
50.9634
50.9931
50.9447
50.8262
50.6445
50.4052
50.1131
49.7726
49.3871
48.9599
48.4938
47.9916
47.4557
46.8888
46.2936
45.673
45.0308
44.3715
43.7009
43.027
42.3613
41.7199
41.1267
40.6153
40.2302
40.0231
40.0424
40.32
40.8593
41.6346
42.5996
43.7015
44.8917
46.1321
47.3946
48.6599
49.9148
51.1499
52.3588
53.5368
54.681
55.7891
56.8598
57.8923
58.8861
59.8412
60.7579
61.6363
62.4772
63.2809
64.0484
64.7805
65.4777
66.1412
66.7717
67.37
67.9371
68.4736
68.9803
69.4581
69.9074
70.3292
70.7238
71.0918
71.4338
71.7502
72.0414
72.3077
72.5494
72.7668
72.96
73.1291
73.2743
73.3955
73.4928
73.5659
73.6147
73.6391
73.6386
73.613
73.5619
73.4846
73.3808
73.2497
73.0905
72.9026
72.685
72.4366
72.1564
71.8431
71.4953
71.1117
70.6906
70.2301
69.7286
69.1839
68.5938
67.9564
67.2692
66.5297
65.7365
64.8872
63.9804
63.0151
61.9916
60.9118
59.7807
58.607
57.4027
56.1862
54.9838
53.8335
52.7907
51.9171
51.2635
50.8459
50.6452
50.6167
50.7136
50.8957
51.1323
51.402
51.6891
51.9817
52.2712
52.5503
52.8128
53.0543
53.2698
53.4545
53.6044
53.7148
53.7804
53.7959
53.7552
53.6509
53.4747
53.2168
52.8651
50.5343
50.6155
50.6113
50.5312
50.3828
50.1727
49.9062
49.588
49.2221
48.812
48.3608
47.8713
47.346
46.7875
46.1982
45.5811
44.9392
44.2761
43.5966
42.907
42.2156
41.5349
40.8823
40.2835
39.7747
39.4018
39.2174
39.2662
39.5754
40.1413
40.9346
41.9071
43.0077
44.19
45.4187
46.6681
47.9203
49.1631
50.3878
51.5886
52.7611
53.9024
55.0104
56.0836
57.1213
58.1231
59.0885
60.0178
60.9111
61.7687
62.5912
63.3792
64.1333
64.8541
65.5423
66.1987
66.824
67.4189
67.9842
68.5205
69.0284
69.5085
69.9616
70.388
70.7884
71.1631
71.5126
71.8373
72.1374
72.4133
72.6652
72.8933
73.0976
73.2784
73.4355
73.569
73.6788
73.7647
73.8266
73.8641
73.877
73.8649
73.8273
73.7637
73.6736
73.5562
73.4108
73.2365
73.0325
72.7975
72.5306
72.2304
71.8956
71.5245
71.1155
70.6668
70.1765
69.6423
69.0625
68.4343
67.756
67.0248
66.2394
65.3977
64.4983
63.5418
62.5295
61.4654
60.3571
59.2173
58.0639
56.9232
55.8337
54.8458
54.0159
53.3849
52.9646
52.7352
52.6578
52.6924
52.8044
52.9684
53.1646
53.379
53.601
53.8212
54.0329
54.2303
54.4079
54.561
54.6848
54.7744
54.825
54.8312
54.7869
54.6858
54.5201
54.2808
53.9572
53.5367
50.2365
50.2832
50.2473
50.1374
49.9611
49.7244
49.4326
49.0901
48.7007
48.2678
47.7944
47.2831
46.7366
46.1573
45.5477
44.9106
44.2493
43.5674
42.87
42.1637
41.4577
40.765
40.1049
39.5051
39.0043
38.6503
38.495
38.5799
38.9256
39.522
40.3355
41.3169
42.4165
43.591
44.8075
46.0427
47.2803
48.5091
49.7212
50.9113
52.0752
53.2104
54.3147
55.3868
56.426
57.4317
58.4034
59.3413
60.2454
61.1159
61.9532
62.7578
63.53
64.2706
64.98
65.6589
66.3079
66.9275
67.5185
68.0813
68.6167
69.125
69.6068
70.0627
70.4931
70.8983
71.2788
71.635
71.9671
72.2754
72.5601
72.8213
73.0593
73.274
73.4656
73.6339
73.779
73.9006
73.9988
74.0731
74.1233
74.1491
74.1501
74.1258
74.0757
73.999
73.8953
73.7637
73.6032
73.413
73.1921
72.9391
72.6529
72.3319
71.9747
71.5795
71.1446
70.6679
70.1474
69.5809
68.9664
68.3016
67.5851
66.8146
65.9897
65.1096
64.1763
63.1927
62.1665
61.1084
60.0372
58.9781
57.9673
57.0493
56.2704
55.6622
55.2331
54.9656
54.8297
54.7929
54.8276
54.9119
55.0285
55.1651
55.3105
55.4571
55.5971
55.7251
55.8349
55.9218
55.9809
56.0066
55.9939
55.9371
55.8296
55.6647
55.4339
55.1276
54.7344
54.2408
49.9496
49.964
49.8981
49.7603
49.5577
49.2962
48.9806
48.6153
48.204
47.7499
47.2559
46.7245
46.1584
45.5598
44.9316
44.2762
43.5971
42.8984
42.1851
41.4642
40.7459
40.0442
39.3802
38.7841
38.2968
37.9681
37.8484
37.975
38.3613
38.9911
39.8265
40.8179
41.917
43.0839
44.2882
45.509
46.7313
47.9451
49.1433
50.3208
51.4742
52.6009
53.6989
54.7671
55.8047
56.811
57.7856
58.7287
59.64
60.5198
61.3683
62.1858
62.9727
63.7296
64.4568
65.1548
65.8242
66.4654
67.079
67.6655
68.2254
68.7591
69.2672
69.7499
70.2079
70.6413
71.0507
71.4362
71.7981
72.1368
72.4523
72.7449
73.0147
73.2617
73.486
73.6876
73.8664
74.0223
74.1552
74.2649
74.3511
74.4134
74.4517
74.4653
74.4539
74.4169
74.3536
74.2635
74.1456
73.9991
73.8231
73.6165
73.3782
73.1067
72.8008
72.4588
72.0791
71.66
71.1996
70.696
70.1471
69.5512
68.9065
68.2118
67.4661
66.6697
65.8239
64.9322
64.0014
63.0413
62.0687
61.1073
60.1875
59.3468
58.621
58.0341
57.5925
57.2838
57.0863
56.9758
56.9311
56.9335
56.9684
57.0246
57.0919
57.1621
57.2283
57.2842
57.3238
57.3422
57.3336
57.293
57.2144
57.0918
56.9183
56.6864
56.3873
56.0107
55.5444
54.9738
49.6712
49.6551
49.561
49.3969
49.1696
48.8846
48.5468
48.1601
47.7283
47.2544
46.7411
46.191
45.6066
44.9903
44.3447
43.6726
42.9774
42.2632
41.5357
40.8024
40.0741
39.3663
38.7021
38.1143
37.6462
37.349
37.2706
37.4436
37.8736
38.5387
39.3969
40.3989
41.4983
42.6581
43.8507
45.0572
46.2642
47.4627
48.6463
49.8105
50.952
52.0686
53.1585
54.2206
55.2541
56.2585
57.2333
58.1786
59.0942
59.9801
60.8366
61.6639
62.4623
63.2323
63.974
64.688
65.3747
66.0345
66.6677
67.275
67.8566
68.413
68.9445
69.4517
69.9347
70.3939
70.8297
71.2423
71.6319
71.9988
72.3432
72.6652
72.9648
73.2422
73.4975
73.7305
73.9413
74.1298
74.2959
74.4392
74.5598
74.6572
74.7311
74.7812
74.8071
74.8082
74.784
74.7339
74.6572
74.5531
74.4207
74.2591
74.0674
73.8442
73.5884
73.2986
72.9733
72.611
72.2102
71.7689
71.2857
70.7591
70.1873
69.5699
68.9063
68.1969
67.4433
66.6492
65.8205
64.9667
64.1019
63.2456
62.4226
61.6617
60.9894
60.4244
59.9724
59.6265
59.3722
59.1932
59.0727
58.9968
58.9531
58.9306
58.9206
58.9151
58.9072
58.8907
58.8596
58.8084
58.7314
58.6229
58.4768
58.2865
58.0449
57.7437
57.3738
56.9238
56.3812
55.73
49.3991
49.354
49.2332
49.0443
48.7936
48.4866
48.1278
47.7212
47.2701
46.7775
46.2462
45.6786
45.0772
44.4443
43.7827
43.0951
42.3851
41.6571
40.917
40.1731
39.4371
38.7262
38.0655
37.4907
37.0473
36.7875
36.7556
36.9787
37.4544
38.1557
39.037
40.0498
41.15
42.3033
43.485
44.6778
45.8701
47.0536
48.2225
49.373
50.5019
51.6075
52.688
53.7426
54.7704
55.7708
56.7437
57.6888
58.6061
59.4956
60.3574
61.1918
61.9988
62.7789
63.5323
64.2594
64.9604
65.6358
66.2859
66.9111
67.5117
68.088
68.6405
69.1693
69.6749
70.1575
70.6173
71.0547
71.4698
71.8627
72.2338
72.583
72.9105
73.2164
73.5006
73.7633
74.0042
74.2235
74.4208
74.5962
74.7494
74.8801
74.9881
75.073
75.1345
75.1721
75.1853
75.1736
75.1364
75.073
74.9827
74.8645
74.7177
74.5412
74.3339
74.0946
73.8222
73.5152
73.1723
72.7921
72.3734
71.9147
71.4151
70.8744
70.2919
69.6691
69.0073
68.3105
67.5841
66.8365
66.0788
65.3271
64.5998
63.9175
63.2997
62.7605
62.3054
61.9322
61.6325
61.3956
61.2097
61.0637
60.9476
60.852
60.7692
60.6914
60.6122
60.5252
60.4246
60.3047
60.1595
59.983
59.7689
59.5102
59.1993
58.8274
58.3848
57.8595
57.2375
56.5021
49.1309
49.0584
48.9123
48.6998
48.4271
48.0993
47.7207
47.2952
46.826
46.3159
45.7677
45.1837
44.5663
43.9181
43.2414
42.5395
41.816
41.0755
40.3245
39.5718
38.8304
38.1193
37.466
36.9091
36.4962
36.2789
36.2981
36.5739
37.0967
37.8339
38.7381
39.7616
40.8628
42.0104
43.1819
44.362
45.5404
46.7094
47.864
49.0009
50.1172
51.2113
52.2818
53.3278
54.3486
55.3437
56.313
57.2561
58.1731
59.064
59.9288
60.7678
61.581
62.3687
63.1312
63.8687
64.5815
65.2698
65.9341
66.5746
67.1915
67.7852
68.356
68.9041
69.4298
69.9332
70.4148
70.8746
71.3128
71.7296
72.1251
72.4995
72.8528
73.185
73.4963
73.7865
74.0557
74.3038
74.5307
74.7362
74.9202
75.0824
75.2226
75.3406
75.4359
75.5082
75.5571
75.5821
75.5826
75.5581
75.5079
75.4313
75.3274
75.1956
75.0348
74.844
74.6222
74.3683
74.0813
73.7599
73.4031
73.0101
72.5802
72.1132
71.6092
71.0697
70.4961
69.8921
69.2629
68.615
67.9582
67.3036
66.6654
66.058
65.4948
64.9865
64.5386
64.1513
63.8206
63.5399
63.3014
63.0969
62.9185
62.7585
62.6098
62.4656
62.3199
62.1666
61.9996
61.8134
61.6017
61.3586
61.0773
60.7505
60.37
59.9269
59.4103
58.8079
58.1047
57.2827
48.8644
48.7659
48.5959
48.3611
48.0676
47.7201
47.3228
46.8794
46.3931
45.8666
45.3024
44.703
44.0707
43.408
42.7175
42.0023
41.2665
40.5148
39.7543
38.9948
38.2503
37.5421
36.9002
36.3659
35.989
35.8192
35.8933
36.2235
36.7937
37.5661
38.4925
39.5262
40.6287
41.771
42.9333
44.1017
45.2669
46.4222
47.5633
48.6869
49.7908
50.8734
51.9335
52.9704
53.9835
54.9724
55.9368
56.8766
57.7917
58.6823
59.5483
60.3899
61.2071
62.0003
62.7696
63.5151
64.2373
64.9363
65.6123
66.2656
66.8965
67.5051
68.0918
68.6567
69.2001
69.7221
70.223
70.7029
71.162
71.6004
72.0183
72.4156
72.7926
73.1491
73.4853
73.8012
74.0966
74.3716
74.626
74.8598
75.0727
75.2645
75.4352
75.5843
75.7116
75.8167
75.8994
75.9591
75.9954
76.0078
75.9958
75.9586
75.8958
75.8064
75.6899
75.5452
75.3717
75.1683
74.9343
74.6688
74.3709
74.0402
73.6763
73.2791
72.8492
72.3877
71.8964
71.3786
70.8384
70.2817
69.7155
69.1486
68.591
68.0525
67.543
67.0699
66.6383
66.2494
65.9018
65.5921
65.3151
65.0651
64.836
64.6216
64.4161
64.2133
64.0077
63.7934
63.5648
63.3161
63.0413
62.7341
62.3874
61.9937
61.5447
61.0303
60.4397
59.7591
58.9731
58.0621
48.5976
48.4745
48.2817
48.0259
47.7125
47.3464
46.9315
46.4713
45.9687
45.4267
44.8475
44.2336
43.5873
42.9111
42.2077
41.4804
40.7332
39.9717
39.2033
38.4387
37.6937
36.9914
36.3651
35.8583
35.5225
35.4047
35.5366
35.9221
36.5392
37.3455
38.293
39.3364
40.44
41.5778
42.7316
43.8892
45.0421
46.1848
47.313
48.424
49.5159
50.5873
51.6371
52.6647
53.6696
54.6516
55.6103
56.5458
57.458
58.3469
59.2125
60.0551
60.8747
61.6715
62.4456
63.1973
63.9267
64.6342
65.3197
65.9836
66.6262
67.2475
67.8478
68.4273
68.9862
69.5245
70.0425
70.5404
71.0182
71.4761
71.9141
72.3323
72.7308
73.1096
73.4687
73.8082
74.1279
74.4278
74.7078
74.9678
75.2077
75.4273
75.6264
75.8047
75.9621
76.0982
76.2126
76.3051
76.3752
76.4225
76.4465
76.4467
76.4225
76.3734
76.2986
76.1976
76.0696
75.9139
75.7299
75.517
75.2745
75.0022
74.6999
74.3677
74.0064
73.6169
73.201
72.7615
72.3019
71.8266
71.3411
70.8519
70.3659
69.8904
69.4321
68.9965
68.5875
68.2069
67.8546
67.5289
67.2265
66.9437
66.6758
66.418
66.1652
65.9125
65.6545
65.386
65.1016
64.7954
64.4616
64.0937
63.6845
63.2262
62.7099
62.1254
61.4608
60.7023
59.8321
58.8299
48.3284
48.1819
47.9676
47.6918
47.3597
46.976
46.5443
46.0682
45.5504
44.9937
44.4004
43.7728
43.1135
42.4246
41.7093
40.9708
40.2134
39.4433
38.6685
37.9008
37.1577
36.4648
35.8582
35.3839
35.094
35.032
35.2236
35.6647
36.3274
37.1661
38.1333
39.1856
40.2904
41.4239
42.57
43.7178
44.8595
45.9903
47.1065
48.2057
49.2862
50.3467
51.3864
52.4048
53.4014
54.3761
55.3287
56.2592
57.1675
58.0537
58.9179
59.7602
60.5808
61.3796
62.157
62.9131
63.648
64.362
65.0552
65.7278
66.3801
67.012
67.6239
68.2158
68.7881
69.3406
69.8737
70.3874
70.8818
71.3571
71.8132
72.2502
72.6683
73.0673
73.4473
73.8083
74.1503
74.4732
74.7768
75.0612
75.3262
75.5715
75.7972
76.0028
76.1883
76.3533
76.4976
76.6209
76.7227
76.8028
76.8608
76.896
76.9083
76.8969
76.8614
76.8014
76.7161
76.6051
76.4679
76.304
76.1132
75.8951
75.6498
75.3775
75.0788
74.7551
74.4074
74.0382
73.6504
73.2473
72.833
72.4123
71.9902
71.5716
71.1615
70.7638
70.3813
70.016
69.6681
69.3369
69.0203
68.7158
68.42
68.129
67.8387
67.5447
67.2424
66.9269
66.5928
66.2348
65.8469
65.4224
64.9542
64.4341
63.8529
63.1999
62.4624
61.6255
60.6711
59.5767
48.0548
47.8861
47.6514
47.3566
47.0069
46.6065
46.1591
45.6679
45.1358
44.5652
43.9587
43.3183
42.6466
41.9461
41.2196
40.4709
39.7046
38.9271
38.1474
37.3786
36.6401
35.9599
35.3773
34.9406
34.7008
34.6981
34.9504
35.4466
36.153
37.0223
38.0075
39.0681
40.1738
41.3035
42.4426
43.5813
44.7128
45.8326
46.9377
48.0258
49.0954
50.1455
51.1755
52.1848
53.1733
54.1407
55.0869
56.0119
56.9158
57.7987
58.6606
59.5016
60.3219
61.1216
61.9009
62.66
63.3988
64.1178
64.817
65.4966
66.1567
66.7975
67.4191
68.0217
68.6053
69.1702
69.7164
70.244
70.7531
71.2437
71.7159
72.1699
72.6055
73.0228
73.4218
73.8025
74.1648
74.5087
74.8341
75.1409
75.429
75.6983
75.9485
76.1795
76.3912
76.5832
76.7554
76.9073
77.0389
77.1497
77.2393
77.3075
77.3538
77.3778
77.3791
77.3573
77.3119
77.2426
77.1489
77.0306
76.8874
76.7193
76.5262
76.3086
76.0671
75.8025
75.5161
75.2098
74.8856
74.5462
74.1948
73.8346
73.4691
73.1021
72.7368
72.3761
72.0221
71.6762
71.339
71.0101
70.688
70.3711
70.0566
69.7416
69.4226
69.0957
68.7569
68.4013
68.0242
67.6201
67.1831
66.7067
66.1833
65.6049
64.9612
64.2418
63.4329
62.5182
61.4792
60.2917
47.7748
47.5851
47.331
47.0184
46.6519
46.2358
45.7736
45.2683
44.7226
44.1391
43.5201
42.8678
42.1846
41.4732
40.7365
39.9786
39.2043
38.4208
37.6378
36.87
36.1387
35.4751
34.9208
34.5263
34.3408
34.3997
34.7131
35.2632
36.0112
36.9091
37.9107
38.9787
40.0852
41.2114
42.3439
43.4742
44.5963
45.7061
46.8008
47.8785
48.9379
49.9783
50.999
51.9996
52.98
53.9401
54.8798
55.7992
56.6984
57.5773
58.4363
59.2753
60.0945
60.8941
61.6742
62.4351
63.1767
63.8994
64.6031
65.2882
65.9546
66.6027
67.2323
67.8439
68.4373
69.0127
69.5702
70.1099
70.6318
71.136
71.6226
72.0915
72.5429
72.9766
73.3928
73.7913
74.1721
74.5352
74.8805
75.2078
75.5172
75.8085
76.0814
76.3359
76.5718
76.7889
76.9869
77.1657
77.3249
77.4642
77.5835
77.6823
77.7604
77.8173
77.8529
77.8667
77.8583
77.8276
77.7742
77.6979
77.5985
77.4761
77.3309
77.1629
76.9729
76.7615
76.5299
76.2794
76.0116
75.7286
75.4325
75.1257
74.8108
74.4902
74.1663
73.841
73.5158
73.1918
72.8693
72.5479
72.2269
71.9047
71.5792
71.2478
70.9077
70.5552
70.1867
69.7978
69.3837
68.9392
68.4584
67.9346
67.3602
66.7266
66.024
65.24
64.3608
63.3702
62.2463
60.9648
47.4861
47.2765
47.0043
46.6748
46.2927
45.8618
45.3856
44.8671
44.3088
43.7131
43.0824
42.419
41.7251
41.0036
40.2577
39.4915
38.7105
37.9222
37.1377
36.373
35.6519
35.0086
34.4871
34.1394
34.0117
34.1341
34.5083
35.1105
35.8976
36.8217
37.8383
38.9127
40.0199
41.1426
42.2692
43.3917
44.505
45.6055
46.6906
47.7586
48.8085
49.8397
50.8515
51.8438
52.8165
53.7694
54.7027
55.6164
56.5105
57.3853
58.2409
59.0774
59.8948
60.6936
61.4738
62.2354
62.9787
63.7039
64.4111
65.1003
65.7718
66.4257
67.0621
67.681
68.2826
68.867
69.4342
69.9844
70.5175
71.0337
71.5329
72.0151
72.4805
72.929
73.3605
73.7751
74.1726
74.5531
74.9165
75.2627
75.5916
75.903
76.1969
76.473
76.7313
76.9715
77.1935
77.397
77.5818
77.7477
77.8945
78.0217
78.1293
78.2168
78.2841
78.3309
78.3569
78.3618
78.3454
78.3077
78.2486
78.168
78.066
77.943
77.7994
77.6358
77.453
77.2521
77.0342
76.801
76.5538
76.2943
76.0244
75.7456
75.4596
75.1677
74.8707
74.5694
74.2638
73.9537
73.6381
73.3158
72.985
72.6434
72.2883
71.9165
71.5245
71.1081
70.6627
70.1831
69.6631
69.0964
68.475
67.7899
67.0306
66.1848
65.2375
64.1708
62.9626
61.5855
47.1864
46.9583
46.669
46.3237
45.9269
45.4823
44.9931
44.4622
43.892
43.2851
42.6436
41.9698
41.2662
40.5355
39.7813
39.0078
38.2211
37.4295
36.6452
35.886
35.1782
34.559
34.075
33.7783
33.7115
33.8983
34.3324
34.9844
35.8081
36.756
37.786
38.8661
39.9736
41.093
42.2139
43.3293
44.4345
45.5262
46.6023
47.6614
48.7024
49.7249
50.7284
51.7127
52.6779
53.6239
54.5509
55.4589
56.348
57.2184
58.0703
58.9038
59.7192
60.5165
61.296
62.0577
62.8019
63.5287
64.2383
64.9306
65.6061
66.2646
66.9064
67.5315
68.14
68.7319
69.3075
69.8667
70.4095
70.9361
71.4464
71.9404
72.4182
72.8798
73.3251
73.7541
74.1668
74.563
74.9428
75.3061
75.6528
75.9826
76.2957
76.5917
76.8705
77.1321
77.3762
77.6026
77.8111
78.0015
78.1736
78.3272
78.4621
78.578
78.6746
78.7518
78.8094
78.8471
78.8648
78.8624
78.8399
78.7973
78.7346
78.6522
78.5503
78.4294
78.2901
78.1333
77.9598
77.7704
77.5665
77.3491
77.1192
76.8781
76.6267
76.3657
76.0957
75.8169
75.5293
75.2324
74.9252
74.6065
74.2747
73.9274
73.5623
73.1762
72.7658
72.3268
71.8548
71.3447
70.7901
70.1843
69.5195
68.7862
67.973
67.0675
66.0538
64.912
63.6197
62.1468
46.8733
46.6278
46.3226
45.9627
45.5523
45.0949
44.5937
44.0513
43.4703
42.853
42.2016
41.5183
40.8058
40.0668
39.3052
38.5255
37.7343
36.9408
36.1585
35.4074
34.7162
34.1252
33.6833
33.4412
33.438
33.6894
34.1822
34.8812
35.7388
36.7082
37.7501
38.835
39.9425
41.0586
42.1742
43.2829
44.3804
45.4641
46.5317
47.5823
48.615
49.6293
50.6249
51.6017
52.5598
53.4992
54.42
55.3223
56.2064
57.0724
57.9205
58.7508
59.5636
60.3591
61.1373
61.8986
62.643
63.3707
64.0818
64.7765
65.4549
66.1171
66.7632
67.3934
68.0076
68.606
69.1886
69.7555
70.3068
70.8424
71.3624
71.8668
72.3556
72.8288
73.2864
73.7283
74.1546
74.5651
74.9597
75.3385
75.7013
76.048
76.3785
76.6927
76.9905
77.2716
77.536
77.7834
78.0137
78.2268
78.4224
78.6002
78.7602
78.9022
79.0259
79.131
79.2177
79.2855
79.3343
79.3643
79.3751
79.3669
79.3398
79.2939
79.2295
79.1469
79.0465
78.9288
78.7945
78.6442
78.4786
78.2985
78.1044
77.8971
77.677
77.4445
77.1999
76.943
76.6734
76.3906
76.0935
75.7807
75.4506
75.1012
74.7297
74.333
73.9082
73.4507
72.9563
72.4193
71.8341
71.193
70.4877
69.7087
68.8447
67.8813
66.8019
65.587
64.2099
62.6404
46.5439
46.2823
45.9625
45.5892
45.1663
44.6973
44.1851
43.6323
43.0414
42.4146
41.7542
41.0623
40.3418
39.5955
38.8274
38.0426
37.2482
36.4545
35.6763
34.9357
34.2648
33.706
33.3106
33.1268
33.189
33.5046
34.0541
34.7972
35.686
36.6747
37.727
38.8158
39.923
41.036
42.1464
43.2487
44.3391
45.4149
46.4748
47.5175
48.5423
49.5487
50.5369
51.5066
52.4579
53.3908
54.3057
55.2025
56.0816
56.9432
57.7873
58.6144
59.4244
60.2177
60.9944
61.7547
62.4988
63.2268
63.9389
64.6351
65.3157
65.9808
66.6304
67.2646
67.8835
68.4873
69.0759
69.6494
70.2079
70.7514
71.2799
71.7934
72.2919
72.7755
73.244
73.6975
74.1359
74.5592
74.9672
75.3601
75.7375
76.0995
76.4459
76.7767
77.0917
77.3908
77.6737
77.9405
78.1909
78.4247
78.6418
78.8421
79.0252
79.1911
79.3396
79.4705
79.5837
79.679
79.7564
79.8157
79.8568
79.8799
79.885
79.8719
79.8412
79.7927
79.727
79.6442
79.5448
79.4291
79.2976
79.1506
78.9884
78.8114
78.6197
78.4134
78.1922
77.9559
77.7039
77.4353
77.149
76.8435
76.5171
76.1675
75.7923
75.3881
74.9519
74.4792
73.9652
73.4049
72.7916
72.1179
71.3752
70.5533
69.6399
68.6205
67.4773
66.1885
64.727
63.0594
46.1951
45.9188
45.5858
45.2003
44.7662
44.2867
43.7646
43.2026
42.6028
41.9676
41.2991
40.5997
39.8721
39.1195
38.346
37.5573
36.7611
35.9687
35.1968
34.4697
33.8226
33.3006
32.9557
32.8334
32.962
33.341
33.9447
34.729
35.6461
36.6521
37.7133
38.8055
39.9119
41.0216
42.127
43.2232
44.3067
45.3754
46.4277
47.4628
48.4801
49.4794
50.4604
51.4233
52.368
53.2949
54.204
55.0955
55.9697
56.8268
57.6671
58.4907
59.2978
60.0888
60.8636
61.6227
62.366
63.0939
63.8063
64.5036
65.1858
65.853
66.5053
67.1428
67.7657
68.3739
68.9676
69.5468
70.1115
70.6618
71.1977
71.7192
72.2263
72.719
73.1972
73.661
74.1103
74.545
74.9652
75.3707
75.7614
76.1373
76.4982
76.8441
77.1748
77.4902
77.7902
78.0747
78.3434
78.5963
78.8332
79.0539
79.2582
79.4462
79.6174
79.7718
79.9094
80.0298
80.1331
80.2191
80.2878
80.3391
80.3731
80.3898
80.3892
80.3714
80.3366
80.285
80.2165
80.1317
80.0304
79.9129
79.7792
79.6294
79.4632
79.2806
79.0809
78.8639
78.6285
78.3738
78.0984
77.8008
77.479
77.1307
76.7533
76.3436
75.8982
75.4124
74.8818
74.3002
73.6615
72.9573
72.1793
71.3159
70.3552
69.2811
68.0748
66.713
65.1666
63.3985
45.823
45.5337
45.1889
44.7927
44.3488
43.8602
43.3296
42.7594
42.152
41.5095
40.8341
40.1281
39.3945
38.6367
37.859
37.0676
36.271
35.4818
34.7185
34.0081
33.3886
32.9077
32.6173
32.5591
32.7547
33.1957
33.8507
34.6732
35.6158
36.637
37.7059
38.8006
39.906
41.0123
42.1129
43.2031
44.2801
45.3418
46.387
47.415
48.4252
49.4175
50.3917
51.348
52.2866
53.2075
54.111
54.9974
55.8669
56.7197
57.556
58.3761
59.1803
59.9687
60.7415
61.4991
62.2414
62.9687
63.6812
64.379
65.0622
65.731
66.3855
67.0257
67.6517
68.2637
68.8617
69.4457
70.0157
70.5719
71.1143
71.6428
72.1574
72.6581
73.145
73.6181
74.0771
74.5222
74.9531
75.3701
75.7728
76.1612
76.5353
76.8949
77.24
77.5704
77.8859
78.1865
78.4721
78.7424
78.9974
79.2368
79.4606
79.6686
79.8607
80.0365
80.1963
80.3396
80.4666
80.5768
80.6704
80.7474
80.8075
80.8508
80.8773
80.8869
80.8798
80.8559
80.8152
80.7576
80.6833
80.5921
80.4839
80.3583
80.2151
80.0538
79.8739
79.6744
79.4545
79.2128
78.948
78.6582
78.3415
77.9954
77.6169
77.2028
76.7496
76.2525
75.7065
75.1056
74.443
73.7104
72.8987
71.9957
70.9888
69.8603
68.5913
67.1555
65.523
63.6519
45.4232
45.1228
44.7679
44.3627
43.9105
43.4143
42.8766
42.2997
41.6859
41.0374
40.3562
39.6451
38.9067
38.1447
37.3641
36.5713
35.776
34.992
34.2399
33.5494
32.9616
32.5264
32.2939
32.3021
32.5643
33.0655
33.7688
34.6264
35.5917
36.6263
37.7017
38.7981
39.9022
41.005
42.1007
43.1851
44.2558
45.3108
46.3492
47.3702
48.3737
49.3592
50.327
51.2771
52.2097
53.1249
54.0231
54.9045
55.7693
56.6178
57.4503
58.267
59.0681
59.8539
60.6246
61.3805
62.1216
62.8481
63.5603
64.2583
64.9422
65.6121
66.2681
66.9105
67.5391
68.1542
68.7558
69.3439
69.9187
70.48
71.0279
71.5626
72.0838
72.5918
73.0864
73.5676
74.0353
74.4897
74.9305
75.3577
75.7712
76.1711
76.5571
76.9292
77.2873
77.6313
77.961
78.2764
78.5773
78.8636
79.1351
79.3916
79.6331
79.8595
80.0706
80.2661
80.4461
80.6103
80.7587
80.8909
81.0072
81.1072
81.1909
81.2582
81.309
81.3433
81.3608
81.3617
81.3456
81.3125
81.2622
81.1944
81.1088
81.0049
80.8823
80.7402
80.578
80.3946
80.1887
79.9591
79.7043
79.422
79.1102
78.7662
78.3872
77.9696
77.5092
77.0017
76.4416
75.8227
75.1376
74.3778
73.5331
72.5915
71.5384
70.3565
69.0239
67.515
65.7941
63.8186
44.9906
44.681
44.3182
43.9058
43.4472
42.9451
42.402
41.82
41.2014
40.5482
39.8628
39.1476
38.4058
37.6411
36.8589
36.0663
35.2741
34.4974
33.7592
33.0924
32.5404
32.1551
31.9839
32.0599
32.388
32.9471
33.6953
34.5849
35.5706
36.6168
37.6975
38.795
39.8974
40.9966
42.0874
43.1661
44.2305
45.2791
46.3108
47.3253
48.3221
49.3013
50.2629
51.2069
52.1337
53.0435
53.9365
54.813
55.6733
56.5177
57.3464
58.1597
58.9577
59.7409
60.5095
61.2635
62.0031
62.7287
63.4404
64.1383
64.8225
65.4932
66.1505
66.7946
67.4254
68.043
68.6477
69.2394
69.8181
70.3838
70.9367
71.4768
72.004
72.5183
73.0197
73.5083
73.9839
74.4465
74.8962
75.3327
75.7561
76.1662
76.5631
76.9466
77.3166
77.6729
78.0156
78.3445
78.6594
78.9602
79.2468
79.519
79.7767
80.02
80.2483
80.4617
80.6601
80.8433
81.0111
81.1634
81.3001
81.421
81.526
81.6149
81.6875
81.7438
81.7836
81.8065
81.8125
81.8011
81.7722
81.7252
81.6598
81.5753
81.471
81.3462
81.1998
81.0307
80.8377
80.619
80.373
80.0976
79.7905
79.4485
79.0688
78.6478
78.1809
77.6637
77.0899
76.4536
75.7464
74.9599
74.0832
73.1028
72.0045
70.7689
69.3731
67.7883
65.9779
63.8948
44.5186
44.2023
43.8339
43.4167
42.9538
42.4479
41.9013
41.316
40.6944
40.0383
39.3502
38.6326
37.8888
37.1229
36.3407
35.55
34.7628
33.9959
33.2748
32.6354
32.1237
31.7922
31.6854
31.8299
32.2228
32.8369
33.627
34.5454
35.5491
36.6052
37.6902
38.7882
39.8884
40.9838
42.0697
43.1428
44.2011
45.2434
46.2687
47.2767
48.2671
49.24
50.1955
51.1338
52.0551
52.9595
53.8475
54.7193
55.5753
56.4156
57.2406
58.0505
58.8456
59.6262
60.3924
61.1445
61.8828
62.6073
63.3182
64.0158
64.7001
65.3714
66.0296
66.675
67.3076
67.9275
68.5348
69.1295
69.7116
70.2814
70.8387
71.3835
71.9159
72.4359
72.9435
73.4387
73.9213
74.3915
74.8491
75.294
75.7263
76.1459
76.5526
76.9464
77.3272
77.6949
78.0494
78.3906
78.7183
79.0324
79.3328
79.6194
79.8919
80.1504
80.3947
80.6243
80.8394
81.0399
81.2254
81.3958
81.5511
81.6908
81.815
81.9233
82.0156
82.0917
82.1513
82.194
82.2197
82.2277
82.2179
82.1895
82.142
82.0747
81.9867
81.8772
81.745
81.5888
81.4071
81.1982
80.9602
80.6908
80.3875
80.0472
79.6667
79.242
78.7686
78.2414
77.6543
77.0009
76.2722
75.459
74.5505
73.5319
72.3882
71.0979
69.6379
67.9765
66.073
63.8788
43.9992
43.6793
43.3081
42.8887
42.4242
41.9169
41.3691
40.7829
40.1603
39.5033
38.8144
38.0962
37.3523
36.5869
35.8065
35.0197
34.2396
33.4853
32.7846
32.1766
31.7098
31.436
31.396
31.6092
32.0653
32.7312
33.5599
34.5042
35.5237
36.5881
37.6765
38.7743
39.8721
40.9635
42.0443
43.1118
44.1641
45.2
46.2191
47.2207
48.205
49.1719
50.1215
51.0541
51.9699
52.8693
53.7524
54.6197
55.4714
56.3078
57.1291
57.9358
58.728
59.5059
60.2699
61.0202
61.7569
62.4802
63.1904
63.8875
64.5719
65.2434
65.9024
66.5488
67.1829
67.8047
68.4143
69.0117
69.5969
70.1701
70.7313
71.2804
71.8176
72.3427
72.8558
73.3569
73.846
74.323
74.7878
75.2405
75.6809
76.109
76.5247
76.928
77.3186
77.6967
78.062
78.4144
78.7538
79.0801
79.3931
79.6929
79.9788
80.2513
80.51
80.7546
80.9851
81.2011
81.4027
81.5897
81.7616
81.9185
82.0599
82.1858
82.2958
82.3897
82.467
82.5275
82.5706
82.5961
82.6032
82.5913
82.5598
82.5078
82.4344
82.3385
82.2188
82.0739
81.9022
81.7018
81.4706
81.2064
80.9062
80.5668
80.1849
79.7563
79.2762
78.7391
78.1384
77.4674
76.7171
75.8779
74.9368
73.8798
72.6894
71.3441
69.8186
68.0774
66.079
63.7692
43.4226
43.1026
42.732
42.3139
41.8508
41.3451
40.799
40.2145
39.5935
38.938
38.2506
37.534
36.792
36.0292
35.2526
34.472
33.7016
32.9628
32.2863
31.714
31.2967
31.084
31.1129
31.3943
31.9114
32.6259
33.49
34.4573
35.4906
36.562
37.6526
38.7497
39.8447
40.932
42.0076
43.0694
44.1157
45.1455
46.1582
47.1538
48.132
49.0929
50.0368
50.964
51.8746
52.7689
53.6474
54.5102
55.3578
56.1903
57.0082
57.8117
58.601
59.3765
60.1383
60.8867
61.6218
62.344
63.0533
63.75
64.4341
65.1059
65.7655
66.4129
67.0483
67.6717
68.2832
68.883
69.4711
70.0474
70.6121
71.1651
71.7065
72.2363
72.7545
73.2611
73.756
74.2391
74.7106
75.1703
75.6181
76.0541
76.4781
76.89
77.2897
77.6773
78.0525
78.4152
78.7654
79.1028
79.4275
79.7391
80.0376
80.323
80.5947
80.8529
81.0973
81.3277
81.544
81.7458
81.9329
82.1052
82.2624
82.4042
82.5301
82.64
82.7332
82.8097
82.8685
82.9094
82.9317
82.9346
82.9173
82.8789
82.8183
82.7344
82.6257
82.4907
82.3277
82.1346
81.9093
81.649
81.3512
81.0121
80.628
80.1949
79.7072
79.1599
78.5458
77.8569
77.0847
76.2182
75.2446
74.1484
72.9103
71.5088
69.9149
68.0937
65.997
63.5652
42.7759
42.4603
42.0946
41.6818
41.2241
40.7237
40.1829
39.6033
38.987
38.336
37.6529
36.9405
36.2029
35.4452
34.6749
33.903
33.1453
32.4254
31.7772
31.2452
30.8816
30.7336
30.8325
31.1813
31.7569
32.5167
33.4128
34.4006
35.4457
36.5227
37.6148
38.7106
39.8023
40.8851
41.9556
43.0116
44.0519
45.0755
46.0822
47.0715
48.0438
48.999
49.9373
50.8591
51.7646
52.6542
53.5281
54.3867
55.2302
56.0592
56.8737
57.6741
58.4607
59.2337
59.9934
60.74
61.4738
62.1948
62.9033
63.5995
64.2834
64.9554
65.6154
66.2637
66.9002
67.5252
68.1386
68.7405
69.3311
69.9103
70.4782
71.0349
71.5802
72.1144
72.6372
73.1488
73.649
74.138
74.6155
75.0817
75.5364
75.9796
76.4112
76.8311
77.2393
77.6355
78.0199
78.3921
78.7522
79.0999
79.4352
79.7579
80.0677
80.3648
80.6487
80.9194
81.1765
81.42
81.6497
81.8651
82.0661
82.2524
82.4238
82.5799
82.7202
82.8445
82.9521
83.0428
83.1158
83.1706
83.2064
83.2224
83.2178
83.1914
83.1421
83.0687
82.9697
82.8433
82.6877
82.5009
82.2803
82.0232
81.7266
81.3869
81.0001
80.5617
80.0662
79.5079
78.8793
78.1722
77.3776
76.4831
75.4762
74.3392
73.0537
71.5946
69.9302
68.0238
65.8244
63.2665
42.0426
41.7371
41.3818
40.9792
40.5317
40.0414
39.5101
38.9396
38.3319
37.6891
37.0137
36.3089
35.5787
34.8291
34.0682
33.308
32.5663
31.8691
31.2537
30.7668
30.4613
30.381
30.5507
30.9655
31.5967
32.3984
33.3233
34.3292
35.3842
36.4658
37.5585
38.6524
39.7405
40.8186
41.8837
42.9339
43.9681
44.9856
45.9862
46.9696
47.936
48.8855
49.8184
50.735
51.6356
52.5205
53.3901
54.2446
55.0844
55.9098
56.7212
57.5187
58.3027
59.0734
59.8312
60.5761
61.3085
62.0284
62.7362
63.4319
64.1158
64.788
65.4485
66.0976
66.7353
67.3616
67.9768
68.5809
69.1739
69.7558
70.3267
70.8868
71.4358
71.974
72.5011
73.0174
73.5227
74.017
74.5003
74.9725
75.4337
75.8836
76.3223
76.7496
77.1656
77.57
77.9628
78.3439
78.7131
79.0704
79.4156
79.7485
80.0687
80.3766
80.6717
80.9539
81.2226
81.4782
81.7199
81.9479
82.1615
82.3607
82.545
82.714
82.8674
83.0047
83.1254
83.2289
83.3146
83.3818
83.4297
83.4575
83.464
83.4483
83.4091
83.3449
83.2542
83.1353
82.986
82.8042
82.5873
82.3324
82.0363
81.6952
81.3047
80.8603
80.3562
79.7861
79.1425
78.4166
77.5983
76.676
75.6341
74.4559
73.12
71.6012
69.8647
67.871
65.5631
62.8726
41.2008
40.9126
40.5745
40.1889
39.7579
39.2834
38.7672
38.2112
37.617
36.987
36.3236
35.6304
34.9116
34.1737
33.4257
32.6809
31.9592
31.2893
30.7114
30.2749
30.0316
30.0216
30.2622
30.7414
31.4248
32.2652
33.2159
34.2375
35.3008
36.3857
37.4782
38.5696
39.6539
40.727
41.7866
42.831
43.8591
44.8706
45.865
46.8425
47.8032
48.7473
49.6749
50.5865
51.4824
52.3628
53.2282
54.0789
54.9151
55.7373
56.5457
57.3405
58.1222
58.8908
59.6468
60.3903
61.1214
61.8405
62.5477
63.2431
63.927
64.5994
65.2606
65.9105
66.5494
67.1772
67.7942
68.4003
68.9956
69.5802
70.1541
70.7174
71.27
71.812
72.3434
72.8642
73.3742
73.8737
74.3624
74.8403
75.3075
75.7638
76.2092
76.6435
77.0667
77.4788
77.8795
78.2689
78.6467
79.0129
79.3671
79.7094
80.0396
80.3575
80.6631
80.9555
81.2353
81.5018
81.7549
81.9942
82.2195
82.4303
82.6265
82.8073
82.9726
83.1217
83.2543
83.3694
83.4665
83.5449
83.6037
83.6419
83.6585
83.6522
83.6218
83.5658
83.4823
83.3697
83.2257
83.048
82.8338
82.5801
82.2836
81.94
81.5454
81.094
80.5807
79.9983
79.3385
78.593
77.7506
76.7984
75.7211
74.5002
73.113
71.5314
69.7201
67.6337
65.2134
62.3833
40.221
39.9596
39.6477
39.2875
38.8811
38.4301
37.9362
37.4013
36.8271
36.2158
35.5701
34.8937
34.1913
33.4697
32.7391
32.0143
31.3172
30.6797
30.1448
29.764
29.5869
29.6494
29.9605
30.502
31.2344
32.1102
33.0837
34.1189
35.189
36.2759
37.3677
38.4561
39.5361
40.6041
41.658
42.6964
43.7185
44.724
45.7125
46.6843
47.6394
48.5781
49.5008
50.4076
51.299
52.1753
53.0368
53.8839
54.7168
55.5361
56.3417
57.1342
57.9138
58.6807
59.4351
60.1774
60.9076
61.6261
62.3329
63.0282
63.7123
64.3852
65.0471
65.6981
66.3382
66.9676
67.5864
68.1947
68.7925
69.3797
69.9566
70.5231
71.0793
71.6251
72.1606
72.6857
73.2004
73.7048
74.1987
74.6822
75.1552
75.6176
76.0693
76.5103
76.9405
77.3598
77.7681
78.1652
78.5511
78.9256
79.2884
79.6398
79.9791
80.3065
80.6214
80.9239
81.2138
81.4905
81.754
82.0038
82.2398
82.4615
82.6684
82.8602
83.0363
83.1963
83.3395
83.4653
83.5727
83.6613
83.7298
83.7775
83.803
83.8051
83.7825
83.7335
83.6564
83.5491
83.4094
83.2348
83.0225
82.7692
82.4714
82.1248
81.7248
81.2663
80.7425
80.1466
79.4707
78.7042
77.8367
76.8535
75.7394
74.4743
73.0329
71.387
69.4976
67.3158
64.7776
61.7981
39.0623
38.8403
38.5665
38.2431
37.8718
37.4543
36.9924
36.4875
35.9417
35.3571
34.7364
34.0836
33.404
32.7048
31.9974
31.2981
30.6314
30.0323
29.5464
29.2268
29.1201
29.2567
29.6377
30.2389
31.0169
31.9247
32.9185
33.9652
35.0407
36.1288
37.219
38.3039
39.3793
40.4421
41.4902
42.5227
43.5389
44.5384
45.5213
46.4875
47.4373
48.371
49.2889
50.1913
51.0786
51.9511
52.8091
53.653
54.4831
55.2996
56.103
56.8935
57.6714
58.4369
59.1902
59.9316
60.6612
61.3794
62.0862
62.7818
63.4663
64.14
64.8029
65.4552
66.0969
66.7281
67.349
67.9596
68.5599
69.15
69.73
70.2998
70.8596
71.4092
71.9488
72.4783
72.9977
73.5069
74.006
74.4949
74.9735
75.4418
75.8997
76.3472
76.7841
77.2104
77.6259
78.0305
78.4241
78.8066
79.1777
79.5375
79.8853
80.2215
80.5457
80.8574
81.1567
81.443
81.7163
81.976
82.2218
82.4536
82.6706
82.8725
83.0586
83.2286
83.3816
83.517
83.634
83.7318
83.8092
83.8653
83.8989
83.9086
83.8929
83.8501
83.7783
83.6755
83.5394
83.3671
83.1558
82.9021
82.6023
82.2519
81.846
81.379
80.8444
80.2345
79.5408
78.7528
77.8586
76.8444
75.6915
74.3796
72.8837
71.1697
69.1986
66.915
64.2522
61.1166
37.6667
37.5011
37.2817
37.0102
36.6886
36.3183
35.901
35.4384
34.9322
34.3849
33.7993
33.1794
32.5309
31.8621
31.1853
30.5188
29.8896
29.3361
28.9063
28.6535
28.6212
28.8331
29.283
29.941
30.7616
31.6981
32.7098
33.7661
34.8457
35.934
37.022
38.1032
39.1738
40.2312
41.2737
42.3003
43.3107
44.3046
45.2821
46.2432
47.1881
48.1172
49.0308
49.9293
50.8129
51.6821
52.5371
53.3783
54.206
55.0206
55.8222
56.6112
57.3879
58.1525
58.9051
59.6462
60.3758
61.0941
61.8013
62.4976
63.1831
63.8579
64.5223
65.1762
65.8198
66.4532
67.0764
67.6896
68.2928
68.886
69.4693
70.0427
70.6062
71.1599
71.7038
72.2377
72.7618
73.276
73.7803
74.2746
74.7589
75.2331
75.6972
76.151
76.5945
77.0275
77.4501
77.862
78.2631
78.6532
79.0323
79.4
79.7563
80.101
80.4337
80.7544
81.0626
81.3581
81.6404
81.9095
82.1648
82.4058
82.6323
82.8435
83.0392
83.2183
83.3805
83.5248
83.6506
83.7568
83.8424
83.9063
83.9472
83.9636
83.954
83.9167
83.8497
83.7507
83.6172
83.4467
83.2357
82.981
82.6784
82.3235
81.9108
81.4348
80.8885
80.2635
79.5515
78.7411
77.8197
76.7719
75.5793
74.2196
72.665
70.8808
68.8243
66.4352
63.639
60.3379
35.949
35.864
35.7215
35.5234
35.2714
34.9673
34.6124
34.2086
33.7578
33.2623
32.7253
32.151
31.5455
30.918
30.2819
29.6578
29.0752
28.5758
28.2101
28.0304
28.0766
28.3649
28.8824
29.5944
30.4543
31.4166
32.4438
33.5081
34.5906
35.6786
36.7639
37.8413
38.907
39.9591
40.9961
42.0174
43.0224
44.0111
44.9837
45.9401
46.8808
47.806
48.716
49.6113
50.4919
51.3585
52.2112
53.0505
53.8766
54.6898
55.4904
56.2787
57.0549
57.8192
58.572
59.3133
60.0435
60.7626
61.4709
62.1685
62.8555
63.5321
64.1984
64.8545
65.5005
66.1365
66.7627
67.3789
67.9853
68.5821
69.1691
69.7464
70.314
70.872
71.4204
71.9591
72.4882
73.0075
73.5172
74.0171
74.5072
74.9873
75.4576
75.9178
76.3679
76.8078
77.2373
77.6564
78.065
78.4626
78.8493
79.2251
79.5895
79.9423
80.2836
80.6126
80.9294
81.2336
81.5249
81.8028
82.067
82.3171
82.5525
82.7725
82.977
83.1649
83.3356
83.4884
83.6223
83.7364
83.8296
83.9006
83.9482
83.9708
83.9668
83.9343
83.8714
83.7756
83.6444
83.4748
83.2637
83.0072
82.7013
82.341
81.9214
81.4355
80.8769
80.2364
79.5053
78.671
77.7213
76.6385
75.4047
73.9952
72.3805
70.5232
68.3755
65.8752
62.9398
59.461
