50.8289
51.5661
52.1773
52.6838
53.1025
53.4468
53.7277
53.9539
54.133
54.271
54.3731
54.4435
54.4859
54.5035
54.4988
54.4744
54.432
54.3735
54.3003
54.2139
54.1152
54.0054
53.8854
53.7559
53.6176
53.4712
53.3172
53.1561
52.9883
52.8143
52.6344
52.4489
52.2581
52.0623
51.8616
51.6564
51.4468
51.2329
51.0149
50.793
50.5673
50.3378
50.1048
49.8682
49.6283
49.3849
49.1383
48.8885
48.6354
48.3793
48.1201
47.8578
47.5925
47.3241
47.0529
46.7786
46.5014
46.2213
45.9383
45.6523
45.3634
45.0716
44.7768
44.4791
44.1785
43.8748
43.5682
43.2586
42.9459
42.6301
42.3113
41.9893
41.6642
41.3358
41.0043
40.6694
40.3311
39.9895
39.6445
39.2959
38.9437
38.5879
38.2284
37.8651
37.4979
37.1268
36.7516
36.3722
35.9887
35.6007
35.2083
34.8113
34.4096
34.003
33.5914
33.1747
32.7526
32.3251
31.8918
31.4527
31.0075
30.5561
30.098
29.6331
29.1609
28.6816
28.1944
27.6993
27.1957
26.683
26.1611
25.6296
25.0876
24.5346
23.9702
23.3936
22.8037
22.2002
21.5816
20.9475
20.2962
19.6271
18.9381
18.2288
17.497
16.7426
15.9642
15.164
14.3455
13.5208
12.7175
11.9925
11.4528
11.2344
11.3986
11.8671
12.5032
13.2045
13.916
14.6118
15.2802
15.9164
16.5193
17.0889
17.6255
18.1299
18.6035
19.0463
19.4592
19.8431
20.1981
50.9607
51.6732
52.2644
52.7546
53.1598
53.4931
53.7648
53.9835
54.1564
54.2892
54.3871
54.4541
54.4938
54.5092
54.5029
54.4772
54.434
54.3749
54.3015
54.215
54.1165
54.007
53.8875
53.7586
53.621
53.4755
53.3224
53.1623
52.9956
52.8228
52.644
52.4598
52.2703
52.0758
51.8765
51.6726
51.4643
51.2519
51.0353
50.8148
50.5905
50.3625
50.1309
49.8958
49.6573
49.4154
49.1702
48.9218
48.6702
48.4155
48.1577
47.8968
47.6329
47.366
47.0961
46.8232
46.5474
46.2686
45.9869
45.7023
45.4147
45.1242
44.8307
44.5342
44.2348
43.9324
43.627
43.3186
43.0071
42.6925
42.3748
42.0539
41.7299
41.4026
41.0721
40.7382
40.401
40.0603
39.7162
39.3685
39.0173
38.6623
38.3036
37.9411
37.5747
37.2043
36.8297
36.451
36.0681
35.6807
35.2887
34.8921
34.4909
34.0847
33.6733
33.2568
32.8348
32.4073
31.974
31.5348
31.0893
30.6375
30.179
29.7133
29.2407
28.7605
28.2724
27.7762
27.2713
26.7572
26.2338
25.7004
25.1565
24.6012
24.0344
23.455
22.8621
22.2554
21.6335
20.9951
20.3399
19.6658
18.9722
18.2572
17.5203
16.7597
15.9763
15.1707
14.3495
13.5257
12.7314
12.0329
11.5458
11.4021
11.6383
12.1548
12.8179
13.5349
14.2575
14.9635
15.6429
16.2917
16.909
17.4951
18.0501
18.5752
19.0713
19.539
19.979
20.3924
20.779
51.077
51.7657
52.3375
52.8117
53.2039
53.5263
53.789
54.0004
54.1672
54.295
54.3888
54.4524
54.4895
54.5028
54.4949
54.4679
54.4239
54.3642
54.2905
54.204
54.1056
53.9965
53.8775
53.7492
53.6124
53.4677
53.3155
53.1565
52.9909
52.8192
52.6416
52.4586
52.2704
52.0772
51.8792
51.6767
51.4698
51.2587
51.0435
50.8245
50.6016
50.375
50.1448
49.9112
49.674
49.4336
49.1898
48.9428
48.6926
48.4393
48.1828
47.9233
47.6608
47.3952
47.1266
46.8551
46.5806
46.3031
46.0226
45.7392
45.4529
45.1636
44.8713
44.5761
44.2778
43.9765
43.6723
43.3649
43.0545
42.7409
42.4243
42.1044
41.7814
41.4551
41.1254
40.7925
40.4562
40.1164
39.7731
39.4262
39.0757
38.7214
38.3634
38.0016
37.6357
37.2659
36.8919
36.5137
36.1311
35.7441
35.3525
34.9562
34.5551
34.1489
33.7376
33.3211
32.8991
32.4714
32.0379
31.5983
31.1524
30.7001
30.241
29.7748
29.3013
28.8201
28.3309
27.8334
27.3271
26.8114
26.2862
25.7509
25.2049
24.6474
24.0777
23.4956
22.8998
22.2894
21.6639
21.022
20.3621
19.6838
18.9849
18.2652
17.5225
16.757
15.9679
15.1585
14.3345
13.5134
12.731
12.0627
11.6334
11.5659
11.8692
12.4281
13.1135
13.8425
14.5729
15.2857
15.9721
16.6297
17.257
17.8545
18.4226
18.9624
19.4748
19.9605
20.4201
20.8545
21.264
51.1774
51.8431
52.396
52.8548
53.2342
53.5461
53.8002
54.0043
54.1651
54.2881
54.3779
54.4383
54.4727
54.484
54.4745
54.4464
54.4015
54.3414
54.2675
54.1809
54.0828
53.974
53.8555
53.7279
53.5918
53.448
53.2968
53.1388
52.9743
52.8037
52.6274
52.4456
52.2587
52.0668
51.8702
51.669
51.4635
51.2538
51.0401
50.8224
50.6009
50.3758
50.147
49.9148
49.6791
49.44
49.1977
48.9521
48.7032
48.4513
48.1962
47.938
47.6768
47.4126
47.1453
46.875
46.6018
46.3256
46.0463
45.7642
45.479
45.1909
44.8997
44.6056
44.3085
44.0083
43.7051
43.3988
43.0894
42.7768
42.4611
42.1422
41.82
41.4946
41.1659
40.8338
40.4982
40.1592
39.8166
39.4704
39.1206
38.767
38.4095
38.0482
37.6829
37.3135
36.9399
36.5621
36.1798
35.7931
35.4016
35.0055
34.6046
34.1985
33.7872
33.3705
32.9483
32.5203
32.0864
31.6464
31.2
30.747
30.2871
29.8201
29.3456
28.8633
28.373
27.874
27.3662
26.8491
26.3218
25.7844
25.2361
24.6762
24.1042
23.5189
22.9201
22.3065
21.6771
21.0312
20.3675
19.6843
18.9811
18.2559
17.5085
16.7374
15.9439
15.1301
14.3051
13.4875
12.7202
12.0871
11.7199
11.7288
12.0943
12.6904
13.3939
14.1319
14.8678
15.585
16.2761
16.9391
17.5731
18.1785
18.7558
19.3061
19.8302
20.3289
20.8027
21.2526
21.6789
51.2616
51.9049
52.4396
52.8834
53.2505
53.5521
53.7977
53.9949
54.1499
54.2681
54.354
54.4113
54.4432
54.4525
54.4416
54.4124
54.3667
54.3062
54.2321
54.1455
54.0477
53.9393
53.8214
53.6945
53.5593
53.4163
53.2661
53.1092
52.9459
52.7765
52.6014
52.421
52.2353
52.0448
51.8496
51.6498
51.4457
51.2375
51.0252
50.8089
50.5889
50.3652
50.1379
49.9071
49.6728
49.4352
49.1942
48.9501
48.7026
48.4521
48.1983
47.9415
47.6816
47.4187
47.1528
46.8838
46.6118
46.3368
46.0588
45.7778
45.4938
45.2069
44.9168
44.6238
44.3278
44.0286
43.7264
43.4212
43.1127
42.8011
42.4864
42.1683
41.8471
41.5225
41.1945
40.8632
40.5284
40.19
39.8482
39.5026
39.1533
38.8003
38.4434
38.0826
37.7177
37.3487
36.9755
36.5979
36.2159
35.8294
35.4382
35.0421
34.641
34.2348
33.8234
33.4065
32.9842
32.5559
32.1216
31.6811
31.2341
30.7803
30.3197
29.8517
29.3761
28.8927
28.401
27.9006
27.3912
26.8723
26.3431
25.8037
25.2531
24.6908
24.1161
23.5282
22.9259
22.3091
21.6764
21.0262
20.3584
19.6711
18.9629
18.2333
17.4804
16.7048
15.9069
15.0897
14.2642
13.4518
12.7024
12.1093
11.8088
11.8928
12.3154
12.9433
13.6618
14.4066
15.146
15.8658
16.5596
17.226
17.8644
18.475
19.0587
19.6163
20.1488
20.6568
21.1408
21.6021
22.0409
51.3291
51.9508
52.4678
52.897
53.2521
53.5438
53.7812
53.9715
54.121
54.2346
54.3167
54.371
54.4006
54.408
54.3957
54.3655
54.3192
54.2583
54.1841
54.0977
54.0001
53.8923
53.775
53.6488
53.5145
53.3726
53.2235
53.0677
52.9056
52.7375
52.5637
52.3846
52.2004
52.0113
51.8175
51.6192
51.4166
51.2098
50.999
50.7843
50.5657
50.3435
50.1177
49.8884
49.6556
49.4194
49.1799
48.9372
48.6912
48.442
48.1897
47.9343
47.6758
47.4142
47.1495
46.8818
46.6111
46.3374
46.0606
45.7808
45.498
45.2122
44.9233
44.6314
44.3364
44.0384
43.7372
43.4329
43.1254
42.8148
42.5009
42.1838
41.8633
41.5396
41.2124
40.8818
40.5477
40.2101
39.8688
39.5239
39.1752
38.8227
38.4663
38.1059
37.7414
37.3728
36.9998
36.6225
36.2408
35.8544
35.4632
35.0671
34.6662
34.26
33.8483
33.4312
33.0084
32.5797
32.1452
31.704
31.2564
30.8019
30.3403
29.8714
29.3948
28.9101
28.4171
27.9153
27.4043
26.8836
26.3527
25.8109
25.2581
24.6934
24.116
23.5252
22.9202
22.2997
21.6634
21.0098
20.3376
19.646
18.9336
18.1989
17.4416
16.6612
15.8586
15.0391
14.2134
13.4087
12.6801
12.1325
11.9022
12.0594
12.5336
13.1888
13.9195
14.6693
15.4107
16.1312
16.8267
17.4949
18.1358
18.7497
19.3373
19.9
20.4383
20.9531
21.4449
21.9144
22.362
51.3792
51.98
52.4798
52.895
53.2383
53.5205
53.7499
53.9337
54.0777
54.1869
54.2655
54.3169
54.3442
54.3499
54.3363
54.3053
54.2584
54.1973
54.1231
54.0369
53.9398
53.8325
53.7159
53.5907
53.4574
53.3165
53.1686
53.014
52.8532
52.6865
52.5141
52.3365
52.1537
51.9661
51.7738
51.5771
51.376
51.1708
50.9616
50.7484
50.5315
50.3108
50.0866
49.8588
49.6276
49.3929
49.1549
48.9137
48.6692
48.4215
48.1706
47.9166
47.6595
47.3992
47.136
46.8696
46.6002
46.3277
46.0522
45.7737
45.4921
45.2074
44.9197
44.6289
44.335
44.038
43.7379
43.4346
43.1281
42.8184
42.5054
42.1892
41.8696
41.5467
41.2203
40.8905
40.5571
40.2201
39.8795
39.5352
39.187
38.8351
38.4791
38.1192
37.7551
37.3868
37.0142
36.6371
36.2555
35.8692
35.4783
35.0822
34.6811
34.2747
33.8631
33.4458
33.0226
32.5935
32.1582
31.7166
31.2685
30.8132
30.3508
29.8809
29.4032
28.9173
28.4229
27.9196
27.407
26.8846
26.3518
25.8082
25.2532
24.6857
24.1057
23.5121
22.904
22.2806
21.6405
20.9832
20.3073
19.6115
18.8943
18.1552
17.3933
16.6079
15.8019
14.9796
14.1557
13.3602
12.6566
12.1593
12.0018
12.2296
12.7499
13.4282
14.1686
14.9218
15.6641
16.3847
17.0803
17.7491
18.3912
19.0066
19.5971
20.1631
20.7054
21.2248
21.7219
22.1972
22.6513
51.4113
51.9918
52.475
52.8765
53.2086
53.4814
53.7031
53.8805
54.0194
54.1244
54.1996
54.2483
54.2735
54.2776
54.2629
54.2311
54.1838
54.1225
54.0485
53.9627
53.8661
53.7596
53.6438
53.5196
53.3873
53.2477
53.101
52.9478
52.7884
52.6232
52.4524
52.2763
52.0951
51.9091
51.7185
51.5234
51.324
51.1204
50.9129
50.7014
50.4861
50.2671
50.0445
49.8184
49.5887
49.3557
49.1194
48.8797
48.6367
48.3906
48.1412
47.8887
47.633
47.3742
47.1124
46.8474
46.5794
46.3082
46.034
45.7568
45.4764
45.193
44.9065
44.6168
44.3241
44.0282
43.7291
43.4269
43.1214
42.8126
42.5006
42.1853
41.8666
41.5445
41.2189
40.8898
40.5572
40.2209
39.8809
39.5372
39.1897
38.8383
38.4828
38.1233
37.7596
37.3917
37.0194
36.6426
36.2612
35.8751
35.4841
35.0881
34.6871
34.2806
33.8687
33.451
33.0278
32.5983
32.1626
31.7203
31.2713
30.8153
30.3523
29.8814
29.4026
28.9156
28.4199
27.9151
27.4009
26.8768
26.3422
25.7965
25.2392
24.6697
24.0871
23.4904
22.8793
22.2527
21.6094
20.9485
20.2683
19.5683
18.8471
18.1036
17.3367
16.5474
15.7377
14.9137
14.0923
13.3079
12.6337
12.1917
12.1089
12.4032
12.9646
13.6624
14.4104
15.1657
15.9079
16.6278
17.3227
17.9911
18.633
19.2496
19.8414
20.4093
20.9541
21.4763
21.9769
22.4564
22.915
51.4245
51.9853
52.4525
52.8407
53.1619
53.4257
53.6399
53.8113
53.9452
54.0462
54.1181
54.1643
54.1876
54.1903
54.1746
54.1422
54.0946
54.0334
53.9596
53.8743
53.7784
53.6728
53.558
53.4349
53.3039
53.1656
53.0204
52.8687
52.7108
52.5472
52.378
52.2036
52.0242
51.8399
51.6511
51.4578
51.2601
51.0584
50.8526
50.6429
50.4294
50.2122
49.9914
49.767
49.5391
49.3078
49.0731
48.8351
48.5938
48.3493
48.1016
47.8506
47.5965
47.3393
47.0789
46.8154
46.5488
46.2791
46.0063
45.7303
45.4513
45.1692
44.8839
44.5955
44.3039
44.0092
43.7112
43.41
43.1056
42.7979
42.4869
42.1725
41.8547
41.5335
41.2087
40.8805
40.5486
40.213
39.8738
39.5307
39.1838
38.8329
38.478
38.119
37.7557
37.3882
37.0162
36.6397
36.2586
35.8726
35.4817
35.0859
34.6847
34.2782
33.8663
33.4485
33.0247
32.5951
32.1589
31.7161
31.2665
30.8097
30.3456
29.8741
29.3943
28.9061
28.4091
27.903
27.3872
26.8614
26.3249
25.7772
25.2178
24.6459
24.0608
23.4617
22.8477
22.2175
21.5709
20.9063
20.2226
19.5186
18.7927
18.0447
17.2737
16.4803
15.6669
14.8422
14.0245
13.2541
12.6135
12.2317
12.2242
12.5806
13.1781
13.8922
14.646
15.4024
16.1438
16.8622
17.5556
18.2226
18.8642
19.4807
20.0729
20.6413
21.1875
21.7118
22.2147
22.6968
23.1584
51.4179
51.9597
52.4113
52.7867
53.0973
53.3524
53.5595
53.725
53.8541
53.9513
54.0202
54.0641
54.0856
54.0871
54.0705
54.0377
53.9901
53.929
53.8557
53.771
53.676
53.5714
53.4578
53.336
53.2064
53.0696
52.926
52.7759
52.6198
52.458
52.2906
52.118
51.9405
51.7581
51.5712
51.3798
51.1842
50.9843
50.7805
50.5728
50.3612
50.1459
49.927
49.7045
49.4785
49.249
49.0162
48.78
48.5404
48.2977
48.0516
47.8024
47.5499
47.2943
47.0356
46.7736
46.5085
46.2403
45.969
45.6945
45.4169
45.1361
44.8522
44.5651
44.2748
43.9812
43.6845
43.3845
43.0812
42.7745
42.4645
42.1512
41.8343
41.5141
41.1902
40.8628
40.5318
40.197
39.8585
39.5161
39.1699
38.8196
38.4653
38.1068
37.744
37.3769
37.0053
36.6292
36.2483
35.8627
35.4719
35.076
34.6751
34.2685
33.8563
33.4386
33.0146
32.5844
32.148
31.7048
31.2546
30.7972
30.3323
29.8599
29.379
28.8897
28.3915
27.8841
27.3668
26.8393
26.3011
25.7515
25.1899
24.6157
24.0281
23.4263
22.8095
22.1766
21.5266
20.8584
20.1706
19.4625
18.7327
17.9804
17.2051
16.4073
15.5913
14.7663
13.9533
13.2003
12.5979
12.2809
12.3481
12.7618
13.3906
14.1183
14.8763
15.6329
16.3723
17.0891
17.7806
18.446
19.0862
19.7019
20.2933
20.8621
21.4087
21.9338
22.438
22.9213
23.3848
51.3905
51.914
52.3504
52.7134
53.0138
53.2604
53.4607
53.6206
53.7452
53.8388
53.9049
53.9466
53.9665
53.967
53.9498
53.9167
53.8692
53.8085
53.7358
53.652
53.558
53.4546
53.3424
53.222
53.094
52.9589
52.8171
52.6689
52.5146
52.3547
52.1894
52.0189
51.8434
51.6631
51.4783
51.289
51.0955
50.8978
50.6961
50.4904
50.281
50.0678
49.8509
49.6305
49.4065
49.179
48.9481
48.7139
48.4763
48.2354
47.9912
47.7438
47.4932
47.2393
46.9823
46.722
46.4586
46.192
45.9223
45.6493
45.3732
45.0939
44.8114
44.5257
44.2367
43.9445
43.649
43.3503
43.0482
42.7427
42.4339
42.1216
41.8058
41.4865
41.1637
40.8372
40.5071
40.1732
39.8354
39.4939
39.1483
38.7988
38.4451
38.0872
37.725
37.3584
36.9872
36.6115
36.231
35.8455
35.455
35.0595
34.6585
34.2521
33.8399
33.4218
32.9979
32.5675
32.1305
31.6871
31.2364
30.7784
30.3128
29.8393
29.3578
28.8674
28.3681
27.8593
27.3406
26.8116
26.2716
25.7201
25.1565
24.58
23.99
23.3856
22.7659
22.1299
21.4767
20.805
20.1137
19.4017
18.6678
17.9107
17.1312
16.33
15.5115
14.6864
13.8807
13.1478
12.5885
12.3403
12.4806
12.9466
13.6025
14.341
15.102
15.858
16.5954
17.3098
17.9985
18.662
19.3005
19.9144
20.5052
21.0733
21.6197
22.1445
22.649
23.1332
23.5975
51.3414
51.847
52.2688
52.6197
52.9102
53.1488
53.3424
53.497
53.6173
53.7074
53.7709
53.8107
53.8293
53.8288
53.8112
53.7781
53.7309
53.6707
53.5988
53.5161
53.4233
53.3213
53.2106
53.092
52.9658
52.8326
52.6927
52.5465
52.3944
52.2367
52.0736
51.9053
51.7321
51.5541
51.3716
51.1847
50.9935
50.7981
50.5987
50.3954
50.1882
49.9773
49.7627
49.5445
49.3227
49.0974
48.8687
48.6366
48.4011
48.1622
47.9201
47.6747
47.426
47.174
46.9188
46.6604
46.3988
46.134
45.8659
45.5947
45.3202
45.0425
44.7615
44.4773
44.1898
43.8991
43.605
43.3076
43.0068
42.7026
42.395
42.0839
41.7693
41.4511
41.1293
40.8038
40.4747
40.1417
39.8049
39.4642
39.1195
38.7707
38.4177
38.0605
37.699
37.3329
36.9623
36.5871
36.207
35.8218
35.4318
35.0364
34.6357
34.2293
33.8174
33.3993
32.975
32.5446
32.1074
31.6634
31.2125
30.754
30.2877
29.8135
29.3312
28.8398
28.3394
27.8294
27.3093
26.7788
26.2374
25.6841
25.1185
24.5399
23.9476
23.3406
22.7181
22.0792
21.4227
20.7475
20.0522
19.3362
18.5981
17.8373
17.0536
16.2489
15.4278
14.6044
13.8074
13.0982
12.5873
12.4108
12.6217
13.1347
13.8137
14.561
15.3238
16.0785
16.8134
17.525
18.2109
18.872
19.5079
20.1203
20.7095
21.2762
21.8216
22.3461
22.8503
23.3341
23.7984
51.2693
51.7576
52.1652
52.5045
52.7854
53.0162
53.2034
53.3529
53.4691
53.5561
53.6172
53.6552
53.6726
53.6715
53.6537
53.6207
53.5739
53.5145
53.4437
53.3621
53.2708
53.1704
53.0615
52.9448
52.8206
52.6895
52.5518
52.408
52.2582
52.1029
51.9422
51.7764
51.6057
51.4303
51.2503
51.0659
50.8773
50.6845
50.4876
50.2868
50.0822
49.8738
49.6616
49.4459
49.2265
49.0036
48.7773
48.5475
48.3143
48.0777
47.8378
47.5945
47.3479
47.0981
46.8449
46.5885
46.3289
46.066
45.7998
45.5303
45.2577
44.9817
44.7024
44.4199
44.134
43.8448
43.5522
43.2563
42.9569
42.6541
42.3479
42.0381
41.7247
41.4078
41.0872
40.7629
40.4348
40.1029
39.7671
39.4273
39.0835
38.7356
38.3835
38.0271
37.6662
37.3009
36.931
36.5562
36.1766
35.7921
35.4023
35.0074
34.6069
34.2009
33.7889
33.3711
32.9468
32.5161
32.079
31.6347
31.1835
30.7245
30.2577
29.7829
29.2998
28.8076
28.3061
27.795
27.2736
26.7419
26.1987
25.6437
25.0761
24.4954
23.9007
23.2913
22.6661
22.0242
21.3645
20.6859
19.9873
19.2674
18.5253
17.7603
16.9726
16.164
15.3418
14.5207
13.7345
13.0527
12.5957
12.4929
12.771
13.3259
14.0244
14.7786
15.5422
16.2951
17.0272
17.7352
18.4185
19.0767
19.7101
20.3202
20.9072
21.4725
22.0166
22.5397
23.0429
23.5263
23.99
51.1732
51.6447
52.0386
52.3665
52.6382
52.8614
53.0425
53.1871
53.2994
53.3835
53.4423
53.4788
53.4953
53.4937
53.4758
53.4431
53.397
53.3386
53.269
53.1889
53.0993
53.0007
52.8938
52.7792
52.6573
52.5285
52.3933
52.252
52.1048
51.9521
51.7941
51.6311
51.4632
51.2905
51.1134
50.9318
50.7459
50.556
50.3619
50.1639
49.962
49.7564
49.547
49.3339
49.1172
48.897
48.6732
48.446
48.2153
47.9812
47.7437
47.5028
47.2586
47.011
46.7601
46.5059
46.2484
45.9876
45.7235
45.456
45.1853
44.9112
44.6338
44.3531
44.069
43.7815
43.4906
43.1963
42.8985
42.5973
42.2925
41.9841
41.6722
41.3566
41.0373
40.7143
40.3874
40.0567
39.722
39.3834
39.0406
38.6937
38.3425
37.987
37.627
37.2625
36.8933
36.5193
36.1404
35.7563
35.3672
34.9726
34.5726
34.1668
33.7552
33.3374
32.9135
32.4829
32.0457
31.6013
31.1495
30.6905
30.2233
29.7478
29.2641
28.7711
28.2687
27.7565
27.2343
26.701
26.1563
25.5996
25.0302
24.4474
23.8505
23.2389
22.6111
21.9663
21.3035
20.6215
19.9192
19.1955
18.4489
17.6798
16.8883
16.0771
15.2538
14.4361
13.6632
13.0134
12.615
12.587
12.9284
13.5199
14.2347
14.9941
15.7577
16.5079
17.2372
17.9419
18.6218
19.2766
19.9075
20.5148
21.0998
21.6631
22.2051
22.727
23.2288
23.7106
24.1732
51.052
51.5072
51.8876
52.2046
52.4673
52.6832
52.8584
52.9983
53.107
53.1882
53.2451
53.2802
53.2958
53.2939
53.2762
53.2441
53.1989
53.1416
53.0734
52.995
52.9072
52.8107
52.7061
52.5938
52.4744
52.3482
52.2157
52.0772
51.9329
51.7831
51.6281
51.4681
51.3032
51.1337
50.9596
50.7811
50.5984
50.4115
50.2205
50.0256
49.8268
49.6241
49.4177
49.2076
48.9939
48.7765
48.5556
48.3312
48.1033
47.8719
47.6371
47.3988
47.1572
46.9121
46.6637
46.4119
46.1568
45.8983
45.6365
45.3712
45.1027
44.8307
44.5554
44.2766
43.9945
43.7089
43.4198
43.1273
42.8313
42.5317
42.2286
41.9219
41.6115
41.2974
40.9796
40.6579
40.3325
40.003
39.6697
39.3322
38.9907
38.6449
38.2948
37.9403
37.5813
37.2178
36.8494
36.4763
36.0981
35.7149
35.3265
34.9325
34.5331
34.1277
33.7165
33.299
32.8754
32.4449
32.0076
31.5634
31.1115
30.6523
30.1848
29.7089
29.2246
28.7309
28.2278
27.7149
27.1913
26.6567
26.1106
25.5523
24.9815
24.3968
23.7977
23.1834
22.5529
21.9053
21.2394
20.5541
19.8482
19.1206
18.3705
17.5974
16.8021
15.9881
15.1644
14.3516
13.5942
12.9815
12.6463
12.6929
13.0927
13.7164
14.4448
15.2075
15.9708
16.7183
17.4442
18.1453
18.8217
19.4732
20.101
20.7055
21.288
21.8486
22.3888
22.9084
23.4084
23.8889
24.3496
50.9045
51.3438
51.7112
52.0175
52.2714
52.4802
52.6498
52.7852
52.8904
52.969
53.024
53.058
53.073
53.071
53.0535
53.0221
52.978
52.9221
52.8555
52.779
52.6933
52.5991
52.4969
52.3872
52.2706
52.1473
52.0177
51.8822
51.7411
51.5945
51.4428
51.2861
51.1245
50.9583
50.7876
50.6126
50.4332
50.2497
50.0622
49.8706
49.6752
49.4759
49.2728
49.066
48.8554
48.6413
48.4235
48.2022
47.9774
47.749
47.5171
47.2818
47.043
46.8007
46.555
46.3059
46.0534
45.7975
45.5381
45.2754
45.0092
44.7395
44.4665
44.19
43.91
43.6265
43.3395
43.049
42.7549
42.4572
42.1559
41.851
41.5423
41.2299
40.9137
40.5937
40.2698
39.9419
39.6099
39.2739
38.9337
38.5892
38.2404
37.8871
37.5293
37.1668
36.7995
36.4274
36.0502
35.6677
35.2801
34.887
34.4881
34.0835
33.6727
33.2559
32.8324
32.4025
31.9654
31.5213
31.0695
30.6102
30.1425
29.6664
29.1816
28.6874
28.1836
27.6699
27.1453
26.6096
26.0622
25.5027
24.9299
24.3433
23.7422
23.1255
22.4925
21.8425
21.1735
20.4849
19.7754
19.0441
18.29
17.513
16.7142
15.8977
15.0738
14.2674
13.5296
12.9584
12.6905
12.8106
13.2639
13.9154
14.6548
15.42
16.1819
16.9264
17.6482
18.3459
19.0183
19.6666
20.2909
20.8926
21.472
22.0304
22.5679
23.0855
23.5834
24.0615
24.5206
50.7296
51.1533
51.508
51.8039
52.0494
52.2513
52.4155
52.5465
52.6484
52.7246
52.7779
52.8107
52.8253
52.8233
52.8064
52.7758
52.7329
52.6786
52.6138
52.5394
52.456
52.3642
52.2647
52.1579
52.0442
51.924
51.7977
51.6656
51.5278
51.3848
51.2366
51.0834
50.9256
50.763
50.5961
50.4247
50.2491
50.0693
49.8855
49.6977
49.5059
49.3103
49.1108
48.9076
48.7006
48.49
48.2757
48.0578
47.8364
47.6113
47.3827
47.1505
46.9149
46.6757
46.4331
46.187
45.9374
45.6843
45.4277
45.1676
44.9041
44.637
44.3665
44.0924
43.8148
43.5337
43.249
42.9607
42.6688
42.3732
42.074
41.7711
41.4644
41.1538
40.8395
40.5213
40.1991
39.8728
39.5425
39.2081
38.8694
38.5264
38.179
37.8271
37.4706
37.1094
36.7434
36.3724
35.9963
35.6151
35.2285
34.8361
34.4382
34.0343
33.6244
33.2082
32.7853
32.3559
31.9192
31.4754
31.0238
30.5646
30.0968
29.6206
29.1356
28.641
28.1366
27.6222
27.0968
26.56
26.0117
25.4506
24.8762
24.2878
23.685
23.0661
22.4306
21.7775
21.1055
20.4136
19.7006
18.9655
18.2076
17.4267
16.6245
15.806
14.9837
14.1854
13.4701
12.9457
12.7483
12.9397
13.4412
14.1166
14.8648
15.6315
16.3915
17.1326
17.8506
18.5443
19.2129
19.8572
20.4784
21.0766
21.6533
22.2085
22.7436
23.2584
23.7539
24.23
24.6865
50.5261
50.9347
51.277
51.5628
51.8
51.9953
52.154
52.2809
52.3796
52.4535
52.5052
52.5372
52.5513
52.5495
52.5332
52.5037
52.4621
52.4095
52.3467
52.2745
52.1936
52.1046
52.008
51.9042
51.7937
51.6769
51.5541
51.4255
51.2915
51.1522
51.0078
50.8586
50.7047
50.5462
50.3832
50.2159
50.0444
49.8687
49.6889
49.5052
49.3174
49.1258
48.9303
48.7311
48.528
48.3213
48.1108
47.8967
47.6789
47.4575
47.2326
47.004
46.7718
46.5361
46.2968
46.0539
45.8075
45.5576
45.3041
45.047
44.7864
44.5223
44.2546
43.9832
43.7083
43.4298
43.1477
42.8618
42.5724
42.2792
41.9822
41.6815
41.377
41.0686
40.7563
40.4401
40.1199
39.7956
39.4671
39.1345
38.7976
38.4563
38.1105
37.7602
37.4053
37.0456
36.681
36.3114
35.9367
35.5565
35.1711
34.7801
34.3831
33.9803
33.5714
33.1558
32.7339
32.3049
31.869
31.4255
30.9745
30.5153
30.048
29.5717
29.0867
28.5918
28.0873
27.5721
27.046
26.5087
25.959
25.3966
24.821
24.231
23.6259
23.0049
22.367
21.7115
21.0366
20.3415
19.625
18.8862
18.1244
17.3398
16.5345
15.7144
14.8941
14.1061
13.4171
12.9446
12.8203
13.0797
13.6241
14.32
15.0751
15.8422
16.5994
17.3374
18.0513
18.7406
19.4056
20.0461
20.6634
21.2585
21.8317
22.3843
22.9162
23.4285
23.921
24.3945
24.8486
50.2929
50.6869
51.017
51.2929
51.522
51.7108
51.8644
51.9872
52.0828
52.1545
52.2047
52.2359
52.2498
52.2483
52.2327
52.2043
52.1642
52.1134
52.0528
51.983
51.9047
51.8186
51.725
51.6245
51.5175
51.4043
51.2852
51.1605
51.0304
50.8951
50.7549
50.6099
50.4603
50.3061
50.1475
49.9846
49.8174
49.6462
49.4708
49.2914
49.1081
48.9209
48.7297
48.5348
48.3361
48.1336
47.9273
47.7173
47.5036
47.2863
47.0653
46.8406
46.6123
46.3803
46.1447
45.9055
45.6627
45.4162
45.1662
44.9125
44.6551
44.3942
44.1296
43.8614
43.5894
43.3138
43.0345
42.7515
42.4647
42.1742
41.8798
41.5816
41.2796
40.9736
40.6636
40.3497
40.0317
39.7095
39.3832
39.0526
38.7177
38.3783
38.0345
37.686
37.3329
36.9749
36.612
36.2441
35.8707
35.4923
35.1083
34.7184
34.3229
33.9214
33.5134
33.0991
32.6782
32.2501
31.815
31.3722
30.9218
30.4631
29.9961
29.5201
29.0351
28.5402
28.0355
27.52
26.9936
26.4552
25.9046
25.3414
24.7642
24.1726
23.5657
22.943
22.3028
21.6443
20.9665
20.2682
19.5487
18.8062
18.0407
17.2524
16.4441
15.623
14.8059
14.0304
13.3721
12.9564
12.9065
13.2302
13.8127
14.5255
15.2858
16.0527
16.807
17.5407
18.251
18.936
19.5966
20.2335
20.8471
21.4384
22.0085
22.5576
23.0867
23.5958
24.0857
24.556
25.0073
50.0291
50.4086
50.7269
50.9931
51.2143
51.3967
51.5453
51.6641
51.7568
51.8263
51.8752
51.9056
51.9193
51.9181
51.9034
51.8762
51.8377
51.7889
51.7305
51.6632
51.5878
51.5046
51.4143
51.3173
51.2139
51.1045
50.9893
50.8687
50.7428
50.6119
50.4761
50.3356
50.1905
50.0409
49.887
49.7288
49.5664
49.3999
49.2293
49.0547
48.8761
48.6936
48.5072
48.317
48.1229
47.925
47.7234
47.5179
47.3087
47.0958
46.8791
46.6588
46.4347
46.2069
45.9754
45.7402
45.5013
45.2587
45.0125
44.7625
44.5088
44.2514
43.9904
43.7255
43.4569
43.1846
42.9085
42.6286
42.3448
42.0573
41.7658
41.4705
41.1712
40.8679
40.5606
40.2492
39.9337
39.614
39.2901
38.9618
38.6292
38.2921
37.9504
37.604
37.2529
36.897
36.536
36.1699
35.7986
35.4218
35.0394
34.6513
34.2574
33.8571
33.4508
33.0379
32.618
32.1912
31.7572
31.3153
30.8658
30.4078
29.9415
29.4659
28.9812
28.4865
27.9818
27.466
26.9393
26.4004
25.8493
25.2848
24.7064
24.1137
23.5051
22.8801
22.2376
21.577
20.8964
20.1949
19.4716
18.7255
17.9567
17.165
16.3541
15.5324
14.7199
13.9594
13.3363
12.9823
13.0071
13.3904
14.0063
14.7333
15.4973
16.2631
17.0143
17.744
18.4495
19.1306
19.787
20.4196
21.0297
21.6173
22.1836
22.7296
23.2552
23.7614
24.2479
24.7154
25.1634
49.7333
50.0987
50.4055
50.6622
50.8758
51.0519
51.1955
51.3105
51.4003
51.4678
51.5153
51.545
51.5587
51.5579
51.5439
51.5181
51.4813
51.4344
51.3784
51.3138
51.2412
51.1612
51.0743
50.9809
50.8813
50.7758
50.6648
50.5485
50.427
50.3007
50.1695
50.0338
49.8935
49.7489
49.6
49.4468
49.2895
49.128
48.9626
48.7931
48.6196
48.4422
48.2609
48.0758
47.8867
47.6939
47.4972
47.2967
47.0923
46.8842
46.6723
46.4567
46.2372
46.014
45.787
45.5563
45.3217
45.0835
44.8414
44.5956
44.3459
44.0925
43.8353
43.5743
43.3094
43.0407
42.7682
42.4918
42.2114
41.9272
41.639
41.3469
41.0507
40.7505
40.4461
40.1377
39.825
39.5081
39.1869
38.8613
38.5313
38.1967
37.8575
37.5136
37.1649
36.8112
36.4525
36.0887
35.7193
35.3446
34.9644
34.5783
34.186
33.7878
33.3831
32.9718
32.5535
32.1282
31.6955
31.2549
30.8065
30.3495
29.884
29.4094
28.9251
28.431
27.9262
27.4108
26.8836
26.3444
25.7927
25.2274
24.6483
24.0539
23.4438
22.8173
22.1727
21.5092
20.8259
20.1218
19.3951
18.6455
17.8726
17.0776
16.2648
15.4433
14.6368
13.8944
13.3113
13.0233
13.1219
13.5601
14.2049
14.9428
15.7094
16.4739
17.2216
17.9471
18.6482
19.3245
19.977
20.6055
21.2113
21.7954
22.3581
22.9003
23.4228
23.9254
24.4088
24.8728
25.3177
49.4045
49.7562
50.0517
50.2992
50.5051
50.6752
50.814
50.9252
51.0122
51.0776
51.1238
51.1529
51.1665
51.1661
51.1531
51.1286
51.0935
51.0488
50.9951
50.9332
50.8636
50.7869
50.7035
50.6138
50.5181
50.4168
50.3101
50.1983
50.0815
49.9599
49.8336
49.7029
49.5678
49.4283
49.2846
49.1368
48.9848
48.8288
48.6687
48.5047
48.3367
48.1648
47.9889
47.8092
47.6256
47.4381
47.2467
47.0515
46.8525
46.6496
46.4428
46.2323
46.0179
45.7997
45.5776
45.3517
45.122
44.8884
44.651
44.4097
44.1646
43.9155
43.6627
43.4059
43.1452
42.8805
42.612
42.3395
42.063
41.7825
41.498
41.2094
40.9168
40.62
40.319
40.0139
39.7045
39.3907
39.0726
38.7501
38.423
38.0914
37.755
37.4139
37.0679
36.7169
36.3608
35.9994
35.6327
35.2605
34.8826
34.4986
34.1087
33.7126
33.3101
32.9005
32.4843
32.0608
31.6296
31.1908
30.7438
30.2881
29.8238
29.3503
28.8668
28.3734
27.8691
27.354
26.8269
26.2879
25.7356
25.1699
24.5897
23.9942
23.3829
22.7543
22.1077
21.4423
20.7562
20.0488
19.3192
18.5661
17.7898
16.9916
16.1764
15.356
14.5575
13.8366
13.2985
13.0801
13.2506
13.7385
14.4082
15.1553
15.9232
16.6851
17.4294
18.1505
18.8471
19.519
20.1667
20.791
21.393
21.973
22.5319
23.0707
23.5894
24.0884
24.5684
25.0289
25.4703
49.0415
49.3798
49.6642
49.9026
50.1013
50.2654
50.3994
50.5069
50.5911
50.6546
50.6996
50.728
50.7416
50.7417
50.7297
50.7065
50.6732
50.6305
50.5793
50.5202
50.4537
50.3803
50.3005
50.2146
50.123
50.026
49.9237
49.8166
49.7046
49.5879
49.4668
49.3413
49.2114
49.0774
48.9392
48.797
48.6506
48.5003
48.3459
48.1876
48.0254
47.8593
47.6892
47.5152
47.3373
47.1556
46.9699
46.7804
46.587
46.3897
46.1886
45.9835
45.7746
45.5618
45.345
45.1244
44.8999
44.6715
44.4391
44.2029
43.9626
43.7185
43.4704
43.2183
42.9622
42.7021
42.438
42.1698
41.8976
41.6213
41.3409
41.0564
40.7677
40.4748
40.1777
39.8763
39.5706
39.2604
38.9459
38.6268
38.3031
37.9748
37.6417
37.3038
36.961
36.6131
36.2601
35.9015
35.5377
35.1683
34.7931
34.412
34.0248
33.6313
33.2309
32.824
32.4101
31.9888
31.5597
31.1228
30.6777
30.2237
29.7609
29.2888
28.8065
28.3141
27.8107
27.2962
26.7694
26.2305
25.6781
25.1121
24.5312
23.935
23.3222
22.6924
22.0439
21.3759
20.6876
19.9772
19.2441
18.488
17.7082
16.9071
16.0904
15.272
14.4827
13.7874
13.2995
13.1533
13.3929
13.9254
14.6161
15.3704
16.1387
16.8979
17.6378
18.3544
19.0467
19.714
20.3572
20.9772
21.5748
22.151
22.7061
23.2408
23.7557
24.2514
24.7275
25.1846
25.622
48.6427
48.968
49.2417
49.4713
49.6627
49.8211
49.9504
50.0544
50.1359
50.1975
50.2413
50.2692
50.2828
50.2834
50.2723
50.2505
50.219
50.1785
50.1298
50.0734
50.0101
49.9401
49.8639
49.782
49.6945
49.6019
49.5043
49.4019
49.2948
49.1833
49.0675
48.9474
48.8231
48.6947
48.5623
48.4258
48.2853
48.1409
47.9925
47.8402
47.684
47.5239
47.3599
47.1919
47.0201
46.8444
46.6648
46.4813
46.2938
46.1025
45.9072
45.7081
45.505
45.2979
45.087
44.8721
44.6532
44.4303
44.2035
43.9727
43.7378
43.499
43.2561
43.0091
42.7582
42.5031
42.2439
41.9806
41.7132
41.4416
41.1658
40.8859
40.6016
40.3131
40.0203
39.7231
39.4216
39.1155
38.805
38.4899
38.1701
37.8456
37.5163
37.1821
36.8428
36.4985
36.1489
35.794
35.4335
35.0675
34.6955
34.3176
33.9333
33.5427
33.1456
32.7415
32.3303
31.9117
31.4851
31.0507
30.6079
30.156
29.6952
29.2248
28.7441
28.2532
27.7512
27.2374
26.7117
26.1729
25.621
25.0546
24.4735
23.8764
23.2628
22.6313
21.9814
21.3112
20.6201
19.9073
19.1711
18.4113
17.6287
16.8249
16.0072
15.1917
14.4143
13.7482
13.3157
13.2435
13.5484
14.1204
14.8288
15.5885
16.3563
17.1124
17.8481
18.56
19.2472
19.9098
20.5485
21.1644
21.7577
22.3295
22.8805
23.4116
23.9227
24.4143
24.8868
25.3398
25.7734
48.2067
48.5193
48.7825
49.0036
49.188
49.3407
49.4657
49.5662
49.6451
49.7049
49.7476
49.775
49.7885
49.7897
49.7796
49.7593
49.7295
49.6913
49.6451
49.5916
49.5314
49.4649
49.3925
49.3146
49.2314
49.1433
49.0504
48.9529
48.851
48.7448
48.6344
48.5199
48.4014
48.2788
48.1523
48.0218
47.8874
47.7491
47.6069
47.4609
47.3109
47.157
46.9993
46.8376
46.6721
46.5027
46.3293
46.1521
45.9709
45.7858
45.5968
45.4038
45.2068
45.0059
44.8011
44.5922
44.3793
44.1624
43.9415
43.7166
43.4875
43.2544
43.0173
42.776
42.5305
42.281
42.0272
41.7693
41.5072
41.2408
40.9702
40.6953
40.4161
40.1325
39.8446
39.5522
39.2553
38.9539
38.648
38.3374
38.022
37.7019
37.3769
37.047
36.7119
36.3717
36.0263
35.6753
35.3186
34.9564
34.5882
34.214
33.8336
33.4466
33.0529
32.6523
32.2444
31.8288
31.4055
30.974
30.534
30.0848
29.6265
29.1584
28.6801
28.1907
27.6903
27.1779
26.6533
26.1156
25.5639
24.998
24.4165
23.8192
23.2046
22.5722
21.9203
21.2486
20.5552
19.8393
19.1004
18.3374
17.5513
16.7455
15.9274
15.1162
14.3532
13.7208
13.3484
13.3508
13.7167
14.3234
15.0464
15.8099
16.5766
17.3291
18.0604
18.7675
19.4498
20.1076
20.7417
21.3527
21.9416
22.5095
23.0564
23.5831
24.0902
24.5778
25.0464
25.4954
25.9251
47.7315
48.0318
48.2849
48.4977
48.6754
48.8227
48.9434
49.0406
49.117
49.1751
49.2168
49.2437
49.2574
49.2592
49.2502
49.2313
49.2035
49.1675
49.1239
49.0734
49.0164
48.9535
48.885
48.8112
48.7325
48.649
48.5609
48.4686
48.372
48.2712
48.1665
48.0578
47.9451
47.8285
47.7081
47.5838
47.4557
47.3237
47.1879
47.0482
46.9047
46.7572
46.6059
46.4508
46.2917
46.1288
45.9618
45.7911
45.6163
45.4377
45.2551
45.0685
44.878
44.6835
44.485
44.2825
44.0759
43.8653
43.6506
43.4319
43.2091
42.9822
42.7511
42.5159
42.2765
42.0329
41.7851
41.533
41.2767
41.0161
40.7512
40.4819
40.2083
39.9302
39.6477
39.3608
39.0692
38.7731
38.4724
38.1669
37.8566
37.5415
37.2215
36.8964
36.5662
36.2307
35.8899
35.5436
35.1916
34.8339
34.4702
34.1004
33.7242
33.3415
32.9519
32.5553
32.1512
31.7396
31.3201
30.8922
30.4557
30.0098
29.5545
29.0893
28.6136
28.1267
27.6284
27.1181
26.5948
26.0584
25.5079
24.9423
24.3613
23.7635
23.1487
22.515
21.8621
21.1883
20.493
19.7745
19.0324
18.2667
17.4777
16.6694
15.852
15.0465
14.3007
13.7067
13.3989
13.4754
13.8976
14.5343
15.2692
16.0353
16.8
17.5483
18.2749
18.9771
19.6544
20.3077
20.937
21.5434
22.1278
22.691
23.2336
23.7562
24.2593
24.7428
25.207
25.6518
26.0773
47.2151
47.5035
47.7468
47.9515
48.1228
48.2648
48.3814
48.4755
48.5497
48.6062
48.647
48.6736
48.6876
48.6901
48.6822
48.665
48.6392
48.6055
48.5647
48.5172
48.4637
48.4045
48.34
48.2705
48.1963
48.1177
48.0347
47.9476
47.8565
47.7615
47.6626
47.5599
47.4533
47.343
47.2288
47.1109
46.9892
46.8637
46.7344
46.6013
46.4643
46.3234
46.1787
46.0301
45.8776
45.7212
45.5609
45.3967
45.2286
45.0565
44.8804
44.7004
44.5165
44.3285
44.1365
43.9406
43.7405
43.5365
43.3283
43.1161
42.8998
42.6793
42.4547
42.2259
41.9929
41.7558
41.5143
41.2686
41.0186
40.7643
40.5056
40.2425
39.9751
39.7031
39.4267
39.1458
38.8602
38.57
38.2752
37.9755
37.6711
37.3617
37.0473
36.7279
36.4032
36.0733
35.738
35.397
35.0504
34.6979
34.3394
33.9747
33.6035
33.2258
32.841
32.4492
32.0501
31.6431
31.2281
30.8046
30.3722
29.9306
29.4789
29.0173
28.5449
28.0612
27.5655
27.0576
26.5367
26.0017
25.4526
24.8883
24.3077
23.7105
23.095
22.461
21.8067
21.1317
20.434
19.7135
18.9686
18.2001
17.4083
16.5984
15.782
14.9838
14.2584
13.7079
13.4685
13.6174
14.0907
14.7533
15.4973
16.2646
17.0269
17.7714
18.4931
19.1902
19.8625
20.5104
21.1348
21.7365
22.3163
22.875
23.4134
23.9316
24.4302
24.9093
25.3692
25.8099
26.2307
46.6553
46.932
47.1658
47.3627
47.5277
47.6647
47.7774
47.8685
47.9406
47.9958
48.0358
48.0624
48.0767
48.0801
48.0736
48.0582
48.0345
48.0034
47.9655
47.9213
47.8714
47.8161
47.7558
47.6909
47.6215
47.548
47.4704
47.3889
47.3036
47.2146
47.1218
47.0253
46.9251
46.8213
46.7137
46.6024
46.4873
46.3685
46.2458
46.1194
45.989
45.8549
45.7168
45.5749
45.429
45.2792
45.1256
44.968
44.8064
44.6409
44.4715
44.2981
44.1207
43.9393
43.7539
43.5646
43.3712
43.1737
42.9722
42.7667
42.557
42.3432
42.1253
41.9032
41.6769
41.4464
41.2117
40.9727
40.7294
40.4819
40.2299
39.9735
39.7128
39.4476
39.1778
38.9036
38.6247
38.3412
38.0529
37.7598
37.4619
37.1591
36.8512
36.5382
36.2199
35.8963
35.5672
35.2325
34.892
34.5456
34.1932
33.8345
33.4693
33.0975
32.7187
32.3327
31.9392
31.5379
31.1283
30.7101
30.2828
29.846
29.3991
28.9418
28.4736
27.9938
27.5018
26.9968
26.4786
25.9464
25.3989
24.8362
24.2569
23.66
23.0451
22.4104
21.7556
21.0789
20.3799
19.6567
18.9097
18.1379
17.3442
16.5331
15.7186
14.9295
14.2282
13.7261
13.5581
13.7769
14.2962
14.9802
15.732
16.4996
17.2587
17.9988
18.7154
19.4073
20.0743
20.7171
21.3364
21.9332
22.5083
23.0623
23.5958
24.1095
24.6036
25.0782
25.5338
25.9697
26.3859
46.0494
46.3147
46.5391
46.7285
46.8873
47.0195
47.1284
47.2168
47.287
47.341
47.3805
47.4071
47.4221
47.4266
47.4217
47.4082
47.387
47.3587
47.324
47.2833
47.2373
47.1863
47.1306
47.0706
47.0064
46.9384
46.8666
46.7911
46.712
46.6293
46.5431
46.4533
46.3599
46.2628
46.1621
46.0577
45.9495
45.8375
45.7218
45.6022
45.4786
45.3512
45.2199
45.0846
44.9455
44.8023
44.6552
44.5042
44.3492
44.1902
44.0273
43.8604
43.6895
43.5147
43.3358
43.153
42.9661
42.7753
42.5804
42.3815
42.1785
41.9714
41.7602
41.5449
41.3255
41.1019
40.8741
40.642
40.4057
40.1652
39.9203
39.6711
39.4175
39.1595
38.897
38.6301
38.3585
38.0823
37.8014
37.5157
37.2252
36.9297
36.6292
36.3235
36.0126
35.6962
35.3745
35.047
34.7137
34.3745
34.0291
33.6775
33.3194
32.9545
32.5826
32.2035
31.8168
31.4221
31.0191
30.6073
30.1862
29.7555
29.3145
28.8624
28.3993
27.9243
27.4367
26.936
26.4211
25.8919
25.3475
24.7866
24.209
23.6136
22.9989
22.3647
21.7095
21.0318
20.3312
19.606
18.8566
18.0824
17.2865
16.4746
15.6627
14.8853
14.2119
13.7635
13.6688
13.954
14.514
15.2163
15.9736
16.7405
17.4961
18.2313
18.9423
19.6287
20.2904
20.9279
21.542
22.1338
22.7039
23.2531
23.7819
24.2908
24.7802
25.2505
25.7011
26.1322
26.5436
45.3952
45.6491
45.8641
46.0459
46.1986
46.326
46.4313
46.517
46.5853
46.6383
46.6775
46.7043
46.7202
46.7261
46.723
46.7118
46.6933
46.6682
46.637
46.6003
46.5587
46.5124
46.4617
46.4071
46.3487
46.2868
46.2213
46.1524
46.0801
46.0044
45.9253
45.8427
45.7566
45.6669
45.5736
45.4765
45.3756
45.2708
45.1622
45.0496
44.9331
44.8126
44.6881
44.5596
44.427
44.2905
44.1499
44.0054
43.8568
43.7042
43.5476
43.3871
43.2225
43.054
42.8815
42.705
42.5244
42.34
42.1515
41.959
41.7625
41.562
41.3574
41.1488
40.9361
40.7193
40.4984
40.2733
40.0441
39.8107
39.5731
39.3313
39.0852
38.8348
38.5799
38.3207
38.0571
37.7888
37.516
37.2384
36.9561
36.6688
36.3766
36.0793
35.7766
35.4687
35.1552
34.836
34.511
34.1803
33.8432
33.4999
33.15
32.7934
32.4297
32.0588
31.6802
31.2936
30.8985
30.4944
30.081
29.6576
29.2236
28.7786
28.3215
27.8524
27.3704
26.8747
26.3646
25.8392
25.2982
24.7405
24.1653
23.5713
22.9582
22.3246
21.669
20.991
20.2888
19.5623
18.8103
18.0342
17.2361
16.4245
15.6168
14.8531
14.2119
13.822
13.8017
14.149
14.7443
15.4621
16.2231
16.9884
17.7395
18.4696
19.1755
19.8563
20.5123
21.1443
21.7532
22.3397
22.9046
23.4488
23.9726
24.4766
24.9611
25.4262
25.8719
26.2981
26.7043
44.6906
44.9327
45.1381
45.312
45.4584
45.5809
45.6824
45.7653
45.8318
45.8837
45.9227
45.95
45.9668
45.9743
45.9733
45.9648
45.9494
45.9279
45.9007
45.8685
45.8318
45.7907
45.7459
45.6974
45.6455
45.5904
45.5321
45.4706
45.406
45.3382
45.2671
45.1925
45.1145
45.0328
44.9475
44.8583
44.7652
44.6682
44.5671
44.4619
44.3527
44.2393
44.1218
44.0001
43.8743
43.7443
43.6102
43.4721
43.3297
43.1834
43.0329
42.8785
42.7199
42.5574
42.3909
42.2203
42.0458
41.8674
41.6849
41.4985
41.3081
41.1137
40.9154
40.7131
40.5068
40.2965
40.0822
39.8639
39.6416
39.4153
39.1849
38.9504
38.7118
38.469
38.2221
37.9709
37.7155
37.4557
37.1914
36.9226
36.6492
36.371
36.088
35.7999
35.5067
35.2081
34.9043
34.5946
34.2792
33.9579
33.6305
33.2969
32.9569
32.61
32.2562
31.895
31.5262
31.1492
30.7638
30.3692
29.965
29.5506
29.1253
28.6885
28.2396
27.7777
27.3024
26.813
26.3087
25.7886
25.2521
24.698
24.1261
23.5349
22.9237
22.2909
21.6361
20.9576
20.2549
19.527
18.7732
17.9951
17.1956
16.3846
15.5823
14.8351
14.2308
13.9039
13.9575
14.3622
14.9885
15.7184
16.4816
17.244
17.991
18.7157
19.4158
20.0903
20.7406
21.3669
21.9702
22.5512
23.1108
23.6497
24.1684
24.6673
25.1466
25.6066
26.0471
26.468
26.8689
43.9341
44.1638
44.3589
44.5243
44.6638
44.7808
44.878
44.9578
45.0222
45.073
45.1115
45.1392
45.1571
45.1663
45.1677
45.1621
45.1502
45.1327
45.1101
45.0829
45.0517
45.0168
44.9785
44.9371
44.8927
44.8455
44.7955
44.7427
44.6869
44.6282
44.5662
44.5009
44.432
44.3595
44.2831
44.2027
44.1183
44.0296
43.9367
43.8395
43.738
43.6321
43.5218
43.4072
43.2882
43.1649
43.0373
42.9054
42.7692
42.6288
42.4843
42.3356
42.1828
42.0259
41.8649
41.6999
41.5309
41.3579
41.1809
41
40.8152
40.6264
40.4337
40.2372
40.0367
39.8323
39.6241
39.412
39.1961
38.9763
38.7527
38.5251
38.2938
38.0585
37.8193
37.5761
37.329
37.0777
36.8224
36.5627
36.2987
36.0303
35.7572
35.4793
35.1964
34.9085
34.6151
34.3163
34.012
33.7018
33.3855
33.0631
32.7343
32.399
32.0569
31.7074
31.3503
30.9852
30.6114
30.2284
29.8356
29.4322
29.0176
28.5911
28.1519
27.6994
27.2327
26.7511
26.2537
25.7402
25.2094
24.6606
24.0929
23.505
22.8964
22.2659
21.6122
20.9341
20.231
19.5017
18.7467
17.967
17.1665
16.3569
15.5617
14.8339
14.2713
14.0113
14.1376
14.5941
15.2472
15.9865
16.7502
17.5097
18.2517
18.9706
19.6641
20.3329
20.9771
21.5975
22.1949
22.7699
23.3239
23.8573
24.3705
24.864
25.3379
25.7925
26.2276
26.643
27.0385
43.1258
43.3418
43.5253
43.681
43.8125
43.923
44.015
44.0909
44.1524
44.2013
44.239
44.2667
44.2855
44.2963
44.3001
44.2976
44.2894
44.2763
44.2587
44.2373
44.2124
44.1845
44.1537
44.1205
44.085
44.0471
44.0069
43.9642
43.919
43.8709
43.8197
43.7652
43.7071
43.6451
43.579
43.5088
43.4341
43.3549
43.2711
43.1827
43.0896
42.9917
42.8892
42.782
42.6701
42.5536
42.4326
42.307
42.1769
42.0424
41.9035
41.7603
41.6128
41.4611
41.3053
41.1453
40.9812
40.8131
40.641
40.4649
40.2848
40.1009
39.9131
39.7214
39.5259
39.3267
39.1237
38.9169
38.7065
38.4924
38.2747
38.0534
37.8285
37.6
37.3679
37.1323
36.8931
36.6501
36.4035
36.1531
35.8987
35.6403
35.3776
35.1105
34.8388
34.5622
34.2808
33.994
33.7018
33.404
33.1007
32.7913
32.4757
32.1538
31.8253
31.4899
31.147
30.7961
30.4366
30.0678
29.689
29.2994
28.8981
28.4843
28.0572
27.616
27.1599
26.6882
26.2001
25.6947
25.171
24.6286
24.0664
23.4834
22.8786
22.2506
21.5989
20.9221
20.2193
19.4894
18.7333
17.9524
17.1514
16.344
15.5577
14.8526
14.3367
14.1468
14.3433
14.8465
15.5218
16.2677
17.0313
17.7868
18.5228
19.2354
19.9229
20.5853
21.2227
21.8368
22.4281
22.9974
23.5455
24.073
24.5804
25.0679
25.5361
25.985
26.4143
26.8241
27.2134
42.2675
42.4679
42.638
42.7822
42.9038
43.006
43.0912
43.1616
43.2189
43.2647
43.3005
43.3273
43.3461
43.358
43.3638
43.364
43.3596
43.3511
43.3389
43.3237
43.3059
43.2859
43.264
43.2403
43.2151
43.1883
43.1598
43.1295
43.0968
43.0617
43.0235
42.9819
42.9366
42.8872
42.8334
42.7749
42.7116
42.6434
42.57
42.4915
42.4079
42.319
42.225
42.1258
42.0216
41.9123
41.798
41.6789
41.555
41.4263
41.2929
41.155
41.0126
40.8657
40.7145
40.559
40.3993
40.2354
40.0674
39.8953
39.7192
39.5392
39.3553
39.1676
38.976
38.7808
38.5818
38.3793
38.1732
37.9636
37.7507
37.5344
37.3147
37.0919
36.8659
36.6367
36.4044
36.169
35.9305
35.6887
35.4435
35.1949
34.9426
34.6865
34.4263
34.1618
33.8927
33.619
33.3402
33.0563
32.767
32.4725
32.1721
31.8658
31.5534
31.2347
30.9087
30.5751
30.2331
29.8819
29.5204
29.1478
28.763
28.3651
27.9531
27.5262
27.0834
26.624
26.1472
25.6521
25.1379
24.6037
24.0487
23.4718
22.8717
22.2479
21.5991
20.9242
20.2219
19.4925
18.7358
17.9537
17.1534
16.3492
15.5737
14.8952
14.4309
14.313
14.5762
15.1208
15.8143
16.5649
17.3267
18.077
18.8072
19.5131
20.1933
20.8488
21.4798
22.0872
22.6716
23.2345
23.7763
24.2977
24.799
25.2806
25.7428
26.1856
26.6088
27.0121
27.3951
41.3637
41.5459
41.7
41.8299
41.9391
42.0305
42.1064
42.1689
42.2196
42.2603
42.2921
42.3162
42.3335
42.3452
42.3517
42.3541
42.3527
42.3484
42.3416
42.3329
42.3227
42.3115
42.2995
42.2869
42.2739
42.2603
42.246
42.2305
42.2134
42.194
42.1717
42.146
42.1163
42.0821
42.043
41.9988
41.949
41.8937
41.8326
41.7658
41.693
41.6144
41.5301
41.4399
41.3441
41.2427
41.1358
41.0236
40.906
40.7833
40.6555
40.5228
40.3852
40.2429
40.096
39.9445
39.7885
39.6281
39.4635
39.2947
39.1217
38.9446
38.7636
38.5786
38.3898
38.1973
38.0012
37.8014
37.5983
37.3917
37.1819
36.969
36.7531
36.5343
36.3127
36.0884
35.8616
35.6322
35.4003
35.1659
34.9289
34.6891
34.4465
34.2008
33.9518
33.6991
33.4428
33.1823
32.9177
32.6485
32.3746
32.0961
31.8129
31.5244
31.2307
30.9312
30.6258
30.3132
29.9927
29.6631
29.3233
28.972
28.6079
28.2301
27.837
27.4279
27.0018
26.5579
26.0953
25.6132
25.1104
24.5867
24.0408
23.4718
22.8787
22.2604
21.6158
20.9435
20.2433
19.5146
18.758
17.9757
17.1762
16.3765
15.6139
14.966
14.558
14.5133
14.8385
15.4192
16.1268
16.8805
17.6391
18.3837
19.107
19.8052
20.4783
21.1264
21.7498
22.3501
22.9278
23.4839
24.0186
24.5333
25.028
25.5032
25.9589
26.3951
26.8118
27.2086
27.5849
40.4216
40.5825
40.7172
40.8297
40.923
41.0001
41.0632
41.1143
41.1552
41.1874
41.2122
41.2306
41.2438
41.2526
41.2578
41.2602
41.2604
41.259
41.2567
41.254
41.2515
41.2495
41.2483
41.2483
41.2494
41.2516
41.2543
41.2571
41.259
41.2592
41.2566
41.2505
41.2401
41.2247
41.2036
41.1767
41.1434
41.1037
41.0573
41.0043
40.9445
40.8781
40.805
40.7253
40.6392
40.5468
40.4482
40.3435
40.233
40.1166
39.9947
39.8673
39.7346
39.5967
39.4537
39.3058
39.1531
38.9957
38.8338
38.6673
38.4965
38.3214
38.1422
37.9588
37.7716
37.5804
37.3856
37.1872
36.9852
36.78
36.5716
36.3602
36.1461
35.9293
35.7101
35.4886
35.2651
35.0397
34.8124
34.5835
34.3527
34.1201
33.8855
33.6488
33.4097
33.1679
32.9232
32.6755
32.4244
32.1701
31.912
31.6504
31.3854
31.1166
30.8439
30.5672
30.2858
29.9986
29.7045
29.4019
29.0891
28.7648
28.4267
28.0737
27.7045
27.3178
26.9126
26.4882
26.0434
25.5777
25.09
24.5795
24.0455
23.4867
22.9024
22.291
21.6522
20.9846
20.2874
19.5604
18.8042
18.0229
17.225
16.4309
15.6839
15.0707
14.7235
14.7515
15.1338
15.7451
16.4635
17.2177
17.9714
18.7097
19.4248
20.1154
20.7804
21.4201
22.0359
22.6281
23.1983
23.7469
24.2747
24.7819
25.2696
25.7377
26.1864
26.6157
27.0253
27.415
27.7841
39.452
39.588
39.6996
39.7905
39.8638
39.9223
39.9682
40.0036
40.0301
40.0493
40.0626
40.071
40.0757
40.0777
40.0777
40.0766
40.0751
40.0741
40.074
40.0756
40.0795
40.0862
40.0961
40.1097
40.1269
40.1475
40.1708
40.1959
40.2214
40.2459
40.2681
40.2865
40.3001
40.3079
40.3092
40.3035
40.2905
40.2698
40.2414
40.2052
40.1611
40.1092
40.0496
39.9825
39.9079
39.826
39.7371
39.6412
39.5386
39.4295
39.314
39.1924
39.0648
38.9314
38.7924
38.648
38.4982
38.3434
38.1835
38.0187
37.8492
37.6752
37.4966
37.3137
37.1266
36.9355
36.7405
36.5417
36.3393
36.1336
35.9247
35.7129
35.4983
35.2813
35.0621
34.8411
34.6184
34.3944
34.1693
33.9432
33.7161
33.4882
33.2592
33.029
32.7974
32.5643
32.3291
32.0919
31.8527
31.6113
31.368
31.1227
30.8758
30.6275
30.3777
30.1264
29.8731
29.6163
29.3545
29.0854
28.8067
28.5161
28.211
27.8896
27.5503
27.1919
26.8132
26.4132
25.9911
25.546
25.0771
24.5836
24.0646
23.5192
22.9463
22.3449
21.714
21.0526
20.3599
19.6359
18.8814
18.1015
17.3062
16.5193
15.7904
15.2164
14.9333
15.0324
15.4662
16.1022
16.8285
17.5805
18.3287
19.0586
19.7654
20.4466
21.1027
21.7338
22.3406
22.9247
23.4865
24.0267
24.5465
25.0462
25.5261
25.9863
26.4274
26.8491
27.2512
27.6332
27.9946
38.4682
38.5757
38.6602
38.7252
38.774
38.809
38.8327
38.847
38.8536
38.8542
38.8501
38.8427
38.833
38.8222
38.8113
38.8011
38.7927
38.7869
38.7845
38.7865
38.7937
38.8069
38.8268
38.8539
38.8884
38.9299
38.9777
39.0301
39.085
39.1402
39.1934
39.2425
39.2861
39.3229
39.3519
39.3726
39.3845
39.3873
39.3808
39.3652
39.3403
39.3062
39.2631
39.2111
39.1505
39.0814
39.0041
38.9188
38.8257
38.7251
38.6172
38.5022
38.3805
38.2521
38.1174
37.9766
37.8297
37.6771
37.5189
37.3552
37.1864
37.0124
36.8335
36.6499
36.4617
36.2691
36.0723
35.8716
35.667
35.4589
35.2475
35.033
34.8159
34.5963
34.3748
34.1517
33.9273
33.702
33.4763
33.2502
33.0241
32.7978
32.5714
32.3446
32.1174
31.8891
31.66
31.4296
31.1984
30.9664
30.7339
30.502
30.2708
30.0416
29.8146
29.5903
29.3686
29.1476
28.9252
28.698
28.4623
28.2142
27.9508
27.6694
27.3681
27.0454
26.7
26.3308
25.9372
25.5182
25.0732
24.6014
24.1018
23.5736
23.0158
22.4274
21.8072
21.1543
20.4682
19.7484
18.9974
18.22
17.4284
16.6502
15.9424
15.4118
15.1955
15.3627
15.8415
16.4973
17.2275
17.9754
18.7158
19.4362
20.1327
20.804
21.45
22.0709
22.6683
23.2426
23.7952
24.3267
24.8374
25.3285
25.7999
26.2517
26.6845
27.098
27.4917
27.8654
28.2183
37.486
37.5615
37.6151
37.6502
37.6698
37.6766
37.6726
37.6601
37.6407
37.6162
37.588
37.5575
37.526
37.4947
37.4649
37.4378
37.4144
37.396
37.3839
37.3792
37.3834
37.3977
37.4234
37.4615
37.5129
37.5773
37.6536
37.7392
37.8309
37.9247
38.017
38.1049
38.1861
38.2589
38.3223
38.3755
38.4181
38.4498
38.4704
38.48
38.4787
38.4665
38.4436
38.4103
38.3668
38.3134
38.2504
38.178
38.0966
38.0064
37.9078
37.8011
37.6864
37.5641
37.4345
37.2977
37.1542
37.0039
36.8473
36.6844
36.5156
36.341
36.1609
35.9754
35.7848
35.5893
35.3891
35.1846
34.9759
34.7634
34.5473
34.3281
34.1061
33.8817
33.6553
33.4276
33.199
32.97
32.741
32.5125
32.2847
32.0575
31.8308
31.6044
31.3777
31.1506
30.9226
30.694
30.4648
30.2359
30.0079
29.7824
29.5607
29.3449
29.1371
28.9386
28.7502
28.5703
28.3956
28.2205
28.039
27.8452
27.6345
27.4035
27.15
26.8719
26.568
26.2376
25.8797
25.4938
25.079
24.635
24.1604
23.6545
23.1165
22.5452
21.9396
21.2984
20.6217
19.9092
19.1632
18.3897
17.6032
16.8354
16.1518
15.6686
15.5202
15.7506
16.2678
16.9378
17.6676
18.4091
19.139
19.8486
20.5333
21.1929
21.827
22.4369
23.023
23.587
24.1289
24.6503
25.1514
25.6326
26.0945
26.5373
26.9607
27.365
27.7497
28.1142
28.4579
36.5218
36.5628
36.5824
36.584
36.5704
36.5443
36.5078
36.463
36.4116
36.3553
36.2957
36.2344
36.1726
36.1119
36.0537
35.9995
35.9506
35.9088
35.8757
35.8532
35.8436
35.8488
35.8715
35.914
35.9781
36.0649
36.1731
36.299
36.4368
36.5796
36.7216
36.8582
36.9862
37.1038
37.2096
37.3029
37.3831
37.4501
37.5039
37.5444
37.5718
37.5864
37.5884
37.578
37.5556
37.5216
37.4763
37.4201
37.3533
37.2762
37.1893
37.0928
36.9872
36.8727
36.7496
36.6182
36.4788
36.3316
36.1769
36.015
35.8461
35.6704
35.4882
35.2999
35.1056
34.9058
34.7005
34.4903
34.2754
34.0562
33.8331
33.6066
33.3771
33.1452
32.9115
32.6767
32.4414
32.2064
31.9722
31.7394
31.5082
31.2786
31.05
30.822
30.5937
30.3642
30.1333
29.9005
29.6666
29.4321
29.199
28.9691
28.7457
28.5322
28.3334
28.1534
27.9959
27.8604
27.7423
27.6324
27.5195
27.3944
27.2502
27.0825
26.8881
26.6655
26.4133
26.131
25.8177
25.473
25.0963
24.687
24.2444
23.7675
23.2554
22.707
22.1212
21.497
20.8337
20.1317
19.3934
18.6259
17.8462
17.0909
16.4346
16.002
15.921
16.2085
16.7557
17.4343
18.1597
18.8905
19.6081
20.3034
20.9745
21.6199
22.2405
22.8374
23.4108
23.9625
24.4929
25.0025
25.4925
25.9627
26.4141
26.8464
27.2595
27.6536
28.0282
28.3827
28.7162
35.5918
35.5964
35.5799
35.5455
35.4959
35.4335
35.3604
35.2787
35.19
35.0962
34.9986
34.899
34.7987
34.6994
34.6025
34.5099
34.4233
34.3447
34.2763
34.2209
34.1814
34.1616
34.1657
34.1983
34.2645
34.3678
34.509
34.6827
34.8786
35.0842
35.2893
35.4869
35.6732
35.8458
36.0033
36.1452
36.2711
36.3809
36.4747
36.5527
36.615
36.6621
36.6943
36.7119
36.7154
36.7052
36.6818
36.6456
36.5971
36.5366
36.4645
36.3814
36.2875
36.1832
36.0689
35.9448
35.8112
35.6685
35.5169
35.3566
35.188
35.0114
34.827
34.6351
34.4362
34.2305
34.0185
33.8006
33.5771
33.3486
33.1156
32.8787
32.6386
32.396
32.1517
31.9067
31.6619
31.4185
31.1773
30.9391
30.7043
30.4727
30.2432
30.0145
29.7847
29.5524
29.3162
29.0757
28.8311
28.5829
28.3336
28.0858
27.8444
27.6152
27.4067
27.2285
27.0906
26.9978
26.945
26.9157
26.8897
26.8511
26.7897
26.6997
26.578
26.423
26.2337
26.0098
25.7511
25.4571
25.1278
24.7623
24.36
23.9203
23.442
22.9241
22.3652
21.7642
21.1204
20.4339
19.7075
18.9493
18.1788
17.4384
16.8122
16.4326
16.4161
16.7525
17.3212
18.0003
18.7165
19.4326
20.1331
20.8117
21.4654
22.0942
22.6991
23.2801
23.8391
24.3761
24.8928
25.3892
25.8663
26.3244
26.7633
27.1838
27.5855
27.968
28.3313
28.6745
28.9967
34.7097
34.6776
34.6243
34.5526
34.4653
34.3646
34.2526
34.1309
34.0014
33.8656
33.725
33.5811
33.4354
33.2894
33.1448
33.0032
32.8666
32.7373
32.618
32.5118
32.4228
32.3562
32.3184
32.3178
32.3647
32.4694
32.6384
32.8667
33.1358
33.4217
33.7065
33.9799
34.2373
34.4763
34.6959
34.8959
35.0761
35.2368
35.3783
35.5008
35.6048
35.6907
35.7591
35.8103
35.845
35.8638
35.867
35.8554
35.8294
35.7896
35.7363
35.6702
35.5915
35.5008
35.3984
35.2844
35.1594
35.0235
34.8769
34.7201
34.5531
34.3764
34.1903
33.995
33.791
33.5786
33.3583
33.1307
32.8962
32.6554
32.4091
32.158
31.903
31.6451
31.3856
31.126
30.8676
30.6122
30.3615
30.1169
29.8793
29.6482
29.4219
29.1975
28.9716
28.7405
28.5021
28.2546
27.997
27.7305
27.4564
27.1785
26.902
26.6351
26.3908
26.1863
26.0443
25.9827
26.0004
26.0689
26.1502
26.2176
26.2562
26.2592
26.2236
26.1483
26.0333
25.8788
25.685
25.4519
25.1794
24.8673
24.5151
24.1223
23.6873
23.2093
22.6866
22.1179
21.502
20.8388
20.131
19.3877
18.6306
17.9081
17.3148
16.9885
17.0304
17.4047
17.984
18.6554
19.3543
20.0502
20.7289
21.3854
22.0183
22.6267
23.2118
23.7747
24.3156
24.8361
25.3363
25.8174
26.2793
26.723
27.148
27.5549
27.9434
28.3129
28.6634
28.9939
29.3033
33.8863
33.8182
33.7284
33.6198
33.4948
33.3555
33.2036
33.0409
32.8689
32.6891
32.5026
32.311
32.1155
31.9175
31.7184
31.5199
31.3237
31.1321
30.9478
30.7741
30.6157
30.4786
30.3715
30.3068
30.3021
30.38
30.561
30.846
31.2039
31.5902
31.973
32.3379
32.6797
32.9967
33.2887
33.5559
33.799
34.0184
34.215
34.3892
34.5416
34.6728
34.7835
34.8742
34.9458
34.9987
35.0337
35.0516
35.0528
35.0381
35.0081
34.9632
34.904
34.8308
34.7441
34.6442
34.5312
34.4055
34.2672
34.1166
33.9539
33.7792
33.5929
33.3954
33.1868
32.9678
32.7387
32.5
32.2524
31.9966
31.7333
31.4635
31.1884
30.9094
30.6282
30.3467
30.0677
29.7938
29.5284
29.2744
29.034
28.8074
28.5919
28.3822
28.1712
27.9527
27.7217
27.4746
27.2101
26.9275
26.6277
26.314
25.9912
25.6691
25.3636
25.101
24.9216
24.8684
24.9534
25.1314
25.3369
25.526
25.6785
25.7864
25.8475
25.8618
25.8303
25.7541
25.6341
25.471
25.2648
25.0157
24.7233
24.387
24.0059
23.5789
23.1037
22.5789
22.0026
21.3742
20.6959
19.9766
19.2402
18.5409
17.9829
17.7075
17.7972
18.1947
18.7705
19.4226
20.0949
20.7617
21.412
22.0405
22.6463
23.2295
23.7911
24.331
24.851
25.3509
25.8318
26.2946
26.739
27.1658
27.5746
27.9659
28.3391
28.6938
29.0297
29.3458
29.641
33.1283
33.0258
32.9013
32.7573
32.5959
32.4191
32.2285
32.0255
31.8115
31.5878
31.3554
31.1153
30.8688
30.6168
30.3604
30.101
29.8401
29.5794
29.3212
29.0686
28.8259
28.5994
28.3989
28.2404
28.1495
28.1652
28.3319
28.6655
29.1208
29.6223
30.1179
30.5871
31.024
31.4282
31.8004
32.142
32.4544
32.7388
32.9963
33.2279
33.4344
33.6165
33.775
33.9105
34.024
34.1162
34.1879
34.2399
34.273
34.288
34.2855
34.2663
34.2309
34.1797
34.1132
34.0316
33.9352
33.824
33.6982
33.5578
33.403
33.234
33.0507
32.8536
32.6427
32.4186
32.1815
31.932
31.6705
31.3978
31.1146
30.8221
30.5215
30.2144
29.9031
29.5904
29.2798
28.976
28.6849
28.4129
28.1658
27.9466
27.7519
27.5723
27.3948
27.2074
27.0012
26.7712
26.5138
26.2273
25.912
25.5691
25.2025
24.8217
24.4444
24.1052
23.8642
23.796
23.9333
24.2155
24.5447
24.8572
25.1256
25.3408
25.5012
25.608
25.6635
25.6699
25.6288
25.5413
25.408
25.2293
25.0049
24.7346
24.4174
24.0522
23.6371
23.1697
22.6478
22.07
21.4372
20.7575
20.0551
19.3881
18.8687
18.6378
18.7589
19.1583
19.7117
20.3291
20.962
21.5891
22.2007
22.7931
23.3655
23.9172
24.4489
24.9616
25.4553
25.9309
26.3891
26.8298
27.2538
27.6606
28.0507
28.4235
28.7792
29.1167
29.4359
29.7357
30.0148
32.4383
32.304
32.1472
31.9701
31.7748
31.5629
31.336
31.0951
30.8415
30.5761
30.2997
30.0133
29.7174
29.4129
29.1005
28.781
28.4554
28.1247
27.7907
27.4558
27.1234
26.7994
26.4941
26.2255
26.027
25.9555
26.0837
26.4479
26.9913
27.6062
28.2168
28.7935
29.3289
29.8231
30.278
30.6962
31.0799
31.4314
31.7522
32.0438
32.3072
32.5432
32.7528
32.9367
33.0958
33.231
33.3431
33.4331
33.5019
33.5505
33.5795
33.5899
33.5823
33.5573
33.5153
33.4565
33.3812
33.2894
33.1809
33.0558
32.914
32.7553
32.5798
32.3874
32.1784
31.9527
31.7107
31.4526
31.1788
30.8897
30.586
30.2686
29.9385
29.5976
29.248
28.8931
28.5373
28.1874
27.8525
27.5447
27.2779
27.0629
26.899
26.7694
26.6496
26.5185
26.3621
26.1723
25.9445
25.6764
25.3664
25.0146
24.6232
24.2003
23.7647
23.3577
23.0581
22.9692
23.1393
23.4972
23.9231
24.337
24.7038
25.013
25.2626
25.4547
25.592
25.6777
25.7139
25.7022
25.6435
25.5384
25.3869
25.1887
24.9434
24.6497
24.3058
23.9096
23.4583
22.95
22.3843
21.7675
21.1212
20.5032
20.0278
19.831
19.9594
20.3332
20.8397
21.4014
21.9784
22.5519
23.114
23.6604
24.1901
24.7026
25.1985
25.6773
26.1397
26.5864
27.017
27.4319
27.8315
28.2152
28.5832
28.9349
29.2702
29.5881
29.8882
30.1692
30.4301
31.8155
31.6523
31.4661
31.259
31.0329
30.7892
30.5291
30.2538
29.9641
29.6606
29.3442
29.0152
28.6742
28.3214
27.9572
27.582
27.1961
26.8002
26.3951
25.9824
25.5648
25.1477
24.7412
24.3659
24.0623
23.9041
23.9886
24.3676
24.9748
25.6799
26.3887
27.0614
27.6868
28.2644
28.7966
29.2867
29.7379
30.153
30.5343
30.8836
31.2023
31.4914
31.7519
31.9846
32.1903
32.3699
32.5243
32.6544
32.7612
32.8458
32.909
32.9518
32.9751
32.9794
32.9653
32.9332
32.8832
32.8152
32.7291
32.6244
32.501
32.3584
32.1964
32.0147
31.8132
31.5918
31.3503
31.0888
30.8072
30.5056
30.1843
29.8436
29.4842
29.1073
28.7148
28.3095
27.8964
27.483
27.0818
26.7122
26.4009
26.1759
26.047
25.9881
25.9537
25.9069
25.8271
25.7042
25.533
25.3105
25.0348
24.7044
24.3208
23.8898
23.4301
22.9889
22.6588
22.5609
22.748
23.1421
23.6182
24.0903
24.5204
24.8947
25.2109
25.4701
25.6752
25.8289
25.9338
25.9916
26.0033
25.9697
25.891
25.767
25.5974
25.3812
25.117
24.803
24.4369
24.0164
23.5411
23.015
22.4555
21.913
21.493
21.3183
21.4248
21.7411
22.1728
22.6567
23.1594
23.6644
24.1637
24.6532
25.1312
25.5968
26.0489
26.4878
26.9133
27.3255
27.7239
28.1087
28.4799
28.8366
29.1792
29.5065
29.8185
30.1139
30.3923
30.6521
30.8923
31.2563
31.0672
30.8547
30.6208
30.3673
30.0952
29.8058
29.4999
29.1782
28.8412
28.4893
28.1228
27.7419
27.3466
26.9368
26.5126
26.0739
25.6207
25.1534
24.6729
24.1814
23.684
23.1916
22.7275
22.3403
22.1184
22.1759
22.567
23.214
23.9767
24.7536
25.498
26.1943
26.8401
27.4372
27.9889
28.4987
28.9696
29.4045
29.8053
30.1739
30.5115
30.8192
31.0977
31.348
31.5706
31.7666
31.9367
32.082
32.2034
32.3019
32.3785
32.4342
32.4697
32.4857
32.4828
32.461
32.4203
32.3603
32.2807
32.1807
32.0599
31.9176
31.7532
31.5662
31.3562
31.1228
30.8655
30.5839
30.2775
29.9459
29.5887
29.2058
28.7974
28.3644
27.9085
27.4335
26.9468
26.4625
26.0065
25.622
25.3644
25.2654
25.289
25.3594
25.4181
25.4364
25.4024
25.3113
25.1607
24.9487
24.6738
24.3362
23.9404
23.5034
23.0733
22.7492
22.6573
22.8457
23.2358
23.7113
24.1924
24.6418
25.0445
25.3963
25.6974
25.9492
26.1536
26.3128
26.4281
26.5007
26.531
26.5196
26.4664
26.371
26.233
26.0515
25.8252
25.5525
25.2321
24.8639
24.4514
24.0076
23.571
23.2249
23.0672
23.1299
23.3629
23.6977
24.0858
24.4994
24.9238
25.35
25.7736
26.1915
26.6023
27.0045
27.3974
27.7806
28.1532
28.5149
28.8654
29.204
29.5302
29.8437
30.1435
30.429
30.6991
30.9529
31.1889
31.4059
30.7551
30.5429
30.3073
30.0499
29.7722
29.4753
29.1603
28.8278
28.4783
28.1122
27.7298
27.331
26.9158
26.4841
26.0356
25.5699
25.0866
24.5854
24.0662
23.5297
22.978
22.4164
21.8572
21.3277
20.8849
20.6306
20.6868
21.0977
21.7705
22.5638
23.3789
24.1678
24.9122
25.6072
26.2537
26.8541
27.4115
27.9289
28.409
28.854
29.2658
29.6459
29.9955
30.3155
30.6065
30.8694
31.1048
31.3135
31.4964
31.6544
31.7884
31.8994
31.9882
32.056
32.1033
32.1309
32.139
32.1276
32.0965
32.045
31.9725
31.8781
31.7609
31.6201
31.4548
31.2642
31.0475
30.8039
30.5323
30.2318
29.9013
29.5394
29.1452
28.7176
28.2559
27.7603
27.2325
26.6782
26.1114
25.5632
25.0933
24.7879
24.7048
24.8014
24.9724
25.137
25.2573
25.3197
25.32
25.257
25.1296
24.9372
24.6797
24.3608
23.9949
23.6246
23.3423
23.2648
23.4336
23.7811
24.2106
24.6563
25.0838
25.4787
25.8344
26.1495
26.4236
26.6579
26.8529
27.0098
27.1291
27.2113
27.2565
27.265
27.2365
27.1706
27.0672
26.9255
26.7449
26.5252
26.2673
25.9749
25.6585
25.3448
25.089
24.9569
24.9763
25.124
25.3587
25.6471
25.9674
26.3058
26.6542
27.0069
27.3603
27.7119
28.06
28.4028
28.7392
29.0685
29.3897
29.7024
30.0052
30.2976
30.5791
30.8483
31.1046
31.3466
31.5731
31.783
31.9742
30.3056
30.0731
29.8171
29.5389
29.2402
28.9218
28.5846
28.2291
27.8557
27.4648
27.0563
26.6301
26.1861
25.7238
25.243
24.7427
24.2227
23.6822
23.1211
22.54
21.9411
21.3304
20.7225
20.1492
19.6768
19.4187
19.4969
19.9363
20.6289
21.4369
22.2693
23.0811
23.8535
24.5804
25.2611
25.8973
26.4915
27.046
27.5634
28.0456
28.4945
28.9116
29.2982
29.6553
29.9836
30.2837
30.5564
30.8023
31.022
31.2164
31.3862
31.5323
31.6556
31.7569
31.8371
31.8968
31.9365
31.9563
31.956
31.9351
31.8929
31.8286
31.7411
31.6293
31.4922
31.3285
31.1373
30.9172
30.667
30.385
30.0695
29.7187
29.3304
28.9025
28.4329
27.9198
27.3628
26.7651
26.1392
25.5197
24.9803
24.632
24.5499
24.6872
24.9238
25.1655
25.3672
25.5123
25.5967
25.6197
25.5814
25.4821
25.3228
25.1075
24.8479
24.577
24.3672
24.3101
24.4417
24.7177
25.0697
25.4478
25.8229
26.1805
26.5132
26.8172
27.091
27.3336
27.5452
27.726
27.8757
27.9943
28.0822
28.1389
28.1648
28.1593
28.1227
28.0548
27.9555
27.8257
27.6671
27.4836
27.2837
27.0856
26.9211
26.8278
26.8267
26.9127
27.0671
27.2702
27.5069
27.7662
28.0406
28.3245
28.6142
28.9065
29.1993
29.4906
29.779
30.0632
30.3423
30.6147
30.8797
31.1362
31.3834
31.6199
31.8446
32.0565
32.2538
32.4352
32.5986
29.9011
29.6507
29.3767
29.0805
28.7634
28.4263
28.0699
27.6946
27.3009
26.8887
26.4581
26.0088
25.5406
25.0529
24.5451
24.0165
23.4664
22.8942
22.2996
21.6833
21.0479
20.4007
19.7587
19.1593
18.6785
18.4387
18.5557
19.0297
19.7398
20.5548
21.3929
22.2139
23.0002
23.7453
24.4479
25.1088
25.7297
26.3126
26.8596
27.3724
27.8526
28.3017
28.721
29.1112
29.4734
29.8081
30.1159
30.3974
30.6531
30.8837
31.0899
31.2723
31.4316
31.5686
31.684
31.7784
31.8522
31.9058
31.939
31.9516
31.943
31.9123
31.8586
31.7809
31.6778
31.5482
31.3907
31.2039
30.9862
30.7357
30.4504
30.1278
29.7652
29.3599
28.9087
28.4086
27.8572
27.2551
26.6122
25.963
25.3891
25.0144
24.9192
25.0557
25.3054
25.5749
25.8168
26.0124
26.1556
26.2453
26.2822
26.2672
26.2022
26.0917
25.9459
25.7882
25.666
25.638
25.7333
25.9338
26.1997
26.4977
26.8056
27.1094
27.4012
27.6764
27.9316
28.1654
28.3767
28.5644
28.7284
28.8679
28.9831
29.0733
29.1388
29.1791
29.1943
29.1848
29.1509
29.0938
29.0155
28.9197
28.8132
28.7077
28.6207
28.5719
28.575
28.6319
28.737
28.8807
29.0541
29.2499
29.4621
29.6863
29.9187
30.1567
30.3978
30.6402
30.8821
31.1223
31.3591
31.5914
31.8182
32.038
32.2501
32.4528
32.6449
32.8253
32.992
33.1434
33.2775
29.5353
29.269
28.9792
28.6671
28.3339
27.9806
27.6075
27.2152
26.804
26.3737
25.9243
25.4555
24.9669
24.4579
23.9277
23.3757
22.8011
22.2031
21.5816
20.9375
20.2741
19.6001
18.9353
18.3235
17.8505
17.6458
17.8124
18.3242
19.0507
19.8692
20.7075
21.5302
22.3218
23.076
23.7913
24.4679
25.1072
25.7109
26.2804
26.8174
27.3233
27.7993
28.2465
28.666
29.0584
29.4244
29.7646
30.0794
30.3695
30.6353
30.8773
31.096
31.2921
31.4661
31.6185
31.7499
31.8607
31.951
32.0209
32.0702
32.0986
32.1053
32.0897
32.0507
31.9873
31.8981
31.7819
31.6371
31.4621
31.2551
31.0139
30.736
30.4186
30.0588
29.6532
29.1982
28.6907
28.1296
27.5214
26.8956
26.3302
25.9473
25.8242
25.9198
26.1314
26.3766
26.6116
26.8166
26.9837
27.1102
27.1958
27.2414
27.2491
27.2232
27.1719
27.1113
27.0683
27.0756
27.153
27.2978
27.4929
27.719
27.9609
28.2079
28.4529
28.6901
28.9168
29.13
29.3283
29.5105
29.6754
29.8225
29.9511
30.0609
30.1514
30.2227
30.2745
30.3075
30.3219
30.3191
30.3009
30.2703
30.2325
30.1947
30.1667
30.1588
30.1793
30.2314
30.3143
30.4243
30.557
30.7084
30.8743
31.0515
31.2375
31.4298
31.6265
31.8255
32.0254
32.2248
32.4222
32.6166
32.8066
32.9909
33.1685
33.3377
33.4974
33.646
33.7815
33.9023
34.0064
29.2024
28.922
28.6181
28.292
27.9447
27.5771
27.1895
26.7825
26.3561
25.9102
25.4447
24.9593
24.4534
23.9264
23.3775
22.806
22.211
21.5919
20.9486
20.2825
19.5974
18.9038
18.225
17.6115
17.1594
17.0017
17.2242
17.7745
18.5166
19.3374
20.1734
20.9944
21.7864
22.5441
23.2658
23.952
24.6034
25.2214
25.8075
26.363
26.889
27.3869
27.8574
28.3016
28.7201
29.1136
29.4827
29.8277
30.1492
30.4476
30.7234
30.9769
31.2087
31.4191
31.6085
31.7774
31.926
32.0545
32.1629
32.2512
32.3191
32.366
32.3915
32.3948
32.3749
32.3307
32.2612
32.1648
32.0402
31.8857
31.6992
31.4786
31.2215
30.9252
30.5868
30.2032
29.7717
29.2907
28.7645
28.2148
27.7044
27.3359
27.1783
27.2065
27.3437
27.5256
27.715
27.893
28.05
28.1817
28.2864
28.3638
28.4155
28.4446
28.4571
28.4629
28.4771
28.516
28.5918
28.7068
28.8554
29.0289
29.218
29.4157
29.6163
29.8157
30.0103
30.1979
30.3768
30.5451
30.702
30.8466
30.9779
31.0958
31.1994
31.2889
31.3639
31.425
31.4724
31.5072
31.5311
31.5461
31.556
31.5653
31.5794
31.6043
31.6446
31.703
31.7799
31.8745
31.9847
32.1085
32.2435
32.3877
32.539
32.6958
32.8566
33.0199
33.1842
33.3484
33.5112
33.6715
33.8279
33.9794
34.1247
34.2621
34.3905
34.5081
34.6134
34.7041
34.7781
28.8973
28.6042
28.2877
27.9491
27.5894
27.2092
26.8089
26.3889
25.9493
25.4899
25.0105
24.5107
23.99
23.4476
22.8828
22.2948
21.6827
21.0461
20.3849
19.7009
18.999
18.2913
17.6054
16.9992
16.5785
16.4769
16.7581
17.3458
18.1023
18.9249
19.758
20.5754
21.3655
22.1235
22.848
23.5393
24.1983
24.8261
25.424
25.9931
26.5346
27.0496
27.539
28.0035
28.4439
28.8607
29.2546
29.6259
29.9751
30.3027
30.6089
30.8942
31.1588
31.4032
31.6276
31.8324
32.0176
32.1835
32.3301
32.4573
32.565
32.6528
32.7203
32.7668
32.7918
32.7944
32.7736
32.7283
32.6574
32.5593
32.4327
32.2757
32.0864
31.8629
31.603
31.3048
30.9663
30.5872
30.1709
29.7325
29.3152
28.9902
28.8114
28.7717
28.8251
28.9282
29.0525
29.1817
29.3056
29.4187
29.5179
29.6021
29.6715
29.7278
29.7746
29.8179
29.8653
29.9256
30.0051
30.1064
30.2284
30.3675
30.5193
30.6796
30.8443
31.0104
31.1755
31.3378
31.4951
31.6463
31.7905
31.9264
32.0536
32.1712
32.2789
32.3767
32.4641
32.5416
32.6094
32.6683
32.7194
32.7644
32.8058
32.846
32.889
32.9375
32.9946
33.0617
33.14
33.2291
33.3283
33.4362
33.5519
33.674
33.8011
33.9322
34.066
34.2014
34.3373
34.4727
34.6065
34.7375
34.8648
34.9871
35.1033
35.2118
35.3112
35.4001
35.4766
35.5385
35.5835
28.6156
28.3111
27.9833
27.6335
27.2626
26.8711
26.4596
26.0281
25.5769
25.1056
24.614
24.1017
23.5681
23.0125
22.434
21.8318
21.2052
20.5536
19.8775
19.1789
18.4638
17.7466
17.0591
16.4678
16.0875
16.0484
16.3888
17.0116
17.7814
18.6053
19.4353
20.2487
21.0357
21.7922
22.5172
23.2111
23.8745
24.5087
25.1147
25.6938
26.247
26.7752
27.2794
27.7602
28.2184
28.6546
29.0693
29.4629
29.8358
30.1885
30.5213
30.8344
31.1283
31.4031
31.6592
31.8967
32.1158
32.3165
32.499
32.6632
32.8089
32.9359
33.0439
33.1325
33.2012
33.2493
33.2762
33.2811
33.263
33.2209
33.1536
33.06
32.9387
32.7885
32.608
32.3962
32.1525
31.8775
31.575
31.2558
30.9464
30.6883
30.5164
30.4353
30.4244
30.4599
30.5228
30.6003
30.6833
30.7667
30.8467
30.9213
30.9899
31.0531
31.1126
31.1715
31.2338
31.3036
31.3845
31.4782
31.5844
31.7019
31.8284
31.9617
32.0993
32.2395
32.38
32.5196
32.6569
32.7911
32.9208
33.0454
33.1645
33.2771
33.3833
33.4824
33.5745
33.6599
33.7385
33.8111
33.8783
33.9415
34.002
34.0617
34.1227
34.1867
34.2554
34.33
34.4111
34.4985
34.5922
34.6914
34.7952
34.903
35.0135
35.1263
35.2404
35.3548
35.4688
35.5814
35.6917
35.7987
35.9015
35.9989
36.0898
36.1728
36.2464
36.3091
36.359
36.3942
36.4119
28.3535
28.0385
27.7006
27.3407
26.9597
26.5582
26.1365
25.6949
25.2332
24.7514
24.249
23.7257
23.1807
22.6134
22.0229
21.4084
20.7692
20.1048
19.4159
18.7053
17.98
17.2568
16.5728
16.0033
15.6714
15.6989
16.0972
16.7522
17.5336
18.3586
19.1854
19.9947
20.7781
21.5322
22.2565
22.9511
23.617
24.2552
24.8669
25.4532
26.015
26.5533
27.069
27.5628
28.0353
28.4872
28.9189
29.331
29.7238
30.0977
30.4531
30.7902
31.1093
31.4106
31.6944
31.9609
32.2101
32.4421
32.6571
32.8549
33.0354
33.1986
33.3441
33.4718
33.5812
33.6719
33.7433
33.795
33.8263
33.8365
33.8247
33.7903
33.7323
33.6501
33.5431
33.4109
33.2538
33.0733
32.8728
32.6603
32.4512
32.2674
32.1287
32.0419
32.0015
31.9972
32.0185
32.0569
32.106
32.1613
32.2193
32.2786
32.3378
32.3968
32.4563
32.5177
32.5828
32.6536
32.7319
32.8184
32.9132
33.0157
33.1248
33.2389
33.3566
33.4766
33.5978
33.7191
33.8394
33.9579
34.074
34.1871
34.2965
34.4019
34.5031
34.5996
34.6915
34.7789
34.8618
34.9407
35.0161
35.0889
35.1598
35.2304
35.3015
35.3743
35.4499
35.5288
35.6116
35.6982
35.7883
35.8815
35.9774
36.0751
36.1743
36.2739
36.3733
36.4721
36.5692
36.6641
36.7557
36.8433
36.9259
37.0025
37.0718
37.1329
37.184
37.2235
37.2496
37.2603
37.2529
28.1078
27.7833
27.436
27.0669
26.6768
26.2662
25.8354
25.3846
24.9136
24.4223
23.9103
23.3771
22.822
22.2443
21.6431
21.0177
20.3673
19.6918
18.992
18.2713
17.5381
16.8122
16.1364
15.5952
15.3184
15.4151
15.8685
16.5524
17.3439
18.1696
18.9933
19.7984
20.578
21.3293
22.052
22.7463
23.4133
24.0541
24.6696
25.2609
25.8291
26.3751
26.8997
27.4036
27.8876
28.3521
28.7978
29.225
29.6342
30.0258
30.4
30.7573
31.0977
31.4217
31.7293
32.0208
32.2962
32.5556
32.7991
33.0267
33.2383
33.4338
33.6131
33.776
33.9221
34.0513
34.1631
34.2572
34.3331
34.3904
34.4287
34.4473
34.446
34.4243
34.3822
34.3197
34.2376
34.1374
34.0224
33.898
33.7731
33.6589
33.5662
33.5007
33.4623
33.4475
33.4519
33.4709
33.5005
33.5378
33.5803
33.6269
33.6765
33.7286
33.7835
33.8417
33.9041
33.9715
34.0447
34.124
34.2094
34.3004
34.3963
34.4961
34.599
34.7041
34.8102
34.9169
35.0233
35.1288
35.2332
35.3355
35.4357
35.5332
35.6282
35.72
35.8088
35.8948
35.9778
36.0584
36.1366
36.2133
36.2888
36.3641
36.4397
36.5164
36.5946
36.675
36.7576
36.8422
36.9289
37.0172
37.1065
37.1966
37.2867
37.3762
37.4645
37.551
37.6348
37.7155
37.7922
37.864
37.93
37.9893
38.0406
38.0827
38.1142
38.1335
38.1386
38.1273
38.0971
27.8758
27.5426
27.1867
26.8092
26.4108
25.9919
25.5528
25.0936
24.6141
24.1142
23.5935
23.0514
22.4872
21.9001
21.2894
20.6542
19.9939
19.3085
18.5991
17.8699
17.131
16.4053
15.7421
15.2357
15.0198
15.1863
15.6912
16.4007
17.2007
18.0266
18.8471
19.6483
20.424
21.1722
21.8928
22.5862
23.2535
23.8955
24.5135
25.1085
25.6814
26.2332
26.7647
27.2766
27.7696
28.2443
28.7012
29.1407
29.5634
29.9695
30.3594
30.7335
31.0919
31.4349
31.7627
32.0754
32.3732
32.6562
32.9244
33.1779
33.4166
33.6404
33.8493
34.0432
34.2218
34.3851
34.5326
34.6643
34.7797
34.8787
34.961
35.0263
35.0745
35.1054
35.1192
35.1163
35.0975
35.0643
35.0191
34.9658
34.9095
34.8564
34.8122
34.7807
34.7634
34.7596
34.7677
34.7857
34.8117
34.844
34.8813
34.9226
34.9676
35.0158
35.0675
35.1227
35.1819
35.2456
35.3139
35.3871
35.465
35.5473
35.6334
35.7226
35.8144
35.908
36.0028
36.0983
36.1938
36.2892
36.3837
36.477
36.5689
36.6594
36.7479
36.8345
36.9191
37.0019
37.0828
37.1622
37.2401
37.3169
37.3933
37.4694
37.5458
37.6228
37.7009
37.7802
37.8606
37.9423
38.0247
38.1079
38.1913
38.2744
38.3565
38.4374
38.5164
38.5926
38.6657
38.7345
38.7988
38.8574
38.9095
38.9541
38.99
39.016
39.0305
39.0319
39.0183
38.9874
38.9364
27.6552
27.3139
26.9501
26.5649
26.1588
25.7323
25.2856
24.8187
24.3315
23.8238
23.2951
22.7449
22.1723
21.5768
20.9573
20.3132
19.644
18.9496
18.2319
17.4957
16.7529
16.0301
15.3841
14.9187
14.7685
15.0042
15.5562
16.2881
17.0951
17.9207
18.7381
19.5353
20.3071
21.0522
21.7704
22.4624
23.1292
23.7718
24.3913
24.9888
25.5651
26.1213
26.6582
27.1763
27.6765
28.1593
28.6253
29.0749
29.5085
29.9266
30.3295
30.7175
31.0908
31.4497
31.7944
32.1251
32.4419
32.7449
33.0343
33.3099
33.5719
33.8202
34.0548
34.2756
34.4825
34.6754
34.8542
35.0186
35.1685
35.3039
35.4244
35.5302
35.621
35.6971
35.7586
35.8061
35.8402
35.8624
35.8744
35.8788
35.8787
35.8776
35.879
35.8852
35.8975
35.9163
35.9413
35.9715
36.0064
36.0452
36.0872
36.132
36.1795
36.2297
36.2826
36.3384
36.3974
36.4599
36.5258
36.5955
36.6689
36.7455
36.8251
36.9072
36.9913
37.0769
37.1638
37.2511
37.3387
37.4261
37.5131
37.5993
37.6846
37.769
37.852
37.9337
38.014
38.0933
38.1711
38.2479
38.3239
38.3991
38.4741
38.5488
38.6238
38.699
38.7749
38.8513
38.9284
39.0058
39.0836
39.1613
39.2385
39.3148
39.3897
39.4626
39.533
39.6002
39.6636
39.7222
39.7756
39.8228
39.8628
39.8947
39.9172
39.929
39.9285
39.9141
39.8837
39.8349
39.765
27.4439
27.0951
26.7241
26.3317
25.9185
25.485
25.0313
24.5574
24.0631
23.5482
23.0121
22.4544
21.8742
21.2708
20.6433
19.9911
19.3136
18.6113
17.8862
17.1441
16.3992
15.6823
15.0581
14.6397
14.559
14.8618
15.4565
16.2075
17.0201
17.8451
18.6592
19.4524
20.2204
20.9622
21.6778
22.3681
23.034
23.6765
24.2969
24.896
25.4748
26.0343
26.5752
27.0983
27.6042
28.0936
28.5669
29.0246
29.4673
29.8952
30.3087
30.7082
31.094
31.4662
31.8251
32.1708
32.5036
32.8236
33.1308
33.4253
33.7072
33.9764
34.2331
34.477
34.7083
34.9268
35.1324
35.3251
35.5048
35.6715
35.8251
35.9655
36.0929
36.2075
36.3095
36.3994
36.4779
36.5459
36.605
36.6567
36.7031
36.7465
36.7886
36.8312
36.8754
36.9214
36.9696
37.0198
37.0715
37.1247
37.1792
37.2347
37.2914
37.3495
37.409
37.4702
37.5332
37.5985
37.6662
37.7363
37.8088
37.8835
37.9603
38.0388
38.1188
38.1998
38.2816
38.3639
38.4463
38.5285
38.6104
38.6917
38.7724
38.8521
38.9309
39.0086
39.0854
39.1613
39.2362
39.3102
39.3837
39.4566
39.5291
39.6015
39.6738
39.7463
39.8189
39.8917
39.9646
40.0375
40.11
40.182
40.2529
40.3226
40.3904
40.4557
40.518
40.5768
40.6313
40.6807
40.7241
40.761
40.7901
40.8105
40.8208
40.8198
40.8058
40.777
40.7313
40.6662
40.5787
27.2403
26.8845
26.5068
26.1077
25.688
25.248
24.7878
24.3073
23.8065
23.2848
22.742
22.1773
21.59
20.9793
20.3445
19.6847
18.9996
18.29
17.5583
16.8117
16.0663
15.3583
14.7607
14.3951
14.3864
14.7533
15.386
16.1532
16.9702
17.7941
18.6049
19.3941
20.1583
20.8967
21.6097
22.2979
22.9626
23.6046
24.2252
24.8253
25.4059
25.9678
26.5118
27.0388
27.5492
28.0438
28.523
28.9874
29.4374
29.8735
30.2958
30.7049
31.101
31.4843
31.855
32.2134
32.5597
32.8939
33.2162
33.5267
33.8255
34.1125
34.3879
34.6517
34.9037
35.1441
35.3729
35.5898
35.7951
35.9886
36.1704
36.3405
36.4991
36.6464
36.7826
36.9081
37.0237
37.13
37.2281
37.3191
37.4045
37.4854
37.5635
37.6394
37.7143
37.7882
37.8618
37.935
38.0075
38.0797
38.1513
38.2224
38.2932
38.3639
38.4347
38.5056
38.5772
38.6496
38.723
38.7976
38.8732
38.95
39.0277
39.1065
39.1859
39.2658
39.346
39.4263
39.5064
39.5862
39.6655
39.7443
39.8222
39.8993
39.9755
40.0507
40.125
40.1986
40.2712
40.343
40.4141
40.4849
40.555
40.6248
40.6944
40.7637
40.833
40.9019
40.9705
41.0386
41.106
41.1723
41.2373
41.3003
41.3613
41.4194
41.474
41.5248
41.5709
41.6115
41.6458
41.673
41.6921
41.7018
41.701
41.6881
41.6615
41.6193
41.5593
41.4789
41.375
27.0428
26.6806
26.2965
25.8913
25.4655
25.0194
24.5532
24.0667
23.5597
23.0319
22.4827
21.9115
21.3176
20.7001
20.0583
19.3914
18.6994
17.9831
17.2456
16.4954
15.7515
15.0554
14.4894
14.1822
14.2468
14.6737
15.34
16.1208
16.941
17.7633
18.5707
19.356
20.1164
20.8514
21.5615
22.2476
22.9107
23.5519
24.1723
24.7729
25.3545
25.9182
26.4646
26.9945
27.5085
28.0073
28.4914
28.9612
29.4173
29.86
30.2896
30.7066
31.1113
31.5038
31.8845
32.2535
32.6111
32.9573
33.2924
33.6165
33.9295
34.2317
34.5231
34.8037
35.0735
35.3326
35.581
35.8187
36.0457
36.2622
36.468
36.6634
36.8485
37.0234
37.1885
37.3442
37.4908
37.6291
37.7598
37.8838
38.0018
38.115
38.224
38.3298
38.4328
38.5335
38.6319
38.7286
38.8231
38.9159
39.0069
39.0961
39.1838
39.2702
39.3553
39.4394
39.5229
39.606
39.6887
39.7712
39.8538
39.9363
40.0189
40.1015
40.1839
40.266
40.3479
40.4293
40.5101
40.5902
40.6695
40.748
40.8255
40.902
40.9774
41.0519
41.1253
41.1978
41.2693
41.3399
41.4096
41.4786
41.5471
41.6148
41.682
41.7488
41.8148
41.8803
41.9449
42.0087
42.0712
42.1324
42.1917
42.2488
42.3032
42.3545
42.402
42.4453
42.4835
42.5159
42.5415
42.5597
42.5693
42.569
42.5576
42.5336
42.4952
42.4404
42.3669
42.2719
42.1522
26.85
26.4818
26.0918
25.6809
25.2495
24.7978
24.3259
23.8337
23.321
22.7874
22.2322
21.655
21.0548
20.431
19.7826
19.1092
18.4106
17.6881
16.9456
16.193
15.4523
14.7716
14.2426
13.9985
14.1364
14.619
15.3145
16.1066
16.9289
17.7493
18.5532
19.3344
20.091
20.8226
21.5298
22.2136
22.8749
23.515
24.1349
24.7355
25.3177
25.8825
26.4307
26.9628
27.4797
27.9818
28.4697
28.944
29.405
29.8533
30.289
30.7126
31.1244
31.5248
31.9137
32.2917
32.6588
33.0152
33.3611
33.6966
34.0218
34.3368
34.6417
34.9366
35.2216
35.4966
35.7618
36.0171
36.2627
36.4987
36.725
36.9418
37.1494
37.3478
37.5373
37.7183
37.8911
38.0563
38.2143
38.3659
38.5117
38.6522
38.7881
38.9201
39.0483
39.1734
39.2952
39.4143
39.5305
39.6438
39.7546
39.8626
39.9683
40.0717
40.1729
40.2722
40.3698
40.4659
40.5604
40.6539
40.7463
40.8376
40.9279
41.0173
41.1058
41.1933
41.2798
41.3652
41.4495
41.5326
41.6145
41.6951
41.7745
41.8526
41.9293
42.0048
42.079
42.152
42.2239
42.2946
42.3642
42.4327
42.5003
42.567
42.6327
42.6974
42.7613
42.824
42.8854
42.9456
43.004
43.0607
43.115
43.1669
43.2155
43.2607
43.3018
43.3381
43.3691
43.3937
43.4115
43.4212
43.4218
43.4121
43.3908
43.3562
43.3065
43.2397
43.1532
43.0442
42.9093
26.6607
26.2869
25.8915
25.4752
25.0386
24.5816
24.1045
23.607
23.089
22.5499
21.9892
21.4062
20.8001
20.1702
19.5157
18.836
18.1313
17.4032
16.6564
15.9024
15.1671
14.5054
14.0187
13.8422
14.0521
14.5854
15.3061
16.1074
16.9309
17.749
18.5492
19.3265
20.0793
20.8074
21.5117
22.193
22.8524
23.4911
24.1101
24.7104
25.2928
25.8584
26.4077
26.9415
27.4605
27.9653
28.4564
28.9343
29.3994
29.8521
30.2929
30.7221
31.1399
31.5467
31.9427
32.3282
32.7033
33.0683
33.4234
33.7686
34.1041
34.43
34.7465
35.0536
35.3514
35.64
35.9194
36.1898
36.4512
36.7038
36.9475
37.1826
37.4091
37.6274
37.8376
38.04
38.2349
38.4226
38.6038
38.7788
38.9479
39.1118
39.271
39.4257
39.5764
39.7232
39.8665
40.0061
40.1424
40.2754
40.4052
40.5317
40.6553
40.7759
40.8937
41.0089
41.1216
41.2318
41.34
41.4461
41.5501
41.6523
41.7528
41.8515
41.9485
42.0436
42.1372
42.2291
42.3194
42.4079
42.4947
42.5798
42.6632
42.7449
42.825
42.9034
42.9802
43.0554
43.1291
43.2015
43.2723
43.3417
43.4098
43.4765
43.542
43.6059
43.6685
43.7296
43.7889
43.8463
43.9018
43.9548
44.0053
44.0526
44.0965
44.1364
44.1718
44.202
44.2265
44.2443
44.2547
44.2566
44.249
44.2305
44.1998
44.1552
44.0948
44.0164
43.9175
43.795
43.6453
26.4737
26.0947
25.6942
25.2731
24.8315
24.3697
23.8877
23.3853
22.8622
22.318
21.752
21.1636
20.552
19.9163
19.2559
18.5703
17.8599
17.1266
16.3762
15.6222
14.8945
14.2557
13.8169
13.7112
13.9909
14.5698
15.312
16.1206
16.9445
17.7601
18.5565
19.3299
20.0788
20.8035
21.5047
22.1834
22.8408
23.4779
24.0958
24.6954
25.2778
25.8436
26.3936
26.9287
27.4493
27.9562
28.4497
28.9305
29.3989
29.8555
30.3004
30.7342
31.157
31.5693
31.9713
32.3631
32.7451
33.1174
33.4802
33.8336
34.1779
34.5132
34.8395
35.157
35.4657
35.7659
36.0575
36.3407
36.6156
36.8823
37.1408
37.3914
37.6342
37.8693
38.0969
38.3174
38.5309
38.7379
38.9385
39.1333
39.3224
39.5064
39.6855
39.8601
40.0303
40.1963
40.3586
40.5169
40.6717
40.8227
40.9702
41.1141
41.2547
41.3919
41.526
41.6569
41.7847
41.9097
42.0319
42.1513
42.2682
42.3826
42.4944
42.604
42.7112
42.816
42.9186
43.0188
43.1169
43.2128
43.3065
43.398
43.4873
43.5746
43.6597
43.7428
43.8239
43.9031
43.9803
44.0556
44.1291
44.201
44.2709
44.339
44.4053
44.4698
44.5325
44.5931
44.6514
44.7076
44.7611
44.8117
44.8593
44.9033
44.9434
44.9791
45.0098
45.0349
45.0538
45.0656
45.0695
45.0645
45.0493
45.0228
44.9834
44.9294
44.8589
44.7696
44.6587
44.523
44.3589
26.2879
25.9041
25.499
25.0732
24.6271
24.1608
23.6743
23.1673
22.6395
22.0904
21.5195
20.926
20.3091
19.668
19.002
18.3108
17.5949
16.857
16.1037
15.3509
14.6332
14.0218
13.6363
13.6037
13.95
14.5695
15.3299
16.1441
16.9678
17.7804
18.5731
19.3424
20.0875
20.8086
21.5067
22.1828
22.838
23.4733
24.0899
24.6887
25.2706
25.8364
26.3869
26.9227
27.4445
27.9529
28.4484
28.9315
29.4027
29.8622
30.3107
30.7483
31.1754
31.5922
31.9992
32.3964
32.7842
33.1627
33.5321
33.8926
34.2444
34.5875
34.9223
35.2486
35.5668
35.8769
36.1789
36.4731
36.7595
37.0382
37.3094
37.5731
37.8296
38.0791
38.3216
38.5574
38.7868
39.0099
39.2271
39.4388
39.6449
39.846
40.0422
40.234
40.4213
40.6044
40.7834
40.9584
41.1296
41.2969
41.4606
41.6205
41.7769
41.9296
42.079
42.2248
42.3674
42.5067
42.6428
42.7758
42.9058
43.0327
43.1568
43.278
43.3962
43.5117
43.6245
43.7345
43.8419
43.9464
44.0484
44.1478
44.2447
44.3389
44.4307
44.52
44.6069
44.6915
44.7737
44.8535
44.9312
45.0066
45.0797
45.1508
45.2194
45.2857
45.3496
45.411
45.4699
45.5257
45.5786
45.6282
45.6741
45.7159
45.7535
45.786
45.8133
45.8343
45.8487
45.8554
45.8538
45.8426
45.8208
45.787
45.7397
45.6771
45.5971
45.4974
45.3751
45.2269
45.0488
26.1022
25.714
25.3046
24.8746
24.4244
23.9539
23.4631
22.9519
22.4197
21.8661
21.2905
20.6922
20.0702
19.4239
18.7526
18.0561
17.3352
16.5931
15.8378
15.0876
14.3827
13.8032
13.4761
13.5181
13.9267
14.582
15.3576
16.176
16.9987
17.8083
18.597
19.3623
20.1035
20.8211
21.5161
22.1895
22.8423
23.4758
24.0909
24.6886
25.2698
25.8353
26.3858
26.9221
27.4447
27.9542
28.4512
28.9362
29.4095
29.8716
30.3229
30.7637
31.1943
31.615
32.0262
32.428
32.8207
33.2045
33.5795
33.9461
34.3043
34.6542
34.9962
35.3302
35.6564
35.9749
36.2859
36.5894
36.8857
37.1747
37.4567
37.7317
38
38.2616
38.5168
38.7657
39.0085
39.2455
39.4768
39.7027
39.9235
40.1394
40.3504
40.5569
40.7589
40.9569
41.1506
41.3405
41.5263
41.7082
41.8864
42.0607
42.2315
42.3984
42.5619
42.7217
42.8781
43.0309
43.1804
43.3264
43.4692
43.6087
43.7448
43.8778
44.0077
44.1344
44.2578
44.3783
44.4957
44.61
44.7212
44.8295
44.9349
45.0374
45.1369
45.2336
45.3276
45.4187
45.5071
45.5928
45.6758
45.7561
45.8338
45.9087
45.9809
46.0504
46.117
46.1805
46.2409
46.2979
46.3514
46.4011
46.4466
46.4876
46.5237
46.5544
46.5792
46.5973
46.6083
46.6111
46.6049
46.5886
46.5611
46.521
46.4666
46.3961
46.3075
46.1981
46.065
45.9048
45.7132
25.9155
25.5233
25.11
24.6763
24.2222
23.7479
23.2533
22.738
22.2018
21.644
21.064
20.4611
19.8344
19.1831
18.5067
17.8052
17.0796
16.3338
15.5772
14.8313
14.1422
13.5997
13.3359
13.4524
13.9188
14.6052
15.3933
16.2147
17.036
17.8422
18.6269
19.3881
20.1255
20.8396
21.5313
22.2019
22.8523
23.4838
24.0973
24.6937
25.274
25.8389
26.3893
26.9256
27.4487
27.959
28.4571
28.9434
29.4185
29.8826
30.3362
30.7797
31.2132
31.6372
32.052
32.4576
32.8545
33.2428
33.6227
33.9944
34.3581
34.7139
35.0621
35.4026
35.7357
36.0616
36.3802
36.6918
36.9965
37.2944
37.5856
37.8703
38.1486
38.4207
38.6867
38.9468
39.2011
39.4499
39.6932
39.9314
40.1648
40.3932
40.617
40.8363
41.0514
41.2622
41.4688
41.6716
41.8704
42.0652
42.2564
42.4437
42.6273
42.8071
42.9833
43.156
43.3249
43.4904
43.6523
43.8107
43.9656
44.117
44.265
44.4097
44.5507
44.6886
44.823
44.954
45.0817
45.2062
45.3273
45.445
45.5595
45.6709
45.779
45.884
45.9858
46.0844
46.18
46.2724
46.3618
46.4482
46.5314
46.6114
46.6883
46.7619
46.8322
46.899
46.9622
47.0216
47.0769
47.1278
47.1742
47.2156
47.2514
47.2814
47.305
47.3214
47.33
47.3299
47.3203
47.3
47.2678
47.2222
47.1616
47.0842
46.9876
46.8693
46.7261
46.5545
46.35
25.7266
25.3308
24.9141
24.477
24.0195
23.5418
23.0436
22.5248
21.9847
21.423
20.8389
20.2317
19.6004
18.9445
18.2633
17.557
16.8271
16.0781
15.3213
14.5814
13.9116
13.4111
13.2148
13.4047
13.9239
14.6372
15.4355
16.2587
17.078
17.8807
18.6614
19.4186
20.152
20.8625
21.5511
22.2187
22.8667
23.496
24.1077
24.7027
25.282
25.8461
26.396
26.9322
27.4555
27.9663
28.4651
28.9525
29.4288
29.8946
30.3501
30.7957
31.2317
31.6584
32.0761
32.4851
32.8855
33.2777
33.6617
34.0379
34.4063
34.7671
35.1206
35.4668
35.8059
36.138
36.4633
36.7818
37.0938
37.3993
37.6985
37.9916
38.2785
38.5595
38.8348
39.1045
39.3686
39.6275
39.8814
40.1301
40.3741
40.6134
40.8482
41.0788
41.3049
41.527
41.745
41.9591
42.1693
42.3756
42.5782
42.777
42.972
43.1635
43.3512
43.5354
43.7158
43.8928
44.066
44.2359
44.402
44.5647
44.7238
44.8795
45.0316
45.18
45.3251
45.4666
45.6045
45.739
45.87
45.9974
46.1214
46.242
46.359
46.4727
46.5829
46.6895
46.7929
46.8928
46.9893
47.0823
47.1719
47.258
47.3404
47.4192
47.4943
47.5654
47.6324
47.6951
47.7532
47.8066
47.8549
47.8977
47.9344
47.9648
47.9883
48.004
48.0114
48.0095
47.9975
47.9741
47.9382
47.8882
47.8224
47.7389
47.6352
47.5088
47.3563
47.1739
46.957
25.5343
25.1354
24.7158
24.2757
23.8152
23.3344
22.8331
22.311
21.7676
21.2022
20.6143
20.003
19.3675
18.7071
18.0214
17.3106
16.5768
15.8252
15.0691
14.3373
13.6905
13.2374
13.1121
13.3732
13.9399
14.6762
15.4827
16.3068
17.1238
17.9228
18.6994
19.4524
20.182
20.8888
21.5741
22.2388
22.8842
23.5113
24.1211
24.7146
25.2925
25.8557
26.4049
26.9408
27.464
27.9749
28.4743
28.9624
29.4397
29.9067
30.3637
30.8111
31.2491
31.6781
32.0983
32.5101
32.9135
33.309
33.6965
34.0765
34.449
34.8142
35.1722
35.5233
35.8675
36.2051
36.5361
36.8607
37.179
37.4911
37.7972
38.0974
38.3918
38.6805
38.9638
39.2417
39.5144
39.782
40.0447
40.3026
40.5558
40.8047
41.0491
41.2891
41.5251
41.7569
41.985
42.209
42.4291
42.6455
42.8583
43.0672
43.2725
43.4743
43.6723
43.8666
44.0576
44.2448
44.4286
44.6087
44.7853
44.9583
45.1278
45.2936
45.4559
45.6145
45.7697
45.9212
46.069
46.2133
46.354
46.4909
46.6243
46.754
46.8801
47.0026
47.1212
47.2364
47.3478
47.4556
47.5597
47.66
47.7565
47.8491
47.9378
48.0224
48.1029
48.179
48.2507
48.3176
48.3795
48.4363
48.4874
48.5325
48.5712
48.6031
48.6273
48.6434
48.6506
48.6479
48.6345
48.6091
48.5703
48.5168
48.4467
48.3579
48.2481
48.1143
47.9532
47.7607
47.5321
25.3372
24.9359
24.5137
24.0711
23.6082
23.1248
22.6207
22.0957
21.5492
20.9806
20.3892
19.7741
19.1346
18.4701
17.7801
17.0651
16.3277
15.5742
14.8201
14.0987
13.479
13.0787
13.0268
13.3559
13.965
14.7207
15.5336
16.3577
17.172
17.9671
18.7396
19.4885
20.2141
20.9174
21.5993
22.2611
22.9038
23.5286
24.1364
24.7281
25.3047
25.8668
26.4151
26.9505
27.4733
27.9842
28.4837
28.9723
29.4503
29.9183
30.3765
30.8252
31.2649
31.6958
32.1181
32.5322
32.9382
33.3364
33.7271
34.1102
34.4862
34.8552
35.2172
35.5725
35.9212
36.2635
36.5995
36.9293
37.253
37.5709
37.8829
38.1893
38.4902
38.7857
39.0759
39.3609
39.641
39.9162
40.1866
40.4524
40.7137
40.9706
41.2233
41.4718
41.7162
41.9567
42.1934
42.4262
42.6551
42.8804
43.1021
43.3201
43.5344
43.7451
43.9525
44.1561
44.3563
44.5528
44.7459
44.9354
45.1214
45.3039
45.4827
45.6581
45.8297
45.9979
46.1623
46.3233
46.4805
46.634
46.7839
46.9301
47.0724
47.2111
47.346
47.4771
47.6044
47.7279
47.8476
47.9633
48.0751
48.1828
48.2865
48.3861
48.4814
48.5723
48.6588
48.7405
48.8174
48.8893
48.9557
49.0165
49.0712
49.1195
49.1609
49.195
49.221
49.2383
49.2461
49.2436
49.2296
49.203
49.1624
49.1063
49.0327
48.9395
48.8242
48.6838
48.5148
48.3129
48.0732
25.1339
24.7306
24.3066
23.8621
23.3971
22.9116
22.4053
21.8778
21.3286
20.7571
20.1625
19.544
18.9009
18.2324
17.5384
16.8196
16.0791
15.3245
14.5736
13.8652
13.2771
12.9347
12.9578
13.3509
13.9974
14.7693
15.587
16.4105
17.2217
18.0129
18.7811
19.5258
20.2475
20.9471
21.6257
22.2844
22.9244
23.5468
24.1525
24.7424
25.3174
25.8783
26.4256
26.9602
27.4825
27.9932
28.4927
28.9815
29.46
29.9286
30.3876
30.8375
31.2785
31.7109
32.1349
32.551
32.9592
33.3598
33.753
34.139
34.518
34.8902
35.2557
35.6146
35.9672
36.3136
36.6539
36.9883
37.3168
37.6396
37.9569
38.2687
38.5752
38.8765
39.1727
39.464
39.7504
40.0321
40.3093
40.582
40.8503
41.1143
41.3742
41.6301
41.8821
42.1301
42.3743
42.6148
42.8515
43.0846
43.3142
43.5401
43.7625
43.9813
44.1968
44.4087
44.617
44.822
45.0234
45.2213
45.4159
45.6068
45.7943
45.9782
46.1586
46.3353
46.5086
46.678
46.844
47.0061
47.1647
47.3195
47.4704
47.6176
47.761
47.9004
48.036
48.1677
48.2953
48.4188
48.5383
48.6536
48.7646
48.8712
48.9734
49.0709
49.1636
49.2513
49.3338
49.4109
49.4823
49.5476
49.6065
49.6586
49.7034
49.7404
49.7689
49.7881
49.7974
49.7957
49.7819
49.7549
49.7132
49.6552
49.5789
49.482
49.362
49.2157
49.0395
48.8289
48.5785
24.9226
24.5181
24.0929
23.647
23.1806
22.6936
22.1855
21.6561
21.1047
20.5307
19.9333
19.3118
18.6652
17.9932
17.2955
16.5733
15.8301
15.0751
14.3291
13.6366
13.085
12.8054
12.9036
13.3562
14.0353
14.8207
15.6417
16.464
17.2719
18.059
18.823
19.5635
20.2812
20.9771
21.6523
22.3079
22.9452
23.565
24.1685
24.7565
25.3298
25.8893
26.4355
26.9691
27.4908
28.001
28.5003
28.9891
29.4678
29.9368
30.3965
30.8472
31.2892
31.7229
32.1484
32.566
32.9761
33.3787
33.7741
34.1625
34.5441
34.9191
35.2876
35.6497
36.0057
36.3557
36.6998
37.0381
37.3707
37.6979
38.0197
38.3363
38.6477
38.9541
39.2555
39.5523
39.8443
40.1318
40.4149
40.6936
40.968
41.2383
41.5046
41.7669
42.0253
42.28
42.5309
42.7781
43.0217
43.2617
43.4982
43.7313
43.9608
44.1868
44.4094
44.6287
44.8445
45.0568
45.2659
45.4713
45.6734
45.8721
46.0673
46.2589
46.4472
46.6318
46.8129
46.9903
47.1643
47.3344
47.501
47.6638
47.8227
47.978
48.1292
48.2766
48.4201
48.5595
48.6948
48.826
48.9529
49.0755
49.1936
49.3072
49.4162
49.5202
49.6193
49.7131
49.8015
49.8841
49.9607
50.031
50.0945
50.1508
50.1994
50.2398
50.2712
50.293
50.3042
50.3039
50.291
50.2643
50.2221
50.1628
50.0844
49.9846
49.8605
49.7089
49.526
49.3072
49.0467
24.7012
24.2964
23.8707
23.4243
22.9572
22.4692
21.96
21.4291
20.8761
20.3001
19.7004
19.0762
18.4267
17.7514
17.0504
16.3252
15.58
14.8256
14.0861
13.4128
12.9028
12.6904
12.8629
13.3699
14.0772
14.8736
15.6968
16.5172
17.3216
18.1045
18.8641
19.6004
20.3141
21.0062
21.678
22.3305
22.9649
23.5822
24.1834
24.7694
25.3409
25.8988
26.4438
26.9764
27.4972
28.0068
28.5057
28.9943
29.473
29.9423
30.4024
30.8537
31.2965
31.7311
32.1578
32.5768
32.9884
33.3927
33.79
34.1805
34.5643
34.9417
35.3128
35.6777
36.0367
36.3897
36.7371
37.0789
37.4152
37.7462
38.072
38.3927
38.7084
39.0193
39.3254
39.6269
39.9238
40.2163
40.5045
40.7885
41.0684
41.3442
41.6161
41.8841
42.1483
42.4088
42.6656
42.9188
43.1685
43.4146
43.6573
43.8967
44.1326
44.365
44.5941
44.8198
45.0422
45.2612
45.4769
45.6891
45.8982
46.1037
46.3058
46.5046
46.6998
46.8917
47.0799
47.2646
47.4458
47.6233
47.7972
47.9674
48.1337
48.2963
48.455
48.6098
48.7606
48.9073
49.0499
49.1883
49.3222
49.4519
49.577
49.6974
49.8129
49.9235
50.0287
50.1286
50.2228
50.3111
50.3931
50.4684
50.5366
50.5974
50.6501
50.6941
50.7289
50.7535
50.7671
50.7687
50.7572
50.7311
50.689
50.629
50.549
50.4466
50.319
50.1626
49.9735
49.7469
49.4769
24.4674
24.0631
23.6379
23.1918
22.7248
22.2367
21.7271
21.1956
20.6415
20.0641
19.4626
18.8362
18.1842
17.5061
16.8022
16.0744
15.3278
14.5751
13.8442
13.1939
12.7306
12.589
12.8339
13.3901
14.1216
14.9267
15.7511
16.5692
17.3698
18.1483
18.9036
19.6356
20.3452
21.0336
21.7018
22.3512
22.9826
23.5973
24.1961
24.78
25.3497
25.906
26.4495
26.9809
27.5008
28.0097
28.508
28.9963
29.4749
29.9441
30.4044
30.8561
31.2995
31.7349
32.1625
32.5826
32.9955
33.4013
33.8002
34.1924
34.5782
34.9577
35.331
35.6984
36.0599
36.4157
36.766
37.1108
37.4504
37.7847
38.114
38.4384
38.7579
39.0727
39.3829
39.6886
39.9899
40.2869
40.5796
40.8682
41.1529
41.4336
41.7104
41.9835
42.2528
42.5185
42.7806
43.0391
43.2942
43.5458
43.794
44.0389
44.2805
44.5186
44.7535
44.985
45.2133
45.4382
45.66
45.8784
46.0934
46.3052
46.5137
46.7187
46.9203
47.1186
47.3133
47.5047
47.6924
47.8767
48.0572
48.2341
48.4072
48.5766
48.7421
48.9037
49.0613
49.2149
49.3643
49.5093
49.6501
49.7863
49.918
50.0447
50.1666
50.2834
50.3948
50.5006
50.6005
50.6942
50.7815
50.8619
50.935
51.0003
51.0572
51.1051
51.1433
51.171
51.1873
51.1911
51.1812
51.1561
51.1143
51.054
50.9728
50.8683
50.7374
50.5767
50.3818
50.1477
49.8683
24.2179
23.8155
23.3919
22.9472
22.4814
21.9941
21.4849
20.9535
20.3991
19.821
19.2184
18.5904
17.9364
17.256
16.5498
15.8199
15.0727
14.3229
13.6029
12.9796
12.5685
12.5005
12.8147
13.4148
14.1668
14.9787
15.8034
16.6188
17.4154
18.1895
18.9403
19.668
20.3736
21.0581
21.7228
22.3689
22.9974
23.6093
24.2057
24.7873
25.3551
25.9096
26.4517
26.9818
27.5006
28.0086
28.5063
28.9941
29.4723
29.9415
30.4018
30.8538
31.2976
31.7335
32.1619
32.5829
32.9968
33.4037
33.804
34.1978
34.5853
34.9666
35.3419
35.7114
36.0752
36.4334
36.7862
37.1338
37.4761
37.8135
38.1459
38.4735
38.7964
39.1147
39.4286
39.738
40.0431
40.344
40.6409
40.9337
41.2226
41.5075
41.7887
42.0663
42.3402
42.6105
42.8773
43.1406
43.4005
43.6571
43.9102
44.1601
44.4066
44.6499
44.8901
45.1268
45.3604
45.5907
45.8178
46.0416
46.2623
46.4796
46.6937
46.9044
47.1119
47.3159
47.5165
47.7138
47.9075
48.0978
48.2844
48.4675
48.6468
48.8223
48.9941
49.1621
49.3259
49.4857
49.6413
49.7927
49.9397
50.082
50.2198
50.3527
50.4805
50.6032
50.7203
50.8318
50.9373
51.0364
51.1288
51.2141
51.2919
51.3616
51.4227
51.4745
51.5163
51.5471
51.5662
51.5723
51.5642
51.5403
51.4991
51.4386
51.3565
51.2502
51.1164
50.9515
50.751
50.5098
50.2212
23.9492
23.55
23.1295
22.6875
22.224
21.7387
21.2311
20.7008
20.147
19.5691
18.9661
18.3373
17.682
16.9999
16.2919
15.5607
14.8138
14.0683
13.3618
12.7699
12.4164
12.4235
12.8032
13.4423
14.2114
15.0285
15.8527
16.665
17.4574
18.227
18.9731
19.6965
20.3979
21.0786
21.7397
22.3824
23.0078
23.617
24.2109
24.7902
25.3559
25.9087
26.4491
26.9779
27.4955
28.0025
28.4994
28.9866
29.4644
29.9333
30.3936
30.8456
31.2897
31.726
32.155
32.5767
32.9914
33.3995
33.8009
34.196
34.5849
34.9678
35.3449
35.7162
36.082
36.4424
36.7975
37.1474
37.4924
37.8323
38.1675
38.4981
38.824
39.1454
39.4625
39.7752
40.0838
40.3884
40.6887
40.9852
41.278
41.5669
41.8521
42.1335
42.4115
42.686
42.957
43.2247
43.4889
43.7498
44.0074
44.2618
44.5129
44.7608
45.0055
45.247
45.4853
45.7206
45.9525
46.1813
46.4069
46.6293
46.8485
47.0644
47.277
47.4863
47.6924
47.8949
48.0941
48.2899
48.482
48.6706
48.8556
49.0368
49.2143
49.3878
49.5575
49.723
49.8845
50.0416
50.1942
50.3424
50.4858
50.6243
50.7578
50.886
51.0085
51.1253
51.2359
51.3401
51.4374
51.5275
51.6098
51.6838
51.749
51.8046
51.8499
51.8839
51.9057
51.9141
51.9078
51.8853
51.8448
51.7842
51.7013
51.5932
51.4566
51.2877
51.0819
50.8334
50.5359
23.6562
23.2622
22.8465
22.4089
21.9493
21.4674
20.9628
20.4348
19.8829
19.3061
18.7038
18.075
17.4191
16.7361
16.027
15.2953
14.5498
13.8104
13.1204
12.5648
12.2737
12.3567
12.7974
13.4705
14.2538
15.0747
15.8975
16.7063
17.4944
18.2593
19.0009
19.7198
20.417
21.0937
21.7512
22.3905
23.0128
23.6191
24.2104
24.7874
25.351
25.9019
26.4406
26.968
27.4843
27.9903
28.4862
28.9727
29.45
29.9185
30.3787
30.8307
31.2749
31.7115
32.1408
32.5632
32.9786
33.3875
33.79
34.1862
34.5764
34.9607
35.3393
35.7123
36.0799
36.4422
36.7993
37.1514
37.4986
37.841
38.1787
38.5118
38.8404
39.1647
39.4847
39.8004
40.1121
40.4198
40.7236
41.0233
41.3195
41.6119
41.9007
42.1859
42.4677
42.7458
43.0206
43.2921
43.5603
43.8252
44.0868
44.3453
44.6005
44.8526
45.1015
45.3473
45.59
45.8295
46.0659
46.2991
46.5293
46.7563
46.9801
47.2006
47.418
47.6322
47.843
48.0504
48.2545
48.4553
48.6525
48.8461
49.0362
49.2226
49.4053
49.5841
49.759
49.9297
50.0965
50.2588
50.4168
50.5702
50.7189
50.8626
51.0012
51.1345
51.2621
51.3838
51.4993
51.6082
51.7102
51.8047
51.8913
51.9695
52.0385
52.0977
52.1463
52.1834
52.2078
52.2185
52.214
52.1927
52.1528
52.0923
52.0085
51.8987
51.7594
51.5865
51.3752
51.1198
50.8132
23.3326
22.9462
22.5375
22.1064
21.6527
21.1761
20.6761
20.1521
19.6035
19.0293
18.4288
17.8012
17.1459
16.4629
15.7537
15.0224
14.2795
13.5481
12.878
12.3639
12.1399
12.2982
12.795
13.4975
14.2924
15.1156
15.9365
16.7416
17.525
18.2852
19.022
19.7364
20.4293
21.102
21.7557
22.3917
23.0108
23.6142
24.2028
24.7774
25.3388
25.8878
26.4248
26.9506
27.4656
27.9704
28.4654
28.9511
29.4278
29.896
30.3558
30.8077
31.2519
31.6887
32.1184
32.5412
32.9573
33.3669
33.7702
34.1675
34.5588
34.9444
35.3243
35.6988
36.0681
36.4321
36.7911
37.1451
37.4944
37.8389
38.1789
38.5144
38.8455
39.1723
39.4949
39.8134
40.128
40.4384
40.7452
41.0482
41.3475
41.643
41.935
42.2236
42.5087
42.7902
43.0686
43.3436
43.6154
43.8839
44.1492
44.4114
44.6704
44.9263
45.1791
45.4288
45.6754
45.9189
46.1593
46.3967
46.6309
46.862
47.09
47.3149
47.5367
47.7551
47.9703
48.1822
48.3908
48.5961
48.7979
48.9962
49.191
49.382
49.5694
49.753
49.9326
50.1083
50.2798
50.4471
50.6098
50.7681
50.9215
51.0701
51.2135
51.3514
51.4837
51.61
51.73
51.8433
51.9496
52.0483
52.1389
52.2209
52.2936
52.3562
52.4079
52.4478
52.4747
52.4875
52.4846
52.4645
52.4252
52.3646
52.28
52.1684
52.0262
51.8493
51.6326
51.37
51.0541
22.97
22.5943
22.1955
21.7736
21.3284
20.8595
20.3664
19.8484
19.305
18.7351
18.1381
17.5131
16.8596
16.1779
15.4697
14.7401
14.0013
13.2802
12.6339
12.1667
12.0137
12.2456
12.7932
13.521
14.3251
15.1496
15.968
16.7689
17.5475
18.3028
19.0348
19.7446
20.4331
21.1018
21.7517
22.3841
23
23.6005
24.1864
24.7585
25.3177
25.8646
26.3999
26.9241
27.4378
27.9414
28.4354
28.9203
29.3964
29.864
30.3235
30.7752
31.2194
31.6564
32.0863
32.5095
32.9261
33.3364
33.7405
34.1387
34.5311
34.9178
35.299
35.6749
36.0456
36.4112
36.7719
37.1277
37.4789
37.8254
38.1675
38.5052
38.8385
39.1677
39.4928
39.8139
40.1309
40.4442
40.7538
41.0594
41.3616
41.6602
41.9551
42.2467
42.5349
42.8198
43.1012
43.3795
43.6545
43.9264
44.1951
44.4607
44.7231
44.9825
45.2389
45.4922
45.7424
45.9896
46.2337
46.4748
46.7129
46.9478
47.1798
47.4086
47.6342
47.8567
48.0759
48.2919
48.5047
48.7141
48.9201
49.1226
49.3217
49.5171
49.7087
49.8967
50.0808
50.2608
50.4367
50.6084
50.7757
50.9383
51.0962
51.2491
51.3969
51.5392
51.6757
51.8063
51.9305
52.0478
52.1581
52.2606
52.3549
52.4405
52.5165
52.5823
52.6369
52.6794
52.7086
52.7233
52.7219
52.7027
52.6638
52.6029
52.5173
52.4038
52.2587
52.0777
51.8554
51.5853
51.2602
