42.3544
44.5678
46.3452
47.7869
48.9662
49.9369
50.7394
51.4045
51.9558
52.4121
52.7882
53.096
53.3452
53.5438
53.6983
53.8144
53.8965
53.9487
53.9743
53.976
53.9565
53.9178
53.8617
53.7899
53.7038
53.6046
53.4934
53.3712
53.2387
53.0969
52.9463
52.7875
52.6211
52.4475
52.2673
52.0807
51.8882
51.69
51.4864
51.2777
51.0641
50.8458
50.623
50.3959
50.1646
49.9292
49.6899
49.4467
49.1999
48.9494
48.6953
48.4378
48.1769
47.9125
47.6449
47.374
47.0998
46.8224
46.5418
46.258
45.9711
45.681
45.3878
45.0914
44.7919
44.4892
44.1834
43.8744
43.5622
43.2468
42.9281
42.6062
42.281
41.9525
41.6206
41.2852
40.9465
40.6042
40.2585
39.9091
39.556
39.1992
38.8387
38.4743
38.106
37.7336
37.3572
36.9766
36.5917
36.2025
35.8088
35.4105
35.0074
34.5996
34.1868
33.7689
33.3457
32.9171
32.4829
32.043
31.5972
31.1452
30.6868
30.2218
29.7497
29.2708
28.7844
28.2904
27.7883
27.2775
26.7582
26.2298
25.6916
25.1432
24.5843
24.0144
23.4324
22.8382
22.2308
21.6099
20.9744
20.3242
19.658
18.9763
18.2783
17.5656
16.8394
16.1053
15.3715
14.6558
13.9894
13.4215
13.0168
12.8351
12.8993
13.1822
13.6213
14.1494
14.7163
15.2911
15.8557
16.4006
16.9208
17.4134
17.8766
18.3093
18.7114
19.0818
19.4197
19.7247
19.9956
42.8305
44.9528
46.661
48.0492
49.1866
50.1242
50.9
51.5435
52.0772
52.519
52.8831
53.1809
53.4219
53.6135
53.7623
53.8735
53.9517
54.0005
54.0234
54.0229
54.0016
53.9614
53.9043
53.8316
53.7449
53.6454
53.534
53.4117
53.2794
53.1378
52.9875
52.8292
52.6633
52.4904
52.3109
52.125
51.9333
51.736
51.5333
51.3255
51.1128
50.8955
50.6737
50.4476
50.2173
49.9829
49.7447
49.5026
49.2568
49.0074
48.7544
48.498
48.2381
47.9749
47.7083
47.4384
47.1653
46.889
46.6094
46.3267
46.0408
45.7518
45.4596
45.1642
44.8656
44.5639
44.2591
43.951
43.6397
43.3252
43.0074
42.6864
42.362
42.0343
41.7032
41.3687
41.0307
40.6892
40.3441
39.9953
39.6429
39.2868
38.9268
38.563
38.1951
37.8233
37.4473
37.0671
36.6826
36.2937
35.9001
35.502
35.0994
34.6916
34.2788
33.8609
33.4377
33.009
32.5746
32.1344
31.6881
31.2357
30.7767
30.3108
29.8383
29.3584
28.871
28.3758
27.8724
27.3603
26.8394
26.3092
25.7692
25.2187
24.6576
24.0851
23.5004
22.9034
22.2931
21.6685
21.0297
20.3754
19.7056
19.0196
18.318
17.6013
16.8727
16.1368
15.4049
14.6956
14.0439
13.5033
13.1392
13.007
13.1213
13.4455
13.9147
14.4639
15.0465
15.6347
16.2126
16.7713
17.3064
17.8154
18.2965
18.7491
19.1723
19.5656
19.9282
20.2597
20.5583
43.2818
45.3177
46.9597
48.2968
49.394
50.2995
51.0497
51.6722
52.1888
52.6164
52.9688
53.2568
53.4895
53.6744
53.8174
53.9238
53.998
54.0435
54.0636
54.0608
54.0377
53.996
53.9377
53.8642
53.7768
53.6768
53.5652
53.4428
53.3105
53.1691
53.0191
52.8612
52.6958
52.5235
52.3445
52.1594
51.9684
51.7718
51.5699
51.363
51.1512
50.9348
50.7139
50.4887
50.2594
50.026
49.7887
49.5476
49.3028
49.0544
48.8025
48.547
48.2881
48.0258
47.7603
47.4914
47.2192
46.9438
46.6653
46.3835
46.0985
45.8104
45.519
45.2245
44.9269
44.626
44.322
44.0147
43.7042
43.3905
43.0735
42.7531
42.4295
42.1024
41.772
41.4381
41.1007
40.7597
40.4152
40.067
39.715
39.3593
38.9998
38.6363
38.2688
37.8972
37.5215
37.1415
36.7572
36.3683
35.975
35.5769
35.174
34.7661
34.3532
33.935
33.5114
33.0823
32.6475
32.2068
31.7599
31.3067
30.847
30.3804
29.9068
29.4258
28.9372
28.4407
27.9358
27.422
26.8993
26.3672
25.8252
25.2726
24.7087
24.1336
23.5463
22.9459
22.3324
21.7048
21.062
20.4042
19.7302
19.0405
18.3348
17.6152
16.8837
16.1474
15.4173
14.7163
14.0813
13.5699
13.2486
13.1661
13.3281
13.6903
14.1856
14.7521
15.3469
15.9449
16.5318
17.1004
17.646
18.1664
18.66
19.1262
19.5643
19.9736
20.3532
20.7026
21.0204
43.7094
45.663
47.2419
48.53
49.5886
50.4633
51.1886
51.7908
52.2907
52.7045
53.0453
53.3238
53.5484
53.7265
53.8639
53.9655
54.0357
54.0779
54.0952
54.0901
54.0651
54.0219
53.9624
53.8879
53.7999
53.6994
53.5874
53.4649
53.3327
53.1914
53.0416
52.8841
52.7191
52.5472
52.3689
52.1844
51.994
51.7982
51.597
51.3909
51.18
50.9644
50.7444
50.5201
50.2916
50.0592
49.8228
49.5827
49.3388
49.0913
48.8403
48.5858
48.3278
48.0665
47.8018
47.5338
47.2626
46.9881
46.7104
46.4294
46.1453
45.858
45.5675
45.2738
44.9769
44.6768
44.3735
44.0669
43.7571
43.444
43.1277
42.808
42.4849
42.1584
41.8285
41.4951
41.1582
40.8177
40.4735
40.1257
39.7741
39.4187
39.0594
38.6962
38.3289
37.9575
37.5818
37.2019
36.8176
36.4287
36.0352
35.6369
35.234
34.8258
34.4125
33.994
33.5699
33.1403
32.7048
32.2634
31.8158
31.3617
30.901
30.4334
29.9586
29.4763
28.9863
28.4883
27.9817
27.4664
26.9416
26.4074
25.8631
25.308
24.7419
24.1638
23.5736
22.9703
22.3532
21.7221
21.076
20.4141
19.7367
19.0428
18.3339
17.6107
16.8775
16.1405
15.414
14.7219
14.1063
13.6266
13.3492
13.3165
13.524
13.921
14.4389
15.0195
15.6239
16.2291
16.8225
17.3975
17.9502
18.4783
18.9804
19.456
19.9043
20.3246
20.716
21.0777
21.4083
44.1141
45.9892
47.508
48.7492
49.7707
50.6156
51.3168
51.8993
52.383
52.7833
53.1129
53.3819
53.5987
53.7701
53.9019
53.9988
54.065
54.1038
54.1183
54.111
54.0841
54.0394
53.9786
53.9032
53.8144
53.7134
53.6011
53.4785
53.3462
53.205
53.0554
52.8982
52.7336
52.5622
52.3844
52.2005
52.0108
51.8156
51.6152
51.4098
51.1997
50.9849
50.7658
50.5423
50.3147
50.0832
49.8477
49.6084
49.3655
49.1189
48.8687
48.6151
48.358
48.0976
47.8338
47.5666
47.2962
47.0226
46.7457
46.4655
46.1822
45.8957
45.6059
45.3129
45.0167
44.7173
44.4147
44.1088
43.7996
43.4871
43.1713
42.8521
42.5296
42.2036
41.8741
41.5411
41.2046
40.8644
40.5206
40.173
39.8217
39.4665
39.1074
38.7443
38.3771
38.0057
37.63
37.25
36.8656
36.4765
36.0829
35.6844
35.2809
34.8724
34.4586
34.0395
33.6151
33.1848
32.7486
32.3063
31.8578
31.4027
30.9409
30.4721
29.996
29.5124
29.0209
28.5212
28.0129
27.4957
26.9689
26.4325
25.8858
25.3284
24.7596
24.179
23.5855
22.9792
22.359
21.7241
21.0744
20.4091
19.7275
19.0304
18.3176
17.5919
16.857
16.1203
15.398
14.7166
14.1222
13.6767
13.4448
13.4612
13.7119
14.1403
14.678
15.2704
15.8821
16.4925
17.0902
17.6695
18.2267
18.7598
19.2676
19.7494
20.2044
20.632
21.0309
21.4007
21.7399
44.4965
46.2971
47.7583
48.9545
49.9403
50.7566
51.4345
51.9979
52.4657
52.8529
53.1715
53.4313
53.6404
53.8052
53.9315
54.0237
54.086
54.1215
54.1333
54.1236
54.0948
54.0485
53.9865
53.9101
53.8206
53.7191
53.6065
53.4836
53.3513
53.2102
53.0608
52.9038
52.7397
52.5687
52.3914
52.2081
52.019
51.8245
51.6249
51.4202
51.2109
50.9969
50.7786
50.556
50.3292
50.0985
49.8639
49.6255
49.3834
49.1377
48.8885
48.6357
48.3795
48.1198
47.8569
47.5906
47.321
47.0481
46.772
46.4926
46.21
45.9242
45.6352
45.3429
45.0474
44.7486
44.4465
44.1412
43.8326
43.5207
43.2053
42.8867
42.5645
42.239
41.9099
41.5773
41.241
40.9012
40.5576
40.2102
39.8591
39.504
39.145
38.7819
38.4147
38.0432
37.6675
37.2874
36.9027
36.5134
36.1194
35.7205
35.3168
34.9078
34.4935
34.0738
33.6485
33.2174
32.7806
32.3374
31.8879
31.4317
30.9688
30.4987
30.0212
29.5361
29.043
28.5416
28.0315
27.5124
26.9837
26.4449
25.8958
25.3359
24.7645
24.181
23.5848
22.9751
22.3516
21.7136
21.06
20.3911
19.7062
19.0051
18.2895
17.5611
16.8244
16.0891
15.3715
14.703
14.1317
13.723
13.5377
13.6026
13.8939
14.3508
14.9056
15.5077
16.1249
16.7386
17.3393
17.9212
18.4811
19.0172
19.5281
20.0137
20.473
20.9051
21.3091
21.6838
22.0277
44.8574
46.5869
47.9932
49.1463
50.0977
50.8863
51.5416
52.0864
52.5389
52.9133
53.2212
53.472
53.6734
53.8318
53.9526
54.0403
54.0987
54.131
54.14
54.128
54.0973
54.0495
53.9863
53.9089
53.8187
53.7166
53.6037
53.4806
53.3483
53.2072
53.0581
52.9014
52.7376
52.5671
52.3903
52.2076
52.0191
51.8253
51.6264
51.4225
51.2139
51.0008
50.7832
50.5615
50.3356
50.1057
49.872
49.6345
49.3933
49.1484
48.9
48.6481
48.3927
48.1339
47.8718
47.6063
47.3375
47.0654
46.79
46.5114
46.2296
45.9444
45.6561
45.3644
45.0695
44.7714
44.4699
44.1652
43.8571
43.5456
43.2308
42.9125
42.5908
42.2656
41.9369
41.6046
41.2686
40.929
40.5856
40.2384
39.8873
39.5323
39.1733
38.8102
38.443
38.0714
37.6955
37.3152
36.9303
36.5407
36.1464
35.7471
35.3427
34.9331
34.5185
34.0981
33.672
33.2401
32.8022
32.358
31.9076
31.4503
30.9861
30.5147
30.0359
29.5492
29.0545
28.5513
28.0394
27.5183
26.9875
26.4467
25.8953
25.3325
24.7584
24.1721
23.573
22.9604
22.3334
21.6919
21.0352
20.3627
19.6738
18.9697
18.251
17.5198
16.7825
16.0485
15.3376
14.6832
14.1378
13.7678
13.6299
13.7423
14.0716
14.5541
15.1237
15.7338
16.3552
16.9711
17.5733
18.1563
18.7175
19.2547
19.7677
20.2553
20.7168
21.1514
21.5579
21.9352
22.2815
45.1972
46.8591
48.2128
49.3244
50.2428
51.0046
51.6381
52.1649
52.6025
52.9644
53.2618
53.5038
53.6977
53.8499
53.9653
54.0485
54.103
54.1321
54.1384
54.1243
54.0917
54.0424
53.9779
53.8997
53.8087
53.7061
53.5928
53.4696
53.3372
53.1963
53.0473
52.891
52.7275
52.5575
52.3813
52.1991
52.0114
51.8182
51.62
51.4169
51.2091
50.9968
50.7801
50.5592
50.3342
50.1052
49.8724
49.6357
49.3954
49.1514
48.9038
48.6528
48.3983
48.1403
47.879
47.6143
47.3463
47.075
46.8004
46.5225
46.2414
45.957
45.6692
45.3783
45.084
44.7864
44.4855
44.1813
43.8737
43.5628
43.2484
42.9305
42.6092
42.2843
41.9559
41.6238
41.2881
40.9487
40.6055
40.2584
39.9074
39.5525
39.1934
38.8303
38.4629
38.0912
37.7152
37.3346
36.9494
36.5595
36.1647
35.7649
35.3601
34.95
34.5344
34.1133
33.6867
33.2539
32.815
32.3698
31.9181
31.4597
30.9944
30.5216
30.0413
29.5531
29.0567
28.5518
28.038
27.5148
26.982
26.4389
25.8851
25.3201
24.7433
24.1539
23.5518
22.9361
22.3062
21.6614
21.0008
20.3248
19.6328
18.9254
18.2033
17.4705
16.7326
16.0009
15.2976
14.659
14.142
13.8127
13.723
13.8813
14.2462
14.7514
15.3338
15.9503
16.5747
17.1919
17.7945
18.3777
18.9387
19.4765
19.9899
20.4781
20.9403
21.3755
21.7829
22.1609
22.5076
45.5166
47.1138
48.4171
49.489
50.3755
51.1115
51.7238
52.2332
52.6562
53.006
53.2932
53.5266
53.7132
53.8592
53.9694
54.0482
54.099
54.1249
54.1286
54.1122
54.0778
54.0271
53.9614
53.8822
53.7906
53.6876
53.574
53.4506
53.3182
53.1774
53.0287
52.8727
52.7097
52.5402
52.3645
52.183
51.9959
51.8035
51.6061
51.4038
51.1968
50.9853
50.7695
50.5495
50.3253
50.0973
49.8653
49.6296
49.3901
49.147
48.9004
48.6502
48.3966
48.1395
47.879
47.6152
47.348
47.0775
46.8036
46.5265
46.2461
45.9623
45.6753
45.385
45.0913
44.7943
44.494
44.1903
43.8832
43.5727
43.2588
42.9413
42.6203
42.2958
41.9677
41.6359
41.3004
40.9611
40.6181
40.2711
39.9202
39.5652
39.2062
38.843
38.4755
38.1036
37.7273
37.3464
36.9609
36.5706
36.1753
35.7752
35.3697
34.9589
34.5429
34.121
33.6933
33.2599
32.8201
32.3738
31.921
31.4613
30.9945
30.5206
30.0388
29.5491
29.051
28.5443
28.0285
27.5034
26.9684
26.423
25.8669
25.2993
24.7199
24.128
23.523
22.9039
22.2707
21.6226
20.959
20.2795
19.5838
18.8731
18.1487
17.414
16.6757
15.9475
15.2531
14.6326
14.1461
13.8595
13.818
14.0206
14.4183
14.9439
15.5372
16.1589
16.7852
17.4027
18.0049
18.5872
19.1477
19.6848
20.1977
20.6851
21.147
21.5819
21.9888
22.3661
22.7118
45.8157
47.3511
48.6063
49.6399
50.4958
51.2068
51.7986
52.2911
52.7
53.0379
53.3152
53.5401
53.7197
53.8596
53.9647
54.0391
54.0863
54.1091
54.1102
54.0918
54.0556
54.0035
53.9367
53.8566
53.7644
53.6609
53.547
53.4236
53.2913
53.1506
53.0022
52.8466
52.6841
52.5151
52.3401
52.1592
51.9729
51.7812
51.5846
51.3832
51.1771
50.9665
50.7516
50.5325
50.3093
50.0822
49.8512
49.6164
49.3779
49.1357
48.89
48.6407
48.388
48.1318
47.8722
47.6092
47.3428
47.0731
46.8001
46.5237
46.244
45.961
45.6747
45.385
45.092
44.7956
44.4959
44.1927
43.8861
43.5761
43.2626
42.9455
42.625
42.3008
41.9729
41.6414
41.3061
40.967
40.6241
40.2772
39.9263
39.5714
39.2123
38.849
38.4813
38.1093
37.7328
37.3516
36.9657
36.5751
36.1794
35.7785
35.3727
34.9613
34.5443
34.1219
33.6934
33.2588
32.8182
32.3709
31.9169
31.456
30.9879
30.5127
30.0294
29.538
29.0383
28.5298
28.0121
27.485
26.9478
26.4002
25.8417
25.2716
24.6896
24.0949
23.4869
22.8651
22.2288
21.5773
20.91
20.2271
19.5285
18.8147
18.0877
17.3512
16.6136
15.8894
15.2049
14.6051
14.1516
13.9092
13.9159
14.1607
14.5888
15.1324
15.7348
16.3604
16.9875
17.6051
18.2063
18.7871
19.3462
19.8819
20.3931
20.8795
21.3399
21.7735
22.1788
22.554
22.8973
46.0946
47.5712
48.7802
49.7771
50.6033
51.2902
51.8622
52.3382
52.7334
53.0598
53.3273
53.5441
53.7167
53.8508
53.9509
54.0211
54.0647
54.0846
54.0832
54.0627
54.0248
53.9713
53.9035
53.8227
53.7298
53.626
53.5119
53.3885
53.2563
53.1159
52.9678
52.8126
52.6507
52.4823
52.308
52.1279
51.9423
51.7515
51.5558
51.3552
51.1501
50.9405
50.7265
50.5084
50.2862
50.0601
49.8301
49.5963
49.3588
49.1176
48.8729
48.6246
48.3728
48.1175
47.8588
47.5967
47.3313
47.0624
46.7902
46.5146
46.2357
45.9535
45.6678
45.3789
45.0865
44.7908
44.4916
44.189
43.883
43.5734
43.2604
42.9437
42.6235
42.2997
41.9721
41.6409
41.3058
40.9669
40.6241
40.2773
39.9265
39.5715
39.2124
38.849
38.4812
38.109
37.7322
37.3508
36.9646
36.5734
36.1772
35.7761
35.3694
34.9576
34.5399
34.1165
33.6874
33.2519
32.8101
32.3619
31.9068
31.4447
30.9753
30.4983
30.0138
29.5209
29.0194
28.5092
27.9896
27.4605
26.9212
26.3713
25.8104
25.2379
24.6532
24.0557
23.4449
22.82
22.1805
21.5259
20.8555
20.1693
19.4674
18.7503
18.0209
17.2835
16.547
15.8274
15.1551
14.5778
14.1595
13.9629
14.0173
14.3022
14.7579
15.3173
15.9274
16.556
17.1835
17.8001
18.3994
18.9787
19.5358
20.0692
20.5786
21.0629
21.5212
21.9523
22.3551
22.7277
23.0678
46.3538
47.7739
48.9386
49.9001
50.6977
51.3614
51.9141
52.3742
52.756
53.0712
53.3293
53.5381
53.704
53.8323
53.9276
53.9937
54.0339
54.0509
54.0471
54.0246
53.9852
53.9305
53.8617
53.7801
53.6868
53.5826
53.4685
53.3451
53.2131
53.073
52.9254
52.7707
52.6094
52.4418
52.2682
52.0889
51.9042
51.7144
51.5196
51.32
51.1159
50.9073
50.6944
50.4774
50.2563
50.0312
49.8023
49.5696
49.3331
49.093
48.8493
48.602
48.3513
48.097
47.8393
47.5781
47.3136
47.0456
46.7743
46.4996
46.2215
45.94
45.6551
45.3669
45.0752
44.7802
44.4816
44.1796
43.8741
43.5651
43.2525
42.9363
42.6165
42.293
41.9658
41.6348
41.3
40.9613
40.6186
40.2719
39.9212
39.5663
39.2071
38.8436
38.4757
38.1033
37.7263
37.3446
36.958
36.5664
36.1699
35.768
35.361
34.9483
34.5302
34.106
33.6757
33.2396
32.7968
32.3474
31.8913
31.428
30.9573
30.4789
29.9929
29.4984
28.9953
28.4832
27.9618
27.4307
26.8896
26.3375
25.7742
25.1992
24.6119
24.0117
23.398
22.7701
22.1275
21.4696
20.7956
20.1061
19.4011
18.6815
17.9499
17.2117
16.4763
15.7631
15.1044
14.5519
14.1712
14.0213
14.1226
14.4453
14.926
15.4992
16.1157
16.7464
17.3737
17.9889
18.5861
19.163
19.7173
20.2485
20.7553
21.2367
21.6923
22.1207
22.5204
22.8892
23.2252
46.5928
47.959
49.0812
50.0087
50.7787
51.4198
51.9539
52.3985
52.7673
53.0717
53.3206
53.5216
53.681
53.8037
53.8944
53.9566
53.9934
54.0077
54.0016
53.9773
53.9364
53.8804
53.8108
53.7286
53.6349
53.5306
53.4164
53.2932
53.1615
53.0218
52.8748
52.7207
52.5601
52.3933
52.2205
52.0422
51.8585
51.6697
51.476
51.2775
51.0745
50.867
50.6553
50.4394
50.2195
49.9956
49.7678
49.5363
49.301
49.062
48.8194
48.5732
48.3235
48.0703
47.8137
47.5535
47.29
47.023
46.7526
46.4788
46.2016
45.921
45.6369
45.3494
45.0585
44.7641
44.4663
44.1649
43.86
43.5515
43.2395
42.9238
42.6044
42.2813
41.9544
41.6237
41.2892
40.9507
40.6082
40.2617
39.911
39.5561
39.1969
38.8333
38.4653
38.0928
37.7155
37.3335
36.9465
36.5547
36.1576
35.7554
35.3476
34.9345
34.5154
34.0907
33.6596
33.2223
32.7788
32.3283
31.8711
31.4066
30.9346
30.4548
29.9674
29.4713
28.9665
28.4527
27.9294
27.3965
26.853
26.2987
25.7331
25.1556
24.5657
23.9628
23.3462
22.7153
22.0696
21.4085
20.7317
20.0389
19.3308
18.6085
17.875
17.1358
16.403
15.697
15.0537
14.5282
14.1876
14.085
14.232
14.5902
15.0934
15.6786
16.3002
16.9322
17.5587
18.1717
18.7668
19.341
19.8925
20.4207
20.9242
21.4028
21.8552
22.2799
22.6758
23.0407
23.3719
46.8116
48.1262
49.2075
50.1022
50.8456
51.4649
51.9809
52.4105
52.7668
53.0606
53.3006
53.4941
53.6471
53.7645
53.8506
53.909
53.9427
53.9543
53.9461
53.9201
53.8778
53.8209
53.7505
53.6678
53.5738
53.4694
53.3554
53.2324
53.1011
52.962
52.8156
52.6623
52.5026
52.3367
52.1649
51.9877
51.8051
51.6174
51.4248
51.2276
51.0258
50.8196
50.6091
50.3945
50.1759
49.9532
49.7267
49.4964
49.2624
49.0246
48.7833
48.5383
48.2898
48.0377
47.7822
47.5232
47.2607
46.9948
46.7254
46.4525
46.1763
45.8966
45.6134
45.3267
45.0366
44.743
44.4459
44.1452
43.8409
43.5331
43.2216
42.9064
42.5875
42.2648
41.9383
41.608
41.2737
40.9355
40.5932
40.2468
39.8962
39.5414
39.1822
38.8186
38.4505
38.0778
37.7004
37.3181
36.9309
36.5385
36.1412
35.7383
35.3302
34.9162
34.4966
34.0709
33.6393
33.2011
32.7566
32.3051
31.8465
31.381
30.9077
30.4266
29.9377
29.44
28.9336
28.418
27.8932
27.358
26.8124
26.256
25.688
25.1081
24.5156
23.9102
23.2908
22.657
22.0082
21.3439
20.6638
19.9679
19.2564
18.5315
17.7962
17.0573
16.3275
15.63
15.0041
14.5082
14.2093
14.1545
14.3458
14.7369
15.2602
15.8556
16.4814
17.1137
17.7393
18.35
18.9424
19.5132
20.0618
20.5865
21.0869
21.562
22.0104
22.4315
22.8232
23.1832
23.5091
47.0098
48.2749
49.3169
50.1801
50.8978
51.4959
51.9945
52.4095
52.7536
53.0371
53.2686
53.4548
53.6016
53.7139
53.7957
53.8504
53.8811
53.8903
53.8801
53.8525
53.809
53.7511
53.6801
53.5971
53.503
53.3987
53.2849
53.1624
53.0316
52.8932
52.7476
52.5953
52.4365
52.2717
52.1011
51.925
51.7436
51.5572
51.366
51.1701
50.9697
50.7649
50.5558
50.3426
50.1253
49.9041
49.679
49.4501
49.2174
48.981
48.741
48.4973
48.2501
47.9993
47.745
47.4871
47.2258
46.961
46.6927
46.421
46.1457
45.867
45.5848
45.299
45.0098
44.717
44.4207
44.1207
43.8172
43.51
43.1991
42.8845
42.5661
42.2439
41.9179
41.5879
41.254
40.916
40.574
40.2278
39.8774
39.5226
39.1635
38.7999
38.4317
38.0589
37.6813
37.2988
36.9112
36.5187
36.1209
35.7176
35.3089
34.8943
34.4741
34.0477
33.6152
33.1761
32.7304
32.2781
31.8185
31.3518
30.8773
30.3948
29.9044
29.4052
28.8972
28.3801
27.8531
27.316
26.7684
26.2097
25.6397
25.0574
24.4623
23.8539
23.2316
22.5949
21.943
21.2756
20.5923
19.8933
19.1791
18.4518
17.7151
16.9765
16.2505
15.5627
14.9561
14.4925
14.2372
14.2302
14.4639
14.8854
15.4266
16.0304
16.6597
17.292
17.9159
18.5241
19.1134
19.681
20.2261
20.7472
21.2439
21.7149
22.1596
22.5761
22.9632
23.3182
23.6382
47.1869
48.4046
49.4088
50.2414
50.9343
51.5119
51.9936
52.3945
52.7268
53.0005
53.2235
53.4028
53.5437
53.651
53.7287
53.78
53.8079
53.8148
53.8028
53.7737
53.7292
53.6706
53.5992
53.516
53.4219
53.3178
53.2045
53.0825
52.9525
52.815
52.6703
52.519
52.3614
52.1978
52.0286
51.8538
51.6739
51.489
51.2993
51.1049
50.906
50.7027
50.4952
50.2835
50.0678
49.8481
49.6246
49.3972
49.166
48.9311
48.6925
48.4503
48.2044
47.955
47.702
47.4455
47.1855
46.9219
46.6548
46.3842
46.1101
45.8325
45.5513
45.2666
44.9783
44.6864
44.3909
44.0918
43.789
43.4825
43.1723
42.8583
42.5406
42.2189
41.8934
41.5638
41.2303
40.8927
40.551
40.205
39.8548
39.5001
39.1411
38.7775
38.4093
38.0364
37.6586
37.2759
36.8882
36.4952
36.097
35.6934
35.284
34.8691
34.448
34.0211
33.5876
33.1479
32.7013
32.248
31.7873
31.3194
30.8436
30.3598
29.868
29.3673
28.8576
28.3388
27.81
27.2709
26.7212
26.1607
25.5881
25.0033
24.4057
23.7946
23.1695
22.5301
21.8752
21.2046
20.5182
19.8161
19.0991
18.3695
17.6316
16.8939
16.1722
15.4958
14.9112
14.4821
14.2716
14.3122
14.5863
15.0357
15.5926
16.2038
16.8353
17.4672
18.0888
18.6944
19.2801
19.8445
20.3856
20.9031
21.3957
21.8628
22.3029
22.7151
23.0971
23.4465
23.7604
47.3421
48.5142
49.482
50.2852
50.9541
51.512
51.9773
52.3645
52.6854
52.9495
53.1645
53.337
53.4723
53.5749
53.6487
53.6968
53.7221
53.7268
53.7132
53.6829
53.6376
53.5785
53.5068
53.4236
53.3297
53.2261
53.1134
52.9922
52.8631
52.7266
52.5832
52.4332
52.2769
52.1148
51.947
51.7738
51.5955
51.4123
51.2242
51.0315
50.8343
50.6328
50.427
50.2171
50.0031
49.7852
49.5633
49.3375
49.108
48.8748
48.6378
48.3971
48.1529
47.905
47.6535
47.3984
47.1397
46.8775
46.6118
46.3424
46.0695
45.7931
45.513
45.2294
44.9421
44.6513
44.3567
44.0585
43.7566
43.4509
43.1415
42.8282
42.5111
42.19
41.865
41.536
41.203
40.8657
40.5243
40.1787
39.8287
39.4742
39.1153
38.7518
38.3836
38.0106
37.6328
37.2499
36.8619
36.4688
36.0703
35.666
35.2564
34.8407
34.4192
33.9916
33.5574
33.1168
32.6693
32.215
31.7533
31.2843
30.8072
30.3221
29.8289
29.3266
28.8153
28.2948
27.7642
27.2232
26.6718
26.1087
25.5339
24.9466
24.3468
23.733
23.1051
22.4624
21.8045
21.1308
20.4413
19.7361
19.0164
18.2846
17.5458
16.8096
16.0939
15.4305
14.87
14.4776
14.3132
14.4007
14.713
15.1877
15.7585
16.3756
17.0088
17.6396
18.2589
18.8615
19.4436
20.0039
20.5415
21.0547
21.5433
22.0059
22.4417
22.8487
23.2254
23.5691
23.8763
47.4744
48.6026
49.5353
50.3102
50.9559
51.4947
51.9442
52.3182
52.6281
52.883
53.0903
53.2563
53.3862
53.4844
53.5545
53.5996
53.6225
53.6254
53.6104
53.5791
53.5331
53.4737
53.402
53.319
53.2257
53.1227
53.0108
52.8907
52.7627
52.6275
52.4855
52.337
52.1823
52.0219
51.8558
51.6845
51.508
51.3266
51.1405
50.9497
50.7545
50.5549
50.351
50.143
49.931
49.7149
49.4949
49.2711
49.0434
48.8119
48.5768
48.3378
48.0953
47.849
47.5992
47.3457
47.0886
46.8278
46.5635
46.2956
46.0241
45.7489
45.4701
45.1877
44.9016
44.6118
44.3183
44.0211
43.7201
43.4154
43.1068
42.7943
42.4779
42.1575
41.8332
41.5047
41.1722
40.8354
40.4944
40.1491
39.7994
39.4452
39.0864
38.723
38.3549
37.9819
37.604
37.221
36.833
36.4394
36.0405
35.6362
35.2258
34.8098
34.3878
33.9593
33.5246
33.083
32.6349
32.1794
31.7168
31.2464
30.7684
30.282
29.7874
29.2837
28.7711
28.2486
27.7161
27.1736
26.6198
26.0546
25.4777
24.8881
24.2854
23.6689
23.0382
22.3929
21.732
21.0552
20.3625
19.6544
18.9321
18.1983
17.459
16.7248
16.0159
15.3673
14.8331
14.4797
14.3623
14.4956
14.8435
15.3413
15.9241
16.5462
17.1799
17.8097
18.4263
19.0252
19.6041
20.1604
20.6936
21.2029
21.6869
22.1452
22.5759
22.9779
23.3489
23.6864
23.9869
47.5824
48.6685
49.5674
50.3149
50.9382
51.4585
51.8927
52.2541
52.5533
52.7994
52.9993
53.1592
53.2841
53.3781
53.4448
53.4872
53.508
53.5093
53.4931
53.4611
53.4147
53.3553
53.2838
53.2013
53.1086
53.0066
52.8959
52.777
52.6505
52.5168
52.3765
52.2297
52.077
51.9184
51.7544
51.5851
51.4107
51.2315
51.0475
50.8589
50.6659
50.4685
50.2668
50.061
49.8511
49.6372
49.4193
49.1975
48.9719
48.7424
48.5092
48.2722
48.0316
47.7872
47.5391
47.2873
47.0319
46.7729
46.5102
46.2438
45.9737
45.7
45.4226
45.1415
44.8567
44.5682
44.2758
43.9797
43.6798
43.376
43.0684
42.7568
42.4412
42.1216
41.7979
41.4702
41.1382
40.802
40.4614
40.1165
39.7672
39.4133
39.0548
38.6915
38.3235
37.9506
37.5727
37.1897
36.8013
36.4077
36.0086
35.6037
35.1932
34.7767
34.3539
33.925
33.4896
33.0473
32.5983
32.1418
31.6783
31.2068
30.7276
30.2399
29.7439
29.2388
28.7246
28.2004
27.6665
27.1217
26.5659
25.9988
25.4194
24.8274
24.2221
23.6033
22.9698
22.3212
21.6572
20.9774
20.282
19.571
18.8461
18.1107
17.3711
16.6397
15.9388
15.307
14.8015
14.4891
14.4192
14.5969
14.9782
15.4966
16.0897
16.7157
17.3496
17.9773
18.5914
19.1868
19.7615
20.3141
20.843
21.3476
21.8274
22.2806
22.7065
23.103
23.4683
23.7992
24.0924
47.6646
48.7101
49.5765
50.2975
50.8991
51.4017
51.8211
52.1702
52.4594
52.697
52.8899
53.044
53.1641
53.2543
53.3179
53.3579
53.3769
53.3769
53.3599
53.3275
53.281
53.2217
53.1508
53.0691
52.9775
52.8767
52.7673
52.65
52.5252
52.3935
52.2551
52.1105
51.9599
51.8036
51.6419
51.475
51.303
51.1262
50.9447
50.7586
50.568
50.3731
50.1739
49.9705
49.763
49.5515
49.336
49.1166
48.8932
48.666
48.435
48.2002
47.9616
47.7192
47.4731
47.2233
46.9698
46.7126
46.4516
46.187
45.9186
45.6464
45.3706
45.091
44.8075
44.5203
44.2293
43.9344
43.6357
43.333
43.0264
42.7158
42.4011
42.0824
41.7595
41.4325
41.1012
40.7656
40.4256
40.0812
39.7323
39.3787
39.0205
38.6576
38.2897
37.9169
37.539
37.156
36.7677
36.3739
35.9744
35.5694
35.1585
34.7414
34.3183
33.8888
33.4525
33.0097
32.5599
32.1025
31.638
31.1654
30.6851
30.1962
29.6988
29.1922
28.6765
28.1507
27.6149
27.0682
26.5107
25.9412
25.3596
24.7654
24.1576
23.5358
22.8995
22.2484
21.5813
20.8984
20.1997
19.4858
18.7589
18.0219
17.2826
16.5547
15.8632
15.2501
14.7758
14.5062
14.484
14.7044
15.1168
15.6534
16.2553
16.8843
17.5178
18.1434
18.7541
19.3462
19.9168
20.4649
20.9898
21.4899
21.9646
22.4132
22.8336
23.2247
23.5837
23.908
24.1936
47.7188
48.7253
49.5602
50.2557
50.8365
51.3219
51.7272
52.0646
52.344
52.5736
52.76
52.9087
53.0245
53.1111
53.172
53.21
53.2275
53.2265
53.209
53.1764
53.1302
53.0715
53.0015
52.9209
52.8306
52.7314
52.6239
52.5085
52.3858
52.2563
52.1203
51.9781
51.8301
51.6765
51.5174
51.3532
51.1841
51.01
50.8313
50.648
50.4603
50.2681
50.0717
49.8711
49.6664
49.4575
49.2446
49.0278
48.807
48.5823
48.3537
48.1213
47.885
47.645
47.4011
47.1535
46.902
46.6468
46.3878
46.1251
45.8585
45.5881
45.314
45.036
44.7541
44.4684
44.1788
43.8853
43.5879
43.2864
42.981
42.6715
42.3579
42.0401
41.7181
41.3919
41.0614
40.7265
40.3872
40.0433
39.6949
39.3418
38.984
38.6213
38.2537
37.8811
37.5033
37.1204
36.7319
36.338
35.9385
35.5333
35.1218
34.7045
34.281
33.851
33.4141
32.9705
32.5199
32.0618
31.5963
31.1227
30.6412
30.1513
29.6524
29.1446
28.627
28.0999
27.5621
27.0136
26.454
25.8824
25.2988
24.7019
24.0916
23.4675
22.8283
22.1739
21.5039
20.8183
20.1166
19.3999
18.6703
17.9321
17.1939
16.4704
15.7897
15.1976
14.7568
14.5316
14.5569
14.8181
15.2589
15.8113
16.4206
17.0521
17.6849
18.308
18.9153
19.5033
20.0701
20.6139
21.1339
21.6296
22.0995
22.5427
22.958
23.3431
23.696
24.0132
24.291
47.7426
48.7114
49.5161
50.187
50.7477
51.2166
51.6084
51.9346
52.2048
52.4269
52.6071
52.7509
52.8627
52.9463
53.0048
53.0411
53.0575
53.056
53.0384
53.0061
52.9605
52.9028
52.834
52.755
52.6665
52.5692
52.4639
52.3509
52.2308
52.1039
51.9707
51.8314
51.6863
51.5357
51.3798
51.2188
51.0528
50.882
50.7065
50.5264
50.3418
50.1529
49.9596
49.7621
49.5604
49.3546
49.1447
48.9308
48.7129
48.491
48.2651
48.0354
47.8017
47.5642
47.3228
47.0775
46.8284
46.5755
46.3186
46.058
45.7934
45.525
45.2528
44.9766
44.6965
44.4125
44.1245
43.8325
43.5365
43.2364
42.9322
42.624
42.3115
41.9948
41.6739
41.3486
41.019
40.6849
40.3463
40.0031
39.6553
39.3027
38.9453
38.5831
38.2158
37.8434
37.4658
37.0829
36.6946
36.3007
35.9011
35.4954
35.0839
34.6663
34.2423
33.8116
33.3743
32.9302
32.4786
32.0198
31.5534
31.0788
30.5962
30.1051
29.6049
29.0957
28.5767
28.0479
27.5084
26.9582
26.3964
25.823
25.2368
24.6375
24.025
23.3979
22.7559
22.099
21.4259
20.7369
20.0326
19.3132
18.5815
17.8423
17.105
16.3869
15.719
15.15
14.7452
14.5656
14.6379
14.9378
15.4045
15.971
16.5864
17.219
17.8509
18.4713
19.0751
19.6591
20.2213
20.7606
21.2763
21.767
22.2319
22.6701
23.0796
23.4587
23.8051
24.115
24.3848
47.7327
48.6654
49.4408
50.0881
50.6295
51.0827
51.4615
51.7771
52.0388
52.2538
52.4284
52.5677
52.676
52.757
52.8137
52.8488
52.8645
52.8629
52.8456
52.814
52.7696
52.7133
52.6462
52.5692
52.4829
52.3882
52.2855
52.1753
52.0582
51.9345
51.8046
51.6687
51.5271
51.3801
51.2278
51.0704
50.9081
50.7409
50.5691
50.3927
50.2118
50.0264
49.8368
49.6428
49.4446
49.2422
49.0356
48.825
48.6102
48.3915
48.1687
47.942
47.7112
47.4765
47.2379
46.9953
46.7487
46.4983
46.2439
45.9856
45.7233
45.4571
45.1869
44.9127
44.6346
44.3524
44.0662
43.7759
43.4815
43.1829
42.8802
42.5733
42.2622
41.9467
41.6269
41.3027
40.974
40.6409
40.3031
39.9607
39.6136
39.2616
38.9048
38.543
38.1761
37.8041
37.4268
37.0439
36.6556
36.2618
35.8621
35.4565
35.0449
34.6269
34.2024
33.7714
33.3336
32.8888
32.4365
31.977
31.5097
31.0341
30.5505
30.0582
29.5567
29.0461
28.5256
27.9952
27.4539
26.902
26.3382
25.7626
25.1742
24.5729
23.9574
23.328
22.6832
22.023
21.3473
20.6553
19.9477
19.2261
18.4924
17.7526
17.0171
16.3054
15.6513
15.1082
14.7415
14.6086
14.7269
15.0632
15.5533
16.1321
16.7525
17.3858
18.0157
18.6332
19.2336
19.8135
20.3714
20.9061
21.4168
21.9028
22.3626
22.7952
23.1989
23.5721
23.9115
24.2142
24.4753
47.6855
48.5832
49.3306
49.9552
50.4782
50.9163
51.2829
51.5886
51.8423
52.0509
52.2204
52.3558
52.4612
52.5401
52.5955
52.6299
52.6455
52.6443
52.6278
52.5975
52.5546
52.5003
52.4355
52.361
52.2775
52.1858
52.0863
51.9797
51.8661
51.7462
51.6201
51.4882
51.3507
51.2078
51.0597
50.9065
50.7484
50.5856
50.418
50.2457
50.069
49.8878
49.7022
49.5122
49.3179
49.1194
48.9166
48.7097
48.4986
48.2833
48.064
47.8406
47.6131
47.3816
47.146
46.9064
46.6627
46.4151
46.1634
45.9077
45.6479
45.3841
45.1162
44.8443
44.5683
44.2882
44.0039
43.7155
43.4229
43.1261
42.825
42.5196
42.2099
41.8958
41.5773
41.2543
40.9268
40.5946
40.2578
39.9163
39.57
39.2188
38.8626
38.5013
38.1349
37.7633
37.3863
37.0038
36.6157
36.222
35.8223
35.4166
35.0046
34.5865
34.1618
33.7304
33.2922
32.8468
32.3939
31.9336
31.4654
30.9889
30.5043
30.0108
29.5081
28.9962
28.4744
27.9422
27.3995
26.8454
26.2799
25.702
25.1116
24.5075
23.8899
23.2574
22.6102
21.9471
21.268
20.5734
19.8629
19.1383
18.4033
17.6632
16.9303
16.2261
15.588
15.0728
14.7465
14.6607
14.8238
15.1941
15.7053
16.2947
16.919
17.5524
18.1803
18.7946
19.3909
19.9665
20.5199
21.0502
21.5561
22.0368
22.4913
22.9186
23.3165
23.6831
24.0157
24.3105
24.563
47.5962
48.4603
49.1808
49.7837
50.2891
50.7131
51.0682
51.3648
51.6111
51.814
51.9791
52.1112
52.2143
52.2917
52.3464
52.3807
52.3968
52.3965
52.3815
52.353
52.3124
52.2607
52.1987
52.1274
52.0474
51.9594
51.8638
51.7612
51.652
51.5365
51.415
51.2878
51.155
51.017
50.8737
50.7255
50.5723
50.4143
50.2515
50.0842
49.9122
49.7357
49.5547
49.3693
49.1795
48.9853
48.7868
48.5841
48.377
48.1658
47.9503
47.7307
47.5068
47.2788
47.0467
46.8104
46.57
46.3255
46.0768
45.824
45.567
45.3059
45.0406
44.7712
44.4976
44.2197
43.9377
43.6514
43.3608
43.0658
42.7666
42.4629
42.1548
41.8423
41.5252
41.2035
40.8773
40.5463
40.2106
39.8701
39.5247
39.1743
38.8188
38.4583
38.0925
37.7213
37.3448
36.9627
36.5747
36.181
35.7815
35.3758
34.9639
34.5456
34.1207
33.689
33.2503
32.8042
32.3509
31.8899
31.4209
30.9435
30.4578
29.9633
29.4596
28.9461
28.4229
27.889
27.3447
26.789
26.2213
25.6416
25.0486
24.4425
23.822
23.1872
22.5368
21.8711
21.189
20.491
19.7781
19.0512
18.3142
17.5746
16.8449
16.1496
15.5296
15.0446
14.7605
14.7222
14.9284
15.3304
15.8602
16.4587
17.086
17.719
18.3445
18.9554
19.5477
20.119
20.6677
21.193
21.6939
22.1698
22.6189
23.0403
23.4321
23.7922
24.1177
24.4045
24.6482
47.4591
48.291
48.9857
49.5679
50.0568
50.4675
50.8121
51.1003
51.3401
51.538
51.6995
51.8291
51.9306
52.0073
52.0619
52.0968
52.1141
52.1155
52.1026
52.0767
52.039
51.9906
51.9322
51.8648
51.789
51.7055
51.6146
51.5169
51.4128
51.3025
51.1864
51.0647
50.9375
50.8051
50.6676
50.525
50.3775
50.2252
50.0681
49.9063
49.7398
49.5687
49.393
49.2128
49.028
48.8389
48.6452
48.4472
48.2448
48.038
47.8269
47.6115
47.3918
47.1678
46.9395
46.707
46.4701
46.2291
45.9838
45.7342
45.4804
45.2223
44.9599
44.6932
44.4223
44.147
43.8674
43.5834
43.295
43.0022
42.705
42.4032
42.097
41.7861
41.4707
41.1505
40.8257
40.496
40.1616
39.8222
39.4778
39.1284
38.7738
38.414
38.0489
37.6784
37.3023
36.9206
36.5331
36.1397
35.7403
35.3347
34.9228
34.5044
34.0793
33.6473
33.208
32.7617
32.3078
31.8462
31.3765
30.8982
30.4115
29.9159
29.411
28.8962
28.3716
27.8365
27.2902
26.7327
26.1633
25.5812
24.9863
24.3774
23.7547
23.1169
22.464
21.795
21.1104
20.4094
19.6933
18.9645
18.2262
17.4867
16.7615
16.0765
15.4767
15.0244
14.784
14.7933
15.0407
15.4717
16.0182
16.6242
17.2537
17.8854
18.5083
19.1156
19.7037
20.2708
20.8149
21.3353
21.8311
22.3014
22.7451
23.1607
23.5465
23.8998
24.2178
24.4964
24.7308
47.2672
48.0683
48.7385
49.3012
49.7746
50.1731
50.5081
50.7889
51.0231
51.217
51.3757
51.5036
51.6044
51.6812
51.7366
51.773
51.7922
51.7961
51.7862
51.7637
51.7297
51.6854
51.6315
51.5689
51.4982
51.42
51.3347
51.2429
51.1448
51.0408
50.9311
50.8159
50.6953
50.5695
50.4387
50.3027
50.1619
50.0161
49.8655
49.7101
49.5499
49.3851
49.2154
49.0412
48.8623
48.6788
48.4907
48.298
48.1008
47.8991
47.693
47.4823
47.2672
47.0477
46.8238
46.5954
46.3626
46.1255
45.8839
45.638
45.3876
45.1329
44.8738
44.6102
44.3422
44.0698
43.7929
43.5115
43.2256
42.9352
42.6402
42.3406
42.0364
41.7274
41.4138
41.0953
40.7721
40.4439
40.1109
39.7728
39.4296
39.0812
38.7277
38.3688
38.0045
37.6347
37.2593
36.8781
36.4911
36.098
35.6989
35.2935
34.8816
34.4632
34.0377
33.6055
33.1662
32.7194
32.265
31.8028
31.3323
30.8535
30.3657
29.869
29.363
28.8471
28.3208
27.7842
27.2365
26.6769
26.1056
25.5217
24.9242
24.3133
23.6877
23.0475
22.3915
21.7199
21.0319
20.3284
19.6096
18.8786
18.1393
17.4009
16.6806
16.0074
15.43
15.0128
14.8176
14.8738
15.1605
15.618
16.1787
16.7909
17.4218
18.0524
18.6724
19.276
19.8598
20.422
20.9613
21.4767
21.9674
22.4323
22.8706
23.2802
23.6595
24.0059
24.3163
24.5866
24.8112
47.012
47.7837
48.4309
48.9754
49.4346
49.822
50.1486
50.4231
50.6528
50.8437
51.0007
51.1279
51.2289
51.3068
51.3639
51.4027
51.4248
51.4322
51.4261
51.4079
51.3787
51.3395
51.2911
51.2343
51.1698
51.098
51.0195
50.9347
50.8438
50.7472
50.645
50.5375
50.4247
50.3067
50.1837
50.0556
49.9225
49.7844
49.6413
49.4934
49.3405
49.1828
49.0202
48.8527
48.6805
48.5035
48.3217
48.1351
47.9439
47.7479
47.5473
47.3421
47.1322
46.9177
46.6987
46.475
46.2468
46.014
45.7767
45.5348
45.2884
45.0374
44.7819
44.5218
44.2572
43.9879
43.7141
43.4356
43.1525
42.8647
42.5722
42.275
41.973
41.6662
41.3546
41.0381
40.7166
40.3901
40.0586
39.722
39.3801
39.0331
38.6806
38.3228
37.9594
37.5904
37.2157
36.8351
36.4486
36.056
35.6572
35.252
34.8403
34.422
33.9967
33.5643
33.1247
32.6776
32.2228
31.76
31.2889
30.8093
30.3206
29.8229
29.3158
28.7987
28.2713
27.7328
27.1835
26.6224
26.0489
25.4628
24.8635
24.2498
23.622
22.9788
22.3202
21.6454
20.9548
20.248
19.527
18.7936
18.0538
17.3171
16.6028
15.9431
15.3904
15.0105
14.8614
14.9639
15.2875
15.7688
16.3424
16.9597
17.5913
18.2201
18.8369
19.4365
20.0159
20.5734
21.1078
21.6181
22.1035
22.5629
22.9952
23.3987
23.7714
24.1108
24.4135
24.675
24.8897
46.6832
47.4273
48.0528
48.5807
49.027
49.4048
49.7242
49.9937
50.2202
50.4093
50.5657
50.6934
50.7959
50.8759
50.9359
50.9781
51.0043
51.0162
51.0151
51.0024
50.9791
50.9461
50.9044
50.8546
50.7975
50.7334
50.663
50.5865
50.5043
50.4165
50.3233
50.2249
50.1213
50.0126
49.8988
49.7799
49.6558
49.5267
49.3925
49.2532
49.1089
48.9594
48.8049
48.6453
48.4807
48.3111
48.1365
47.957
47.7725
47.5831
47.3888
47.1897
46.9857
46.777
46.5634
46.3451
46.122
45.8941
45.6615
45.4242
45.1822
44.9354
44.6839
44.4277
44.1668
43.9011
43.6307
43.3555
43.0754
42.7906
42.5009
42.2064
41.907
41.6026
41.2932
40.9788
40.6593
40.3348
40.005
39.67
39.3297
38.984
38.6329
38.2762
37.9139
37.5458
37.1721
36.7923
36.4065
36.0144
35.6161
35.2112
34.7998
34.3815
33.9563
33.5239
33.0841
32.6367
32.1815
31.7182
31.2465
30.7662
30.2769
29.778
29.2697
28.7514
28.2227
27.683
27.1318
26.5689
25.9937
25.4053
24.8037
24.188
23.5572
22.9116
22.2503
21.5725
20.8789
20.1693
19.4457
18.7104
17.9702
17.2357
16.5282
15.8842
15.3585
15.0181
14.916
15.0635
15.4217
15.9245
16.509
17.1304
17.7619
18.3886
19.0016
19.5971
20.1719
20.7246
21.254
21.7591
22.2391
22.693
23.1193
23.5166
23.8826
24.2149
24.5094
24.7619
24.9664
46.2684
46.9866
47.5923
48.1051
48.5402
48.9098
49.2237
49.4897
49.7143
49.903
50.0603
50.1899
50.295
50.3785
50.4427
50.4897
50.5212
50.5389
50.5442
50.5382
50.522
50.4967
50.463
50.4218
50.3735
50.3188
50.258
50.1915
50.1196
50.0424
49.96
49.8725
49.7799
49.6822
49.5793
49.4712
49.3579
49.2394
49.1155
48.9864
48.8518
48.712
48.5669
48.4164
48.2606
48.0995
47.9332
47.7617
47.5849
47.403
47.2159
47.0238
46.8265
46.6242
46.4169
46.2045
45.9872
45.7649
45.5377
45.3055
45.0684
44.8264
44.5794
44.3276
44.0708
43.8091
43.5425
43.2709
42.9944
42.7129
42.4263
42.1348
41.8382
41.5364
41.2296
40.9176
40.6004
40.2779
39.9501
39.617
39.2784
38.9343
38.5846
38.2293
37.8682
37.5013
37.1285
36.7495
36.3645
35.9733
35.5755
35.1711
34.76
34.342
33.9168
33.4845
33.0446
32.597
32.1414
31.6777
31.2055
30.7245
30.2344
29.7348
29.2253
28.7058
28.1757
27.6346
27.082
26.5171
25.94
25.3498
24.7459
24.1275
23.4945
22.8462
22.1816
21.5012
20.8043
20.0923
19.3658
18.6293
17.8886
17.1575
16.4583
15.8316
15.3353
15.0363
14.9815
15.1725
15.5626
16.0848
16.6786
17.303
17.9336
18.5577
19.1675
19.7586
20.3288
20.8766
21.4008
21.9006
22.3751
22.8232
23.2435
23.6344
23.9935
24.3181
24.6043
24.8475
25.0414
45.7527
46.447
47.0349
47.5345
47.9602
48.3235
48.6335
48.8976
49.1221
49.312
49.4717
49.6047
49.7141
49.8026
49.8725
49.9257
49.9641
49.9891
50.0021
50.0044
49.997
49.9809
49.9569
49.9258
49.8883
49.8447
49.7955
49.7411
49.6816
49.6171
49.5477
49.4733
49.3938
49.3092
49.2194
49.1243
49.0237
48.9176
48.806
48.6887
48.5657
48.4371
48.3029
48.1629
48.0173
47.8661
47.7093
47.547
47.3791
47.2057
47.0269
46.8426
46.653
46.4581
46.2578
46.0523
45.8415
45.6255
45.4043
45.1779
44.9464
44.7097
44.4679
44.2209
43.9688
43.7116
43.4492
43.1817
42.9091
42.6313
42.3483
42.06
41.7666
41.4679
41.1639
40.8545
40.5398
40.2197
39.8942
39.5631
39.2264
38.8841
38.5361
38.1823
37.8226
37.4569
37.0854
36.7075
36.3233
35.9327
35.5356
35.1318
34.7213
34.3036
33.8788
33.4465
33.0066
32.5589
32.1031
31.639
31.1662
30.6846
30.1938
29.6934
29.1831
28.6621
28.1308
27.5882
27.034
26.4677
25.8887
25.2961
24.6899
24.0694
23.4339
22.7824
22.1154
21.4317
20.7322
20.0174
19.2886
18.5506
17.8103
17.0828
16.3934
15.786
15.3215
15.0657
15.0581
15.2908
15.7105
16.2498
16.8513
17.4775
18.1074
18.7286
19.3345
19.9209
20.4863
21.029
21.5479
22.0423
22.5112
22.9534
23.3676
23.7518
24.1039
24.4207
24.6985
24.9321
25.115
45.1188
45.7914
46.3635
46.852
47.2703
47.6291
47.9372
48.2013
48.4275
48.6205
48.7844
48.9226
49.038
49.1332
49.2105
49.2717
49.3186
49.3526
49.3751
49.3875
49.3906
49.3856
49.3733
49.3545
49.3297
49.2996
49.2644
49.2245
49.18
49.1309
49.0771
49.0186
48.955
48.8863
48.8122
48.7325
48.6471
48.5558
48.4585
48.3553
48.246
48.1305
48.009
47.8813
47.7476
47.6078
47.462
47.3102
47.1525
46.989
46.8196
46.6444
46.4635
46.277
46.0847
45.8869
45.6836
45.4747
45.2603
45.0405
44.8152
44.5846
44.3485
44.1071
43.8603
43.6081
43.3505
43.0876
42.8193
42.5456
42.2666
41.9821
41.6922
41.3968
41.096
40.7897
40.4778
40.1603
39.8372
39.5085
39.174
38.8337
38.4875
38.1355
37.7774
37.4132
37.0428
36.6661
36.2832
35.8935
35.4972
35.0941
34.684
34.2667
33.8424
33.4103
32.9705
32.5227
32.0668
31.6024
31.1292
30.6471
30.1555
29.6543
29.143
28.6213
28.0886
27.5447
26.9886
26.4205
25.8396
25.2452
24.6369
24.0136
23.3754
22.7216
22.0517
21.365
20.6626
19.9447
19.214
18.4748
17.7353
17.0124
16.3342
15.7484
15.318
15.1067
15.1461
15.4182
15.8652
16.4194
17.0269
17.6548
18.2831
18.9011
19.5026
20.0847
20.6451
21.1826
21.6962
22.1848
22.6479
23.0841
23.4919
23.8694
24.2142
24.5231
24.7921
25.0157
25.1874
44.3478
45.0008
45.5589
46.0383
46.4512
46.8076
47.1156
47.3818
47.6116
47.8096
47.9796
48.1249
48.2483
48.3522
48.4387
48.5098
48.5671
48.6121
48.6462
48.6705
48.6863
48.6946
48.6961
48.692
48.6826
48.6686
48.6504
48.6281
48.6018
48.5715
48.5369
48.4976
48.4534
48.4039
48.3487
48.2877
48.2205
48.1469
48.0669
47.9803
47.887
47.7871
47.6805
47.5672
47.4473
47.3208
47.1878
47.0483
46.9023
46.7501
46.5915
46.4268
46.2559
46.0789
45.8959
45.7069
45.512
45.3112
45.1046
44.8922
44.6741
44.4502
44.2206
43.9854
43.7445
43.498
43.2459
42.9881
42.7247
42.4558
42.1811
41.9009
41.6149
41.3233
41.0261
40.7231
40.4143
40.0998
39.7795
39.4534
39.1213
38.7833
38.4392
38.0891
37.7328
37.3702
37.0015
36.6262
36.2443
35.8557
35.4605
35.0582
34.6488
34.2321
33.808
33.3764
32.9368
32.4891
32.0331
31.5684
31.0949
30.6123
30.1201
29.6181
29.1059
28.5831
28.0492
27.5039
26.9466
26.3768
25.7936
25.1972
24.5865
23.9611
23.3204
22.6634
21.9906
21.3014
20.5961
19.8754
19.1427
18.4025
17.6644
16.947
16.2815
15.7195
15.3255
15.1599
15.2456
15.5551
16.0267
16.5934
17.2064
17.8348
18.4607
19.0753
19.6727
20.2501
20.8051
21.3373
21.8455
22.3286
22.7858
23.2158
23.6171
23.9875
24.3247
24.6255
24.8853
25.0988
25.2586
43.4211
44.0555
44.6013
45.0728
45.4818
45.8374
46.1471
46.417
46.6522
46.8571
47.0352
47.1895
47.3227
47.4373
47.5352
47.6181
47.6879
47.746
47.7937
47.8323
47.8631
47.887
47.9051
47.9183
47.9274
47.9329
47.9352
47.9344
47.9306
47.9233
47.9122
47.8968
47.8763
47.8503
47.8184
47.7799
47.7347
47.6825
47.6231
47.5563
47.4822
47.4006
47.3116
47.2152
47.1115
47.0006
46.8824
46.7572
46.6249
46.4857
46.3397
46.187
46.0275
45.8616
45.6891
45.5102
45.3249
45.1334
44.9356
44.7317
44.5216
44.3055
44.0833
43.8551
43.621
43.3809
43.1349
42.8829
42.6251
42.3613
42.0917
41.8161
41.5347
41.2473
40.954
40.6548
40.3496
40.0384
39.7212
39.398
39.0686
38.7331
38.3915
38.0435
37.6894
37.3286
36.9614
36.5878
36.2073
35.82
35.4257
35.0246
34.616
34.2001
33.7765
33.3454
32.906
32.4585
32.0024
31.5377
31.0639
30.5808
30.0881
29.5854
29.0723
28.5485
28.0134
27.4667
26.9079
26.3363
25.7516
25.1531
24.5402
23.9123
23.2686
22.6092
21.9335
21.2413
20.5328
19.8098
19.0751
18.3339
17.598
16.8873
16.2364
15.7003
15.3451
15.2258
15.3567
15.7012
16.1948
16.7726
17.3896
18.0175
18.6413
19.2521
19.8448
20.4171
20.9673
21.494
21.9962
22.4736
22.9247
23.3483
23.7429
24.1063
24.4359
24.7281
24.9786
25.1814
25.3289
42.3273
42.9418
43.4741
43.9375
44.3424
44.6974
45.0093
45.2838
45.5255
45.7384
45.9259
46.0908
46.2355
46.3625
46.4735
46.5704
46.6546
46.7279
46.7914
46.8466
46.8947
46.9369
46.9744
47.0082
47.0392
47.0681
47.0954
47.121
47.1449
47.1663
47.1845
47.1986
47.2077
47.2109
47.2074
47.1967
47.1784
47.152
47.1174
47.0745
47.0232
46.9634
46.8953
46.8189
46.7343
46.6416
46.5409
46.4323
46.3159
46.1919
46.0604
45.9216
45.7754
45.6221
45.4617
45.2944
45.1202
44.9393
44.7516
44.5573
44.3565
44.1492
43.9354
43.7152
43.4887
43.2559
43.0168
42.7714
42.5198
42.262
41.998
41.7278
41.4514
41.1687
40.8799
40.5849
40.2837
39.9762
39.6625
39.3425
39.0162
38.6836
38.3446
37.9991
37.6471
37.2885
36.9234
36.5513
36.1726
35.7868
35.3938
34.9936
34.5862
34.1711
33.7482
33.3174
32.8787
32.4314
31.9755
31.5107
31.0367
30.5533
30.0601
29.557
29.0431
28.5183
27.9821
27.4341
26.8737
26.3005
25.7135
25.1129
24.4978
23.8675
23.2214
22.5593
21.8806
21.1851
20.474
19.7485
19.012
18.2704
17.5371
16.8341
16.1997
15.692
15.3773
15.3049
15.4793
15.8567
16.3695
16.957
17.5769
18.204
18.8249
19.4314
20.0196
20.5869
21.1313
21.6525
22.1492
22.6205
23.0651
23.4823
23.87
24.226
24.5476
24.8311
25.0718
25.2636
25.3985
41.0771
41.6646
42.1772
42.6271
43.0237
43.3746
43.686
43.9631
44.2099
44.43
44.6266
44.8021
44.9588
45.0989
45.224
45.3359
45.436
45.526
45.6071
45.6809
45.7486
45.8117
45.8713
45.929
45.9859
46.0428
46.1004
46.1587
46.2171
46.2746
46.3298
46.3812
46.4274
46.467
46.499
46.5226
46.5371
46.5423
46.5379
46.5238
46.4999
46.4663
46.4231
46.3705
46.3084
46.2372
46.157
46.0679
45.9701
45.8639
45.7493
45.6266
45.4958
45.3572
45.2108
45.0569
44.8954
44.7266
44.5506
44.3673
44.1771
43.9798
43.7756
43.5646
43.3467
43.1222
42.8909
42.653
42.4085
42.1574
41.8998
41.6355
41.3648
41.0875
40.8038
40.5135
40.2167
39.9134
39.6036
39.2873
38.9645
38.635
38.299
37.9562
37.6069
37.2506
36.8875
36.5176
36.1405
35.7565
35.365
34.9661
34.5599
34.1458
33.7238
33.2937
32.8555
32.4086
31.9529
31.4882
31.0141
30.5307
30.0371
29.5331
29.0185
28.4927
27.9554
27.4061
26.8442
26.2693
25.6808
25.0781
24.4607
23.8279
23.1792
22.5138
21.8322
21.1341
20.4202
19.6922
18.9536
18.2125
17.4824
16.7885
16.1725
15.6955
15.4232
15.3977
15.6141
16.0214
16.5515
17.1468
17.7684
18.3944
19.0117
19.6142
20.1975
20.7591
21.2983
21.8134
22.3042
22.7693
23.2078
23.618
23.9985
24.347
24.6603
24.9348
25.1654
25.3458
25.4675
39.7203
40.2667
40.7461
41.1696
41.5459
41.8819
42.1832
42.4543
42.6991
42.9204
43.1211
43.3032
43.4689
43.6197
43.7573
43.8832
43.9987
44.1054
44.2045
44.2975
44.3859
44.4713
44.5554
44.6399
44.7265
44.8165
44.9108
45.0094
45.1112
45.2146
45.3171
45.4162
45.5096
45.5952
45.6717
45.738
45.7933
45.8373
45.8697
45.8906
45.8999
45.8978
45.8844
45.86
45.8249
45.7792
45.7232
45.6571
45.5812
45.4958
45.401
45.2971
45.1843
45.0627
44.9326
44.7941
44.6474
44.4926
44.3299
44.1594
43.9812
43.7955
43.6023
43.4017
43.1938
42.9787
42.7564
42.527
42.2905
42.0471
41.7966
41.5392
41.2749
41.0036
40.7256
40.4406
40.1489
39.8503
39.5449
39.2327
38.9136
38.5877
38.255
37.9154
37.5688
37.2154
36.8547
36.4869
36.1121
35.7297
35.3401
34.9428
34.5377
34.1249
33.7039
33.2746
32.8372
32.3907
31.9354
31.4709
30.9968
30.5132
30.0193
29.5148
28.9995
28.4728
27.9344
27.3838
26.8205
26.2439
25.6536
25.0488
24.429
23.7937
23.1424
22.4745
21.7899
21.0888
20.372
19.6417
18.9016
18.161
17.4349
16.7514
16.1559
15.712
15.4835
15.5047
15.7609
16.1955
16.7409
17.3422
17.9651
18.5888
19.2029
19.8004
20.3786
20.935
21.4681
21.9776
22.4622
22.9207
23.3525
23.756
24.1292
24.4696
24.7744
25.0395
25.2597
25.4282
25.5362
38.3417
38.8297
39.2579
39.6367
39.9742
40.2771
40.5506
40.7989
41.0254
41.233
41.424
41.6005
41.764
41.916
42.058
42.1909
42.3161
42.4347
42.548
42.6575
42.7646
42.8712
42.9795
43.0918
43.2105
43.338
43.4757
43.6237
43.7807
43.9432
44.1069
44.2678
44.4218
44.5663
44.6991
44.8189
44.925
45.0169
45.0946
45.1581
45.2078
45.2437
45.2663
45.2758
45.2728
45.2575
45.2303
45.1915
45.1415
45.0806
45.009
44.9272
44.8353
44.7336
44.6224
44.5019
44.3723
44.2338
44.0866
43.9308
43.7666
43.5941
43.4136
43.225
43.0285
42.8241
42.6121
42.3924
42.1651
41.9303
41.6881
41.4384
41.1813
40.917
40.6453
40.3664
40.0803
39.787
39.4865
39.1789
38.8641
38.5423
38.2133
37.8771
37.5338
37.1832
36.8255
36.4602
36.0877
35.7074
35.3196
34.9242
34.5206
34.1093
33.6894
33.2612
32.8245
32.3788
31.9239
31.4596
30.986
30.5021
30.0079
29.503
28.987
28.4598
27.9204
27.3686
26.8038
26.2256
25.6334
25.0265
24.4045
23.7666
23.1126
22.4418
21.7542
21.0501
20.3305
19.5974
18.8565
18.1168
17.3957
16.7241
16.1513
15.7427
15.559
15.6264
15.9202
16.3795
16.938
17.5442
18.1673
18.7885
19.3982
19.9912
20.564
21.1144
21.6419
22.1449
22.6232
23.0754
23.5001
23.8964
24.262
24.5942
24.8902
25.1456
25.355
25.5111
25.6048
37.0288
37.4464
37.8091
38.1267
38.4074
38.6575
38.8823
39.086
39.2722
39.4438
39.6031
39.7521
39.8926
40.0257
40.1529
40.2752
40.3937
40.5095
40.6238
40.7379
40.8537
40.973
41.0986
41.2336
41.3821
41.5479
41.7342
41.9418
42.168
42.4069
42.6508
42.8921
43.1248
43.3447
43.549
43.7362
43.9056
44.0569
44.1903
44.3061
44.4049
44.487
44.553
44.6035
44.639
44.66
44.6671
44.6607
44.6414
44.6094
44.5654
44.5095
44.4423
44.364
44.275
44.1755
44.0658
43.9462
43.817
43.6782
43.5302
43.3731
43.2071
43.0323
42.8489
42.657
42.4568
42.2482
42.0314
41.8065
41.5736
41.3328
41.084
40.8274
40.563
40.2909
40.0111
39.7238
39.4289
39.1264
38.8165
38.4991
38.1743
37.8421
37.5023
37.1552
36.8003
36.4381
36.068
35.6904
35.3047
34.9113
34.5095
34.0995
33.6813
33.2542
32.8186
32.3736
31.9194
31.4556
30.9821
30.4983
30.0039
29.4987
28.9824
28.4542
27.9138
27.3608
26.7946
26.2148
25.6207
25.012
24.3876
23.7473
23.0904
22.4168
21.7262
21.0187
20.2962
19.5612
18.8193
18.081
17.3658
16.7078
16.1599
15.7888
15.6508
15.7631
16.0923
16.5738
17.143
17.7532
18.3754
18.9939
19.5992
20.187
20.7539
21.2987
21.8197
22.3166
22.788
23.2334
23.6512
24.0399
24.3976
24.7215
25.0082
25.2535
25.4515
25.5948
25.6736
35.8383
36.1823
36.4739
36.7229
36.9368
37.1219
37.2834
37.4258
37.5526
37.6669
37.7714
37.8684
37.9599
38.0474
38.1326
38.2168
38.3013
38.3873
38.4762
38.5696
38.6696
38.7786
38.9004
39.0396
39.2027
39.397
39.6293
39.9024
40.2123
40.5479
40.895
41.2405
41.5743
41.8901
42.1847
42.4562
42.7042
42.9289
43.1308
43.3106
43.4691
43.6072
43.7258
43.8256
43.9074
43.972
44.0202
44.0525
44.0696
44.0721
44.0606
44.0355
43.9973
43.9465
43.8835
43.8086
43.7223
43.6249
43.5165
43.3977
43.2685
43.1292
42.9801
42.8214
42.6531
42.4756
42.2888
42.0931
41.8884
41.6749
41.4527
41.2219
40.9826
40.7348
40.4787
40.2143
39.9417
39.6611
39.3724
39.0758
38.7713
38.459
38.1388
37.8109
37.4753
37.1317
36.7805
36.4213
36.0544
35.6793
35.2963
34.9049
34.5054
34.0972
33.6806
33.2549
32.8205
32.3765
31.923
31.4601
30.9868
30.5031
30.0086
29.5034
28.9864
28.4575
27.9162
27.3623
26.7948
26.2133
25.6173
25.0062
24.3795
23.7365
23.0769
22.4003
21.7066
20.9964
20.2711
19.534
18.7913
18.055
17.3468
16.7041
16.1836
15.8517
15.7599
15.9156
16.2773
16.7788
17.3571
17.9696
18.5907
19.2053
19.8062
20.3882
20.9491
21.4877
22.0023
22.4926
22.9574
23.3955
23.806
24.1869
24.5364
24.8516
25.1287
25.3634
25.5497
25.6796
25.7428
34.7876
35.0621
35.2857
35.4673
35.6142
35.7324
35.8267
35.9015
35.9603
36.0064
36.0424
36.071
36.0942
36.1142
36.1326
36.1513
36.172
36.1964
36.2263
36.2641
36.3123
36.3744
36.4556
36.5629
36.7065
36.9
37.1576
37.4874
37.885
38.3321
38.8034
39.276
39.7336
40.167
40.5716
40.9459
41.2895
41.6032
41.8881
42.1452
42.376
42.5816
42.7634
42.9224
43.0597
43.1765
43.2737
43.3521
43.4127
43.4561
43.4832
43.4945
43.4907
43.4724
43.44
43.3942
43.3353
43.2638
43.18
43.0844
42.9772
42.8587
42.7293
42.5892
42.4385
42.2776
42.1065
41.9256
41.7348
41.5344
41.3245
41.1053
40.8768
40.6391
40.3924
40.1368
39.8724
39.5993
39.3177
39.0276
38.7292
38.4225
38.1077
37.7847
37.4535
37.1143
36.7668
36.4114
36.0478
35.6757
35.2955
34.9067
34.5095
34.1034
33.6886
33.2646
32.8315
32.3887
31.9362
31.474
31.0012
30.5178
30.0237
29.5181
29.0007
28.4714
27.9292
27.374
26.805
26.2219
25.6244
25.0112
24.3821
23.7365
23.074
22.3944
21.6975
20.9843
20.2562
19.5171
18.7739
18.0401
17.34
16.7146
16.2234
15.9327
15.8872
16.0847
16.4765
16.9948
17.5809
18.1947
18.8134
19.4243
20.0197
20.5959
21.151
21.6828
22.191
22.6741
23.1318
23.5625
23.9653
24.3383
24.6791
24.9851
25.2524
25.476
25.65
25.7659
25.8128
33.8701
34.082
34.2441
34.3646
34.4502
34.5063
34.5376
34.548
34.5407
34.5189
34.485
34.4414
34.3904
34.3339
34.2739
34.2123
34.1509
34.0917
34.037
33.9894
33.9523
33.9301
33.9297
33.9613
34.0407
34.1901
34.4351
34.7935
35.2622
35.8147
36.4121
37.0185
37.6096
38.1718
38.6992
39.1894
39.6422
40.0585
40.4396
40.7871
41.1026
41.3877
41.644
41.8731
42.0763
42.2549
42.4102
42.5434
42.6554
42.7474
42.8201
42.8745
42.9114
42.9314
42.9353
42.9236
42.897
42.856
42.8011
42.7327
42.6512
42.5571
42.4506
42.3322
42.202
42.0604
41.9076
41.7438
41.5692
41.384
41.1883
40.9823
40.7662
40.5401
40.3042
40.0586
39.8035
39.539
39.2654
38.9827
38.6911
38.3908
38.0818
37.7642
37.4382
37.1036
36.7607
36.4093
36.0492
35.6808
35.3036
34.9179
34.5233
34.1196
33.7069
33.2848
32.8533
32.4119
31.9606
31.4992
31.0271
30.5444
30.0503
29.5445
29.0271
28.497
27.9541
27.3977
26.8278
26.2431
25.6433
25.028
24.3964
23.7485
23.0831
22.4004
21.7003
20.9839
20.2531
19.512
18.7687
18.0382
17.3474
16.7412
16.2816
16.0335
16.0339
16.2711
16.6902
17.2234
17.815
18.4295
19.0453
19.6513
20.2415
20.8115
21.3597
21.885
22.3858
22.862
23.312
23.7352
24.1298
24.4944
24.8262
25.1226
25.3795
25.5917
25.7528
25.854
25.8839
33.0703
33.2271
33.3349
33.4015
33.4329
33.4343
33.4098
33.3628
33.2966
33.2135
33.116
33.0061
32.8856
32.7563
32.6199
32.478
32.3323
32.1848
32.0374
31.893
31.7551
31.6291
31.5231
31.4502
31.4321
31.5009
31.6952
32.0445
32.549
33.1758
33.8727
34.5916
35.2997
35.9793
36.6219
37.2243
37.7858
38.307
38.7888
39.2329
39.6407
40.0139
40.3539
40.6624
40.9409
41.1908
41.4135
41.6103
41.7824
41.9312
42.0575
42.1625
42.2471
42.3122
42.3587
42.3872
42.3985
42.3934
42.3723
42.3358
42.2846
42.2189
42.1393
42.0463
41.9401
41.821
41.6894
41.5456
41.3898
41.2222
41.043
40.8524
40.6506
40.4378
40.2142
39.98
39.7355
39.4808
39.2161
38.9418
38.658
38.3648
38.0624
37.7511
37.4306
37.1015
36.7634
36.4164
36.0608
35.6962
35.3226
34.9401
34.5483
34.1475
33.7373
33.3173
32.8877
32.4479
31.9982
31.5377
31.0665
30.5843
30.0905
29.5851
29.0672
28.5367
27.9932
27.4358
26.8643
26.2783
25.6767
25.0591
24.4251
23.7741
23.1057
22.4201
21.7169
20.9973
20.2636
19.5207
18.7776
18.051
17.371
16.7859
16.3601
16.1556
16.2013
16.4759
16.9196
17.4653
18.0611
18.6745
19.2872
19.8881
20.4719
21.0354
21.5769
22.0948
22.5886
23.0569
23.499
23.9142
24.3004
24.6561
24.9785
25.2649
25.5109
25.7111
25.8587
25.9446
25.9565
32.3717
32.48
32.5403
32.5598
32.5441
32.4979
32.4249
32.3284
32.211
32.075
31.9223
31.7548
31.5739
31.381
31.1774
30.9644
30.7433
30.5155
30.2828
30.0477
29.8137
29.5863
29.3746
29.1948
29.0736
29.0524
29.1809
29.4975
30.0048
30.6646
31.4161
32.2033
32.9879
33.749
34.4765
35.1659
35.8158
36.4257
36.9964
37.5287
38.0237
38.4825
38.9063
39.2964
39.654
39.9802
40.2764
40.5437
40.7832
40.9961
41.1835
41.3466
41.4863
41.6036
41.6995
41.7748
41.8304
41.8671
41.8856
41.8865
41.8706
41.8383
41.7902
41.7268
41.6486
41.5559
41.4491
41.3286
41.1947
41.0475
40.8875
40.7147
40.5295
40.3321
40.1227
39.9016
39.6691
39.4255
39.1711
38.9061
38.631
38.3459
38.0509
37.7465
37.4326
37.1094
36.7767
36.435
36.0841
35.7237
35.3543
34.9755
34.5871
34.1893
33.7819
33.3643
32.9369
32.499
32.0509
31.5917
31.1217
30.6401
30.147
29.6416
29.1236
28.5929
28.0485
27.4901
26.9176
26.3297
25.7261
25.1067
24.4702
23.8163
23.1448
22.4556
21.7493
21.0265
20.29
19.5454
18.8028
18.081
17.4131
16.8512
16.4612
16.301
16.3909
16.7002
17.1656
17.7219
18.3204
18.9321
19.5401
20.1354
20.713
21.2694
21.8034
22.3139
22.7996
23.26
23.6942
24.1006
24.4781
24.8243
25.1371
25.4127
25.6472
25.8348
25.9683
26.038
26.0311
31.7585
31.8243
31.843
31.8215
31.7648
31.6774
31.5627
31.4236
31.2624
31.0811
30.8816
30.6651
30.433
30.1862
29.9258
29.6528
29.368
29.0725
28.7679
28.4562
28.1409
27.8279
27.5273
27.2578
27.051
26.9555
27.0281
27.311
27.8055
28.4692
29.237
30.0496
30.8672
31.6678
32.4402
33.1793
33.8832
34.5511
35.1832
35.7799
36.3419
36.8696
37.3639
37.8252
38.2545
38.6523
39.0194
39.3566
39.6647
39.9446
40.1971
40.423
40.6232
40.7986
40.95
41.0784
41.1845
41.2692
41.3333
41.3775
41.4024
41.4089
41.3974
41.3687
41.323
41.2611
41.1833
41.09
40.9816
40.8584
40.7206
40.5686
40.4026
40.223
40.0299
39.8238
39.6051
39.3741
39.1313
38.8771
38.6117
38.3357
38.0492
37.7526
37.4457
37.1292
36.8029
36.467
36.1212
35.766
35.4011
35.0265
34.6419
34.2476
33.8433
33.4285
33.0036
32.5679
32.1216
31.664
31.1952
30.7146
30.2221
29.717
29.1992
28.668
28.1232
27.5639
26.9898
26.4006
25.7951
25.1731
24.5342
23.8775
23.2028
22.5101
21.8
21.0741
20.3348
19.5886
18.8469
18.1307
17.4765
16.9399
16.5874
16.472
16.6045
16.9458
17.4302
17.9944
18.5942
19.2031
19.8065
20.3954
20.9656
21.5146
22.041
22.5432
23.0207
23.4728
23.8981
24.2955
24.6636
25
25.3024
25.5669
25.7894
25.9636
26.0822
26.1349
26.1082
31.2173
31.2456
31.2279
31.1704
31.0781
30.955
30.8043
30.6285
30.4299
30.2101
29.9707
29.7128
29.4376
29.1457
28.8379
28.5149
28.1775
27.8264
27.4629
27.0891
26.7086
26.3277
25.9582
25.6213
25.3534
25.2087
25.2475
25.5106
25.9947
26.6522
27.4164
28.2287
29.0501
29.8592
30.645
31.4022
32.1286
32.8236
33.487
34.1192
34.7206
35.2916
35.8326
36.3439
36.8261
37.2794
37.704
38.1003
38.4687
38.8094
39.1229
39.4095
39.6699
39.9045
40.1138
40.2985
40.4592
40.5966
40.7113
40.8039
40.8752
40.9258
40.9563
40.9672
40.9593
40.933
40.8888
40.8271
40.7484
40.653
40.5412
40.4133
40.2697
40.1106
39.9365
39.7477
39.5447
39.3281
39.0984
38.8562
38.602
38.3362
38.0591
37.7713
37.4727
37.1638
36.8445
36.5149
36.1753
35.8257
35.4659
35.0958
34.7157
34.3254
33.9244
33.513
33.091
32.6578
32.2136
31.758
31.2905
30.8112
30.3193
29.8149
29.297
28.7658
28.2202
27.66
27.0849
26.4937
25.8866
25.2622
24.6203
23.9605
23.2828
22.5866
21.8728
21.143
20.4012
19.6534
18.913
18.2033
17.5645
17.055
16.7416
16.6709
16.8441
17.2146
17.7151
18.2855
18.8851
19.4902
20.0874
20.6694
21.232
21.7732
22.2909
22.7845
23.2532
23.6963
24.1123
24.5002
24.8584
25.1845
25.4758
25.7286
25.9383
26.0985
26.2013
26.2361
26.1885
30.7365
30.7316
30.6817
30.5928
30.4693
30.3151
30.1331
29.9257
29.6949
29.4422
29.1689
28.876
28.5644
28.2347
27.8873
27.523
27.1422
26.7456
26.3345
25.9109
25.4789
25.0456
24.6244
24.2397
23.9323
23.7609
23.7867
24.0459
24.5281
25.1805
25.9363
26.7389
27.5519
28.355
29.1378
29.8951
30.6249
31.3264
31.9998
32.6453
33.2634
33.8547
34.4196
34.9584
35.4716
35.9592
36.4214
36.8585
37.2704
37.6572
38.019
38.3559
38.6679
38.9551
39.2177
39.4559
39.6698
39.8599
40.0264
40.1698
40.2905
40.3889
40.4655
40.5208
40.5552
40.5692
40.5633
40.5379
40.4934
40.4301
40.3484
40.2485
40.1308
39.9956
39.8432
39.6742
39.4893
39.2891
39.0743
38.8458
38.6041
38.3499
38.0836
37.8056
37.5163
37.2157
36.9044
36.5823
36.2496
35.9062
35.5522
35.1875
34.8123
34.4264
34.0295
33.6217
33.2029
32.7727
32.3308
31.8773
31.4115
30.9336
30.4426
29.9388
29.4215
28.8898
28.3438
27.7829
27.2063
26.6137
26.0042
25.3777
24.733
24.07
23.3888
22.6888
21.9711
21.2376
20.4928
19.7435
19.0048
18.3026
17.6807
17.2004
16.9272
16.9006
17.112
17.5086
18.0224
18.5968
19.1949
19.7955
20.386
20.9602
21.5144
22.0465
22.5552
23.0397
23.4992
23.9324
24.3386
24.7165
25.0639
25.3789
25.6586
25.8988
26.095
26.2403
26.3265
26.3423
26.2725
30.3064
30.272
30.1936
30.0768
29.926
29.7446
29.5354
29.3005
29.0419
28.7609
28.4586
28.1358
27.7934
27.4318
27.0514
26.6526
26.2359
25.802
25.3522
24.8888
24.4163
23.9428
23.4838
23.0667
22.737
22.5563
22.585
22.8527
23.3409
23.9923
24.7403
25.5318
26.3331
27.1255
27.8993
28.6498
29.3749
30.0739
30.7468
31.3942
32.0164
32.6142
33.1881
33.7386
34.2661
34.7709
35.2533
35.7135
36.1516
36.5676
36.9614
37.333
37.6824
38.0094
38.3139
38.5958
38.8551
39.0916
39.3054
39.4964
39.6648
39.8106
39.934
40.0352
40.1145
40.172
40.208
40.2228
40.2167
40.1898
40.1424
40.0746
39.9867
39.8788
39.7515
39.6052
39.4408
39.2592
39.0614
38.8483
38.6208
38.3797
38.1255
37.8588
37.5799
37.2891
36.9868
36.673
36.348
36.0118
35.6643
35.3057
34.9361
34.5552
34.1629
33.7593
33.3441
32.9172
32.4781
32.027
31.5634
31.0868
30.5972
30.0939
29.577
29.0453
28.499
27.9371
27.3594
26.7649
26.1535
25.5241
24.8767
24.2103
23.525
22.8213
22.0995
21.3621
20.6141
19.8634
19.1267
18.433
17.8296
17.3804
17.1481
17.1646
17.4117
17.8311
18.3556
18.9321
19.527
20.1212
20.704
21.2696
21.8147
22.3373
22.8366
23.3111
23.7602
24.1831
24.5786
24.9456
25.2818
25.5849
25.8521
26.079
26.2608
26.3903
26.4588
26.4545
26.3613
29.919
29.8581
29.7543
29.6128
29.4378
29.2324
28.9993
28.7405
28.4577
28.1521
27.8248
27.4765
27.1078
26.7191
26.3108
25.8831
25.4366
24.9719
24.4906
23.9952
23.4908
22.9867
22.5006
22.0632
21.7242
21.5475
21.5908
21.8759
22.3758
23.0296
23.772
24.5534
25.3431
26.1242
26.8878
27.6294
28.3472
29.0404
29.7092
30.3539
30.9752
31.5735
32.1496
32.704
33.2372
33.7496
34.2416
34.7135
35.1655
35.5977
36.0102
36.4031
36.7762
37.1294
37.4627
37.7759
38.0686
38.3408
38.5922
38.8226
39.0318
39.2195
39.3857
39.5301
39.6527
39.7534
39.832
39.8887
39.9232
39.9356
39.9258
39.8937
39.8392
39.7624
39.6635
39.543
39.4018
39.2412
39.0625
38.8669
38.6555
38.4293
38.1889
37.935
37.6679
37.3882
37.0961
36.7919
36.4757
36.1474
35.8075
35.4559
35.0925
34.7174
34.3304
33.9313
33.5203
33.0971
32.6612
32.2128
31.7515
31.2768
30.7886
30.2865
29.7697
29.2384
28.6915
28.1289
27.5499
26.9536
26.3396
25.7078
25.0569
24.3872
23.6978
22.9898
22.2636
21.522
20.7706
20.0185
19.2842
18.5999
18.0168
17.5998
17.4089
17.4671
17.7467
18.1856
18.7179
19.2943
19.8846
20.4715
21.0455
21.6015
22.1364
22.6487
23.137
23.6007
24.0389
24.4506
24.8349
25.1899
25.5139
25.8043
26.0581
26.2708
26.437
26.5498
26.5995
26.5738
26.4557
29.5673
29.4827
29.3562
29.1926
28.996
28.7694
28.5151
28.2353
27.9313
27.6043
27.2553
26.8849
26.4936
26.0817
25.6496
25.1975
24.726
24.2358
23.7286
23.2073
22.6777
22.1505
21.6456
21.1974
20.8594
20.6968
20.7632
21.0716
21.5871
22.246
22.9848
23.7577
24.5371
25.3076
26.0612
26.794
27.504
28.1907
28.8542
29.4948
30.1132
30.7099
31.2855
31.8407
32.376
32.8918
33.3886
33.8666
34.3263
34.7679
35.1914
35.597
35.9847
36.3546
36.7066
37.0405
37.3563
37.6536
37.9324
38.1922
38.4328
38.6539
38.8551
39.0361
39.1966
39.3361
39.4543
39.5508
39.6252
39.6772
39.7062
39.7116
39.6931
39.6502
39.5826
39.4907
39.3754
39.2384
39.0812
38.9053
38.7122
38.5029
38.2782
38.0389
37.7854
37.5184
37.238
36.9446
36.6384
36.3196
35.9883
35.6445
35.2883
34.9198
34.5387
34.1449
33.7387
33.3196
32.8876
32.4422
31.9835
31.5111
31.0243
30.5233
30.0074
29.4759
28.9289
28.3655
27.7848
27.1869
26.5705
25.9357
25.2814
24.6077
23.914
23.201
22.4703
21.7241
20.969
20.2153
19.4837
18.8098
18.2481
17.8649
17.7151
17.8127
18.1215
18.5761
19.1133
19.6875
20.2713
20.8495
21.4135
21.9587
22.4824
22.9832
23.4599
23.9118
24.338
24.7378
25.1094
25.4517
25.7625
26.0392
26.2786
26.476
26.6257
26.7204
26.7501
26.7015
26.5568
29.2459
29.1398
28.9927
28.8094
28.5934
28.3479
28.0749
27.7763
27.4537
27.1079
26.7399
26.3502
25.9393
25.5075
25.055
24.5821
24.0894
23.5777
23.049
22.5066
21.9572
21.4129
20.8959
20.4445
20.1157
19.9751
20.0706
20.4062
20.9395
21.6049
22.3417
23.1078
23.8783
24.6395
25.3841
26.1085
26.8111
27.4914
28.1495
28.7858
29.4008
29.9952
30.5694
31.1242
31.6601
32.1775
32.677
33.1589
33.6235
34.071
34.5018
34.916
35.3137
35.695
36.0598
36.4082
36.74
37.0551
37.3535
37.6347
37.8987
38.145
38.3734
38.5834
38.7745
38.9464
39.0985
39.2301
39.3406
39.4294
39.4954
39.5379
39.5557
39.5478
39.5134
39.4523
39.3654
39.2545
39.1214
38.9679
38.7956
38.6057
38.3991
38.1765
37.9388
37.6862
37.4194
37.1385
36.8439
36.5358
36.2143
35.8796
35.5316
35.1706
34.7963
34.4086
34.0078
33.5936
33.1657
32.7241
32.2682
31.7982
31.3135
30.8138
30.2985
29.7675
29.2198
28.6555
28.0737
27.4734
26.8548
26.2165
25.5587
24.8804
24.1823
23.464
22.7279
21.9766
21.2174
20.4619
19.7334
19.0709
18.5317
18.1828
18.0734
18.2076
18.5417
19.0087
19.5479
20.1175
20.693
21.2607
21.8132
22.3459
22.8571
23.3451
23.8093
24.2481
24.6611
25.0474
25.4055
25.7338
26.0303
26.2922
26.516
26.6968
26.8288
26.9041
26.9122
26.8392
26.666
28.9499
28.8243
28.6586
28.4573
28.224
27.9614
27.6717
27.3566
27.0173
26.6549
26.2701
25.8635
25.4355
24.9863
24.5161
24.0253
23.5145
22.9847
22.438
21.8784
21.3134
20.7567
20.2332
19.7849
19.4722
19.3595
19.4884
19.8534
20.4055
21.0783
21.8143
22.5749
23.3378
24.0907
24.8273
25.5442
26.2401
26.9146
27.5677
28.1998
28.8114
29.4033
29.9759
30.5299
31.0657
31.5841
32.0852
32.5697
33.0378
33.4899
33.9261
34.3467
34.7519
35.1418
35.5163
35.8757
36.2197
36.5485
36.8618
37.1594
37.4413
37.7072
37.9567
38.1895
38.4051
38.6032
38.7831
38.9442
39.0857
39.2067
39.3062
39.3829
39.4353
39.4617
39.4608
39.4319
39.3755
39.2933
39.1872
39.0591
38.9106
38.7429
38.5573
38.3543
38.1347
37.8991
37.648
37.3817
37.1006
36.8049
36.4949
36.1706
35.8322
35.4798
35.1134
34.733
34.3383
33.9296
33.5065
33.069
32.6168
32.1494
31.6669
31.1688
30.6546
30.1236
29.5759
29.0107
28.427
27.8249
27.2034
26.5617
25.8998
25.2168
24.5133
23.7893
23.0472
22.2902
21.5262
20.7686
20.0432
19.3925
18.8769
18.5627
18.492
18.6596
19.0148
19.49
20.0275
20.5899
21.1548
21.7102
22.2494
22.7685
23.2657
23.7394
24.1889
24.6133
25.0118
25.3834
25.7265
26.0397
26.3205
26.5662
26.773
26.9358
27.0486
27.1029
27.0878
26.9885
26.785
28.6753
28.5318
28.3492
28.1317
27.8827
27.6048
27.3
26.9699
26.6158
26.2386
25.839
25.4174
24.9743
24.5097
24.0242
23.5179
22.9914
22.4461
21.8844
21.3107
20.7335
20.1683
19.6431
19.2034
18.9122
18.8324
18.9975
19.393
19.9641
20.6446
21.3804
22.1365
22.8929
23.6386
24.3681
25.0783
25.7681
26.4373
27.0857
27.714
28.3225
28.912
29.4829
30.036
30.5717
31.0905
31.5929
32.0794
32.5503
33.0059
33.4465
33.8723
34.2835
34.6804
35.0628
35.4311
35.7851
36.1248
36.4502
36.7612
37.0577
37.3393
37.606
37.8574
38.0931
38.3127
38.5156
38.7013
38.869
39.0177
39.1464
39.2536
39.3376
39.3965
39.4284
39.4323
39.4082
39.3574
39.2815
39.1824
39.0614
38.9197
38.7584
38.5783
38.3802
38.1646
37.9322
37.6831
37.418
37.137
36.8404
36.5285
36.2014
35.8593
35.5021
35.1299
34.7428
34.3404
33.9231
33.4905
33.0423
32.5784
32.0985
31.602
31.089
30.5587
30.0108
29.4444
28.8593
28.2548
27.63
26.9848
26.318
25.6301
24.9207
24.1902
23.4414
22.6778
21.9084
21.1482
20.4256
19.7872
19.2956
19.0155
18.9811
19.1778
19.5494
20.0282
20.5609
21.1131
21.6649
22.2053
22.729
23.2323
23.7134
24.171
24.6044
25.0127
25.395
25.7502
26.0769
26.3733
26.6369
26.8647
27.0529
27.1962
27.288
27.3196
27.2794
27.1518
26.9155
28.4186
28.2588
28.0607
27.8284
27.5651
27.2733
26.9549
26.6114
26.2439
25.8535
25.4405
25.0056
24.5491
24.0711
23.5719
23.052
22.512
21.9533
21.3789
20.7936
20.2071
19.6369
19.1139
18.6878
18.4231
18.3797
18.5828
19.0089
19.5986
20.2867
21.0227
21.775
22.5258
23.2652
23.9883
24.6926
25.377
26.0413
26.6855
27.3102
27.9159
28.5032
29.0725
29.6246
30.16
30.6792
31.1826
31.6707
32.1438
32.6024
33.0466
33.4768
33.8932
34.2959
34.685
35.0607
35.4231
35.7721
36.1077
36.4299
36.7385
37.0335
37.3146
37.5816
37.8341
38.0719
38.2943
38.5009
38.6909
38.8634
39.0174
39.1515
39.2641
39.3531
39.4167
39.4534
39.4631
39.4462
39.4041
39.3378
39.2486
39.1374
39.0052
38.8525
38.6802
38.4888
38.2788
38.0507
37.805
37.5419
37.2618
36.965
36.6516
36.3219
35.9759
35.6139
35.2357
34.8414
34.431
34.0041
33.5609
33.1011
32.6244
32.1305
31.619
31.0893
30.5412
29.9742
29.3874
28.7802
28.1523
27.503
26.8313
26.1375
25.4212
24.6839
23.9274
23.1562
22.3804
21.6166
20.8969
20.2703
19.8026
19.555
19.5536
19.7743
20.1564
20.6344
21.158
21.6961
22.2317
22.7548
23.2603
23.7453
24.2077
24.6471
25.0622
25.4523
25.8164
26.1534
26.4616
26.7393
26.9838
27.192
27.3598
27.4816
27.5505
27.5573
27.4898
27.3315
27.0598
28.1769
28.0021
27.7898
27.544
27.2676
26.9631
26.6323
26.2767
25.8972
25.4947
25.0698
24.623
24.1544
23.6644
23.1532
22.6212
22.0694
21.4992
20.9138
20.3192
19.7259
19.1536
18.6367
18.2283
17.9943
17.9902
18.2323
18.6884
19.2958
19.9911
20.7276
21.4767
22.2224
22.9562
23.6737
24.3726
25.0521
25.7119
26.3524
26.9738
27.5768
28.162
28.7299
29.281
29.8161
30.3354
30.8397
31.3291
31.8042
32.2653
32.7127
33.1466
33.5673
33.9751
34.37
34.7521
35.1216
35.4786
35.8229
36.1547
36.4738
36.7802
37.0736
37.3539
37.6209
37.8742
38.1133
38.3379
38.5471
38.7404
38.9166
39.0745
39.2127
39.3294
39.423
39.492
39.5358
39.5546
39.5487
39.5189
39.4658
39.39
39.2921
39.1725
39.0319
38.8705
38.6887
38.4871
38.266
38.0258
37.7668
37.4892
37.1934
36.8797
36.5482
36.199
35.8324
35.4483
35.0467
34.6277
34.191
33.7367
33.2641
32.7735
32.2643
31.7361
31.1884
30.6205
30.0323
29.4228
28.7916
28.1375
27.4608
26.7607
26.0371
25.2917
24.5265
23.7466
22.9631
22.1947
21.4766
20.8615
20.4167
20.1988
20.2255
20.4638
20.8506
21.3214
21.831
22.3513
22.8667
23.3685
23.8526
24.3162
24.7576
25.1759
25.5699
25.9393
26.2828
26.5992
26.8868
27.1435
27.3668
27.5532
27.6982
27.7964
27.8401
27.8197
27.7225
27.5308
27.2208
27.9477
27.7589
27.5336
27.2753
26.987
26.6709
26.3289
25.9621
25.5717
25.1584
24.7227
24.2651
23.7857
23.2849
22.7629
22.2202
21.6579
21.0777
20.4831
19.8809
19.283
18.7115
18.204
17.8174
17.6176
17.6549
17.9362
18.4212
19.0453
19.7472
20.4841
21.2303
21.9716
22.7004
23.4127
24.1067
24.7817
25.4375
26.0744
26.6929
27.2934
27.8767
28.4431
28.9934
29.528
30.0475
30.5523
31.0429
31.5196
31.9829
32.433
32.8702
33.2947
33.7069
34.1067
34.4945
34.8702
35.234
35.586
35.926
36.2542
36.5704
36.8746
37.1664
37.4459
37.7126
37.9662
38.2063
38.4324
38.6437
38.8394
39.0184
39.1797
39.3216
39.4429
39.5425
39.6194
39.6734
39.7045
39.7129
39.6987
39.6622
39.6034
39.5225
39.4197
39.2951
39.1489
38.9812
38.7923
38.5825
38.3518
38.1006
37.8291
37.5376
37.2262
36.8952
36.5448
36.1751
35.7862
35.3782
34.951
34.5045
34.0387
33.5533
33.048
32.5223
31.9761
31.4087
30.8196
30.2082
29.5735
28.9155
28.2333
27.5266
26.7953
26.041
25.2661
24.4762
23.6836
22.9092
22.1913
21.5862
21.1617
20.9693
21.0176
21.266
21.6492
22.1067
22.5963
23.0928
23.5833
24.0599
24.5182
24.9565
25.3731
25.7669
26.1371
26.4827
26.8025
27.0955
27.3597
27.5929
27.7923
27.9542
28.074
28.1458
28.1617
28.1115
27.9815
27.7533
27.4014
27.7286
27.5269
27.2895
27.0198
26.7205
26.3939
26.0414
25.6646
25.2642
24.841
24.3955
23.9281
23.439
22.9284
22.3967
21.8445
21.2728
20.6839
20.0815
19.4733
18.8728
18.3046
17.8099
17.4487
17.2863
17.3664
17.6864
18.1989
18.8384
19.5464
20.2836
21.0271
21.7644
22.4885
23.1961
23.8857
24.5565
25.2086
25.8422
26.4579
27.0561
27.6374
28.2025
28.7519
29.286
29.8055
30.3108
30.8024
31.2805
31.7457
32.1981
32.6381
33.066
33.482
33.8862
34.2788
34.66
35.0298
35.3884
35.7357
36.0718
36.3966
36.71
37.0119
37.3022
37.5807
37.8469
38.1007
38.3414
38.5686
38.7815
38.9793
39.161
39.3256
39.472
39.5993
39.7067
39.7937
39.8602
39.9058
39.9306
39.9343
39.9168
39.8779
39.8175
39.7353
39.6313
39.5052
39.3569
39.1864
38.9935
38.7784
38.541
38.2815
37.9998
37.6962
37.3708
37.0237
36.655
36.2648
35.8532
35.4201
34.9657
34.4897
33.992
33.4724
32.9304
32.3657
31.7778
31.1657
30.5295
29.8682
29.1813
28.4681
27.7294
26.966
26.1808
25.38
24.5768
23.7946
23.0748
22.4772
22.0688
21.8954
21.9566
22.2052
22.5759
23.0112
23.4729
23.9396
24.3987
24.8442
25.2722
25.6804
26.0673
26.4325
26.7746
27.0928
27.3857
27.6517
27.8892
28.0957
28.2681
28.4026
28.4941
28.5364
28.5213
28.4379
28.2719
28.0034
27.6056
27.5176
27.304
27.0554
26.7751
26.4658
26.1293
25.7675
25.3813
24.9718
24.5396
24.0852
23.6089
23.1109
22.5915
22.051
21.4902
20.9103
20.3136
19.7047
19.092
18.4907
17.9282
17.4495
17.1171
16.9948
17.1185
17.4762
18.0148
18.6682
19.3815
20.1189
20.86
21.5934
22.3133
23.0165
23.7019
24.3688
25.0174
25.6479
26.2609
26.8569
27.4365
28.0002
28.5486
29.0823
29.6018
30.1074
30.5997
31.079
31.5457
32.0002
32.4427
32.8734
33.2927
33.7008
34.0977
34.4837
34.8588
35.2231
35.5768
35.9198
36.2521
36.5737
36.8844
37.1843
37.473
37.7503
38.016
38.2697
38.5108
38.7389
38.9533
39.1533
39.3379
39.5066
39.6584
39.7928
39.9094
40.0077
40.0876
40.1486
40.1905
40.2131
40.2159
40.1986
40.1609
40.1022
40.0221
39.9203
39.7964
39.6499
39.4805
39.2878
39.0717
38.8319
38.5682
38.2804
37.9686
37.6327
37.2726
36.8882
36.4797
36.0468
35.5897
35.1081
34.6019
34.0707
33.5145
32.9329
32.3252
31.691
31.0298
30.3409
29.6238
28.8792
28.1079
27.3132
26.5014
25.6869
24.8955
24.1712
23.5769
23.1783
23.0147
23.077
23.3133
23.6592
24.0613
24.4861
24.9138
25.3343
25.7416
26.132
26.5041
26.8564
27.1874
27.4967
27.7827
28.0442
28.2793
28.4862
28.6621
28.8038
28.9071
28.9667
28.976
28.9261
28.8058
28.5996
28.2868
27.8386
27.3129
27.0882
26.8293
26.5392
26.2205
25.8752
25.5046
25.11
24.6921
24.2517
23.789
23.3046
22.7985
22.271
21.7226
21.154
20.5667
19.9633
19.349
18.7331
18.1328
17.5785
17.1189
16.8186
16.7384
16.906
17.3002
17.8629
18.5289
19.2468
19.9842
20.7229
21.4527
22.1685
22.8677
23.5492
24.2124
24.8577
25.4853
26.0958
26.6896
27.2675
27.8298
28.3773
28.9104
29.4296
29.9355
30.4283
30.9086
31.3767
31.8329
32.2775
32.7108
33.133
33.5443
33.945
34.3351
34.7149
35.0844
35.4436
35.7927
36.1316
36.4604
36.7789
37.0871
37.3848
37.672
37.9482
38.2132
38.4668
38.7083
38.9373
39.1533
39.3557
39.5438
39.7171
39.8751
40.0174
40.1437
40.2536
40.3468
40.4231
40.482
40.5232
40.5464
40.5509
40.5364
40.5023
40.448
40.3729
40.2765
40.158
40.017
39.8528
39.6649
39.4526
39.2155
38.953
38.6648
38.3504
38.0095
37.6418
37.2469
36.8247
36.3749
35.8972
35.3914
34.8571
34.2939
33.7014
33.0793
32.4269
31.7438
31.0299
30.2854
29.5115
28.7112
27.8915
27.0674
26.2666
25.5357
24.9395
24.5416
24.3747
24.4221
24.6299
24.9353
25.2907
25.6657
26.0438
26.4152
26.7752
27.1201
27.4486
27.7589
28.0496
28.3199
28.5683
28.793
28.9923
29.1636
29.3043
29.4108
29.4785
29.5019
29.4737
29.3848
29.2229
28.9719
28.6096
28.1054
27.1127
26.8778
26.6093
26.3102
25.9829
25.6293
25.2507
24.8483
24.4228
23.9748
23.5047
23.0127
22.4992
21.9644
21.4088
20.8332
20.2392
19.63
19.0112
18.3935
17.796
17.2523
16.8149
16.5495
16.5132
16.7245
17.1535
17.7385
18.4157
19.1375
19.8747
20.6109
21.3373
22.0493
22.7447
23.4224
24.0822
24.7243
25.3491
25.9571
26.5488
27.1249
27.6859
28.2324
28.7649
29.2838
29.7897
30.283
30.764
31.2332
31.6909
32.1373
32.5727
32.9975
33.4117
33.8157
34.2095
34.5934
34.9673
35.3315
35.6859
36.0307
36.3658
36.6911
37.0067
37.3125
37.6082
37.8937
38.1689
38.4333
38.6867
38.9287
39.1588
39.3767
39.5818
39.7738
39.9522
40.1168
40.2672
40.4031
40.5243
40.6303
40.7211
40.7961
40.8551
40.8976
40.9231
40.9311
40.921
40.8923
40.8444
40.7764
40.6877
40.5776
40.4453
40.2899
40.1107
39.9069
39.6777
39.4222
39.1398
38.8296
38.491
38.1231
37.7253
37.2971
36.8376
36.3464
35.8229
35.2664
34.6763
34.052
33.3931
32.6992
31.9705
31.208
30.4149
29.5981
28.7731
27.9683
27.2322
26.6292
26.2204
26.0327
26.0447
26.2022
26.4479
26.7385
27.0485
27.3625
27.6728
27.9738
28.2633
28.5384
28.7982
29.0408
29.2646
29.4683
29.6498
29.8069
29.937
30.037
30.1028
30.1298
30.1118
30.041
29.9078
29.6992
29.3978
28.9803
28.4135
26.9154
26.671
26.3936
26.0862
25.7511
25.3899
25.004
24.5944
24.1619
23.7069
23.23
22.7312
22.2109
21.6694
21.1072
20.5252
19.9253
19.311
18.6888
18.0705
17.4776
16.947
16.5348
16.3071
16.3158
16.5701
17.032
17.6373
18.3245
19.0495
19.7862
20.5201
21.2432
21.9515
22.6431
23.3173
23.9737
24.6128
25.2348
25.8405
26.4301
27.0045
27.5641
28.1096
28.6413
29.1599
29.6657
30.1592
30.6408
31.1109
31.5698
32.0177
32.455
32.882
33.2988
33.7056
34.1026
34.49
34.8679
35.2365
35.5956
35.9456
36.2862
36.6177
36.9398
37.2526
37.556
37.8498
38.1338
38.4079
38.6718
38.9252
39.1678
39.3992
39.6192
39.8274
40.0235
40.2073
40.3784
40.5367
40.6819
40.8137
40.9318
41.0361
41.1261
41.2015
41.2619
41.3069
41.3359
41.3485
41.344
41.3219
41.2815
41.222
41.1427
41.0428
40.9214
40.7777
40.6106
40.4192
40.2024
39.9591
39.6884
39.3891
39.0602
38.7004
38.3087
37.884
37.4252
36.931
36.4006
35.8328
35.2268
34.5819
33.8978
33.1754
32.4173
31.6299
30.8276
30.0384
29.309
28.7016
28.2727
28.0452
27.9973
28.08
28.2421
28.4475
28.6733
28.9071
29.1408
29.37
29.5911
29.8022
30.0008
30.1855
30.3541
30.5048
30.6354
30.7431
30.8249
30.8775
30.8964
30.8764
30.8108
30.6915
30.5079
30.2461
29.8878
29.4079
28.7716
26.7194
26.4662
26.1807
25.8657
25.5233
25.1552
24.7626
24.3465
23.9076
23.4463
22.963
22.458
21.9315
21.3838
20.8156
20.2279
19.6227
19.0042
18.3794
17.7618
17.1752
16.6603
16.2762
16.0887
16.1431
16.4394
16.9322
17.556
18.2518
18.9795
19.7155
20.4469
21.1667
21.8715
22.5595
23.2302
23.8834
24.5195
25.1389
25.7422
26.3298
26.9025
27.4607
28.005
28.5359
29.054
29.5596
30.0532
30.5352
31.006
31.4658
31.9151
32.354
32.7828
33.2018
33.6111
34.011
34.4015
34.7829
35.1553
35.5186
35.8731
36.2188
36.5556
36.8835
37.2026
37.5127
37.8139
38.1058
38.3885
38.6617
38.9251
39.1787
39.422
39.655
39.8773
40.0887
40.289
40.478
40.6555
40.8213
40.9752
41.1168
41.2462
41.3628
41.4665
41.5569
41.6338
41.6965
41.7448
41.7781
41.7959
41.7978
41.783
41.7508
41.7007
41.6318
41.5433
41.4343
41.3039
41.1511
40.9748
40.7738
40.5469
40.293
40.0105
39.6982
39.3546
38.9782
38.5675
38.1209
37.6371
37.1144
36.5518
35.9483
35.3039
34.6205
33.9033
33.1646
32.429
31.7377
31.1454
30.701
30.4253
30.3008
30.288
30.3469
30.4476
30.572
30.7091
30.8513
30.9943
31.1342
31.2687
31.3949
31.511
31.6144
31.7025
31.7731
31.8228
31.8485
31.8459
31.8104
31.7361
31.6159
31.4409
31.1997
30.8775
30.4546
29.9042
29.1892
26.523
26.2617
25.9688
25.6469
25.298
24.9236
24.5249
24.1029
23.6581
23.191
22.702
22.1913
21.6592
21.1059
20.5321
19.9392
19.3295
18.7074
18.081
17.4654
16.8871
16.3904
16.0373
15.892
15.9926
16.3295
16.8511
17.4914
18.1946
18.9243
19.6594
20.3883
21.105
21.8063
22.4908
23.1581
23.8082
24.4414
25.0581
25.6591
26.2446
26.8155
27.3723
27.9154
28.4455
28.963
29.4683
29.9619
30.4441
30.9154
31.376
31.8263
32.2665
32.697
33.1178
33.5293
33.9317
34.325
34.7094
35.0851
35.4522
35.8107
36.1608
36.5023
36.8355
37.1601
37.4763
37.7839
38.0829
38.3732
38.6546
38.927
39.1902
39.444
39.6883
39.9229
40.1476
40.3623
40.5667
40.7608
40.9442
41.117
41.2789
41.4297
41.5692
41.6971
41.8133
41.9173
42.009
42.0878
42.1535
42.2056
42.2437
42.2673
42.2758
42.2687
42.2454
42.205
42.147
42.0706
41.9748
41.8588
41.7216
41.5621
41.3791
41.1715
40.9379
40.6769
40.387
40.0666
39.7141
39.3279
38.9063
38.4477
37.9512
37.4161
36.8436
36.2373
35.6068
34.9707
34.361
33.8195
33.3846
33.0744
32.8796
32.7732
32.7271
32.7202
32.7378
32.771
32.8138
32.8614
32.9108
32.9587
33.0028
33.0402
33.0686
33.0848
33.0862
33.069
33.0297
32.9636
32.8655
32.7288
32.546
32.3073
32.0004
31.6095
31.1132
30.483
29.6791
26.3246
26.056
25.7564
25.4282
25.0734
24.6933
24.2892
23.8619
23.4118
22.9396
22.4454
21.9295
21.3922
20.8338
20.2552
19.6576
19.0439
18.4189
17.7919
17.1796
16.6115
16.1358
15.8163
15.7151
15.8618
16.2376
16.7858
17.4407
18.1504
18.8816
19.6155
20.3418
21.0553
21.7532
22.4343
23.0983
23.7453
24.3756
24.9898
25.5884
26.1719
26.741
27.2963
27.8382
28.3673
28.8841
29.389
29.8824
30.3647
30.8363
31.2975
31.7487
32.19
32.6218
33.0443
33.4576
33.8621
34.2578
34.645
35.0237
35.394
35.7562
36.1101
36.4559
36.7936
37.1232
37.4448
37.7582
38.0635
38.3605
38.6492
38.9295
39.2012
39.4642
39.7185
39.9639
40.2001
40.4272
40.645
40.8534
41.0521
41.2413
41.4205
41.5898
41.7489
41.8975
42.0357
42.1631
42.2794
42.3843
42.4777
42.559
42.6281
42.6844
42.7276
42.7572
42.7727
42.7735
42.7591
42.7288
42.6821
42.618
42.5359
42.4349
42.3141
42.1725
42.009
41.8226
41.6119
41.3758
41.1128
40.8217
40.501
40.1495
39.7661
39.3505
38.9033
38.4273
37.9293
37.4223
36.9276
36.4729
36.0842
35.7752
35.5428
35.3726
35.2478
35.1542
35.0822
35.0251
34.9776
34.9361
34.898
34.8602
34.8205
34.7761
34.7248
34.6634
34.5891
34.4981
34.3864
34.249
34.0803
33.8733
33.6197
33.309
32.9277
32.4587
31.8793
31.1586
30.2538
26.1223
25.8472
25.5417
25.2079
24.8479
24.4629
24.0539
23.6219
23.1672
22.6903
22.1915
21.671
21.129
20.5661
19.983
19.3813
18.7642
18.1371
17.5104
16.9028
16.3471
15.895
15.6119
15.5562
15.7484
16.1613
16.7338
17.4017
18.1168
18.8489
19.5814
20.3052
21.0155
21.71
22.3878
23.0485
23.6924
24.3199
24.9315
25.5277
26.1092
26.6765
27.2302
27.7708
28.2989
28.8149
29.3192
29.8123
30.2946
30.7664
31.228
31.6798
32.122
32.555
32.9788
33.3938
33.8001
34.198
34.5875
34.9688
35.3421
35.7074
36.0648
36.4144
36.7562
37.0902
37.4166
37.7352
38.046
38.349
38.6442
38.9315
39.2108
39.482
39.745
39.9998
40.2462
40.4842
40.7136
40.9344
41.1464
41.3496
41.5438
41.729
41.9049
42.0716
42.2286
42.3759
42.5134
42.6407
42.7577
42.864
42.9594
43.0436
43.1163
43.1769
43.2254
43.2611
43.2836
43.2925
43.2872
43.2671
43.2317
43.1802
43.112
43.0264
42.9226
42.7997
42.6569
42.4932
42.3077
42.0994
41.8676
41.6113
41.3301
41.024
40.6939
40.3419
39.973
39.5956
39.2225
38.8698
38.5526
38.28
38.0522
37.8626
37.7024
37.5633
37.4389
37.324
37.2151
37.1094
37.0042
36.8976
36.7877
36.6721
36.5487
36.4147
36.2672
36.1028
35.9173
35.7059
35.4625
35.18
34.8494
34.4595
33.996
33.4403
32.7683
31.9461
30.9278
25.9143
25.6335
25.3227
24.9842
24.6197
24.2304
23.8173
23.3812
22.9225
22.4416
21.9387
21.4141
20.868
20.301
19.714
19.1088
18.4889
17.8605
17.2351
16.6338
16.0926
15.6669
15.4227
15.4133
15.6505
16.0981
16.6928
17.3722
18.0917
18.8243
19.5552
20.2762
20.9834
21.6745
22.349
23.0065
23.6474
24.2721
24.8811
25.475
26.0543
26.6198
27.1719
27.7112
28.2381
28.7532
29.2569
29.7496
30.2317
30.7035
31.1654
31.6177
32.0606
32.4945
32.9195
33.3359
33.7438
34.1435
34.5351
34.9187
35.2946
35.6627
36.0232
36.3761
36.7216
37.0596
37.3902
37.7134
38.0292
38.3376
38.6386
38.9321
39.2181
39.4965
39.7673
40.0303
40.2857
40.5332
40.7728
41.0044
41.2279
41.4435
41.6507
41.8496
42.04
42.2221
42.3954
42.5601
42.7156
42.8621
42.9993
43.127
43.245
43.3529
43.4507
43.5379
43.6143
43.6795
43.7333
43.7752
43.8049
43.8218
43.8256
43.8157
43.7917
43.753
43.699
43.6292
43.5429
43.4395
43.3184
43.1791
43.021
42.8439
42.6476
42.4324
42.1994
41.9505
41.6893
41.4212
41.1539
40.8959
40.6554
40.4375
40.2432
40.0697
39.9125
39.7666
39.6278
39.4926
39.3583
39.2222
39.0823
38.9368
38.7836
38.6209
38.4467
38.2583
38.0533
37.8281
37.579
37.3009
36.9879
36.6326
36.2257
35.7553
35.2062
34.5589
33.7864
32.8532
31.7092
25.6981
25.4125
25.0975
24.7551
24.3869
23.9941
23.5776
23.1381
22.6761
22.1918
21.6855
21.1573
20.6078
20.0372
19.4469
18.8387
18.2166
17.5876
16.9647
16.3713
15.847
15.4503
15.2473
15.285
15.5658
16.0461
16.6607
17.3501
18.0732
18.8059
19.5349
20.2532
20.9571
21.645
22.316
22.9704
23.6083
24.2301
24.8366
25.4281
26.0054
26.569
27.1194
27.6573
28.183
28.6972
29.2001
29.6923
30.1741
30.6458
31.1078
31.5604
32.0039
32.4385
32.8644
33.282
33.6913
34.0926
34.486
34.8717
35.2498
35.6204
35.9837
36.3396
36.6883
37.0299
37.3643
37.6917
38.012
38.3252
38.6313
38.9304
39.2223
39.5071
39.7848
40.0552
40.3184
40.5742
40.8227
41.0638
41.2976
41.5237
41.7422
41.9531
42.1564
42.3518
42.5392
42.7187
42.89
43.053
43.2076
43.3536
43.491
43.6192
43.7384
43.8483
43.9485
44.0389
44.1192
44.189
44.2482
44.2963
44.3331
44.3581
44.371
44.3714
44.3589
44.3331
44.2935
44.2399
44.1718
44.0888
43.9909
43.8779
43.7499
43.6075
43.4515
43.2837
43.1065
42.9235
42.7392
42.5583
42.3851
42.2225
42.0711
41.9296
41.7957
41.6664
41.5385
41.4097
41.2771
41.1386
40.9922
40.836
40.6679
40.4859
40.2879
40.0712
39.833
39.5698
39.2776
38.9512
38.5846
38.17
37.6976
37.1552
36.5263
35.7897
34.9173
33.8696
32.5929
25.4711
25.1819
24.8636
24.5182
24.1473
23.7519
23.3328
22.8908
22.4261
21.9391
21.43
20.8991
20.3466
19.7731
19.18
18.5694
17.9458
17.3171
16.6979
16.1141
15.6091
15.2443
15.0845
15.1696
15.4925
16.0031
16.6357
17.3336
18.0595
18.7919
19.5189
20.2344
20.935
21.6195
22.2873
22.9384
23.5733
24.1923
24.7961
25.3853
25.9605
26.5221
27.0709
27.6072
28.1318
28.6449
29.147
29.6385
30.1199
30.5914
31.0534
31.5062
31.9501
32.3853
32.812
33.2306
33.6411
34.0437
34.4387
34.8262
35.2063
35.5792
35.9449
36.3035
36.6552
36.9999
37.3378
37.6688
37.9931
38.3106
38.6214
38.9255
39.2227
39.5132
39.797
40.0739
40.344
40.6073
40.8638
41.1132
41.3557
41.5912
41.8197
42.0412
42.2555
42.4625
42.6622
42.8547
43.0396
43.2169
43.3866
43.5485
43.7024
43.8483
43.9859
44.1151
44.2357
44.3476
44.4504
44.544
44.6282
44.7027
44.7672
44.8216
44.8655
44.8986
44.9206
44.9314
44.9305
44.9178
44.8931
44.8562
44.807
44.7457
44.6723
44.5875
44.492
44.3872
44.2747
44.1568
44.0361
43.9155
43.7971
43.6825
43.5722
43.4653
43.3605
43.2557
43.1487
43.0375
42.9199
42.7938
42.6572
42.5079
42.3438
42.1626
41.9617
41.7383
41.4891
41.2103
40.8974
40.5448
40.1459
39.6922
39.1731
38.5754
37.8812
37.0679
36.1039
34.9471
33.5392
25.2303
24.9385
24.6181
24.271
23.8983
23.5013
23.0807
22.637
22.1706
21.6817
21.1706
20.6375
20.0827
19.507
18.9117
18.2995
17.6752
17.0477
16.4334
15.8612
15.3781
15.0477
14.9329
15.0652
15.4286
15.9672
16.6156
17.3208
18.049
18.7807
19.5055
20.2179
20.9154
21.5964
22.2609
22.9089
23.5407
24.1569
24.7581
25.3448
25.9178
26.4775
27.0245
27.5594
28.0826
28.5946
29.0958
29.5866
30.0675
30.5387
31.0006
31.4535
31.8976
32.3332
32.7606
33.1799
33.5915
33.9953
34.3917
34.7808
35.1627
35.5375
35.9054
36.2665
36.6208
36.9684
37.3093
37.6437
37.9716
38.293
38.608
38.9165
39.2185
39.5142
39.8033
40.0861
40.3624
40.6323
40.8956
41.1525
41.4028
41.6468
41.884
42.1146
42.3386
42.5559
42.7665
42.9701
43.1669
43.3567
43.5396
43.7152
43.8835
44.0446
44.1981
44.3439
44.4821
44.6123
44.7345
44.8484
44.954
45.0508
45.139
45.2181
45.2881
45.3486
45.3996
45.4409
45.4721
45.4933
45.5043
45.505
45.4954
45.4758
45.4462
45.4072
45.3593
45.3036
45.2411
45.1734
45.102
45.0284
44.9539
44.8792
44.8045
44.7293
44.6526
44.5728
44.4885
44.3978
44.2987
44.1896
44.0681
43.9324
43.78
43.6086
43.4152
43.1968
42.9497
42.6695
42.3513
41.9888
41.5746
41.0994
40.5516
39.9161
39.1741
38.2996
37.2593
36.0057
34.4739
24.9717
24.6789
24.3578
24.0101
23.6371
23.2397
22.8186
22.3743
21.9071
21.4174
20.9051
20.3707
19.8145
19.2372
18.6406
18.0274
17.4032
16.778
16.17
15.6114
15.1528
14.8596
14.7911
14.9703
15.3721
15.9364
16.5988
17.3102
18.0398
18.7705
19.4929
20.2023
20.8964
21.5741
22.2352
22.88
23.5087
24.1221
24.7207
25.305
25.8757
26.4334
26.9787
27.5119
28.0338
28.5446
29.0448
29.5349
30.0152
30.486
30.9476
31.4005
31.8447
32.2807
32.7086
33.1286
33.541
33.946
34.3436
34.7341
35.1175
35.4942
35.864
36.2272
36.5839
36.9341
37.2778
37.6153
37.9464
38.2713
38.59
38.9025
39.2089
39.5091
39.8032
40.0912
40.3731
40.6488
40.9185
41.1819
41.4393
41.6904
41.9354
42.1742
42.4067
42.633
42.8531
43.0667
43.2739
43.4747
43.669
43.8566
44.0376
44.2117
44.3791
44.5395
44.6928
44.8389
44.9777
45.1091
45.2328
45.3489
45.4571
45.5573
45.6494
45.7332
45.8084
45.8752
45.9333
45.9826
46.0231
46.0548
46.0776
46.0919
46.0976
46.0952
46.0852
46.0682
46.045
46.0165
45.9835
45.9469
45.9074
45.8654
45.8208
45.773
45.7214
45.6646
45.6013
45.5302
45.4493
45.357
45.2512
45.1299
44.9908
44.8312
44.6481
44.4382
44.1975
43.9213
43.6042
43.2393
42.8184
42.3314
41.7652
41.1038
40.3255
39.4029
38.2976
36.9584
35.3143
24.6904
24.3984
24.0784
23.7318
23.3599
22.9635
22.5433
22.0997
21.633
21.1435
20.6312
20.0964
19.5397
18.9618
18.3645
17.7513
17.1281
16.5064
15.9064
15.3636
14.9323
14.6788
14.6577
14.883
15.3209
15.9086
16.5834
17.2998
18.0304
18.7597
19.4796
20.1858
20.8765
21.5507
22.2085
22.85
23.4757
24.0862
24.6821
25.264
25.8325
26.3882
26.9315
27.4632
27.9836
28.4932
28.9924
29.4816
29.9612
30.4316
30.893
31.3457
31.79
32.2262
32.6545
33.0751
33.4882
33.8941
34.2928
34.6845
35.0694
35.4476
35.8193
36.1845
36.5433
36.8958
37.2421
37.5823
37.9164
38.2445
38.5666
38.8828
39.1931
39.4975
39.796
40.0886
40.3755
40.6565
40.9317
41.2011
41.4646
41.7224
41.9743
42.2203
42.4606
42.6949
42.9233
43.1457
43.3621
43.5725
43.777
43.9751
44.1671
44.3528
44.5323
44.7052
44.8717
45.0317
45.1848
45.3312
45.4708
45.6033
45.7288
45.847
45.9579
46.0614
46.1573
46.2456
46.3262
46.3991
46.4642
46.5215
46.571
46.613
46.6475
46.6747
46.6951
46.709
46.717
46.7194
46.717
46.71
46.6989
46.6835
46.6638
46.6393
46.6091
46.5724
46.5278
46.474
46.4094
46.3323
46.2408
46.1328
46.0059
45.8573
45.684
45.4824
45.2483
44.9766
44.6615
44.2957
43.87
43.3738
42.7929
42.1092
41.3
40.3339
39.1704
37.7518
35.9996
24.3803
24.0914
23.7745
23.4311
23.0621
22.6686
22.251
21.8097
21.345
20.857
20.3459
19.812
19.2558
18.6784
18.0816
17.4693
16.8483
16.2313
15.6411
15.1165
14.7154
14.5039
14.5309
14.8011
15.273
15.8818
16.5673
17.2879
18.0188
18.7464
19.4636
20.1666
20.8538
21.5246
22.1789
22.8172
23.4398
24.0474
24.6406
25.22
25.7862
26.3398
26.8813
27.4113
27.9303
28.4386
28.9367
29.4251
29.904
30.3738
30.8348
31.2874
31.7317
32.168
32.5967
33.0178
33.4315
33.8382
34.2378
34.6307
35.0169
35.3966
35.7699
36.1368
36.4976
36.8523
37.201
37.5437
37.8805
38.2115
38.5368
38.8563
39.1701
39.4783
39.7808
40.0778
40.3691
40.655
40.9352
41.21
41.4791
41.7428
42.0009
42.2534
42.5004
42.7419
42.9777
43.208
43.4326
43.6515
43.8648
44.0724
44.2741
44.47
44.66
44.8441
45.0221
45.194
45.3599
45.5194
45.6725
45.8194
45.9597
46.0934
46.2205
46.3408
46.4543
46.5609
46.6606
46.7533
46.839
46.9177
46.9894
47.0543
47.1123
47.1638
47.2089
47.2479
47.2809
47.3083
47.3304
47.3474
47.3591
47.3657
47.3667
47.3616
47.3497
47.33
47.3014
47.2626
47.2121
47.1482
47.069
46.9724
46.8558
46.7166
46.5514
46.3566
46.1276
45.8592
45.5449
45.1771
44.7463
44.24
43.6438
42.9382
42.0975
41.0891
39.8669
38.3705
36.5121
24.0333
23.7503
23.4392
23.1015
22.738
22.3496
21.9367
21.4997
21.0388
20.5541
20.0459
19.5144
18.9602
18.3844
17.7893
17.1791
16.5615
15.9509
15.3724
14.8687
14.5005
14.3333
14.4088
14.7225
15.226
15.8537
16.5485
17.2723
18.003
18.7287
19.443
20.1426
20.8263
21.4936
22.1444
22.7794
23.3989
24.0036
24.5941
25.171
25.7349
26.2864
26.8261
27.3544
27.8719
28.3789
28.876
29.3634
29.8416
30.3108
30.7715
31.2238
31.668
32.1045
32.5334
32.9549
33.3692
33.7766
34.1772
34.5711
34.9585
35.3395
35.7143
36.083
36.4456
36.8022
37.1531
37.4981
37.8375
38.1712
38.4993
38.8219
39.139
39.4507
39.7569
40.0577
40.3532
40.6434
40.9282
41.2078
41.4821
41.7511
42.0148
42.2732
42.5263
42.7742
43.0168
43.2541
43.486
43.7126
43.9338
44.1498
44.3601
44.565
44.7644
44.9582
45.1465
45.329
45.5058
45.6768
45.842
46.0012
46.1543
46.3016
46.4426
46.5775
46.706
46.8283
46.9442
47.0537
47.1569
47.2537
47.3439
47.4279
47.5056
47.577
47.6424
47.7018
47.7553
47.8031
47.8452
47.8817
47.9123
47.9369
47.9551
47.9663
47.9697
47.9644
47.9494
47.9233
47.8847
47.8319
47.763
47.6757
47.5676
47.4358
47.2769
47.087
46.8613
46.5943
46.2792
45.9076
45.4694
44.9519
44.3386
43.609
42.736
41.6827
40.4015
38.8242
36.8594
23.6384
23.3651
23.0635
22.7347
22.3798
21.9994
21.5939
21.1638
20.709
20.2299
19.7266
19.1994
18.6489
18.0764
17.4846
16.878
16.2654
15.6628
15.0984
14.6184
14.2861
14.165
14.2892
14.6447
15.1774
15.8219
16.5246
17.2508
17.981
18.7043
19.4155
20.1117
20.7918
21.4554
22.1028
22.7344
23.3508
23.9526
24.5403
25.1147
25.6763
26.2258
26.7636
27.2902
27.8062
28.312
28.8079
29.2945
29.7719
30.2406
30.7008
31.1529
31.5971
32.0336
32.4628
32.8847
33.2996
33.7076
34.109
34.5039
34.8925
35.2748
35.651
36.0212
36.3856
36.7441
37.097
37.4443
37.786
38.1222
38.453
38.7785
39.0987
39.4135
39.7232
40.0277
40.327
40.6212
40.9101
41.1941
41.4731
41.7469
42.0158
42.2795
42.5383
42.792
43.0406
43.2842
43.5228
43.7563
43.9847
44.2079
44.4262
44.6391
44.8469
45.0494
45.2466
45.4385
45.6251
45.8062
45.9818
46.1519
46.3165
46.4754
46.6286
46.7761
46.9177
47.0535
47.1833
47.3074
47.4253
47.5374
47.6433
47.7434
47.8374
47.9256
48.0078
48.0842
48.1547
48.2192
48.2779
48.3304
48.3767
48.4163
48.4488
48.4736
48.4899
48.4968
48.4932
48.4778
48.4491
48.4055
48.3449
48.2652
48.1637
48.0376
47.8831
47.6962
47.472
47.2045
46.8866
46.5095
46.0621
45.5311
44.8991
44.1438
43.2355
42.1363
40.7927
39.134
37.0586
23.1809
22.9223
22.6347
22.3194
21.9771
21.6085
21.2141
20.7941
20.3487
19.878
19.3823
18.8618
18.3173
17.7503
17.1636
16.5626
15.9569
15.3645
14.8167
14.3635
14.0701
13.9968
14.1693
14.5646
15.1243
15.7836
16.4929
17.2208
17.9498
18.6707
19.3786
20.0712
20.7476
21.4075
22.0515
22.6797
23.2929
23.8917
24.4767
25.0487
25.608
26.1554
26.6913
27.2164
27.7309
28.2355
28.7303
29.216
29.6927
30.1609
30.6208
31.0726
31.5168
31.9534
32.3828
32.8051
33.2205
33.6293
34.0315
34.4274
34.8171
35.2006
35.5782
35.95
36.316
36.6764
37.0312
37.3806
37.7245
38.0632
38.3966
38.7247
39.0478
39.3657
39.6786
39.9864
40.2893
40.5872
40.8802
41.1683
41.4515
41.7298
42.0033
42.272
42.5358
42.7949
43.0491
43.2985
43.5431
43.7828
44.0177
44.2477
44.4728
44.693
44.9084
45.1187
45.324
45.5243
45.7195
45.9096
46.0946
46.2744
46.4488
46.618
46.7819
46.9404
47.0934
47.2409
47.3829
47.5193
47.65
47.7752
47.8946
48.0082
48.1162
48.2185
48.3148
48.4054
48.49
48.5686
48.6411
48.7071
48.7664
48.8186
48.8631
48.8994
48.9265
48.9436
48.9496
48.9431
48.9227
48.8865
48.8327
48.7589
48.6625
48.5403
48.3887
48.2032
47.9787
47.7091
47.3867
47.0022
46.544
45.9978
45.3447
44.5615
43.6169
42.4687
41.0619
39.3187
37.1316
22.64
22.4028
22.1356
21.8396
21.5155
21.164
20.7854
20.38
19.9481
19.4897
19.0051
18.4946
17.9592
17.4004
16.8214
16.2283
15.6319
15.0523
14.5242
14.1011
13.8495
13.8255
14.0457
14.4789
15.063
15.7354
16.4501
17.1789
17.9065
18.6245
19.3289
20.0178
20.6904
21.3467
21.9871
22.612
23.2221
23.818
24.4003
24.9698
25.5269
26.0723
26.6065
27.13
27.6432
28.1465
28.6404
29.1253
29.6014
30.0691
30.5287
30.9804
31.4246
31.8614
32.291
32.7138
33.1299
33.5394
33.9425
34.3393
34.7301
35.1149
35.494
35.8672
36.2349
36.5971
36.9539
37.3053
37.6514
37.9924
38.3283
38.6591
38.9849
39.3057
39.6216
39.9327
40.239
40.5404
40.837
41.129
41.4163
41.6989
41.9768
42.2499
42.5185
42.7825
43.0418
43.2965
43.5466
43.7921
44.0329
44.269
44.5005
44.7273
44.9494
45.1668
45.3794
45.5874
45.7904
45.9885
46.1818
46.3701
46.5536
46.7319
46.9052
47.0733
47.2364
47.3942
47.5467
47.6939
47.8358
47.9721
48.1032
48.2286
48.3485
48.4626
48.5711
48.6736
48.7703
48.8608
48.9448
49.0222
49.0925
49.1553
49.21
49.256
49.2922
49.3179
49.3319
49.3329
49.3192
49.2892
49.2407
49.1715
49.0787
48.9591
48.8088
48.6234
48.3973
48.1241
47.7955
47.4021
46.9315
46.3683
45.693
44.8804
43.8966
42.6985
41.2257
39.3946
37.0941
21.9857
21.7795
21.5415
21.2729
20.9746
20.6471
20.291
19.9064
19.4937
19.0528
18.5842
18.0883
17.566
17.0191
16.4513
15.8693
15.2854
14.7218
14.2168
13.8276
13.6208
13.6472
13.9144
14.3831
14.9894
15.6732
16.3921
17.1212
17.8468
18.5618
19.2626
19.9477
20.6164
21.269
21.9058
22.5274
23.1344
23.7275
24.3073
24.8744
25.4295
25.973
26.5055
27.0276
27.5395
28.0418
28.5349
29.0191
29.4947
29.9621
30.4215
30.8733
31.3176
31.7547
32.1848
32.6082
33.0249
33.4353
33.8393
34.2373
34.6293
35.0155
35.3959
35.7708
36.1402
36.5042
36.8629
37.2164
37.5647
37.908
38.2464
38.5797
38.9082
39.2319
39.5508
39.865
40.1744
40.4793
40.7796
41.0751
41.3662
41.6528
41.9349
42.2124
42.4855
42.754
43.0181
43.2778
43.533
43.7838
44.0301
44.2719
44.5093
44.7421
44.9705
45.1943
45.4136
45.6283
45.8384
46.0438
46.2447
46.4408
46.6321
46.8186
47.0003
47.1772
47.3491
47.5159
47.6777
47.8345
47.986
48.1323
48.2734
48.409
48.5391
48.6636
48.7825
48.8954
49.0023
49.1028
49.1968
49.2838
49.3636
49.4354
49.4988
49.5529
49.597
49.63
49.6507
49.6578
49.6498
49.6247
49.5804
49.5146
49.4242
49.306
49.156
48.9693
48.7404
48.4623
48.1266
47.7229
47.2385
46.6567
45.9575
45.1137
44.0902
42.8398
41.298
39.3783
36.9603
21.1743
21.0123
20.8159
20.5863
20.3246
20.0312
19.7067
19.3515
18.9659
18.5501
18.1042
17.629
17.1256
16.5959
16.044
15.4775
14.9101
14.3667
13.8891
13.5378
13.3789
13.4567
13.7697
14.2716
14.8979
15.5914
16.3135
17.0423
17.7656
18.4773
19.1743
19.8555
20.5204
21.1694
21.8027
22.4212
23.0252
23.6156
24.193
24.758
25.3111
25.853
26.3841
26.9049
27.4159
27.9174
28.4099
28.8937
29.369
29.8363
30.2958
30.7478
31.1925
31.6301
32.0608
32.4849
32.9026
33.3139
33.7191
34.1183
34.5117
34.8994
35.2814
35.658
36.0292
36.3952
36.7559
37.1116
37.4622
37.8079
38.1487
38.4846
38.8158
39.1424
39.4642
39.7815
40.0942
40.4023
40.706
41.0053
41.3001
41.5904
41.8764
42.1581
42.4354
42.7083
42.977
43.2414
43.5014
43.7572
44.0087
44.2558
44.4986
44.7371
44.9713
45.2011
45.4265
45.6475
45.8641
46.0762
46.2838
46.487
46.6855
46.8794
47.0688
47.2534
47.4332
47.6082
47.7783
47.9435
48.1037
48.2587
48.4086
48.5531
48.6922
48.8258
48.9536
49.0755
49.1912
49.3006
49.4031
49.4985
49.5863
49.666
49.7368
49.798
49.8487
49.8879
49.9143
49.9266
49.9231
49.9019
49.8609
49.7975
49.7087
49.5909
49.4401
49.2513
49.0184
48.7344
48.3903
47.9753
47.4759
46.8749
46.1505
45.2742
44.2083
42.9038
41.2922
39.2802
36.7398
20.1399
20.0414
19.9046
19.7308
19.5209
19.276
18.9966
18.6831
18.336
17.9556
17.5423
17.0968
16.6204
16.1153
15.5861
15.0412
14.496
13.9781
13.5332
13.2245
13.1167
13.2467
13.6042
14.1372
14.7813
15.4829
16.2074
16.9352
17.6558
18.364
19.0573
19.7346
20.3958
21.0413
21.6714
22.2868
22.8882
23.4762
24.0515
24.6147
25.1663
25.7069
26.2369
26.7569
27.2672
27.7683
28.2605
28.7442
29.2197
29.6872
30.1471
30.5996
31.045
31.4834
31.9151
32.3402
32.7591
33.1717
33.5783
33.979
34.374
34.7634
35.1473
35.5258
35.899
36.2671
36.63
36.988
37.341
37.6892
38.0326
38.3713
38.7053
39.0348
39.3596
39.68
39.9959
40.3074
40.6146
40.9173
41.2158
41.51
41.7998
42.0855
42.367
42.6443
42.9172
43.1861
43.4508
43.7113
43.9677
44.2199
44.4678
44.7116
44.9512
45.1866
45.4177
45.6446
45.8672
46.0856
46.2995
46.5091
46.7144
46.9151
47.1113
47.303
47.49
47.6724
47.8501
48.0228
48.1907
48.3535
48.5113
48.6637
48.8107
48.9523
49.088
49.2178
49.3414
49.4583
49.5684
49.6711
49.766
49.8524
49.9297
49.997
50.0534
50.098
50.1292
50.1458
50.1461
50.1281
50.0895
50.0277
49.9396
49.8216
49.6692
49.4773
49.2398
48.949
48.5956
48.1684
47.653
47.0314
46.2806
45.3706
44.2619
42.9014
41.217
39.1083
36.4444
