50.7357
51.4434
52.0271
52.5085
52.9046
53.2291
53.4928
53.7046
53.8719
54.0007
54.0961
54.1621
54.2024
54.2199
54.2172
54.1964
54.1593
54.1077
54.0428
53.9658
53.8777
53.7795
53.6719
53.5556
53.4312
53.2992
53.16
53.0141
52.8617
52.7033
52.539
52.369
52.1937
52.0132
51.8276
51.6371
51.4419
51.242
51.0375
50.8286
50.6153
50.3978
50.176
49.9502
49.7202
49.4863
49.2484
49.0066
48.761
48.5116
48.2585
48.0017
47.7412
47.4772
47.2095
46.9384
46.6638
46.3858
46.1044
45.8196
45.5314
45.24
44.9453
44.6473
44.3461
44.0417
43.7341
43.4234
43.1095
42.7924
42.4722
42.1488
41.8223
41.4927
41.1599
40.824
40.4848
40.1425
39.7969
39.448
39.0959
38.7404
38.3815
38.0191
37.6533
37.2839
36.9108
36.534
36.1533
35.7688
35.3802
34.9876
34.5906
34.1893
33.7835
33.373
32.9577
32.5374
32.1119
31.681
31.2446
30.8025
30.3542
29.8996
29.4382
28.9703
28.4951
28.0126
27.522
27.023
26.5155
25.9989
25.4726
24.936
24.3888
23.8304
23.2596
22.6764
22.0794
21.4684
20.8419
20.1997
19.5403
18.8636
18.1683
17.455
16.7238
15.9778
15.222
14.4689
13.7431
13.0945
12.6185
12.4335
12.5861
13.0043
13.5724
14.2044
14.8528
15.4936
16.1145
16.7098
17.2771
17.8154
18.3244
18.8041
19.2554
19.6782
20.0727
20.4398
20.7795
50.8256
51.5081
52.0716
52.5366
52.9193
53.233
53.4879
53.6927
53.8544
53.9787
54.0706
54.1341
54.1725
54.1888
54.1854
54.1643
54.1275
54.0764
54.0123
53.9364
53.8497
53.7531
53.6472
53.5327
53.4103
53.2804
53.1434
52.9998
52.8497
52.6937
52.5318
52.3643
52.1915
52.0135
51.8304
51.6424
51.4497
51.2523
51.0503
50.8438
50.633
50.4178
50.1985
49.9749
49.7473
49.5156
49.2799
49.0403
48.7968
48.5495
48.2984
48.0436
47.7851
47.523
47.2572
46.988
46.7152
46.4389
46.1591
45.876
45.5895
45.2997
45.0065
44.7101
44.4104
44.1074
43.8013
43.4919
43.1794
42.8637
42.5448
42.2227
41.8975
41.5691
41.2375
40.9027
40.5647
40.2235
39.8789
39.5312
39.18
38.8255
38.4676
38.1061
37.7412
37.3726
37.0003
36.6242
36.2443
35.8604
35.4724
35.0803
34.684
34.2831
33.8776
33.4674
33.0523
32.6321
32.2067
31.7758
31.3392
30.8968
30.4481
29.9928
29.5312
29.0624
28.5863
28.1027
27.6109
27.1106
26.6015
26.0832
25.555
25.0163
24.4668
23.9057
23.3322
22.7459
22.1459
21.531
20.901
20.2543
19.5909
18.9093
18.2098
17.4917
16.7568
16.0073
15.2507
14.5001
13.7843
13.1611
12.7338
12.6162
12.8325
13.2941
13.8883
14.5372
15.1985
15.8513
16.4848
17.0939
17.6769
18.2327
18.7609
19.2622
19.7368
20.1851
20.6074
21.0047
21.3765
50.8989
51.5571
52.101
52.55
52.9198
53.2229
53.4692
53.6671
53.8233
53.9433
54.0318
54.0927
54.1293
54.1444
54.1404
54.1192
54.0825
54.032
53.9688
53.894
53.8087
53.7136
53.6095
53.497
53.3766
53.2488
53.1141
52.9727
52.8251
52.6715
52.5121
52.3471
52.1768
52.0013
51.8208
51.6354
51.4452
51.2503
51.0508
50.8468
50.6385
50.4257
50.2087
49.9875
49.7622
49.5328
49.2993
49.0619
48.8205
48.5753
48.3262
48.0734
47.8168
47.5565
47.2926
47.0251
46.7541
46.4795
46.2014
45.9199
45.635
45.3466
45.055
44.76
44.4617
44.1601
43.8553
43.5473
43.236
42.9215
42.6038
42.283
41.9589
41.6316
41.3011
40.9674
40.6304
40.2902
39.9466
39.5997
39.2495
38.8959
38.5387
38.1781
37.8139
37.446
37.0744
36.6989
36.3196
35.9362
35.5487
35.1569
34.7608
34.3601
33.9548
33.5447
33.1296
32.7094
32.2838
31.8526
31.4157
30.9727
30.5235
30.0678
29.6053
29.1356
28.6584
28.1736
27.6804
27.1785
26.6677
26.1475
25.6173
25.0764
24.5242
23.9604
23.3841
22.7944
22.1909
21.5727
20.9385
20.288
19.6199
18.9342
18.2299
17.5079
16.7688
16.017
15.2596
14.5132
13.8096
13.215
12.8409
12.7913
13.0668
13.5669
14.183
14.8451
15.5159
16.1771
16.8192
17.4385
18.0324
18.6006
19.1428
19.6595
20.1511
20.618
21.0605
21.4794
21.8748
50.9558
51.5905
52.1152
52.5487
52.9059
53.1986
53.4366
53.6278
53.7786
53.8943
53.9795
54.038
54.0729
54.0868
54.0822
54.0608
54.0245
53.9745
53.9123
53.8387
53.7548
53.6614
53.559
53.4485
53.3302
53.2046
53.0722
52.9332
52.7881
52.6369
52.4801
52.3177
52.1501
51.9772
51.7993
51.6165
51.4289
51.2366
51.0396
50.8382
50.6323
50.422
50.2075
49.9886
49.7656
49.5385
49.3073
49.072
48.8328
48.5896
48.3426
48.0917
47.8371
47.5787
47.3166
47.0508
46.7815
46.5086
46.2321
45.9522
45.6688
45.382
45.0917
44.7981
44.5012
44.201
43.8975
43.5907
43.2806
42.9673
42.6508
42.331
42.008
41.6817
41.3522
41.0195
40.6835
40.3441
40.0015
39.6555
39.306
38.9532
38.5968
38.2368
37.8732
37.506
37.1349
36.76
36.3811
35.9981
35.6109
35.2194
34.8236
34.4231
34.0179
33.6077
33.1925
32.7721
32.3462
31.9147
31.4773
31.0337
30.5838
30.1273
29.6638
29.193
28.7147
28.2284
27.7337
27.2303
26.7175
26.1952
25.6627
25.1194
24.5649
23.998
23.4187
22.826
22.2187
21.5968
20.959
20.3041
19.6321
18.9418
18.2335
17.5069
16.7648
16.0103
15.2535
14.5119
13.8233
13.2616
12.9442
12.9623
13.2928
13.8266
14.4607
15.1332
15.8112
16.4784
17.1265
17.7524
18.3541
18.9311
19.4832
20.0111
20.515
20.9955
21.4529
21.8879
22.3007
50.996
51.6079
52.1141
52.5325
52.8774
53.1601
53.39
53.5746
53.7201
53.8317
53.9137
53.9698
54.003
54.0159
54.0107
53.9893
53.9533
53.904
53.8427
53.7704
53.688
53.5963
53.4959
53.3873
53.2712
53.148
53.0179
52.8815
52.7388
52.5903
52.4361
52.2764
52.1114
51.9413
51.7661
51.586
51.4011
51.2114
51.0171
50.8183
50.615
50.4073
50.1952
49.9788
49.7581
49.5333
49.3044
49.0713
48.8343
48.5932
48.3482
48.0994
47.8466
47.5901
47.3299
47.0659
46.7982
46.527
46.2521
45.9738
45.6919
45.4065
45.1177
44.8255
44.5299
44.2309
43.9286
43.6231
43.3142
43.002
42.6866
42.3679
42.0459
41.7206
41.3921
41.0603
40.7252
40.3867
40.0449
39.6996
39.351
38.9988
38.6431
38.2838
37.9208
37.5541
37.1835
36.809
36.4305
36.0479
35.6611
35.2698
34.874
34.4735
34.0683
33.658
33.2429
32.8222
32.396
31.964
31.526
31.0818
30.6311
30.1736
29.7091
29.2371
28.7575
28.2697
27.7734
27.2683
26.7535
26.2291
25.6943
25.1486
24.5913
24.0219
23.4392
22.8432
22.2328
21.6068
20.9651
20.3065
19.63
18.9357
18.2229
17.4929
16.7475
15.9913
15.2355
14.5002
13.8288
13.3044
13.0473
13.1318
13.5125
14.0756
14.7249
15.4056
16.0887
16.7599
17.4121
18.0424
18.6494
19.2325
19.7917
20.3275
20.8404
21.3309
21.799
22.2458
22.6717
51.0195
51.6093
52.0975
52.5013
52.8342
53.1071
53.329
53.5072
53.6476
53.7551
53.8341
53.8879
53.9195
53.9314
53.9258
53.9044
53.8688
53.8203
53.7601
53.6891
53.6083
53.5184
53.4199
53.3135
53.1997
53.0789
52.9513
52.8174
52.6775
52.5317
52.3802
52.2234
52.0612
51.8938
51.7214
51.5441
51.362
51.1751
50.9836
50.7875
50.5868
50.3817
50.1721
49.9583
49.7401
49.5177
49.2911
49.0603
48.8254
48.5865
48.3436
48.0968
47.846
47.5914
47.333
47.0708
46.8049
46.5353
46.2621
45.9853
45.7049
45.421
45.1336
44.8427
44.5484
44.2508
43.9497
43.6453
43.3376
43.0265
42.7122
42.3945
42.0736
41.7493
41.4217
41.0908
40.7565
40.4189
40.0779
39.7334
39.3855
39.034
38.679
38.3203
37.9579
37.5916
37.2215
36.8475
36.4693
36.087
35.7004
35.3093
34.9138
34.5134
34.1081
33.6977
33.2822
32.8611
32.4347
32.0022
31.5637
31.1187
30.6672
30.2088
29.7431
29.27
28.789
28.2997
27.8018
27.2948
26.7783
26.2514
25.7143
25.1661
24.6062
24.0338
23.4484
22.8488
22.2349
21.6056
20.9597
20.2971
19.6168
18.918
18.2015
17.4678
16.7191
15.9619
15.2074
14.4805
13.829
13.3466
13.1525
13.3013
13.7276
14.3159
14.9779
15.6649
16.3516
17.0251
17.6801
18.3133
18.9237
19.5108
20.0746
20.6161
21.1355
21.6332
22.1095
22.5651
23.0002
51.0261
51.5944
52.0652
52.4547
52.7759
53.0393
53.2535
53.4254
53.5608
53.6645
53.7405
53.7921
53.8222
53.8332
53.8272
53.8059
53.7708
53.7231
53.6641
53.5946
53.5155
53.4274
53.3311
53.227
53.1155
52.9972
52.8723
52.7412
52.604
52.461
52.3125
52.1585
51.9993
51.8349
51.6654
51.4911
51.3119
51.1279
50.9392
50.7459
50.548
50.3456
50.1387
49.9274
49.7118
49.4919
49.2677
49.0393
48.8067
48.57
48.3293
48.0845
47.8357
47.5831
47.3265
47.0662
46.802
46.5341
46.2625
45.9873
45.7084
45.426
45.14
44.8505
44.5576
44.2612
43.9614
43.6582
43.3516
43.0416
42.7284
42.4117
42.0918
41.7685
41.4418
41.1118
40.7785
40.4417
40.1014
39.7577
39.4105
39.0598
38.7054
38.3473
37.9854
37.6198
37.2501
36.8765
36.4987
36.1167
35.7304
35.3395
34.9439
34.5435
34.1384
33.728
33.3122
32.8909
32.4638
32.0308
31.5919
31.1462
30.6938
30.2344
29.7677
29.2933
28.8109
28.3201
27.8205
27.3117
26.7932
26.2645
25.725
25.174
24.6113
24.0361
23.4476
22.845
22.2273
21.5943
20.945
20.2784
19.5937
18.8912
18.1707
17.4331
16.6822
15.9238
15.1723
14.4549
13.827
13.3907
13.2616
13.4723
13.9393
14.5493
15.2217
15.9136
16.6026
17.2776
17.9338
18.5686
19.181
19.7704
20.3377
20.8831
21.4069
21.9097
22.3918
22.8537
23.2957
51.0153
51.5629
52.0167
52.3923
52.7022
52.9564
53.163
53.3288
53.4594
53.5593
53.6324
53.682
53.7107
53.7209
53.7146
53.6935
53.659
53.6123
53.5545
53.4866
53.4093
53.3233
53.2292
53.1274
53.0185
52.9029
52.7808
52.6525
52.5183
52.3783
52.2328
52.0819
51.9258
51.7645
51.5981
51.4269
51.2507
51.0697
50.8841
50.6937
50.4987
50.2991
50.0951
49.8865
49.6735
49.4562
49.2345
49.0085
48.7783
48.5439
48.3054
48.0628
47.8161
47.5654
47.3108
47.0523
46.7899
46.5238
46.2539
45.9802
45.7029
45.422
45.1374
44.8494
44.5577
44.2627
43.9641
43.6621
43.3567
43.0479
42.7357
42.4202
42.1012
41.7789
41.4532
41.1241
40.7916
40.4557
40.1163
39.7734
39.4269
39.0769
38.7232
38.3657
38.0045
37.6393
37.2702
36.897
36.5196
36.138
35.7519
35.3612
34.9659
34.5656
34.1603
33.7497
33.3339
32.9123
32.4849
32.0514
31.6116
31.1653
30.7123
30.2519
29.7841
29.3085
28.8247
28.3324
27.8311
27.3205
26.8
26.2691
25.7273
25.174
24.6087
24.0302
23.4386
22.8328
22.212
21.5754
20.9219
20.2514
19.563
18.8566
18.1319
17.3913
16.638
15.8792
15.1314
14.4251
13.8246
13.4388
13.376
13.6447
14.1483
14.7769
15.4578
16.1532
16.8436
17.5191
18.1757
18.811
19.424
20.0151
20.5844
21.1322
21.659
22.165
22.6512
23.1176
23.5646
50.9871
51.5145
51.9518
52.3139
52.6127
52.8579
53.0572
53.2171
53.343
53.4393
53.5096
53.5572
53.5846
53.5942
53.5877
53.5669
53.533
53.4874
53.4311
53.3648
53.2894
53.2056
53.1138
53.0147
52.9085
52.7957
52.6765
52.5512
52.4201
52.2833
52.141
51.9934
51.8405
51.6825
51.5194
51.3514
51.1785
51.0007
50.8182
50.6309
50.439
50.2424
50.0412
49.8355
49.6253
49.4107
49.1916
48.9682
48.7404
48.5085
48.2722
48.0318
47.7873
47.5387
47.2861
47.0295
46.769
46.5047
46.2365
45.9645
45.6888
45.4094
45.1263
44.8397
44.5494
44.2557
43.9584
43.6576
43.3534
43.0458
42.7347
42.4202
42.1024
41.7811
41.4564
41.1283
40.7967
40.4616
40.1231
39.781
39.4353
39.086
38.733
38.3763
38.0156
37.6511
37.2825
36.9099
36.5329
36.1516
35.7658
35.3755
34.9803
34.5801
34.175
33.7644
33.3482
32.9266
32.4989
32.065
31.6246
31.1776
30.7235
30.2625
29.7936
29.3168
28.8317
28.3378
27.8349
27.3224
26.7999
26.2669
25.7228
25.167
24.599
24.018
23.4233
22.8139
22.1896
21.5494
20.8925
20.2181
19.5254
18.815
18.087
17.3432
16.5874
15.8293
15.0862
14.3935
13.8241
13.4929
13.4965
13.8195
14.3552
14.9996
15.6873
16.3853
17.0762
17.7514
18.4076
19.0424
19.6557
20.2474
20.8176
21.3665
21.8951
22.4036
22.8925
23.362
23.8124
50.9408
51.4487
51.87
52.219
52.5071
52.7434
52.9356
53.0898
53.2111
53.3039
53.3716
53.4173
53.4436
53.4525
53.446
53.4255
53.3925
53.3481
53.2933
53.2289
53.1556
53.074
52.9848
52.8883
52.785
52.6752
52.5591
52.4371
52.3093
52.1759
52.037
51.8928
51.7434
51.5888
51.4292
51.2646
51.0951
50.9207
50.7415
50.5575
50.3688
50.1754
49.9773
49.7746
49.5673
49.3555
49.1391
48.9184
48.6932
48.4637
48.2299
47.9919
47.7496
47.5031
47.2526
46.998
46.7395
46.4769
46.2105
45.9403
45.6662
45.3884
45.1069
44.8217
44.5329
44.2405
43.9445
43.6451
43.3421
43.0357
42.7258
42.4124
42.0956
41.7754
41.4517
41.1246
40.794
40.4599
40.1223
39.7811
39.4363
39.0878
38.7355
38.3795
38.0196
37.6557
37.2878
36.9157
36.5393
36.1585
35.7731
35.383
34.9882
34.5882
34.183
33.7726
33.3564
32.9344
32.5066
32.0723
31.6314
31.1838
30.729
30.2671
29.7972
29.3192
28.8328
28.3375
27.8329
27.3187
26.7942
26.259
25.7126
25.1543
24.5836
23.9997
23.402
22.7897
22.162
21.5182
20.8571
20.1789
19.4826
18.7683
18.0367
17.2896
16.5324
15.7751
15.0375
14.3614
13.8272
13.5543
13.6235
13.9965
14.5605
15.2182
15.9114
16.6109
17.3012
17.976
18.6312
19.2651
19.8778
20.4692
21.0392
21.5889
22.1184
22.6282
23.1186
23.5897
24.0423
50.8762
51.3651
51.7708
52.107
52.3846
52.6124
52.7977
52.9463
53.0632
53.1526
53.2178
53.2618
53.287
53.2954
53.289
53.269
53.237
53.1939
53.1407
53.0783
53.0072
52.9282
52.8416
52.748
52.6478
52.5411
52.4284
52.3098
52.1855
52.0556
51.9204
51.7798
51.6341
51.4832
51.3273
51.1663
51.0004
50.8296
50.6539
50.4734
50.2881
50.0979
49.9031
49.7035
49.4993
49.2905
49.0771
48.8591
48.6367
48.4098
48.1785
47.9429
47.7029
47.4588
47.2104
46.9579
46.7013
46.4407
46.1762
45.9077
45.6354
45.3592
45.0793
44.7956
44.5083
44.2173
43.9228
43.6246
43.323
43.0178
42.7091
42.397
42.0813
41.7622
41.4396
41.1136
40.784
40.4509
40.1143
39.774
39.4301
39.0825
38.7312
38.376
38.0168
37.6537
37.2865
36.915
36.5392
36.159
35.774
35.3845
34.9899
34.5903
34.1853
33.7749
33.3589
32.9368
32.5086
32.0742
31.633
31.1848
30.7293
30.2664
29.7958
29.3167
28.829
28.3323
27.8261
27.3101
26.7837
26.2464
25.6977
25.137
24.5636
23.9769
23.3761
22.7605
22.1294
21.482
20.8176
20.1355
19.4353
18.7168
17.9817
17.232
16.4735
15.7174
14.9874
14.3301
13.8355
13.6242
13.7574
14.176
14.7646
15.4334
16.1307
16.831
17.5206
18.1939
18.8473
19.4802
20.0918
20.682
21.2518
21.8012
22.3309
22.8408
23.3319
23.8043
24.2581
50.7927
51.2631
51.6538
51.9775
52.2449
52.4644
52.6429
52.7861
52.8988
52.9849
53.0477
53.0901
53.1143
53.1224
53.1161
53.0968
53.0659
53.0242
52.9729
52.9125
52.8439
52.7675
52.6838
52.5933
52.4963
52.393
52.2838
52.1688
52.0482
51.9222
51.7908
51.6541
51.5123
51.3653
51.2133
51.0562
50.8942
50.7271
50.5552
50.3783
50.1966
50.01
49.8186
49.6224
49.4214
49.2157
49.0054
48.7904
48.5708
48.3466
48.118
47.8849
47.6474
47.4056
47.1595
46.9092
46.6547
46.3962
46.1335
45.8669
45.5964
45.3219
45.0436
44.7616
44.4758
44.1864
43.8932
43.5965
43.2962
42.9923
42.685
42.374
42.0596
41.7417
41.4203
41.0954
40.7669
40.4349
40.0993
39.7601
39.4172
39.0706
38.7202
38.3659
38.0077
37.6454
37.279
36.9083
36.5333
36.1536
35.7694
35.3802
34.9863
34.587
34.1825
33.7722
33.3562
32.9344
32.5061
32.0713
31.63
31.1813
30.7253
30.2616
29.7901
29.31
28.8211
28.323
27.8153
27.2976
26.7696
26.2303
25.6793
25.1161
24.5401
23.9505
23.3467
22.7279
22.0934
21.4424
20.7739
20.0879
19.3839
18.6619
17.9234
17.1711
16.4112
15.6577
14.9366
14.3014
13.8509
13.7033
13.8981
14.3579
14.9677
15.6458
16.346
17.0464
17.7348
18.4063
19.0578
19.6888
20.2985
20.8877
21.4564
22.0048
22.5339
23.0439
23.535
24.0073
24.4615
50.6899
51.1423
51.5182
51.8299
52.0874
52.2987
52.4707
52.6086
52.7172
52.8002
52.8607
52.9016
52.9249
52.9328
52.9268
52.9083
52.8785
52.8385
52.7891
52.731
52.6649
52.5914
52.5108
52.4235
52.33
52.2304
52.1249
52.0138
51.8972
51.7752
51.6479
51.5154
51.3777
51.2349
51.087
50.934
50.776
50.613
50.445
50.2721
50.0941
49.9113
49.7235
49.5308
49.3333
49.1309
48.9238
48.7119
48.4953
48.2741
48.0482
47.8178
47.5829
47.3436
47.0999
46.8519
46.5996
46.3431
46.0825
45.8178
45.5492
45.2765
45
44.7196
44.4355
44.1476
43.856
43.5607
43.2618
42.9594
42.6534
42.3438
42.0307
41.714
41.3939
41.0702
40.7429
40.4121
40.0777
39.7396
39.3978
39.0523
38.703
38.3497
37.9925
37.6312
37.2657
36.896
36.5217
36.143
35.7594
35.3711
34.9775
34.5789
34.1747
33.765
33.3493
32.9274
32.4994
32.0645
31.623
31.174
30.7175
30.2532
29.7809
29.2999
28.8099
28.3105
27.8014
27.2822
26.7521
26.2107
25.6575
25.0919
24.5132
23.9208
23.314
22.692
22.054
21.3994
20.7275
20.0377
19.3298
18.6041
17.8622
17.1071
16.3471
15.5967
14.8862
14.2762
13.8747
13.7923
14.0454
14.542
15.1701
15.8556
16.558
17.2579
17.9445
18.6136
19.2632
19.892
20.4997
21.0872
21.6541
22.2015
22.7296
23.2385
23.7291
24.2013
24.6552
50.567
51.0021
51.3636
51.6635
51.9113
52.1148
52.2803
52.4132
52.5178
52.5977
52.6562
52.6956
52.7182
52.726
52.7204
52.7028
52.6744
52.6361
52.5888
52.5332
52.4698
52.3993
52.322
52.2382
52.1483
52.0526
51.9511
51.8441
51.7318
51.6141
51.4911
51.363
51.2297
51.0913
50.9479
50.7993
50.6456
50.4869
50.3232
50.1543
49.9804
49.8015
49.6176
49.4287
49.2348
49.0359
48.8322
48.6236
48.4102
48.1919
47.969
47.7415
47.5093
47.2726
47.0313
46.7857
46.5357
46.2815
46.023
45.7604
45.4937
45.2229
44.9482
44.6696
44.3872
44.1009
43.8109
43.5172
43.2199
42.9189
42.6143
42.3061
41.9944
41.6791
41.3603
41.038
40.712
40.3825
40.0493
39.7125
39.372
39.0277
38.6796
38.3275
37.9714
37.6113
37.2469
36.8782
36.505
36.127
35.7445
35.3569
34.9643
34.5663
34.1629
33.7535
33.3384
32.9169
32.4891
32.0543
31.6124
31.1635
30.7067
30.2418
29.7689
29.287
28.796
28.2954
27.7851
27.2642
26.7322
26.1889
25.6335
25.0654
24.4841
23.8892
23.2793
22.6541
22.0127
21.3545
20.6788
19.9851
19.2729
18.5436
17.7984
17.0415
16.2814
15.5352
14.8373
14.2567
13.908
13.8914
14.1995
14.7284
15.372
16.0636
16.7672
17.4656
18.1506
18.8172
19.4642
20.0903
20.696
21.2811
21.8464
22.3922
22.9186
23.4265
23.916
24.387
24.8402
50.4235
50.8416
51.1893
51.4777
51.7161
51.9119
52.0712
52.1991
52.2999
52.3769
52.4333
52.4714
52.4935
52.5012
52.4961
52.4796
52.4526
52.4163
52.3712
52.3183
52.2578
52.1905
52.1167
52.0367
51.9507
51.8591
51.7619
51.6593
51.5514
51.4383
51.32
51.1965
51.068
50.9343
50.7955
50.6516
50.5026
50.3484
50.1891
50.0247
49.8551
49.6804
49.5005
49.3155
49.1255
48.9304
48.7302
48.5251
48.315
48.1
47.8802
47.6556
47.4262
47.1923
46.9537
46.7106
46.463
46.2111
45.9548
45.6943
45.4297
45.1609
44.8881
44.6114
44.3307
44.0462
43.7579
43.4659
43.1701
42.8707
42.5677
42.261
41.9508
41.637
41.3197
40.9987
40.6742
40.3461
40.0144
39.6789
39.3398
38.9969
38.6501
38.2994
37.9446
37.5857
37.2226
36.8551
36.483
36.1064
35.725
35.3384
34.9468
34.5497
34.1471
33.7384
33.324
32.9029
32.4753
32.041
31.5993
31.1503
30.6933
30.2281
29.7546
29.272
28.78
28.2786
27.7668
27.2443
26.7106
26.1653
25.608
25.0376
24.4537
23.8556
23.2427
22.6142
21.9693
21.3075
20.628
19.9304
19.2148
18.4817
17.7335
16.9746
16.215
15.474
14.7907
14.2439
13.9519
14.0006
14.3594
14.917
15.5736
16.2695
16.974
17.671
18.3536
19.0174
19.6617
20.285
20.8882
21.4709
22.0341
22.5776
23.1025
23.6085
24.0965
24.5664
25.0181
50.2587
50.6604
50.9944
51.2717
51.5009
51.6892
51.8425
51.9656
52.0627
52.137
52.1914
52.2284
52.2499
52.2577
52.2533
52.2379
52.2126
52.1783
52.1357
52.0855
52.0283
51.9644
51.8943
51.8182
51.7364
51.6491
51.5565
51.4586
51.3555
51.2473
51.1339
51.0155
50.8919
50.7633
50.6295
50.4905
50.3464
50.1971
50.0425
49.8827
49.7177
49.5474
49.3719
49.1911
49.0051
48.8139
48.6175
48.416
48.2095
47.9979
47.7813
47.5598
47.3335
47.1024
46.8666
46.6261
46.3811
46.1316
45.8777
45.6194
45.357
45.0903
44.8195
44.5447
44.2659
43.9833
43.6967
43.4065
43.1124
42.8147
42.5133
42.2083
41.8997
41.5875
41.2717
40.9524
40.6294
40.3029
39.9727
39.6388
39.3012
38.9598
38.6145
38.2653
37.9121
37.5547
37.193
36.8269
36.4563
36.0809
35.7008
35.3157
34.925
34.5292
34.1274
33.72
33.3061
32.886
32.459
32.0252
31.5838
31.135
30.6779
30.2125
29.7386
29.2554
28.7627
28.2603
27.7472
27.2232
26.6879
26.141
25.5813
25.0085
24.422
23.8211
23.2051
22.5736
21.9253
21.2598
20.5764
19.875
19.1554
18.4188
17.6675
16.907
16.148
15.4136
14.7483
14.2394
14.0073
14.12
14.5251
15.1077
15.7753
16.4746
17.179
17.8741
18.5537
19.2149
19.8558
20.4765
21.0766
21.657
22.2174
22.759
23.2815
23.7859
24.2721
24.74
25.1902
50.0719
50.4576
50.7784
51.0447
51.265
51.4461
51.5935
51.712
51.8054
51.8771
51.9297
51.9656
51.9867
51.9948
51.9911
51.9771
51.9535
51.9214
51.8815
51.8343
51.7803
51.7201
51.654
51.5821
51.5048
51.4221
51.3343
51.2414
51.1434
51.0404
50.9323
50.8192
50.701
50.5777
50.4492
50.3155
50.1766
50.0324
49.8829
49.728
49.5678
49.4022
49.2312
49.0549
48.8732
48.6861
48.4938
48.2961
48.0933
47.8852
47.6721
47.4539
47.2307
47.0026
46.7696
46.5319
46.2896
46.0427
45.7912
45.5353
45.2751
45.0106
44.742
44.4692
44.1924
43.9117
43.6271
43.3386
43.0464
42.7505
42.4509
42.1476
41.8407
41.5302
41.2162
40.8986
40.5773
40.2525
39.924
39.5918
39.256
38.9163
38.5727
38.2252
37.8737
37.518
37.158
36.7936
36.4245
36.0509
35.6724
35.2885
34.8996
34.5049
34.1046
33.6984
33.2856
32.8665
32.4403
32.0072
31.5663
31.1179
30.661
30.1956
29.7216
29.2379
28.7445
28.2412
27.727
27.2017
26.6651
26.116
25.5542
24.9791
24.3903
23.7865
23.1675
22.5324
21.8805
21.2113
20.524
19.8186
19.0952
18.355
17.6008
16.8389
16.0821
15.3556
14.7109
14.2443
14.0748
14.2493
14.6964
15.3005
15.9771
16.679
17.3826
18.0755
18.7521
19.4102
20.0478
20.6651
21.2626
21.8398
22.3979
22.9367
23.4571
23.959
24.4431
24.9092
25.3571
49.8622
50.2322
50.5402
50.796
51.0076
51.1815
51.3232
51.4372
51.5272
51.5963
51.6473
51.6822
51.7031
51.7114
51.7087
51.6961
51.6745
51.6448
51.6076
51.5636
51.5133
51.4569
51.395
51.3276
51.255
51.1773
51.0946
51.007
50.9144
50.817
50.7145
50.6071
50.4946
50.3769
50.2541
50.1261
49.9927
49.8539
49.7098
49.5601
49.405
49.2444
49.0782
48.9065
48.7293
48.5466
48.3584
48.1648
47.9659
47.7615
47.552
47.3372
47.1173
46.8923
46.6624
46.4276
46.1881
45.9438
45.6949
45.4415
45.1836
44.9215
44.655
44.3844
44.1098
43.8311
43.5484
43.262
42.9717
42.6776
42.3799
42.0785
41.7735
41.4649
41.1527
40.837
40.5176
40.1947
39.8681
39.5378
39.2039
38.8661
38.5245
38.1789
37.8293
37.4756
37.1175
36.755
36.388
36.016
35.6393
35.2575
34.87
34.4772
34.0786
33.6736
33.2625
32.8444
32.4196
31.9872
31.5474
31.0993
30.6432
30.178
29.7039
29.22
28.7264
28.2221
27.7069
27.1806
26.6422
26.0913
25.5277
24.9503
24.3586
23.752
23.1298
22.4917
21.8363
21.1633
20.4721
19.7627
19.0354
18.2916
17.5347
16.7718
16.0175
15.3007
14.6799
14.26
14.1548
14.3882
14.8726
15.4955
16.1794
16.8828
17.5849
18.2755
18.949
19.6034
20.238
20.852
21.446
22.0205
22.5755
23.1119
23.6294
24.1291
24.6105
25.0743
25.5202
49.6287
49.9836
50.2791
50.5245
50.7277
50.8947
51.0309
51.1405
51.2272
51.2939
51.3432
51.3773
51.398
51.4069
51.4052
51.3942
51.3746
51.3475
51.3133
51.2727
51.2261
51.174
51.1165
51.0538
50.9863
50.9139
50.8367
50.7547
50.668
50.5764
50.48
50.3786
50.2721
50.1605
50.0437
49.9216
49.7941
49.6611
49.5226
49.3785
49.2288
49.0734
48.9123
48.7455
48.573
48.3949
48.2111
48.0217
47.8268
47.6264
47.4205
47.2093
46.9928
46.7712
46.5444
46.3126
46.076
45.8345
45.5882
45.3374
45.082
44.8222
44.5581
44.2898
44.0173
43.7408
43.4603
43.1759
42.8876
42.5956
42.2999
42.0006
41.6976
41.391
41.0808
40.7671
40.4498
40.129
39.8045
39.4763
39.1445
38.8089
38.4695
38.1261
37.7787
37.4272
37.0713
36.7112
36.3462
35.9766
35.602
35.2221
34.837
34.4462
34.0492
33.6463
33.2369
32.8205
32.3971
31.966
31.5274
31.0802
30.6248
30.1601
29.6862
29.2023
28.7084
28.2035
27.6877
27.16
26.6202
26.0679
25.502
24.9222
24.3279
23.7188
23.0935
22.4516
21.7926
21.1157
20.4209
19.7075
18.9762
18.2289
17.4694
16.706
15.9551
15.2497
14.6566
14.2877
14.2475
14.5364
15.0541
15.6928
16.3824
17.0866
17.787
18.4744
19.1449
19.7957
20.4265
21.0374
21.628
22.1991
22.7514
23.2845
23.7996
24.2963
24.7754
25.2363
25.6796
49.3705
49.7107
49.994
50.2294
50.4243
50.5847
50.7155
50.8209
50.9044
50.9688
51.0166
51.05
51.0707
51.0801
51.0796
51.0703
51.053
51.0286
50.9976
50.9606
50.9181
50.8704
50.8176
50.7601
50.6979
50.6312
50.5598
50.4839
50.4033
50.3181
50.228
50.1331
50.0331
49.9279
49.8175
49.7017
49.5804
49.4536
49.321
49.1827
49.0387
48.8888
48.733
48.5714
48.4038
48.2305
48.0513
47.8663
47.6756
47.4792
47.2772
47.0697
46.8568
46.6385
46.415
46.1864
45.9527
45.714
45.4706
45.2224
44.9696
44.7123
44.4506
44.1847
43.9145
43.6402
43.3619
43.0797
42.7936
42.5038
42.2102
41.913
41.6122
41.3078
40.9999
40.6884
40.3734
40.0548
39.7326
39.4068
39.0774
38.7442
38.4072
38.0664
37.7215
37.3725
37.0192
36.6615
36.2992
35.9322
35.5599
35.1827
34.8001
34.4115
34.0171
33.6164
33.2089
32.7947
32.3732
31.9438
31.5067
31.0608
30.6064
30.1424
29.6691
29.1854
28.6914
28.1862
27.6697
27.141
26.6001
26.0459
25.478
24.8963
24.2994
23.687
23.0585
22.4135
21.7507
21.0699
20.3707
19.6532
18.9183
18.1675
17.4056
16.642
15.8955
15.2038
14.6423
14.3283
14.3532
14.6935
15.2404
15.8924
16.5865
17.2907
17.9889
18.6733
19.3399
19.9874
20.6145
21.2215
21.809
22.3768
22.9255
23.4559
23.9677
24.4618
24.9378
25.3962
25.8364
49.0864
49.4123
49.6838
49.9095
50.0964
50.2502
50.3759
50.4772
50.5576
50.6199
50.6664
50.6992
50.7199
50.7301
50.7309
50.7235
50.7086
50.6871
50.6596
50.6265
50.5882
50.5452
50.4976
50.4455
50.389
50.3283
50.2632
50.1938
50.1198
50.0413
49.9581
49.87
49.7769
49.6786
49.575
49.4659
49.3512
49.2308
49.1046
48.9725
48.8344
48.6902
48.54
48.3837
48.2214
48.053
47.8785
47.6981
47.5117
47.3195
47.1215
46.9178
46.7086
46.4938
46.2736
46.0481
45.8175
45.5818
45.3412
45.0958
44.8456
44.5909
44.3317
44.0682
43.8004
43.5284
43.2525
42.9726
42.6888
42.4012
42.11
41.8151
41.5166
41.2146
40.909
40.6
40.2874
39.9713
39.6518
39.3286
39.0018
38.6714
38.3372
37.9991
37.657
37.3109
36.9605
36.6059
36.2464
35.8823
35.5132
35.139
34.759
34.3735
33.9819
33.584
33.1791
32.7674
32.3482
31.9209
31.4857
31.0415
30.5885
30.126
29.6532
29.1703
28.6763
28.1711
27.6539
27.1243
26.5822
26.0264
25.4569
24.8726
24.2731
23.6581
23.0263
22.3775
21.7109
21.0264
20.323
19.6012
18.862
18.1076
17.3439
16.5807
15.8398
15.1642
14.6385
14.3829
14.4717
14.8591
15.4316
16.0942
16.7915
17.4955
18.1913
18.8723
19.5352
20.1785
20.8021
21.4054
21.989
22.5537
23.099
23.6259
24.1349
24.6256
25.0988
25.554
25.9915
48.7754
49.0874
49.3474
49.5636
49.7427
49.8903
50.0109
50.1083
50.1858
50.2461
50.2914
50.3236
50.3446
50.3556
50.3579
50.3526
50.3403
50.322
50.2981
50.2691
50.2355
50.1975
50.1553
50.1091
50.0588
50.0045
49.9462
49.8837
49.8168
49.7456
49.6697
49.5889
49.5032
49.4122
49.3158
49.2139
49.1062
48.9926
48.8731
48.7474
48.6155
48.4774
48.333
48.1823
48.0253
47.862
47.6925
47.5167
47.3348
47.1469
46.953
46.7532
46.5476
46.3364
46.1196
45.8974
45.6698
45.4371
45.1994
44.9567
44.7093
44.4572
44.2005
43.9395
43.6741
43.4046
43.131
42.8535
42.5721
42.287
41.9982
41.7058
41.4098
41.1103
40.8073
40.5009
40.1911
39.8778
39.561
39.2408
38.917
38.5896
38.2585
37.9235
37.5847
37.2419
36.8948
36.5435
36.1876
35.8269
35.4613
35.0903
34.714
34.3318
33.9436
33.5487
33.1472
32.7385
32.322
31.8976
31.4648
31.0228
30.5717
30.1107
29.6392
29.1572
28.6636
28.1586
27.6411
27.1111
26.5676
26.0106
25.4389
24.8523
24.2505
23.6322
22.9971
22.345
21.6744
20.9854
20.2781
19.552
18.8087
18.0509
17.2848
16.5225
15.7888
15.1322
14.6466
14.4521
14.6029
15.0331
15.6277
16.2992
16.9987
17.7011
18.3944
19.0719
19.7309
20.3702
20.9896
21.5891
22.1693
22.73
23.272
23.7958
24.3011
24.7886
25.2586
25.7106
26.1449
48.4361
48.7346
48.9834
49.1905
49.3621
49.5035
49.6193
49.7129
49.7876
49.846
49.8902
49.9221
49.9435
49.9555
49.9595
49.9563
49.9469
49.932
49.912
49.8875
49.8589
49.8263
49.79
49.75
49.7063
49.659
49.6079
49.5529
49.4937
49.4303
49.3622
49.2894
49.2115
49.1284
49.0397
48.9454
48.8451
48.7388
48.6262
48.5074
48.382
48.2502
48.1118
47.9669
47.8154
47.6574
47.4929
47.3219
47.1445
46.9609
46.7711
46.5752
46.3734
46.1657
45.9523
45.7333
45.5089
45.2792
45.0443
44.8044
44.5597
44.3102
44.0561
43.7975
43.5347
43.2676
42.9965
42.7215
42.4426
42.1599
41.8737
41.5838
41.2905
40.9937
40.6936
40.39
40.0831
39.7729
39.4593
39.1423
38.8218
38.4978
38.1701
37.8388
37.5036
37.1645
36.8214
36.4737
36.1217
35.765
35.4034
35.0366
34.6644
34.2863
33.9018
33.5111
33.1134
32.7084
32.2953
31.8742
31.4445
31.0052
30.5565
30.0976
29.6278
29.147
28.6544
28.1497
27.6322
27.1017
26.5573
25.9989
25.4254
24.8369
24.2321
23.6111
22.9726
22.3163
21.642
20.9487
20.2366
19.5064
18.7589
17.9977
17.2298
16.469
15.7433
15.1091
14.6681
14.5367
14.7467
15.2152
15.8286
16.5073
17.208
17.9087
18.5985
19.2722
19.9275
20.5628
21.1781
21.7737
22.3497
22.907
23.4453
23.9653
24.4673
24.9517
25.418
25.8668
26.2974
48.0672
48.3525
48.5905
48.7886
48.9529
49.0885
49.1995
49.2896
49.3617
49.4182
49.4615
49.4932
49.5151
49.5283
49.5341
49.5334
49.5271
49.5158
49.5001
49.4804
49.4571
49.4304
49.4004
49.3672
49.3307
49.2909
49.2477
49.2007
49.1499
49.0948
49.0353
48.971
48.9017
48.8269
48.7466
48.6603
48.568
48.4693
48.3641
48.2524
48.1339
48.0086
47.8765
47.7375
47.5917
47.439
47.2796
47.1135
46.9407
46.7614
46.5757
46.3837
46.1856
45.9814
45.7713
45.5555
45.3341
45.1073
44.8752
44.638
44.3959
44.149
43.8974
43.6413
43.3809
43.1163
42.8477
42.5751
42.2988
42.0187
41.7351
41.4479
41.1574
40.8635
40.5663
40.2659
39.9622
39.6553
39.3451
39.0317
38.7149
38.3947
38.071
37.7437
37.4126
37.0778
36.7389
36.3958
36.0483
35.6963
35.3393
34.9772
34.6095
34.2362
33.8566
33.4706
33.0775
32.6769
32.2681
31.8511
31.4251
30.9893
30.5437
30.0875
29.6199
29.1409
28.6497
28.1457
27.6287
27.0977
26.5528
25.9928
25.4179
24.8268
24.2196
23.5951
22.9534
22.2932
21.6143
20.9169
20.2001
19.4649
18.7135
17.9489
17.1794
16.421
15.7052
15.0965
14.7043
14.6371
14.9029
15.4053
16.0347
16.719
17.42
18.1185
18.8049
19.4746
20.1253
20.7564
21.3676
21.9594
22.5315
23.0846
23.6192
24.1358
24.6341
25.1147
25.5777
26.0228
26.4498
47.6671
47.9397
48.1671
48.3565
48.5137
48.6435
48.75
48.8367
48.9062
48.9612
49.0036
49.0353
49.0577
49.0723
49.0802
49.0822
49.0792
49.0719
49.0608
49.0463
49.0288
49.0084
48.9853
48.9594
48.9308
48.8993
48.8646
48.8265
48.7847
48.7388
48.6886
48.6336
48.5734
48.5078
48.4363
48.3588
48.2748
48.1843
48.0869
47.9827
47.8713
47.7529
47.6272
47.4944
47.3543
47.2071
47.0528
46.8915
46.7233
46.5483
46.3667
46.1785
45.9839
45.7831
45.5762
45.3634
45.1449
44.9209
44.6915
44.4568
44.2172
43.9727
43.7235
43.4698
43.2118
42.9495
42.6833
42.4132
42.1393
41.8618
41.5809
41.2965
41.0089
40.718
40.424
40.1269
39.8267
39.5234
39.217
38.9074
38.5947
38.2787
37.9594
37.6366
37.3103
36.9802
36.6463
36.3083
35.9659
35.6191
35.2676
34.911
34.549
34.1813
33.8074
33.4269
33.0393
32.6438
32.2405
31.8284
31.407
30.9755
30.5338
30.081
29.6166
29.1397
28.6504
28.1475
27.6312
27.1005
26.5547
25.9939
25.417
24.824
24.2137
23.5863
22.9405
22.2765
21.5932
20.8907
20.1694
19.4295
18.6732
17.9056
17.1348
16.3794
15.6755
15.0961
14.7566
14.7536
15.0713
15.6036
16.2462
16.9347
17.6353
18.3311
19.0138
19.6792
20.3256
20.9523
21.5592
22.1465
22.7145
23.264
23.7947
24.3072
24.8018
25.2786
25.738
26.1792
26.6027
47.2343
47.4944
47.7115
47.8924
48.0427
48.1669
48.2691
48.3523
48.4195
48.4729
48.5146
48.5464
48.5697
48.5858
48.5959
48.6008
48.6015
48.5985
48.5924
48.5836
48.5723
48.5589
48.5433
48.5255
48.5055
48.483
48.4577
48.4294
48.3975
48.3618
48.3217
48.2768
48.2267
48.1709
48.1091
48.0409
47.966
47.8842
47.7951
47.6988
47.5949
47.4836
47.3646
47.238
47.1038
46.9621
46.813
46.6565
46.4928
46.322
46.1442
45.9596
45.7684
45.5708
45.3669
45.1569
44.9411
44.7195
44.4925
44.2602
44.0228
43.7804
43.5334
43.2819
43.026
42.766
42.502
42.2342
41.9627
41.6878
41.4095
41.1279
40.8432
40.5555
40.2647
39.9711
39.6746
39.3751
39.0728
38.7675
38.4593
38.148
37.8335
37.5158
37.1947
36.8701
36.5418
36.2095
35.8732
35.5325
35.1873
34.8371
34.4816
34.1205
33.7532
33.3794
32.9982
32.6095
32.2124
31.8064
31.3907
30.9646
30.5277
30.0792
29.6185
29.1447
28.6578
28.157
27.6414
27.1111
26.5653
26.0032
25.425
24.8294
24.2166
23.5855
22.9361
22.2675
21.5798
20.8722
20.1454
19.4008
18.64
17.8684
17.0971
16.3456
15.6558
15.1097
14.8264
14.8867
15.252
15.8101
16.4636
17.1549
17.8543
18.5467
19.2254
19.8864
20.5284
21.1509
21.7533
22.3363
22.9001
23.4451
23.9718
24.4803
24.9713
25.4443
25.8995
26.3368
26.7564
46.767
47.0149
47.2219
47.3945
47.5379
47.6567
47.7545
47.8345
47.8994
47.9514
47.9925
48.0245
48.0487
48.0666
48.0791
48.0873
48.0918
48.0935
48.0928
48.0901
48.0858
48.08
48.0727
48.0638
48.0533
48.0408
48.026
48.0084
47.9876
47.9631
47.9342
47.9005
47.8614
47.8165
47.7652
47.7072
47.6421
47.5695
47.4894
47.4014
47.3055
47.2015
47.0894
46.9693
46.8411
46.7049
46.5609
46.4091
46.2497
46.0829
45.9088
45.7276
45.5396
45.3448
45.1436
44.936
44.7225
44.5031
44.2781
44.0477
43.8121
43.5717
43.3264
43.0767
42.8227
42.5645
42.3025
42.0368
41.7675
41.4949
41.2191
40.9402
40.6584
40.3738
40.0864
39.7964
39.5036
39.2083
38.9103
38.6097
38.3064
38.0002
37.6911
37.3791
37.0638
36.7453
36.4234
36.0977
35.7682
35.4346
35.0965
34.7538
34.4059
34.0526
33.693
33.3271
32.954
32.5731
32.1837
31.7851
31.3765
30.9571
30.526
30.083
29.627
29.1575
28.6735
28.1751
27.6614
27.1316
26.5858
26.0232
25.4431
24.8456
24.2295
23.5951
22.9413
22.2684
21.5753
20.8628
20.1305
19.3804
18.6147
17.8397
17.0676
16.3211
15.6479
15.1391
14.9148
15.0366
15.445
16.0252
16.687
17.38
18.0776
18.7668
19.4412
20.0977
20.7349
21.3525
21.9503
22.5288
23.0882
23.629
24.1518
24.6563
25.1429
25.6118
26.063
26.4965
26.9116
46.2637
46.4995
46.6965
46.8608
46.9974
47.1108
47.2043
47.281
47.3436
47.3942
47.4348
47.4671
47.4924
47.5121
47.5273
47.5389
47.5477
47.5544
47.5596
47.5637
47.5669
47.5695
47.5713
47.5724
47.5724
47.5711
47.568
47.5625
47.5541
47.542
47.5257
47.5045
47.4777
47.4447
47.4051
47.3582
47.3037
47.2413
47.1707
47.0916
47.004
46.9078
46.8029
46.6894
46.5672
46.4367
46.2977
46.1505
45.9953
45.8323
45.6616
45.4834
45.2981
45.1058
44.9068
44.7013
44.4895
44.2718
44.0483
43.8193
43.5851
43.3459
43.102
42.8536
42.6009
42.3442
42.0837
41.8197
41.5522
41.2816
41.008
40.7316
40.4525
40.1708
39.8868
39.6003
39.3115
39.0204
38.727
38.4313
38.1332
37.8326
37.5295
37.2236
36.9149
36.6032
36.2883
35.9701
35.6483
35.3227
34.993
34.6588
34.3199
33.9756
33.6256
33.2691
32.9056
32.5341
32.1541
31.7645
31.3645
30.9532
30.5297
30.0934
29.6434
29.179
28.6994
28.204
27.6925
27.1643
26.6185
26.0554
25.4741
24.874
24.2552
23.6168
22.9589
22.2806
21.5824
20.8637
20.1259
19.3697
18.5992
17.8206
17.0481
16.3076
15.6537
15.1863
15.023
15.2036
15.6505
16.2492
16.9181
17.6116
18.3068
18.9921
19.6619
20.3136
20.9459
21.5586
22.1517
22.7255
23.2804
23.8168
24.3349
24.8351
25.3175
25.7821
26.2293
26.6583
27.0691
45.7227
45.9464
46.1333
46.2893
46.4191
46.5269
46.616
46.6894
46.7497
46.7988
46.8389
46.8714
46.8978
46.9195
46.9375
46.9527
46.9661
46.9783
46.9899
47.0013
47.0129
47.0246
47.0367
47.0488
47.0607
47.0719
47.082
47.0902
47.0957
47.0978
47.0957
47.0885
47.0755
47.0559
47.0292
46.9947
46.9519
46.9005
46.8402
46.7708
46.6921
46.6041
46.5067
46.4
46.2841
46.1591
46.0251
45.8824
45.7311
45.5716
45.4039
45.2284
45.0454
44.8551
44.6577
44.4536
44.2431
44.0264
43.8038
43.5755
43.342
43.1034
42.8601
42.6123
42.3603
42.1044
41.8448
41.5818
41.3156
41.0464
40.7746
40.5002
40.2234
39.9445
39.6635
39.3805
39.0955
38.8087
38.52
38.2294
37.9369
37.6422
37.3454
37.0463
36.7447
36.4405
36.1337
35.8238
35.5107
35.1942
34.874
34.5498
34.2212
33.8877
33.5486
33.2034
32.8513
32.4913
32.1226
31.744
31.3547
30.9535
30.5395
30.1115
29.669
29.211
28.7369
28.2459
27.7373
27.211
26.6664
26.1027
25.5201
24.918
24.2958
23.6536
22.991
22.3073
21.6032
20.8782
20.1338
19.3714
18.5954
17.8129
17.0399
16.3071
15.6755
15.2535
15.1523
15.3883
15.8692
16.4834
17.1572
17.8503
18.5423
19.2233
19.8879
20.5345
21.1618
21.7694
22.3576
22.9267
23.4769
24.0086
24.5222
25.0179
25.4959
25.9564
26.3988
26.8234
27.2295
45.1426
45.3541
45.5307
45.6781
45.8008
45.9028
45.9873
46.0572
46.1148
46.1624
46.2017
46.2343
46.2618
46.2854
46.3063
46.3253
46.3435
46.3616
46.3801
46.3994
46.4201
46.4421
46.4654
46.4899
46.5151
46.5406
46.5656
46.5893
46.6108
46.6291
46.6431
46.6519
46.6545
46.6501
46.6379
46.6172
46.5876
46.5484
46.4995
46.4406
46.3715
46.2922
46.2028
46.1032
45.9936
45.8743
45.7453
45.6069
45.4593
45.3029
45.1379
44.9646
44.7833
44.5944
44.3981
44.1947
43.9846
43.7681
43.5456
43.3173
43.0836
42.8448
42.6012
42.3531
42.1009
41.8449
41.5853
41.3225
41.0567
40.7883
40.5174
40.2444
39.9694
39.6926
39.4142
39.1344
38.853
38.5703
38.2863
38.0009
37.714
37.4256
37.1355
36.8436
36.5497
36.2538
35.9555
35.6547
35.3514
35.0453
34.7359
34.4231
34.1064
33.7853
33.4593
33.1275
32.789
32.4428
32.0879
31.7229
31.3467
30.958
30.5556
30.1384
29.7052
29.2554
28.7882
28.3028
27.7985
27.2748
26.7316
26.1683
25.5847
24.9801
24.3548
23.7084
23.0402
22.3509
21.6399
20.9084
20.1565
19.3875
18.6051
17.819
17.0461
16.322
15.7159
15.3431
15.3041
15.5914
16.1013
16.7285
17.4056
18.0972
18.7852
19.4614
20.1212
20.7625
21.3844
21.9868
22.5699
23.1339
23.6791
24.2061
24.7149
25.2059
25.6792
26.1348
26.5726
26.9924
27.3938
44.5225
44.7213
44.8872
45.0255
45.1407
45.2364
45.3159
45.3817
45.4364
45.4819
45.5201
45.5526
45.5808
45.6062
45.6298
45.6527
45.6758
45.7
45.7258
45.7538
45.7843
45.8175
45.8535
45.8918
45.9322
45.9738
46.0159
46.0575
46.0973
46.1341
46.1667
46.1939
46.2144
46.2273
46.2317
46.2267
46.2117
46.1862
46.1499
46.1026
46.044
45.9743
45.8934
45.8014
45.6985
45.5849
45.4609
45.3267
45.1827
45.0291
44.8664
44.6947
44.5146
44.3264
44.1303
43.9269
43.7164
43.4992
43.2758
43.0464
42.8114
42.5713
42.3263
42.0769
41.8234
41.5661
41.3054
41.0417
40.7753
40.5066
40.2357
39.9631
39.689
39.4136
39.1371
38.8597
38.5815
38.3025
38.0228
37.7424
37.4611
37.179
36.8958
36.6114
36.3257
36.0384
35.7496
35.4588
35.1661
34.8712
34.5739
34.2739
33.971
33.6644
33.3535
33.0376
32.7155
32.386
32.0478
31.6995
31.3394
30.9662
30.5783
30.1745
29.7534
29.3139
28.8555
28.3773
27.8786
27.359
26.818
26.2552
25.6708
25.0644
24.4357
23.7844
23.1109
22.4148
21.6969
20.9576
20.1979
19.4212
18.6321
17.8416
17.0691
16.3551
15.7779
15.4574
15.4795
15.8136
16.3487
16.9858
17.6645
18.3534
19.0375
19.7085
20.3628
20.998
21.6143
22.2112
22.7889
23.3476
23.8878
24.4097
24.9135
25.3996
25.868
26.3187
26.7516
27.1664
27.5627
43.8617
44.0472
44.2018
44.3304
44.4372
44.5259
44.5995
44.6606
44.7115
44.7543
44.7908
44.8225
44.8511
44.8778
44.9038
44.9303
44.9583
44.9886
45.022
45.0591
45.1003
45.1458
45.1957
45.2496
45.307
45.3671
45.4288
45.4909
45.5519
45.6103
45.6645
45.7129
45.7542
45.7871
45.8104
45.8233
45.8251
45.8151
45.7931
45.7587
45.7119
45.6527
45.5811
45.4973
45.4015
45.294
45.1751
45.0451
44.9045
44.7535
44.5925
44.4221
44.2425
44.0542
43.8577
43.6532
43.4414
43.2225
42.997
42.7654
42.5279
42.2852
42.0376
41.7854
41.5292
41.2693
41.0062
40.7402
40.4718
40.2014
39.9292
39.6558
39.3813
39.1061
38.8305
38.5546
38.2786
38.0026
37.7267
37.4508
37.1749
36.8988
36.6225
36.3457
36.0682
35.79
35.5108
35.2306
34.9494
34.6668
34.3828
34.0971
33.8095
33.5194
33.2263
32.9289
32.6263
32.3169
31.9992
31.6712
31.3311
30.9771
30.6073
30.2201
29.8142
29.3881
28.9411
28.4722
27.9806
27.4664
26.9289
26.3679
25.7833
25.1746
24.5425
23.8866
23.2071
22.5038
21.7779
21.0296
20.2613
19.476
18.6794
17.884
17.1121
16.4099
15.865
15.5992
15.6804
16.0561
16.6126
17.2569
17.9355
18.6214
19.3005
19.9659
20.6138
21.2434
21.8538
22.4449
23.0169
23.5697
24.1044
24.6209
25.1196
25.6004
26.0636
26.5092
26.9368
27.3464
27.7375
43.161
43.3322
43.4742
43.592
43.6894
43.77
43.8366
43.8918
43.9379
43.9769
44.0107
44.0407
44.0687
44.0959
44.1236
44.1532
44.1856
44.2219
44.2629
44.3094
44.3618
44.4206
44.4857
44.5569
44.6336
44.7147
44.799
44.8849
44.9706
45.0541
45.1334
45.2066
45.2721
45.3281
45.3735
45.4071
45.4282
45.436
45.4302
45.4106
45.3771
45.3297
45.2685
45.1938
45.1058
45.0049
44.8914
44.7658
44.6285
44.4799
44.3205
44.1507
43.9711
43.7821
43.5841
43.3778
43.1635
42.9417
42.713
42.4778
42.2365
41.9897
41.7378
41.4814
41.2209
40.9568
40.6895
40.4196
40.1475
39.8737
39.5985
39.3226
39.0462
38.7698
38.4936
38.2179
37.943
37.6689
37.3958
37.1236
36.8523
36.5818
36.3118
36.0423
35.773
35.5037
35.2345
34.9651
34.6955
34.4258
34.156
33.8859
33.6153
33.3438
33.0707
32.7952
32.5155
32.2302
31.9371
31.6341
31.3186
30.9884
30.6412
30.2749
29.888
29.4788
29.0463
28.5895
28.1079
27.601
27.0682
26.51
25.926
25.3162
24.6808
24.0195
23.3335
22.6227
21.8878
21.1298
20.3515
19.5564
18.7512
17.9503
17.179
16.4903
15.981
15.7715
15.9088
16.3213
16.8947
17.5436
18.2212
18.9029
19.5759
20.2351
20.877
21.5001
22.1039
22.6887
23.2547
23.8019
24.3308
24.8417
25.3347
25.8098
26.2675
26.7075
27.1296
27.5338
27.919
42.4216
42.5772
42.7055
42.8109
42.8974
42.9682
43.0263
43.0742
43.1139
43.1476
43.1771
43.204
43.2299
43.2563
43.2846
43.3161
43.352
43.3936
43.4418
43.4975
43.5616
43.6343
43.7159
43.8061
43.9043
44.0093
44.1196
44.2331
44.3476
44.4605
44.5693
44.6717
44.7654
44.8486
44.9196
44.9773
45.0207
45.0491
45.0621
45.0595
45.0412
45.0073
44.958
44.8936
44.8145
44.7209
44.6135
44.4927
44.3589
44.2127
44.0546
43.8853
43.7051
43.5147
43.3146
43.1054
42.8876
42.6617
42.4284
42.1881
41.9415
41.689
41.4313
41.1688
40.9021
40.6318
40.3584
40.0826
39.8047
39.5255
39.2455
38.9651
38.6848
38.4052
38.1266
37.8495
37.5739
37.3003
37.0287
36.759
36.4913
36.2253
35.9609
35.6979
35.4362
35.1753
34.9153
34.6565
34.3985
34.1418
33.8864
33.6327
33.3803
33.1292
32.8787
32.628
32.3753
32.1185
31.8552
31.5824
31.2972
30.9964
30.6773
30.3373
29.9742
29.5864
29.1724
28.7314
28.2627
27.7657
27.2404
26.6867
26.1045
25.4942
24.8556
24.1897
23.4968
22.7774
22.0323
21.2638
20.4741
19.6674
18.8528
18.0455
17.2748
16.6014
16.1307
15.9779
16.1673
16.6113
17.1979
17.8493
18.5241
19.2
19.867
20.5193
21.1538
21.7701
22.3673
22.9456
23.5047
24.0456
24.5683
25.0731
25.5601
26.0295
26.4813
26.9154
27.3316
27.7295
28.1087
41.6468
41.7851
41.8977
41.9889
42.0625
42.1217
42.1693
42.2076
42.2389
42.2651
42.2882
42.3099
42.3317
42.3554
42.3822
42.4139
42.4518
42.4972
42.5515
42.6158
42.691
42.7779
42.8769
42.9877
43.1098
43.2418
43.3818
43.5274
43.6755
43.8229
43.9664
44.103
44.23
44.345
44.4461
44.5319
44.6014
44.6537
44.6886
44.7058
44.7052
44.6871
44.6516
44.5993
44.5304
44.4455
44.3451
44.2297
44.1
43.9566
43.8
43.6309
43.4499
43.2576
43.0546
42.8417
42.6193
42.3882
42.1489
41.9022
41.6485
41.3885
41.123
40.8524
40.5775
40.2989
40.0172
39.7331
39.4473
39.1603
38.8729
38.5857
38.2993
38.0142
37.731
37.4502
37.1722
36.8971
36.6252
36.3565
36.0908
35.8281
35.5681
35.3104
35.0548
34.8012
34.5497
34.3
34.0528
33.8082
33.5668
33.329
33.0955
32.8659
32.6401
32.4172
32.1955
31.9722
31.7445
31.5084
31.2601
30.9956
30.7112
30.404
30.0709
29.71
29.3197
28.8991
28.4473
27.9639
27.4485
26.9017
26.3235
25.714
25.0738
24.4034
23.7035
22.9748
22.2193
21.4386
20.6361
19.8166
18.9906
18.1757
17.4056
16.7492
16.3195
16.2226
16.459
16.9293
17.525
18.1769
18.8473
19.5168
20.1765
20.8207
21.4479
22.0566
22.6461
23.2171
23.7695
24.3036
24.8193
25.3174
25.798
26.261
26.7064
27.1341
27.544
27.9355
28.3081
40.8409
40.9599
41.0548
41.1296
41.188
41.2331
41.2675
41.2937
41.3139
41.33
41.3439
41.3575
41.3724
41.3904
41.4132
41.4423
41.4795
41.5265
41.5847
41.6558
41.741
41.8415
41.9579
42.0905
42.2385
42.4007
42.5747
42.7573
42.9447
43.1327
43.3172
43.4941
43.6602
43.8125
43.9489
44.0676
44.1675
44.2479
44.3084
44.3487
44.3689
44.3694
44.3504
44.3123
44.2557
44.1811
44.0893
43.9807
43.8561
43.7161
43.5615
43.3929
43.2111
43.0167
42.8105
42.5931
42.3653
42.1278
41.8813
41.6265
41.3642
41.0949
40.8196
40.5388
40.2534
39.9641
39.6716
39.3766
39.0801
38.7827
38.4852
38.1884
37.8931
37.5999
37.3096
37.0227
36.7397
36.461
36.1868
35.9172
35.6519
35.3908
35.1335
34.8796
34.6287
34.3805
34.1351
33.8929
33.6541
33.4197
33.1903
32.9673
32.7515
32.5435
32.3435
32.1508
31.9638
31.7794
31.5936
31.4016
31.1981
30.9781
30.7365
30.4694
30.1735
29.8464
29.4861
29.0915
28.6618
28.1966
27.6958
27.1595
26.5881
25.9818
25.3414
24.6673
23.961
23.2235
22.4566
21.6627
20.8453
20.0117
19.1727
18.3487
17.5788
16.941
16.5541
16.5109
16.7887
17.2798
17.8811
18.5307
19.1946
19.8567
20.5076
21.1436
21.7622
22.3622
22.9439
23.5067
24.0514
24.5779
25.0865
25.5772
26.0507
26.5067
26.9452
27.366
27.7689
28.1535
28.519
40.0103
40.1079
40.1826
40.2386
40.2791
40.3072
40.3255
40.3365
40.3422
40.3447
40.346
40.3479
40.3522
40.3608
40.3755
40.3983
40.4311
40.4759
40.5347
40.6094
40.702
40.8142
40.9471
41.1015
41.277
41.4723
41.6846
41.9099
42.1433
42.379
42.6117
42.8362
43.0482
43.2444
43.422
43.5792
43.7147
43.8279
43.9183
43.9858
44.0307
44.0532
44.0538
44.0329
43.9913
43.9296
43.8484
43.7484
43.6306
43.4955
43.3439
43.1767
42.9946
42.7983
42.5888
42.3667
42.1329
41.8882
41.6333
41.3691
41.0965
40.8161
40.5289
40.2357
39.9373
39.6346
39.3285
39.0199
38.7096
38.3987
38.088
37.7786
37.4712
37.1669
36.8664
36.5706
36.28
35.9953
35.7166
35.444
35.1774
34.9162
34.66
34.408
34.1597
33.9149
33.6731
33.435
33.2015
32.9734
32.7526
32.5407
32.3397
32.1514
31.9765
31.8151
31.6659
31.5254
31.3885
31.2488
31.0993
30.933
30.7436
30.5259
30.2758
29.9905
29.6677
29.3062
28.9051
28.4641
27.9829
27.4619
26.9014
26.3019
25.6642
24.9892
24.2779
23.532
22.7537
21.9458
21.1127
20.2628
19.4086
18.574
17.8039
17.1859
16.8422
16.8493
17.1622
17.6679
18.2714
18.9156
19.5719
20.2242
20.8657
21.4916
22.1006
22.6915
23.2638
23.8181
24.3542
24.8721
25.3726
25.8556
26.3213
26.7693
27.2002
27.6135
28.0088
28.3858
28.7436
39.163
39.2369
39.2891
39.3234
39.3431
39.3511
39.3501
39.3422
39.3298
39.3148
39.2992
39.285
39.2741
39.2686
39.2704
39.2818
39.3049
39.3423
39.3965
39.47
39.5654
39.6853
39.8318
40.0065
40.2097
40.4403
40.6952
40.9695
41.2563
41.5483
41.8378
42.1183
42.3842
42.6316
42.8573
43.0593
43.2363
43.3877
43.5132
43.6127
43.6867
43.7354
43.7596
43.7597
43.7364
43.6907
43.6231
43.5345
43.4258
43.2976
43.151
42.9866
42.8054
42.6083
42.396
42.1695
41.9296
41.6772
41.4133
41.1387
40.8543
40.5611
40.2601
39.9521
39.6382
39.3194
38.9967
38.6712
38.3439
38.016
37.6886
37.3629
37.0399
36.7209
36.4069
36.0989
35.7979
35.5045
35.2191
34.9417
34.672
34.4094
34.1529
33.9015
33.6542
33.4101
33.1692
32.9315
32.6985
32.4715
32.2532
32.0466
31.8546
31.6808
31.5274
31.3959
31.2859
31.1935
31.1126
31.0344
30.9493
30.8475
30.7208
30.5628
30.3684
30.1343
29.8579
29.5378
29.1731
28.7635
28.309
27.8096
27.2659
26.6783
26.0477
25.3751
24.6617
23.9094
23.1205
22.2984
21.4492
20.5815
19.7104
18.8634
18.0924
17.495
17.1939
17.246
17.5868
18.1017
18.7029
19.3392
19.9851
20.6262
21.2558
21.8708
22.4688
23.0487
23.611
24.155
24.6814
25.1902
25.6813
26.1554
26.6124
27.0518
27.4743
27.8792
28.2662
28.6348
28.9843
38.3084
38.3565
38.3837
38.3937
38.3897
38.3745
38.3505
38.3202
38.2856
38.2488
38.2117
38.1765
38.1451
38.1198
38.1027
38.0963
38.1032
38.1263
38.1686
38.2336
38.3249
38.4459
38.6003
38.791
39.0197
39.2863
39.5876
39.9174
40.2666
40.6246
40.9811
41.3272
41.6562
41.9631
42.2445
42.4983
42.7234
42.9191
43.0854
43.2225
43.3307
43.4106
43.463
43.4885
43.488
43.4622
43.412
43.3384
43.242
43.1239
42.9849
42.8259
42.6478
42.4515
42.2379
42.008
41.7628
41.5031
41.23
40.9444
40.6475
40.3402
40.0236
39.6988
39.367
39.0293
38.6868
38.341
37.993
37.6442
37.296
36.9497
36.607
36.2691
35.9376
35.6139
35.299
34.9941
34.6997
34.4158
34.1422
33.8776
33.6206
33.3694
33.122
32.8773
32.6342
32.3933
32.1553
31.923
31.6992
31.4888
31.2964
31.1277
30.9879
30.8809
30.808
30.7662
30.7479
30.7409
30.7315
30.7062
30.6543
30.5672
30.4393
30.2665
30.0462
29.7769
29.4577
29.0884
28.6688
28.1993
27.6799
27.1113
26.4942
25.8297
25.119
24.3636
23.567
22.733
21.8677
20.9815
20.0921
19.2311
18.4585
17.8819
17.6212
17.7115
18.0724
18.5901
19.184
19.8093
20.4416
21.0695
21.6855
22.2872
22.8721
23.44
23.9901
24.5229
25.038
25.5362
26.0172
26.481
26.9281
27.3582
27.7709
28.1665
28.5442
28.9036
29.2437
37.4569
37.4773
37.4773
37.4606
37.4302
37.3888
37.3387
37.2822
37.2215
37.1585
37.0952
37.0338
36.9763
36.9249
36.8822
36.8507
36.8334
36.8337
36.8552
36.9022
36.9792
37.0914
37.2442
37.4427
37.691
37.9911
38.3408
38.7328
39.1542
39.5899
40.0252
40.4481
40.8502
41.2258
41.5712
41.8846
42.1647
42.4115
42.6249
42.8054
42.9537
43.0704
43.1565
43.2126
43.2398
43.239
43.211
43.1567
43.0771
42.9731
42.8455
42.6954
42.5236
42.331
42.1187
41.8877
41.6388
41.3731
41.0917
40.7957
40.4861
40.1641
39.8309
39.4877
39.1358
38.7766
38.4113
38.0416
37.669
37.295
36.9213
36.5498
36.1822
35.8205
35.4667
35.1225
34.7898
34.47
34.1641
33.8724
33.5945
33.3286
33.0725
32.8231
32.5772
32.3319
32.086
31.8386
31.5911
31.3459
31.1076
30.8817
30.6758
30.4981
30.3578
30.2632
30.22
30.2275
30.2769
30.3512
30.4298
30.4941
30.5292
30.525
30.4746
30.3739
30.2201
30.0118
29.7482
29.429
29.0541
28.6236
28.1379
27.5972
27.0023
26.3539
25.6531
24.9018
24.1027
23.2603
22.3814
21.4778
20.5698
19.694
18.9199
18.3633
18.1388
18.2592
18.6309
19.1447
19.7264
20.3358
20.9518
21.5625
22.1626
22.7482
23.3179
23.8714
24.4076
24.9271
25.4298
25.9153
26.3845
26.8367
27.2726
27.6918
28.0939
28.479
28.8463
29.1953
29.5252
36.6194
36.6106
36.5818
36.5365
36.4775
36.4072
36.3281
36.2423
36.1518
36.0586
35.9647
35.872
35.7828
35.6993
35.624
35.5598
35.5098
35.4777
35.4679
35.4852
35.5355
35.6255
35.7628
35.9555
36.2119
36.5379
36.9346
37.3942
37.899
38.426
38.9535
39.4656
39.9517
40.4056
40.8238
41.2045
41.5472
41.8519
42.1192
42.3496
42.5442
42.7039
42.8296
42.9223
42.9831
43.0128
43.0125
42.9831
42.9255
42.8407
42.7295
42.5929
42.4318
42.2473
42.0401
41.8113
41.5619
41.2929
41.0054
40.7006
40.3795
40.0434
39.6935
39.3313
38.958
38.5753
38.1846
37.7878
37.3865
36.9828
36.5786
36.1762
35.778
35.3864
35.004
34.6335
34.2774
33.9382
33.6177
33.3166
33.0347
32.7698
32.5183
32.2752
32.035
31.7933
31.5463
31.2927
31.0329
30.7693
30.5074
30.2539
30.0186
29.8132
29.6518
29.5495
29.5198
29.5689
29.6881
29.853
30.0323
30.1989
30.3332
30.423
30.4609
30.4426
30.3654
30.2282
30.0304
29.7716
29.4521
29.0715
28.6303
28.1286
27.5667
26.945
26.2644
25.5263
24.7332
23.8896
23.0027
22.0855
21.161
20.2713
19.4959
18.9586
18.7645
18.9049
19.2778
19.7792
20.3428
20.9314
21.5259
22.1163
22.6961
23.2627
23.8147
24.3507
24.8708
25.3744
25.8621
26.3333
26.7887
27.228
27.6508
28.0575
28.4477
28.8206
29.1763
29.5137
29.832
35.8061
35.7674
35.7088
35.6336
35.5443
35.4435
35.3333
35.2157
35.0926
34.9659
34.8376
34.7095
34.5837
34.4625
34.3483
34.2441
34.1531
34.0793
34.0272
34.0025
34.0119
34.0638
34.168
34.3365
34.5827
34.9198
35.3559
35.8859
36.4853
37.1183
37.7524
38.3662
38.9471
39.4888
39.9883
40.4442
40.8568
41.2265
41.5543
41.8413
42.0887
42.2977
42.4694
42.605
42.7056
42.7722
42.8058
42.8075
42.778
42.7185
42.6296
42.5125
42.3679
42.1967
41.9999
41.7784
41.5331
41.2651
40.9753
40.665
40.3352
39.9871
39.6222
39.2417
38.8471
38.4402
38.0225
37.596
37.1628
36.7251
36.2853
35.846
35.4104
34.9815
34.5628
34.1581
33.7712
33.4059
33.0655
32.7522
32.4664
32.2056
31.9648
31.736
31.5107
31.2806
31.0398
30.7845
30.514
30.2307
29.9394
29.6485
29.3689
29.1156
28.9084
28.7705
28.7282
28.8015
28.9868
29.2488
29.5391
29.8182
30.0612
30.2539
30.3885
30.4609
30.4691
30.412
30.2893
30.101
29.8471
29.5275
29.1423
28.6918
28.1753
27.5932
26.9457
26.2336
25.459
24.6256
23.7408
22.8182
21.8832
20.9835
20.209
19.6898
19.5182
19.6671
20.03
20.5101
21.0474
21.6092
22.177
22.7413
23.2971
23.8406
24.3705
24.8862
25.3866
25.872
26.3418
26.7966
27.2357
27.6596
28.0676
28.4601
28.8364
29.1958
29.5382
29.8626
30.1677
35.0266
34.9578
34.8691
34.7633
34.6432
34.5108
34.3683
34.2173
34.0599
33.8976
33.7323
33.5657
33.3998
33.2367
33.0788
32.9288
32.7899
32.6661
32.5622
32.484
32.439
32.4367
32.4893
32.6123
32.8256
33.1522
33.6129
34.2105
34.9127
35.6644
36.4173
37.143
37.8279
38.4654
39.0534
39.5915
40.0804
40.5215
40.9161
41.266
41.5724
41.837
42.0612
42.2461
42.393
42.503
42.5772
42.6166
42.6221
42.5946
42.5349
42.444
42.3226
42.1715
41.9917
41.7838
41.5489
41.2878
41.0014
40.6908
40.3571
40.0014
39.6249
39.2291
38.8154
38.3854
37.941
37.4841
37.0169
36.542
36.0621
35.5804
35.1003
34.6259
34.1617
33.7127
33.2845
32.8831
32.5141
32.1825
31.8907
31.637
31.4148
31.2122
31.0151
30.8106
30.5885
30.3422
30.0695
29.7714
29.4521
29.1201
28.7871
28.4707
28.1949
27.9923
27.9058
27.9778
28.216
28.5724
28.9753
29.3694
29.7236
30.022
30.257
30.4246
30.5233
30.5526
30.5122
30.4024
30.2232
29.9747
29.6567
29.2689
28.811
28.2827
27.6833
27.013
26.2728
25.4658
24.5984
23.6843
22.7503
21.8495
21.0813
20.5789
20.421
20.5651
20.9054
21.3536
21.8559
22.3823
22.9168
23.4493
23.975
24.4905
24.9946
25.4853
25.9629
26.4262
26.8755
27.3107
27.7312
28.1373
28.5283
28.9043
29.2648
29.6088
29.9362
30.2459
30.5366
34.2885
34.1901
34.0717
33.9358
33.7849
33.6209
33.4458
33.2612
33.0688
32.8701
32.6667
32.4601
32.2522
32.0448
31.8401
31.6406
31.4494
31.2701
31.1074
30.9673
30.8575
30.7881
30.7732
30.8319
30.9906
31.2847
31.7521
32.4079
33.2121
34.0855
34.9609
35.8027
36.5955
37.3332
38.0141
38.6388
39.209
39.7263
40.1929
40.6108
40.9818
41.3077
41.59
41.8302
42.0297
42.1895
42.3109
42.3948
42.4422
42.4538
42.4306
42.3733
42.2826
42.1593
42.0041
41.8176
41.6007
41.354
41.0785
40.7748
40.4441
40.0872
39.7053
39.2995
38.8713
38.4223
37.954
37.4685
36.968
36.455
35.9326
35.4042
34.8737
34.3459
33.8263
33.3213
32.8385
32.3867
31.9752
31.6135
31.3086
31.0623
30.8666
30.7044
30.5536
30.3934
30.208
29.9879
29.7283
29.4283
29.0916
28.7254
28.3412
27.9577
27.6021
27.3156
27.16
27.2046
27.4726
27.9039
28.4027
28.899
29.3545
29.7518
30.0824
30.3427
30.5315
30.6482
30.693
30.6661
30.5675
30.3974
30.1554
29.8411
29.4537
28.9925
28.4566
27.8451
27.1581
26.3973
25.5681
24.683
23.769
22.8827
22.1305
21.6451
21.4908
21.6154
21.9193
22.3239
22.7807
23.2631
23.7557
24.2494
24.7393
25.2213
25.6938
26.1558
26.6058
27.0436
27.4691
27.8813
28.2806
28.666
29.0377
29.3948
29.7372
30.0638
30.3743
30.6675
30.9419
33.5974
33.4707
33.3235
33.1585
32.9777
32.783
32.5762
32.3586
32.1318
31.8971
31.6559
31.4095
31.1595
30.9074
30.6553
30.4053
30.16
29.923
29.6985
29.4922
29.3119
29.1683
29.0766
29.0592
29.1496
29.3964
29.8565
30.5574
31.4498
32.4318
33.4198
34.3708
35.2674
36.103
36.8762
37.5882
38.2409
38.8367
39.3781
39.8674
40.3067
40.698
41.0431
41.3436
41.6008
41.8162
41.9907
42.1254
42.2212
42.2789
42.2994
42.2832
42.231
42.1435
42.0211
41.8645
41.6742
41.4508
41.1949
40.9071
40.5882
40.2388
39.8599
39.4525
39.0176
38.5565
38.0707
37.5619
37.0322
36.4841
35.9203
35.3444
34.7605
34.1737
33.5902
33.0178
32.4659
31.9462
31.4727
31.0614
30.7281
30.4824
30.3186
30.2117
30.1268
30.0323
29.9055
29.7328
29.5069
29.2259
28.8916
28.5095
28.0901
27.6516
27.2231
26.853
26.6213
26.6221
26.8912
27.3601
27.9181
28.4846
29.0157
29.4913
29.9017
30.243
30.5129
30.7113
30.8377
30.8924
30.8753
30.7863
30.625
30.3908
30.0828
29.6999
29.2406
28.7039
28.0888
27.396
26.6292
25.7993
24.9315
24.0834
23.3629
22.8967
22.7363
22.8271
23.0804
23.4281
23.8287
24.2574
24.7003
25.1479
25.5948
26.0374
26.4738
26.9016
27.3202
27.7288
28.1264
28.5127
28.8874
29.2495
29.5991
29.9351
30.2572
30.5643
30.8558
31.1303
31.3868
32.9567
32.8032
32.629
32.4364
32.2274
32.0036
31.7666
31.5176
31.2581
30.989
30.7115
30.4269
30.1364
29.8412
29.5431
29.2439
28.9459
28.6521
28.3665
28.0945
27.8436
27.6248
27.4546
27.3585
27.3773
27.5728
28.0192
28.7513
29.7086
30.7727
31.8495
32.8913
33.8778
34.8011
35.6594
36.4535
37.1856
37.8581
38.4737
39.0347
39.5434
40.0021
40.4125
40.7763
41.0951
41.37
41.6022
41.7929
41.9427
42.0526
42.1232
42.155
42.1487
42.1047
42.0234
41.9053
41.7506
41.5598
41.3333
41.0714
40.7745
40.4432
40.0779
39.6793
39.2481
38.7853
38.2919
37.7693
37.219
36.6432
36.0441
35.4252
34.7901
34.1439
33.4929
32.8455
32.2124
31.6078
31.0504
30.5641
30.1772
29.9153
29.7811
29.7404
29.7387
29.7291
29.6809
29.5768
29.4079
29.1704
28.8646
28.4941
28.0683
27.6029
27.127
26.6947
26.3994
26.3525
26.5957
27.0576
27.626
28.217
28.7851
29.3066
29.7705
30.1706
30.5044
30.7703
30.9673
31.0955
31.1541
31.1429
31.0613
30.9085
30.6835
30.3849
30.0113
29.5611
29.0335
28.428
27.7474
27.0007
26.2107
25.431
24.7633
24.3217
24.1471
24.1915
24.3819
24.6623
24.9968
25.3636
25.7487
26.1433
26.5417
26.9399
27.3347
27.7244
28.1074
28.4829
28.8495
29.2067
29.554
29.8902
30.2151
30.5275
30.8271
31.1125
31.3831
31.6372
31.8737
32.3674
32.1891
31.9899
31.7717
31.5365
31.2858
31.0208
30.7428
30.4528
30.1518
29.8408
29.5206
29.1924
28.8572
28.5162
28.1712
27.8239
27.4771
27.1343
26.8006
26.4834
26.194
25.9499
25.7801
25.7323
25.8812
26.3139
27.0653
28.0619
29.176
30.311
31.4172
32.472
33.4658
34.3954
35.2611
36.0643
36.8071
37.492
38.1214
38.6974
39.2222
39.6977
40.1254
40.5068
40.8433
41.1359
41.3857
41.5934
41.7598
41.8855
41.971
42.0167
42.023
41.9902
41.9184
41.8079
41.6589
41.4714
41.2456
40.9816
40.6796
40.3398
39.9623
39.5476
39.096
38.6081
38.0847
37.5268
36.9358
36.3134
35.6621
34.9851
34.2866
33.5725
32.8507
32.1322
31.4327
30.7745
30.1893
29.7208
29.4183
29.3008
29.3248
29.4113
29.495
29.5369
29.5163
29.4227
29.2513
29.0008
28.6734
28.2762
27.8227
27.34
26.8832
26.5519
26.4633
26.6603
27.0754
27.606
28.1745
28.736
29.2654
29.7493
30.1802
30.5532
30.8656
31.1159
31.3026
31.425
31.482
31.4728
31.3964
31.2515
31.037
30.7513
30.393
29.9614
29.456
28.8794
28.2395
27.5562
26.8759
26.2846
25.876
25.6844
25.6761
25.7971
26.0041
26.2672
26.567
26.8899
27.2274
27.5729
27.9223
28.2722
28.6203
28.9649
29.3041
29.637
29.9626
30.2797
30.5876
30.8856
31.1724
31.4474
31.7093
31.957
32.189
32.4039
31.8288
31.6278
31.4057
31.1643
30.9052
30.6299
30.3396
30.0351
29.7176
29.3877
29.0463
28.694
28.3318
27.9604
27.5808
27.1945
26.8029
26.4085
26.0143
25.6254
25.2491
24.8967
24.5874
24.3532
24.249
24.3608
24.7837
25.5454
26.559
27.6938
28.8566
29.9989
31.0971
32.1399
33.1229
34.0449
34.9064
35.7091
36.4548
37.1455
37.7831
38.3696
38.9067
39.3959
39.8385
40.2358
40.5888
40.8985
41.1656
41.3908
41.5745
41.7172
41.8192
41.8808
41.9021
41.8831
41.8239
41.7245
41.5847
41.4045
41.1837
40.9221
40.6196
40.2761
39.8913
39.4652
38.9979
38.4895
37.9403
37.3509
36.7223
36.0558
35.3536
34.6187
33.8559
33.0717
32.2764
31.4857
30.7238
30.0289
29.4614
29.0968
28.9736
29.0411
29.1987
29.3642
29.4908
29.5547
29.5435
29.4514
29.276
29.0182
28.683
28.2817
27.8382
27.4038
27.0735
26.9575
27.0967
27.4364
27.8922
28.3992
28.9156
29.4173
29.8883
30.3199
30.7051
31.0404
31.3222
31.5488
31.718
31.8287
31.8793
31.8686
31.7952
31.658
31.4555
31.1868
30.8514
30.4495
29.9841
29.4629
28.9035
28.3434
27.8466
27.4821
27.2801
27.2241
27.2799
27.4161
27.6092
27.8419
28.1022
28.3814
28.673
28.9722
29.2759
29.5807
29.8847
30.1861
30.4833
30.7756
31.061
31.3389
31.6083
31.8678
32.1167
32.3534
32.5766
32.785
32.9766
31.3384
31.1169
30.8742
30.6118
30.3313
30.034
29.7209
29.393
29.0509
28.6953
28.3269
27.9462
27.5539
27.1506
26.7372
26.3146
25.8843
25.4483
25.0096
24.5728
24.1455
23.7393
23.3748
23.0875
22.9394
23.026
23.4452
24.2114
25.225
26.3577
27.5232
28.6764
29.7939
30.8638
31.8803
32.841
33.7457
34.5948
35.3897
36.1316
36.8223
37.4631
38.0555
38.6009
39.1004
39.5551
39.9659
40.3337
40.6591
40.9426
41.1848
41.3858
41.546
41.6654
41.7442
41.7821
41.7792
41.7353
41.6499
41.5229
41.3539
41.1423
40.8878
40.5898
40.2478
39.8614
39.43
38.9532
38.4306
37.8621
37.2476
36.5876
35.8829
35.1353
34.3477
33.5251
32.6759
31.8145
30.9654
30.1718
29.5084
29.0734
28.9195
28.9928
29.1817
29.3955
29.5817
29.713
29.7754
29.7611
29.6667
29.4919
29.2405
28.9218
28.5567
28.1885
27.8971
27.7734
27.8549
28.1068
28.4687
28.8902
29.3357
29.7821
30.214
30.6202
30.9937
31.3283
31.6203
31.8666
32.0645
32.2117
32.3067
32.3475
32.3329
32.2614
32.1321
31.9443
31.6977
31.3936
31.0354
30.6309
30.1954
29.7573
29.3605
29.0512
28.8545
28.7677
28.7731
28.8505
28.9824
29.1548
29.3573
29.5814
29.8213
30.0719
30.3297
30.5915
30.8551
31.1184
31.38
31.6379
31.8909
32.138
32.378
32.6094
32.8309
33.0415
33.2393
33.423
33.5903
30.8927
30.6529
30.3916
30.1105
29.811
29.4942
29.161
28.8122
28.4485
28.0704
27.6784
27.273
26.8546
26.4237
25.9809
25.5271
25.0635
24.592
24.1154
23.6382
23.1678
22.7168
22.3072
21.9783
21.7992
21.8734
22.2959
23.0635
24.0662
25.1811
26.331
27.4754
28.5921
29.6694
30.7006
31.6828
32.6145
33.4954
34.3262
35.1076
35.8405
36.5261
37.1654
37.7595
38.3093
38.8156
39.2793
39.7009
40.0811
40.4202
40.7186
40.9766
41.1942
41.3715
41.5084
41.6049
41.6605
41.6751
41.6482
41.5794
41.468
41.3135
41.1151
40.8721
40.5837
40.249
39.8672
39.4372
38.9583
38.4296
37.8503
37.2199
36.5383
35.8058
35.0237
34.1954
33.3269
32.4305
31.5294
30.6689
29.9333
29.4339
29.2297
29.2677
29.4391
29.6547
29.861
30.0282
30.1397
30.1863
30.1629
30.0683
29.9047
29.6804
29.4129
29.1368
28.9107
28.8002
28.8377
29.0092
29.2778
29.608
29.9723
30.3498
30.7256
31.0893
31.432
31.7477
32.0318
32.2797
32.4888
32.656
32.7793
32.8565
32.8862
32.8669
32.7976
32.6779
32.5081
32.2898
32.0268
31.7264
31.4016
31.073
30.7696
30.5209
30.3464
30.2501
30.2257
30.2618
30.3467
30.4701
30.6235
30.7997
30.9931
31.1993
31.4147
31.6361
31.8612
32.0881
32.3145
32.539
32.7602
32.9766
33.1872
33.3902
33.5844
33.7684
33.9404
34.0987
34.2411
30.4875
30.2313
29.9535
29.6558
29.3394
29.0054
28.6546
28.2876
27.905
27.5073
27.0948
26.668
26.227
25.7724
25.3045
24.8242
24.3324
23.8308
23.3223
22.8112
22.3052
21.8177
21.3723
21.0127
20.8153
20.8895
21.3222
22.0903
23.0755
24.1636
25.2866
26.4085
27.5096
28.5785
29.6088
30.5967
31.5404
32.439
33.2923
34.1005
34.8642
35.5839
36.2602
36.894
37.4858
38.0363
38.546
39.0154
39.4448
39.8347
40.1852
40.4964
40.7685
41.0012
41.1946
41.3484
41.4622
41.5357
41.5684
41.5597
41.5089
41.4152
41.2779
41.096
40.8685
40.5943
40.2723
39.9013
39.48
39.0071
38.4814
37.9018
37.2673
36.5774
35.8324
35.0337
34.1859
33.2986
32.3926
31.5118
30.7421
30.1958
29.931
29.9014
30.0125
30.1853
30.3696
30.5353
30.664
30.7446
30.7705
30.7389
30.6511
30.5135
30.3402
30.1571
30.0033
29.9215
29.9375
30.0505
30.2429
30.4922
30.7785
31.0855
31.4005
31.7127
32.0146
32.2994
32.562
32.7983
33.0043
33.1774
33.3147
33.4143
33.4741
33.493
33.4699
33.4045
33.2974
33.1502
32.9667
32.7534
32.5205
32.283
32.0598
31.87
31.7279
31.6396
31.6044
31.617
31.6707
31.7583
31.8736
32.0107
32.1654
32.3334
32.5116
32.6969
32.8869
33.0798
33.2736
33.4666
33.6574
33.8445
34.0266
34.2019
34.3692
34.527
34.6732
34.8061
34.9236
30.1185
29.8475
29.5551
29.2426
28.9113
28.5622
28.1958
27.8129
27.4139
26.9992
26.569
26.1237
25.6634
25.1884
24.6992
24.1962
23.6805
23.1537
22.6183
22.0791
21.5439
21.0269
20.5541
20.174
19.9702
20.0559
20.5051
21.2737
22.2389
23.296
24.3859
25.4775
26.5531
27.6025
28.6197
29.601
30.544
31.4477
32.3113
33.1345
33.9174
34.6604
35.3635
36.0273
36.652
37.2381
37.7859
38.2957
38.7676
39.2018
39.5986
39.9578
40.2795
40.5634
40.8095
41.0173
41.1866
41.3169
41.4077
41.4582
41.4678
41.4357
41.361
41.2426
41.0796
40.8707
40.6146
40.31
39.9556
39.5498
39.0912
38.5785
38.0102
37.3855
36.7041
35.9667
35.1767
34.3419
33.4802
32.6309
31.8719
31.3042
30.9804
30.8667
30.8906
30.9889
31.1181
31.2496
31.3645
31.4503
31.4992
31.5068
31.4731
31.4023
31.3047
31.1983
31.108
31.0602
31.0736
31.1531
31.2921
31.479
31.7005
31.9448
32.2017
32.4627
32.7204
32.9688
33.2031
33.4187
33.6122
33.7804
33.9206
34.0308
34.1088
34.1534
34.1635
34.1391
34.0805
33.9895
33.8694
33.7255
33.5657
33.4008
33.2433
33.106
32.999
32.9283
32.8953
32.8986
32.9344
32.9987
33.0868
33.1948
33.3189
33.4557
33.6025
33.7568
33.9164
34.0792
34.2437
34.408
34.5708
34.7306
34.8859
35.035
35.1766
35.3089
35.4303
35.5385
35.6312
29.781
29.4969
29.1914
28.8658
28.5214
28.1588
27.7789
27.382
26.9687
26.5391
26.0936
25.6323
25.1554
24.663
24.1554
23.6332
23.0972
22.5489
21.9911
21.4284
20.8692
20.3289
19.8363
19.4448
19.2458
19.3531
19.8238
20.5937
21.5385
22.5639
23.6187
24.6762
25.7209
26.7441
27.7402
28.7057
29.6384
30.5369
31.4003
32.2281
33.0202
33.7762
34.4963
35.1806
35.8291
36.4421
37.0195
37.5616
38.0683
38.5398
38.9759
39.3767
39.7419
40.0714
40.3649
40.622
40.8424
41.0255
41.1707
41.2775
41.345
41.3725
41.359
41.3035
41.205
41.0622
40.874
40.639
40.3557
40.0228
39.6388
39.2024
38.7122
38.1674
37.5677
36.9138
36.2088
35.4597
34.6822
33.909
33.203
32.6433
32.2743
32.0793
32.0103
32.0217
32.0782
32.1549
32.2337
32.3016
32.3498
32.3732
32.3699
32.3422
32.2967
32.2448
32.202
32.1844
32.2046
32.2682
32.3742
32.517
32.6892
32.883
33.0904
33.3051
33.5209
33.7331
33.9366
34.1278
34.3034
34.4601
34.5956
34.7075
34.7942
34.8542
34.8867
34.8915
34.8689
34.8205
34.7489
34.6585
34.5551
34.4463
34.341
34.2476
34.1734
34.1233
34.0998
34.1027
34.1307
34.181
34.2512
34.3383
34.4394
34.552
34.6738
34.8025
34.9364
35.0736
35.2125
35.3515
35.4892
35.6242
35.755
35.8799
35.9975
36.106
36.2037
36.2881
36.3571
29.4709
29.175
28.8577
28.5205
28.1643
27.7899
27.398
26.9888
26.5629
26.1205
25.6616
25.1864
24.6951
24.1876
23.6643
23.1255
22.5721
22.0056
21.4287
20.8464
20.2677
19.7094
19.2034
18.8092
18.6251
18.7627
19.2586
20.0304
20.956
21.951
22.9715
23.9942
25.006
25.9994
26.9696
27.9135
28.8292
29.7151
30.5704
31.3945
32.187
32.9474
33.6757
34.3718
35.0354
35.6668
36.2657
36.832
37.3658
37.867
38.3353
38.7706
39.1727
39.5413
39.8761
40.1766
40.4424
40.6731
40.8679
41.0263
41.1474
41.2306
41.2748
41.2792
41.2426
41.1641
41.0423
40.876
40.664
40.405
40.0977
39.7408
39.3335
38.8751
38.3657
37.8065
37.2006
36.5551
35.8838
35.213
34.5881
34.0638
33.6755
33.4206
33.2738
33.2054
33.1898
33.2062
33.2385
33.275
33.3066
33.3275
33.335
33.3293
33.314
33.2957
33.2837
33.2877
33.3157
33.3725
33.4586
33.5721
33.7087
33.8635
34.0314
34.2076
34.3871
34.5658
34.7401
34.9067
35.0622
35.2042
35.3304
35.4386
35.5274
35.5953
35.6415
35.666
35.6688
35.6514
35.6158
35.5652
35.5042
35.438
35.3728
35.3146
35.2684
35.2383
35.2266
35.2339
35.2598
35.3032
35.3622
35.4351
35.5194
35.6137
35.7159
35.8242
35.937
36.0527
36.1699
36.2871
36.4029
36.5158
36.6247
36.7277
36.8233
36.9098
36.9852
37.0474
37.0938
29.1842
28.8776
28.5499
28.2022
27.8355
27.4506
27.0479
26.628
26.191
25.7371
25.2665
24.7792
24.2752
23.7545
23.2175
22.6643
22.0959
21.5138
20.9207
20.322
19.7274
19.1556
18.6422
18.2531
18.0932
18.2678
18.7913
19.5658
20.4738
21.4409
22.4291
23.4184
24.3977
25.3604
26.3027
27.2219
28.1164
28.9848
29.8265
30.6406
31.4268
32.1846
32.9139
33.6142
34.2856
34.9277
35.5405
36.1237
36.6771
37.2006
37.6939
38.1568
38.5888
38.9898
39.3593
39.6969
40.002
40.2742
40.5128
40.7172
40.8867
41.0204
41.1175
41.1772
41.1983
41.1799
41.1209
41.0201
40.8765
40.689
40.4564
40.1779
39.8528
39.4809
39.0627
38.5999
38.096
37.5579
36.9975
36.4354
35.9023
35.4337
35.0553
34.773
34.5769
34.4505
34.3767
34.3403
34.3282
34.3302
34.338
34.3462
34.3513
34.3523
34.3505
34.3496
34.3546
34.371
34.4039
34.4564
34.5298
34.6231
34.7345
34.8604
34.9977
35.1427
35.2921
35.4426
35.591
35.7345
35.8707
35.9974
36.1122
36.2136
36.3003
36.3708
36.4246
36.4614
36.4815
36.4858
36.4759
36.4544
36.4243
36.3897
36.3547
36.3235
36.3002
36.2873
36.2872
36.3006
36.3277
36.3679
36.4203
36.4835
36.5561
36.6367
36.7236
36.8158
36.9115
37.0095
37.1085
37.2071
37.3039
37.3977
37.487
37.5706
37.6463
37.7128
37.7678
37.8092
37.8344
28.9174
28.6011
28.2639
27.9068
27.5307
27.1363
26.7241
26.2945
25.8476
25.3836
24.9026
24.4044
23.8893
23.3571
22.8079
22.2421
21.6606
21.0648
20.4578
19.8453
19.2381
18.6568
18.1414
17.7648
17.6373
17.8541
18.406
19.1837
20.0762
21.0183
21.9772
22.9354
23.8837
24.8166
25.7309
26.6244
27.4957
28.344
29.1684
29.9684
30.7436
31.4937
32.2182
32.9171
33.5899
34.2365
34.8566
35.45
36.0163
36.5554
37.0669
37.5506
38.006
38.4328
38.8305
39.1987
39.5368
39.8444
40.1207
40.3651
40.577
40.7555
40.8999
41.0093
41.0827
41.1193
41.118
41.0779
40.998
40.8774
40.7152
40.5109
40.264
39.9747
39.6439
39.2735
38.8673
38.4316
37.9765
37.5174
37.0751
36.6724
36.3274
36.0484
35.8339
35.6764
35.5659
35.4922
35.4458
35.4185
35.4035
35.3961
35.3928
35.392
35.3936
35.3991
35.4112
35.4329
35.467
35.5155
35.5794
35.6582
35.7507
35.8551
35.9689
36.0899
36.215
36.342
36.4685
36.5921
36.711
36.8229
36.9263
37.0197
37.102
37.1719
37.229
37.2732
37.3044
37.3234
37.3315
37.3305
37.3226
37.3108
37.298
37.2873
37.2814
37.2825
37.2924
37.3118
37.3412
37.3804
37.4286
37.4854
37.5495
37.6198
37.6951
37.7744
37.8562
37.9396
38.0234
38.1062
38.1868
38.264
38.3363
38.4023
38.4603
38.5087
38.5451
38.5674
38.5728
28.6674
28.3423
27.9964
27.6307
27.2461
26.8432
26.4224
25.984
25.5283
25.0552
24.5648
24.0571
23.5319
22.9893
22.4294
21.8524
21.2592
20.6515
20.0325
19.4084
18.7912
18.2041
17.6918
17.3348
17.2468
17.5094
18.0895
18.8705
19.7494
20.6695
21.602
22.5323
23.4521
24.3569
25.2442
26.1124
26.9603
27.7872
28.5926
29.3762
30.1374
30.8762
31.5921
32.2849
32.9545
33.6004
34.2225
34.8205
35.3941
35.943
36.4669
36.9653
37.4379
37.8844
38.3041
38.6968
39.0618
39.3985
39.7064
39.9849
40.2332
40.4505
40.6363
40.7895
40.9094
40.9952
41.0459
41.0608
41.0389
40.9795
40.8821
40.7461
40.5716
40.3589
40.1091
39.8242
39.508
39.1659
38.8064
38.4407
38.0833
37.7492
37.4513
37.1974
36.9896
36.8254
36.6998
36.6068
36.5399
36.4934
36.4621
36.4418
36.4299
36.4244
36.4247
36.4312
36.445
36.4676
36.5004
36.5446
36.6006
36.6683
36.7468
36.8348
36.9308
37.0327
37.1388
37.2471
37.3556
37.4628
37.5666
37.6655
37.7583
37.8438
37.9208
37.9884
38.0463
38.0943
38.1323
38.1611
38.1813
38.1945
38.2023
38.2067
38.21
38.2141
38.2213
38.2332
38.251
38.2756
38.3072
38.3462
38.392
38.4441
38.5016
38.564
38.6301
38.6989
38.7696
38.8408
38.9117
38.9812
39.0479
39.1106
39.168
39.2186
39.2607
39.2925
39.3119
39.3166
39.3037
28.4314
28.0982
27.7443
27.3709
26.9785
26.5679
26.1393
25.693
25.2291
24.7478
24.249
23.7326
23.1984
22.6464
22.0768
21.4897
20.8862
20.2678
19.6383
19.0046
18.3798
17.7903
17.2861
16.9554
16.9129
17.2231
17.8304
18.6146
19.4818
20.3825
21.2919
22.197
23.091
23.9702
24.8324
25.6764
26.5015
27.3073
28.0932
28.8592
29.605
30.3303
31.035
31.7189
32.3817
33.0233
33.6433
34.2416
34.8178
35.3716
35.9027
36.4108
36.8953
37.356
37.7923
38.2038
38.59
38.9502
39.284
39.5906
39.8695
40.1198
40.341
40.5323
40.6928
40.8218
40.9186
40.9824
41.0124
41.0082
40.9692
40.8953
40.7864
40.6433
40.4669
40.2596
40.0244
39.7663
39.4918
39.2096
38.9297
38.6627
38.4177
38.2013
38.0167
37.8641
37.7413
37.6452
37.5718
37.5173
37.4781
37.4511
37.4341
37.4254
37.4241
37.4301
37.4438
37.4657
37.4964
37.5366
37.5864
37.6456
37.7135
37.7893
37.8716
37.9592
38.0507
38.1442
38.2385
38.3321
38.4235
38.5117
38.5953
38.6735
38.7453
38.81
38.8673
38.917
38.9591
38.994
39.0225
39.0454
39.064
39.0798
39.0944
39.1092
39.126
39.1457
39.1695
39.198
39.2317
39.2706
39.3144
39.3629
39.4154
39.4713
39.5298
39.5901
39.6513
39.7123
39.7724
39.8303
39.8849
39.9349
39.9792
40.016
40.0438
40.0608
40.0647
40.053
40.0229
28.2069
27.8663
27.5052
27.1246
26.7251
26.3074
25.8716
25.4181
24.9469
24.4581
23.9515
23.4271
22.8847
22.3243
21.7458
21.1496
20.5367
19.9089
19.2703
18.6285
17.9984
17.4097
16.9185
16.6205
16.6285
16.9866
17.6194
18.4065
19.2635
20.1472
21.0361
21.919
22.79
23.6459
24.4852
25.3069
26.1106
26.8961
27.663
28.4113
29.141
29.852
30.5441
31.2172
31.8711
32.5057
33.1208
33.7161
34.2914
34.8463
35.3807
35.8941
36.3861
36.8564
37.3045
37.7299
38.1322
38.5108
38.8652
39.1947
39.4987
39.7766
40.0277
40.2513
40.4467
40.6132
40.7502
40.8569
40.9329
40.9775
40.9906
40.9721
40.922
40.8411
40.7306
40.5925
40.4295
40.2458
40.0466
39.8384
39.6286
39.4247
39.2336
39.0604
38.9085
38.779
38.6717
38.585
38.5167
38.4646
38.4262
38.3993
38.3824
38.374
38.3735
38.3804
38.3946
38.4164
38.4461
38.4838
38.5293
38.5826
38.6431
38.71
38.7825
38.8594
38.9397
39.0221
39.1054
39.1885
39.2703
39.3497
39.426
39.498
39.5652
39.6271
39.6832
39.7336
39.778
39.8169
39.8508
39.8803
39.9064
39.9302
39.9527
39.9752
39.9986
40.0241
40.0522
40.0837
40.1187
40.1574
40.1995
40.245
40.2933
40.3437
40.3959
40.449
40.5021
40.5545
40.605
40.6528
40.6967
40.7356
40.768
40.7925
40.8074
40.8108
40.8003
40.7735
40.7273
27.992
27.6445
27.2767
26.8895
26.4835
26.0592
25.6168
25.1567
24.6788
24.183
23.6694
23.1377
22.5877
22.0193
21.4328
20.8282
20.2068
19.5706
18.924
18.2756
17.6425
17.0577
16.5844
16.3251
16.3873
16.7926
17.4486
18.2382
19.0863
19.9552
20.8261
21.6893
22.5397
23.3749
24.1935
24.9949
25.7788
26.5452
27.2941
28.0255
28.7394
29.4358
30.1147
30.7761
31.4199
32.046
32.6541
33.2442
33.816
34.3693
34.9039
35.4193
35.9153
36.3914
36.8474
37.2826
37.6967
38.0893
38.4596
38.8072
39.1316
39.432
39.7079
39.9587
40.1837
40.3822
40.5538
40.6979
40.8139
40.9015
40.9604
40.9908
40.9928
40.9671
40.915
40.838
40.7388
40.6206
40.4877
40.345
40.1981
40.0525
39.9133
39.7848
39.6699
39.5701
39.4861
39.4173
39.3627
39.321
39.2907
39.2703
39.2588
39.2552
39.2588
39.2692
39.2864
39.3103
39.3408
39.378
39.4218
39.472
39.5279
39.5892
39.6551
39.7247
39.7972
39.8717
39.9471
40.0225
40.0971
40.1701
40.2406
40.3079
40.3715
40.431
40.486
40.5366
40.5826
40.6241
40.6617
40.696
40.7273
40.7567
40.7849
40.8127
40.8411
40.8705
40.9018
40.9352
40.971
41.0093
41.05
41.0927
41.1373
41.1833
41.2299
41.2767
41.3228
41.3675
41.4096
41.4486
41.483
41.5118
41.5336
41.5469
41.5499
41.5406
41.5169
41.4759
41.4146
27.7847
27.4308
27.0568
26.6635
26.2515
25.8211
25.3727
24.9065
24.4223
23.9201
23.3999
22.8614
22.3044
21.7288
21.1348
20.5225
19.8933
19.2495
18.596
17.9426
17.3083
16.7308
16.2804
16.0653
16.1842
16.6348
17.3117
18.1033
18.9435
19.7993
20.6543
21.5001
22.3324
23.149
23.949
24.7321
25.498
26.247
26.979
27.6944
28.3932
29.0755
29.7413
30.3908
31.0239
31.6406
32.2407
32.8242
33.3909
33.9406
34.4731
34.9881
35.4853
35.9644
36.425
36.8668
37.2892
37.6919
38.0743
38.4361
38.7765
39.0951
39.3913
39.6646
39.9144
40.1401
40.3412
40.5173
40.6679
40.7928
40.8918
40.965
41.0127
41.0355
41.0346
41.0114
40.9681
40.9074
40.8327
40.7478
40.6569
40.5642
40.4738
40.3888
40.312
40.2449
40.1884
40.1427
40.1072
40.0816
40.0648
40.056
40.0545
40.0597
40.0711
40.0882
40.111
40.1395
40.1734
40.2127
40.2574
40.3072
40.3617
40.4204
40.4829
40.5484
40.6162
40.6856
40.7559
40.8263
40.8961
40.9646
41.0311
41.0953
41.1565
41.2144
41.2688
41.3197
41.3668
41.4105
41.4509
41.4885
41.5239
41.5574
41.5897
41.6216
41.6534
41.6859
41.7193
41.7541
41.7903
41.8281
41.8673
41.9078
41.9491
41.991
42.0328
42.0741
42.114
42.1519
42.1867
42.2176
42.2435
42.2632
42.2753
42.2782
42.2703
42.2494
42.2131
42.1587
42.0829
27.5834
27.2236
26.8439
26.4449
26.0273
25.5914
25.1374
24.6654
24.1754
23.6673
23.141
22.5961
22.0326
21.4502
20.8492
20.2298
19.5935
18.9429
18.2835
17.6263
16.993
16.4261
16.0036
15.8379
16.0147
16.508
17.2032
17.9964
18.8295
19.6737
20.5146
21.3449
22.161
22.9611
23.7445
24.511
25.2607
25.9938
26.7106
27.4111
28.0957
28.7646
29.418
30.0558
30.6782
31.2852
31.8768
32.453
33.0135
33.5584
34.0873
34.6001
35.0966
35.5765
36.0394
36.485
36.913
37.3228
37.7142
38.0866
38.4396
38.7727
39.0854
39.3771
39.6474
39.8959
40.122
40.3253
40.5056
40.6627
40.7963
40.9067
40.9942
41.0594
41.1032
41.1269
41.1325
41.122
41.0981
41.064
41.0227
40.9777
40.932
40.8882
40.8486
40.8147
40.7874
40.7672
40.7542
40.748
40.7484
40.7548
40.7668
40.784
40.806
40.8327
40.8639
40.8995
40.9393
40.9835
41.0317
41.0839
41.1395
41.1985
41.2604
41.3246
41.3905
41.4577
41.5255
41.5932
41.6605
41.7266
41.7911
41.8536
41.9137
41.9711
42.0256
42.0771
42.1257
42.1713
42.2142
42.2547
42.2931
42.33
42.3656
42.4005
42.4352
42.4699
42.505
42.5408
42.5772
42.6146
42.6524
42.6909
42.7294
42.7678
42.8055
42.8419
42.8763
42.908
42.9363
42.96
42.9782
42.9895
42.9927
42.9861
42.9679
42.936
42.888
42.8208
42.7311
27.3866
27.0214
26.6363
26.2321
25.8094
25.3682
24.909
24.4317
23.9363
23.4227
22.8906
22.3398
21.7702
21.1815
20.5739
19.948
19.3051
18.6483
17.9839
17.3244
16.6942
16.1415
15.752
15.64
15.8749
16.4075
17.1187
17.913
18.7396
19.5734
20.4017
21.2182
22.0199
22.8052
23.5738
24.3255
25.0606
25.7793
26.482
27.169
27.8406
28.497
29.1386
29.7653
30.3774
30.9749
31.558
32.1265
32.6804
33.2197
33.7441
34.2537
34.7481
35.2272
35.6906
36.1382
36.5695
36.9842
37.382
37.7624
38.125
38.4695
38.7953
39.1021
39.3893
39.6567
39.9037
40.1302
40.3358
40.5203
40.6838
40.8263
40.9483
41.0501
41.1327
41.1972
41.2452
41.2783
41.2989
41.3092
41.3118
41.3093
41.3041
41.2984
41.294
41.2922
41.2941
41.3003
41.3109
41.3261
41.3458
41.3695
41.3973
41.4288
41.4638
41.5023
41.544
41.5889
41.6369
41.6881
41.7421
41.7991
41.8586
41.9204
41.9843
42.0496
42.1162
42.1835
42.2511
42.3186
42.3853
42.451
42.5152
42.5776
42.6379
42.6959
42.7514
42.8042
42.8545
42.9024
42.9478
42.991
43.0323
43.0721
43.1107
43.1483
43.1853
43.222
43.2586
43.2952
43.3321
43.3689
43.4059
43.4425
43.4788
43.5141
43.5481
43.5802
43.6099
43.6362
43.6585
43.6758
43.6869
43.6906
43.6855
43.67
43.6423
43.6
43.5407
43.4613
43.3582
27.1928
26.8226
26.4327
26.0237
25.5961
25.1502
24.6861
24.2039
23.7035
23.1846
22.6472
22.0909
21.5155
20.9209
20.3072
19.6751
19.0262
18.364
17.6955
17.0349
16.4101
15.8754
15.5239
15.4693
15.7612
16.3297
17.0545
17.8493
18.6699
19.4942
20.3112
21.1154
21.9041
22.6763
23.4315
24.17
24.8919
25.5976
26.2877
26.9623
27.622
28.2669
28.8975
29.5138
30.1162
30.7046
31.2793
31.8402
32.3874
32.9208
33.4404
33.946
34.4375
34.9148
35.3775
35.8255
36.2586
36.6764
37.0786
37.4649
37.8348
38.1882
38.5245
38.8434
39.1445
39.4275
39.6921
39.938
40.1651
40.3731
40.5621
40.7322
40.8838
41.0173
41.1334
41.2332
41.3179
41.3889
41.448
41.4971
41.5382
41.5734
41.6045
41.6335
41.6616
41.6903
41.7203
41.7524
41.7869
41.8239
41.8637
41.9059
41.9507
41.9978
42.0473
42.099
42.1528
42.2088
42.2668
42.3267
42.3886
42.4524
42.5176
42.5844
42.6524
42.7213
42.7907
42.8603
42.9298
42.9989
43.0671
43.1341
43.1997
43.2635
43.3253
43.385
43.4424
43.4974
43.5501
43.6004
43.6486
43.6948
43.7391
43.7818
43.8231
43.8633
43.9027
43.9413
43.9794
44.0171
44.0543
44.091
44.1272
44.1626
44.1969
44.2297
44.2607
44.2892
44.3147
44.3362
44.3533
44.3647
44.3693
44.366
44.3534
44.3296
44.2928
44.2407
44.1707
44.0795
43.9633
27.0009
26.6261
26.2317
25.8182
25.3862
24.9359
24.4673
23.9805
23.4754
22.9517
22.4093
21.8478
21.2669
20.6668
20.0474
19.4095
18.7551
18.0881
17.4164
16.7562
16.1393
15.6264
15.318
15.3235
15.6704
16.271
17.0073
17.8023
18.6172
19.4329
20.2396
21.0326
21.8097
22.5699
23.3132
24.0397
24.7497
25.4438
26.1223
26.7858
27.4346
28.069
28.6895
29.2963
29.8895
30.4694
31.0362
31.5898
32.1303
32.6578
33.1723
33.6737
34.1618
34.6366
35.0979
35.5455
35.9791
36.3987
36.8038
37.1943
37.5698
37.93
38.2746
38.6033
38.9158
39.2118
39.491
39.7533
39.9984
40.2264
40.4371
40.6309
40.8079
40.9686
41.1136
41.2438
41.3601
41.4639
41.5565
41.6394
41.7142
41.7826
41.8461
41.9062
41.9641
42.0209
42.0774
42.1342
42.1918
42.2504
42.3102
42.3712
42.4334
42.4968
42.5615
42.6272
42.6942
42.7622
42.8313
42.9015
42.9726
43.0446
43.1174
43.1909
43.2646
43.3387
43.4128
43.4866
43.5599
43.6322
43.7035
43.7735
43.8418
43.9084
43.973
44.0355
44.0958
44.1538
44.2095
44.263
44.3144
44.3638
44.4113
44.4572
44.5014
44.5444
44.5861
44.6268
44.6667
44.7055
44.7435
44.7805
44.8163
44.8508
44.8838
44.9146
44.9431
44.9685
44.9904
45.0079
45.0202
45.0264
45.0252
45.0156
44.9958
44.9643
44.9191
44.8576
44.7773
44.6747
44.5459
26.8096
26.4306
26.032
25.6146
25.1785
24.7241
24.2514
23.7604
23.2509
22.7227
22.1755
21.6091
21.0232
20.4178
19.793
19.1498
18.4904
17.8192
17.1453
16.4871
15.8805
15.3936
15.1331
15.2004
15.5996
16.2286
16.9745
17.7691
18.5787
19.3864
20.1837
20.9665
21.733
22.4825
23.2149
23.9306
24.6299
25.3134
25.9815
26.6349
27.2737
27.8987
28.5099
29.1078
29.6927
30.2646
30.8239
31.3706
31.9049
32.4267
32.9361
33.4331
33.9176
34.3896
34.8489
35.2954
35.729
36.1494
36.5564
36.9499
37.3295
37.695
38.0462
38.3828
38.7046
39.0113
39.3027
39.5787
39.8392
40.084
40.3133
40.5273
40.726
40.9101
41.0799
41.2362
41.3799
41.5119
41.6335
41.7457
41.8499
41.9475
42.0396
42.1275
42.2122
42.2948
42.3757
42.4557
42.5352
42.6144
42.6937
42.773
42.8526
42.9323
43.0123
43.0925
43.173
43.2536
43.3346
43.4157
43.497
43.5784
43.6598
43.7411
43.8222
43.903
43.983
44.0623
44.1407
44.2179
44.2936
44.3678
44.4403
44.5108
44.5793
44.6456
44.7096
44.7714
44.831
44.8883
44.9434
44.9965
45.0475
45.0968
45.1443
45.1902
45.2348
45.2779
45.3196
45.3601
45.3992
45.4368
45.4728
45.507
45.5389
45.5684
45.5949
45.6179
45.6368
45.6508
45.659
45.6605
45.6542
45.6387
45.6125
45.5738
45.5205
45.4502
45.36
45.2464
45.1052
26.6176
26.2348
25.8326
25.4114
24.9717
24.5136
24.0372
23.5422
23.0287
22.4963
21.9448
21.3738
20.7831
20.1727
19.543
18.8948
18.2309
17.5561
16.881
16.2262
15.6328
15.1764
14.9683
15.0982
15.546
16.1998
16.9537
17.7475
18.552
19.3523
20.1408
20.9143
21.6711
22.4108
23.1334
23.8392
24.5288
25.2027
25.8614
26.5055
27.1354
27.7516
28.3545
28.9443
29.5214
30.086
30.6384
31.1786
31.7069
32.2233
32.7279
33.2206
33.7015
34.1706
34.6276
35.0727
35.5056
35.9262
36.3344
36.7299
37.1126
37.4823
37.8388
38.1818
38.5112
38.8267
39.1284
39.4159
39.6893
39.9485
40.1936
40.4248
40.6422
40.8462
41.0373
41.2161
41.3833
41.5397
41.6862
41.8238
41.9538
42.0769
42.1942
42.3069
42.4157
42.5214
42.6246
42.726
42.8258
42.9245
43.0222
43.1192
43.2154
43.311
43.4061
43.5006
43.5946
43.6882
43.7813
43.8737
43.9658
44.0571
44.1479
44.238
44.3272
44.4155
44.5027
44.5886
44.6733
44.7563
44.8377
44.9171
44.9947
45.0702
45.1434
45.2144
45.2831
45.3494
45.4134
45.4751
45.5345
45.5917
45.6468
45.6999
45.751
45.8003
45.8479
45.8937
45.9378
45.9803
46.0209
46.0596
46.0961
46.1305
46.1621
46.1907
46.2159
46.237
46.2535
46.2645
46.2693
46.2668
46.2558
46.235
46.2029
46.1574
46.0967
46.0179
45.9182
45.7939
45.6406
26.4236
26.0375
25.632
25.2077
24.7647
24.3033
23.8234
23.325
22.8077
22.2714
21.7158
21.1406
20.5455
19.9305
19.2961
18.6433
17.9753
17.2977
16.6223
15.9729
15.3957
14.9743
14.8226
15.0147
15.5074
16.1826
16.9428
17.7356
18.5351
19.3283
20.1088
20.8737
21.6216
22.3523
23.0658
23.7626
24.4433
25.1085
25.7586
26.3943
27.016
27.6242
28.2194
28.8018
29.3718
29.9297
30.4757
31.01
31.5327
32.044
32.544
33.0326
33.51
33.9761
34.4309
34.8743
35.3063
35.7267
36.1354
36.5324
36.9174
37.2903
37.6509
37.9992
38.3349
38.6579
38.9681
39.2653
39.5497
39.8211
40.0797
40.3256
40.559
40.7802
40.9895
41.1876
41.375
41.5524
41.7206
41.8803
42.0324
42.1779
42.3174
42.452
42.5822
42.7087
42.8321
42.953
43.0716
43.1883
43.3034
43.4168
43.5289
43.6398
43.7494
43.8578
43.9651
44.0713
44.1764
44.2804
44.3832
44.4849
44.5854
44.6847
44.7827
44.8791
44.9742
45.0676
45.1591
45.2488
45.3366
45.4222
45.5057
45.5869
45.6657
45.7421
45.816
45.8874
45.9565
46.023
46.0872
46.149
46.2086
46.2659
46.3211
46.3741
46.4252
46.4741
46.521
46.5658
46.6083
46.6486
46.6863
46.7212
46.753
46.7813
46.8057
46.8255
46.8402
46.8488
46.8507
46.8447
46.8296
46.8041
46.7665
46.7148
46.647
46.5602
46.4514
46.3167
46.1517
26.2264
25.8374
25.4291
25.002
24.5562
24.0919
23.609
23.1074
22.5868
22.047
21.4877
20.9085
20.3092
19.69
19.0512
18.3943
17.7227
17.0429
16.3684
15.7262
15.1686
14.7868
14.6949
14.9479
15.4812
16.1748
16.9401
17.7314
18.5261
19.3126
20.0857
20.8425
21.5822
22.3045
23.0097
23.6982
24.3708
25.0279
25.6702
26.2981
26.9123
27.5133
28.1014
28.677
29.2406
29.7923
30.3324
30.8611
31.3787
31.8853
32.3809
32.8657
33.3397
33.8029
34.2554
34.6971
35.128
35.5479
35.9569
36.3549
36.7416
37.1171
37.4811
37.8337
38.1746
38.5038
38.8212
39.1268
39.4205
39.7024
39.9725
40.231
40.478
40.7139
40.939
41.1537
41.3586
41.5541
41.7409
41.9197
42.0913
42.2563
42.4153
42.5691
42.7183
42.8635
43.0052
43.1436
43.2794
43.4126
43.5436
43.6725
43.7995
43.9247
44.048
44.1697
44.2898
44.4082
44.5251
44.6403
44.754
44.866
44.9764
45.085
45.192
45.297
45.4002
45.5014
45.6005
45.6975
45.7922
45.8845
45.9744
46.0619
46.1469
46.2292
46.3089
46.386
46.4606
46.5325
46.6019
46.6687
46.7331
46.795
46.8546
46.9117
46.9665
47.019
47.069
47.1166
47.1615
47.2038
47.243
47.2791
47.3115
47.3401
47.3641
47.3831
47.3965
47.4034
47.4029
47.3939
47.3753
47.3455
47.3029
47.2456
47.171
47.0766
46.9591
46.8143
46.6377
26.0244
25.6332
25.2226
24.7932
24.3451
23.8783
23.3928
22.8884
22.3649
21.822
21.2592
20.6764
20.0734
19.4501
18.8074
18.1468
17.472
16.7908
16.1185
15.4856
14.9512
14.6138
14.5842
14.8959
15.4656
16.1747
16.944
17.7335
18.5233
19.3036
20.0695
20.8188
21.5508
22.2653
22.9628
23.6438
24.3088
24.9584
25.5935
26.2144
26.8217
27.4159
27.9976
28.567
29.1246
29.6705
30.2053
30.729
31.2418
31.7439
32.2356
32.7167
33.1875
33.6481
34.0983
34.5383
34.968
35.3873
35.7963
36.1949
36.583
36.9605
37.3274
37.6835
38.0288
38.3633
38.6869
38.9995
39.3012
39.592
39.872
40.1413
40.4001
40.6487
40.8873
41.1164
41.3363
41.5475
41.7506
41.946
42.1344
42.3164
42.4925
42.6633
42.8294
42.9911
43.1491
43.3035
43.4548
43.6031
43.7488
43.892
44.0327
44.1712
44.3076
44.4418
44.574
44.7041
44.8322
44.9584
45.0825
45.2047
45.3248
45.4428
45.5587
45.6725
45.784
45.8933
46.0002
46.1047
46.2067
46.3061
46.4028
46.497
46.5884
46.677
46.763
46.8461
46.9265
47.0042
47.0791
47.1512
47.2207
47.2876
47.3518
47.4134
47.4724
47.5287
47.5822
47.633
47.6807
47.7253
47.7665
47.8041
47.8377
47.8669
47.8912
47.9099
47.9225
47.9281
47.9257
47.9142
47.8925
47.859
47.8119
47.7492
47.6685
47.5668
47.4408
47.2863
47.0983
25.8161
25.4232
25.011
24.5799
24.1299
23.6612
23.1735
22.6669
22.1408
21.5951
21.0294
20.4434
19.8369
19.21
18.5636
17.8997
17.2225
16.5406
15.8717
15.2506
14.7432
14.4548
14.4892
14.8566
15.4585
16.1807
16.9529
17.7403
18.5254
19.2996
20.0588
20.801
21.5258
22.2331
22.9233
23.5971
24.2551
24.898
25.5263
26.1406
26.7416
27.3297
27.9053
28.469
29.021
29.5618
30.0915
30.6105
31.119
31.6171
32.1049
32.5828
33.0506
33.5086
33.9566
34.3949
34.8234
35.2421
35.651
36.05
36.4391
36.8183
37.1875
37.5466
37.8957
38.2347
38.5635
38.8822
39.1908
39.4893
39.7778
40.0565
40.3255
40.585
40.8354
41.0768
41.3098
41.5345
41.7516
41.9615
42.1647
42.3616
42.5527
42.7385
42.9196
43.0962
43.2686
43.4374
43.6026
43.7647
43.9238
44.08
44.2335
44.3844
44.5328
44.6787
44.8222
44.9635
45.1023
45.2388
45.3731
45.505
45.6346
45.7618
45.8867
46.009
46.1289
46.2462
46.361
46.473
46.5825
46.6892
46.7929
46.894
46.9922
47.0873
47.1797
47.2691
47.3556
47.4392
47.5198
47.5976
47.6726
47.7446
47.8138
47.8801
47.9434
48.0038
48.0612
48.1153
48.1662
48.2135
48.2571
48.2967
48.3318
48.3621
48.387
48.4059
48.4181
48.4228
48.4191
48.4056
48.3813
48.3444
48.2932
48.2256
48.139
48.0304
47.8963
47.7322
47.533
25.5997
25.2058
24.7926
24.3604
23.9092
23.4391
22.9499
22.4414
21.9133
21.3653
20.797
20.2082
19.5986
18.9686
18.319
17.6522
16.973
16.2915
15.6275
15.0207
14.5446
14.3096
14.4086
14.828
15.4581
16.1912
16.9655
17.7505
18.531
19.2993
20.052
20.7875
21.5054
22.2059
22.8894
23.5566
24.208
24.8444
25.4664
26.0747
26.6697
27.2521
27.8222
28.3806
28.9276
29.4635
29.9886
30.5032
31.0076
31.502
31.9864
32.4611
32.9262
33.3817
33.8278
34.2645
34.6918
35.1098
35.5184
35.9177
36.3076
36.6882
37.0593
37.4211
37.7733
38.1162
38.4496
38.7735
39.0881
39.3933
39.6892
39.976
40.2539
40.5229
40.7834
41.0356
41.2799
41.5166
41.7459
41.9684
42.1845
42.3945
42.5988
42.7979
42.9921
43.1818
43.3673
43.5489
43.7268
43.9013
44.0725
44.2408
44.4059
44.5682
44.7277
44.8847
45.0388
45.1903
45.3394
45.4857
45.6295
45.7709
45.9095
46.0455
46.179
46.3097
46.4379
46.5632
46.6857
46.8054
46.9223
47.0362
47.1471
47.2551
47.36
47.4619
47.5608
47.6566
47.7493
47.839
47.9256
48.0092
48.0895
48.1669
48.2412
48.3124
48.3804
48.4451
48.5065
48.5644
48.6187
48.6691
48.7154
48.7572
48.7942
48.826
48.8519
48.8714
48.8836
48.8879
48.8831
48.8681
48.8415
48.8017
48.7468
48.6746
48.5825
48.4673
48.3253
48.1519
47.9417
25.3729
24.9789
24.5655
24.1329
23.6813
23.2105
22.7203
22.2107
21.6811
21.1314
20.561
19.9698
19.3576
18.7247
18.0724
17.4033
16.7229
16.0426
15.3852
14.7956
14.3551
14.1774
14.3409
14.8082
15.4627
16.2049
16.9805
17.7628
18.5386
19.3013
20.0478
20.7769
21.4883
22.1823
22.8594
23.5203
24.1655
24.7959
25.4121
26.0147
26.6042
27.1812
27.7462
28.2996
28.8419
29.3732
29.8941
30.4048
30.9054
31.3962
31.8774
32.3492
32.8117
33.265
33.7092
34.1444
34.5706
34.9878
35.3962
35.7957
36.1863
36.568
36.9408
37.3048
37.6598
38.006
38.3434
38.6719
38.9917
39.3027
39.6051
39.899
40.1846
40.4619
40.7313
40.9929
41.2471
41.494
41.7341
41.9677
42.1951
42.4166
42.6326
42.8434
43.0494
43.2508
43.448
43.6411
43.8304
44.0162
44.1985
44.3776
44.5535
44.7263
44.8961
45.063
45.2271
45.3883
45.5467
45.7024
45.8553
46.0054
46.1527
46.2974
46.4391
46.578
46.714
46.847
46.9772
47.1044
47.2285
47.3497
47.4676
47.5826
47.6943
47.8029
47.9083
48.0104
48.1095
48.2053
48.2978
48.3871
48.4732
48.5561
48.6356
48.7118
48.7845
48.8537
48.9193
48.9812
49.0391
49.0928
49.142
49.1864
49.2256
49.259
49.2864
49.3067
49.3194
49.3236
49.3181
49.3019
49.2734
49.231
49.1727
49.0963
48.9989
48.8774
48.7277
48.5452
48.3242
25.1332
24.7401
24.3275
23.8955
23.4442
22.9734
22.4832
21.973
21.4427
20.8917
20.3199
19.7268
19.1125
18.4774
17.8228
17.1519
16.471
15.7931
15.1442
14.575
14.1747
14.0578
14.2844
14.7953
15.4708
16.2203
16.9964
17.776
18.5471
19.3042
20.0448
20.7677
21.4729
22.1607
22.8317
23.4866
24.1261
24.7508
25.3614
25.9586
26.543
27.115
27.6752
28.224
28.7618
29.289
29.8059
30.3128
30.8099
31.2975
31.7758
32.2449
32.705
33.1562
33.5986
34.0323
34.4575
34.874
35.2821
35.6817
36.0728
36.4555
36.8298
37.1957
37.5532
37.9023
38.2432
38.5757
38.9
39.2162
39.5243
39.8244
40.1167
40.4014
40.6786
40.9484
41.2113
41.4674
41.7168
41.9601
42.1975
42.4292
42.6555
42.8767
43.0932
43.3051
43.5127
43.7162
43.9158
44.1118
44.3041
44.4931
44.6788
44.8613
45.0406
45.2168
45.39
45.5602
45.7276
45.8919
46.0533
46.2118
46.3674
46.52
46.6696
46.8163
46.9599
47.1006
47.2381
47.3725
47.5038
47.6319
47.7568
47.8785
47.9969
48.1121
48.2239
48.3325
48.4378
48.5396
48.6381
48.7333
48.8251
48.9133
48.9981
49.0793
49.157
49.2308
49.3008
49.3666
49.4283
49.4854
49.5378
49.585
49.6266
49.6621
49.691
49.7125
49.7259
49.7303
49.7245
49.7073
49.6772
49.6325
49.5712
49.4908
49.3884
49.2608
49.1037
48.9122
48.6804
24.8775
24.4865
24.0758
23.6455
23.1955
22.7259
22.2363
21.7265
21.1961
20.6448
20.0721
19.4779
18.862
18.2253
17.5691
16.8971
16.2165
15.5422
14.9039
14.3586
14.0032
13.9496
14.2372
14.7872
15.4806
16.236
17.0122
17.7886
18.5551
19.3068
20.0416
20.7585
21.4578
22.1397
22.8049
23.454
24.0879
24.7073
25.3126
25.9048
26.4843
27.0516
27.6072
28.1517
28.6854
29.2087
29.7219
30.2253
30.7191
31.2037
31.6792
32.1458
32.6037
33.0529
33.4937
33.9261
34.3503
34.7662
35.1739
35.5736
35.9651
36.3487
36.7242
37.0918
37.4515
37.8033
38.1472
38.4833
38.8117
39.1324
39.4455
39.7511
40.0494
40.3405
40.6245
40.9017
41.1722
41.4363
41.6942
41.9461
42.1923
42.4329
42.6684
42.8989
43.1247
43.346
43.563
43.7759
43.9849
44.19
44.3916
44.5896
44.7842
44.9755
45.1636
45.3484
45.5301
45.7087
45.8842
46.0566
46.2261
46.3925
46.5557
46.716
46.8732
47.0272
47.1781
47.326
47.4706
47.612
47.7502
47.8851
48.0167
48.145
48.27
48.3916
48.5097
48.6246
48.7359
48.8438
48.9482
49.0491
49.1464
49.2402
49.3302
49.4165
49.499
49.5775
49.6519
49.7219
49.7875
49.8482
49.9038
49.9539
49.9981
50.0359
50.0666
50.0895
50.1038
50.1086
50.1027
50.0848
50.0534
50.0066
49.9424
49.8583
49.7512
49.6176
49.4532
49.2529
49.0104
24.6018
24.2144
23.807
23.3797
22.9325
22.4651
21.9773
21.4689
20.9395
20.3886
19.816
19.2213
18.6047
17.9669
17.3098
16.6374
15.9582
15.289
14.6635
14.146
13.8401
13.8517
14.1973
14.7821
15.4907
16.2507
17.0263
17.7994
18.5613
19.3077
20.0367
20.7479
21.4414
22.1176
22.7772
23.4209
24.0494
24.6636
25.264
25.8513
26.4262
26.989
27.5405
28.0809
28.6107
29.1302
29.64
30.1401
30.6309
31.1127
31.5856
32.0499
32.5057
32.9532
33.3924
33.8236
34.2468
34.6621
35.0695
35.4692
35.8612
36.2455
36.6222
36.9913
37.3529
37.707
38.0537
38.393
38.725
39.0497
39.3673
39.6778
39.9814
40.2782
40.5683
40.852
41.1294
41.4006
41.6658
41.9253
42.1794
42.4282
42.6719
42.9107
43.1449
43.3746
43.6001
43.8214
44.0388
44.2524
44.4622
44.6685
44.8714
45.0708
45.2668
45.4596
45.6492
45.8356
46.0188
46.1988
46.3757
46.5494
46.7201
46.8875
47.0518
47.2129
47.3708
47.5254
47.6768
47.825
47.9697
48.1112
48.2493
48.384
48.5153
48.6431
48.7675
48.8883
49.0057
49.1195
49.2296
49.3362
49.439
49.5381
49.6334
49.7248
49.812
49.8952
49.974
50.0482
50.1177
50.1821
50.241
50.2942
50.3411
50.3812
50.4139
50.4384
50.4538
50.4592
50.4534
50.435
50.4024
50.3538
50.287
50.1993
50.0876
49.9482
49.7767
49.5675
49.3143
24.3011
23.9192
23.517
23.0944
22.6513
22.1877
21.7032
21.1975
20.6702
20.1209
19.5493
18.9552
18.3387
17.7007
17.0435
16.3717
15.6948
15.0323
14.4224
13.9368
13.6848
13.7626
14.1626
14.7779
15.4992
16.2628
17.0372
17.8069
18.5641
19.3052
20.0287
20.7342
21.4221
22.0927
22.7469
23.3854
24.0088
24.6181
25.2137
25.7965
26.3669
26.9255
27.4729
28.0095
28.5356
29.0518
29.5582
30.0553
30.5433
31.0225
31.493
31.9551
32.409
32.8548
33.2926
33.7227
34.145
34.5597
34.9669
35.3666
35.7589
36.144
36.5217
36.8922
37.2555
37.6117
37.9609
38.303
38.6382
38.9666
39.2882
39.6031
39.9115
40.2134
40.509
40.7984
41.0818
41.3594
41.6314
41.8977
42.1588
42.4149
42.6659
42.9123
43.1541
43.3913
43.6244
43.8534
44.0785
44.2998
44.5173
44.7312
44.9415
45.1484
45.3519
45.5521
45.7489
45.9425
46.1329
46.32
46.5039
46.6846
46.8621
47.0363
47.2073
47.3751
47.5395
47.7007
47.8585
48.0131
48.1642
48.3119
48.4563
48.5971
48.7346
48.8684
48.9988
49.1255
49.2487
49.3681
49.4839
49.5959
49.7042
49.8086
49.9089
50.0052
50.0974
50.185
50.2682
50.3467
50.4201
50.4882
50.5505
50.6068
50.6565
50.6991
50.7338
50.76
50.7767
50.7828
50.7772
50.7585
50.725
50.6747
50.6053
50.5142
50.398
50.2529
50.0743
49.8564
49.5926
23.9688
23.5949
23.2
22.7842
22.3474
21.8894
21.4099
20.9085
20.3849
19.8387
19.2694
18.677
18.0618
17.4247
16.7683
16.0981
15.425
14.771
14.1796
13.7304
13.5365
13.6804
14.1307
14.7726
15.5045
16.2706
17.0435
17.8095
18.5619
19.2978
20.0158
20.7158
21.3981
22.0634
22.7123
23.3457
23.9643
24.5688
25.1599
25.7382
26.3044
26.8591
27.4026
27.9355
28.4582
28.9711
29.4745
29.9688
30.4541
30.9309
31.3992
31.8593
32.3114
32.7557
33.1922
33.6213
34.0428
34.457
34.8639
35.2637
35.6564
36.042
36.4207
36.7925
37.1574
37.5156
37.867
38.2117
38.5499
38.8816
39.2068
39.5257
39.8383
40.1448
40.4454
40.74
41.029
41.3122
41.5901
41.8627
42.1302
42.3927
42.6504
42.9035
43.1522
43.3963
43.6365
43.8725
44.1046
44.3329
44.5574
44.7783
44.9956
45.2094
45.4198
45.6268
45.8304
46.0307
46.2278
46.4215
46.6119
46.7991
46.983
47.1637
47.3411
47.5151
47.6859
47.8532
48.0172
48.1779
48.3351
48.4888
48.6392
48.7859
48.9292
49.0689
49.2049
49.3374
49.4661
49.5912
49.7124
49.8298
49.9433
50.0528
50.1582
50.2593
50.3561
50.4484
50.5358
50.6184
50.6958
50.7675
50.8333
50.8927
50.9453
50.9904
51.0273
51.0552
51.0732
51.0802
51.075
51.0561
51.0217
50.9698
50.898
50.8036
50.683
50.5323
50.3466
50.12
49.8452
23.5962
23.2334
22.8489
22.4427
22.0148
21.5648
21.0925
20.5976
20.0796
19.5381
18.9729
18.3838
17.7711
17.1362
16.4821
15.8148
15.1469
14.5036
13.9342
13.5261
13.3938
13.6028
14.0991
14.7638
15.5045
16.2722
17.0431
17.8052
18.5529
19.2834
19.996
20.6906
21.3675
22.0276
22.6714
23.2998
23.9136
24.5135
25.1002
25.6744
26.2366
26.7875
27.3274
27.8569
28.3764
28.8862
29.3867
29.8783
30.3612
30.8357
31.302
31.7603
32.2108
32.6536
33.0891
33.5171
33.938
34.3518
34.7585
35.1584
35.5514
35.9377
36.3173
36.6903
37.0567
37.4166
37.7701
38.1173
38.4582
38.7929
39.1214
39.4439
39.7605
40.0712
40.3762
40.6756
40.9694
41.258
41.5414
41.8195
42.0928
42.3613
42.625
42.8843
43.1392
43.3898
43.6362
43.8786
44.1172
44.3519
44.5829
44.8103
45.0339
45.2542
45.471
45.6843
45.8943
46.1009
46.3042
46.5041
46.7008
46.8941
47.0842
47.2709
47.4543
47.6343
47.8109
47.9842
48.1542
48.3206
48.4836
48.6431
48.7992
48.9516
49.1004
49.2458
49.3874
49.5252
49.6595
49.7898
49.9163
50.0389
50.1575
50.2719
50.3822
50.4881
50.5894
50.6862
50.778
50.8646
50.9458
51.0212
51.0904
51.153
51.2084
51.256
51.2951
51.3248
51.3442
51.3522
51.3474
51.3283
51.2931
51.2397
51.1656
51.0679
50.943
50.7867
50.594
50.3585
50.073
