50.8052
51.5421
52.1532
52.6595
53.078
53.4222
53.7029
53.9291
54.1081
54.2461
54.3481
54.4185
54.461
54.4786
54.4741
54.4498
54.4076
54.3494
54.2765
54.1903
54.0921
53.9827
53.8631
53.734
53.5962
53.4503
53.2968
53.1363
52.9691
52.7957
52.6163
52.4314
52.2412
52.0459
51.8458
51.641
51.4319
51.2184
51.0009
50.7794
50.554
50.3249
50.0921
49.8558
49.6161
49.3729
49.1264
48.8766
48.6236
48.3674
48.108
47.8456
47.5801
47.3116
47.04
46.7655
46.4879
46.2074
45.9239
45.6375
45.348
45.0557
44.7603
44.462
44.1606
43.8563
43.549
43.2386
42.9251
42.6086
42.2889
41.9661
41.6401
41.3109
40.9784
40.6427
40.3035
39.961
39.615
39.2654
38.9123
38.5555
38.195
37.8307
37.4625
37.0903
36.7141
36.3338
35.9491
35.5601
35.1667
34.7686
34.3658
33.9581
33.5455
33.1276
32.7045
32.2758
31.8414
31.4011
30.9547
30.5021
30.0428
29.5767
29.1032
28.6226
28.1341
27.6376
27.1326
26.6185
26.0952
25.5622
25.0188
24.4642
23.8982
23.3201
22.7286
22.1236
21.5035
20.868
20.2153
19.545
18.8551
18.1452
17.4135
16.6599
15.8838
15.0875
14.2755
13.4609
12.6719
11.9659
11.4476
11.2459
11.4185
11.8905
12.5275
13.2271
13.9355
14.6278
15.2928
15.926
16.5264
17.0939
17.6289
18.1318
18.6043
19.0463
19.4584
19.8417
20.1962
50.9351
51.6474
52.2385
52.7285
53.1336
53.4668
53.7385
53.9572
54.13
54.263
54.3609
54.428
54.4678
54.4834
54.4774
54.4519
54.409
54.3502
54.2772
54.1911
54.0931
53.9841
53.8651
53.7368
53.5998
53.4549
53.3024
53.143
52.977
52.8048
52.6267
52.4431
52.2543
52.0604
51.8617
51.6584
51.4507
51.2388
51.0227
50.8027
50.5788
50.3512
50.1199
49.8851
49.6468
49.4051
49.1601
48.9117
48.6602
48.4054
48.1475
47.8865
47.6224
47.3553
47.0851
46.8119
46.5357
46.2565
45.9743
45.6892
45.401
45.1099
44.8158
44.5187
44.2185
43.9154
43.6092
43.3
42.9877
42.6722
42.3537
42.0319
41.707
41.3788
41.0473
40.7125
40.3743
40.0327
39.6875
39.3389
38.9866
38.6306
38.2709
37.9073
37.5398
37.1683
36.7928
36.413
36.0289
35.6404
35.2473
34.8496
34.4474
34.04
33.6275
33.2098
32.7867
32.358
31.9236
31.4831
31.0365
30.5835
30.1237
29.6567
29.1828
28.7013
28.2119
27.7143
27.208
26.6924
26.1675
25.6326
25.0871
24.5303
23.9619
23.3809
22.7864
22.1781
21.5547
20.9149
20.2583
19.583
18.8885
18.1731
17.4363
16.6769
15.8959
15.0947
14.2806
13.4676
12.6886
12.01
11.544
11.4156
11.6589
12.1785
12.842
13.5569
14.2763
14.9788
15.655
16.3008
16.9158
17.4998
18.0531
18.5769
19.0719
19.5387
19.978
20.3908
20.7769
51.0492
51.7377
52.3094
52.7836
53.1757
53.4982
53.761
53.9724
54.1392
54.2672
54.3612
54.425
54.4623
54.4759
54.4683
54.4418
54.3981
54.3389
54.2657
54.1797
54.082
53.9735
53.8551
53.7275
53.5914
53.4474
53.296
53.1377
52.9729
52.8019
52.6252
52.4429
52.2554
52.0629
51.8657
51.6638
51.4576
51.2471
51.0325
50.814
50.5916
50.3654
50.1356
49.9023
49.6654
49.4252
49.1816
48.9347
48.6846
48.4312
48.1747
47.9151
47.6523
47.3865
47.1177
46.8458
46.5708
46.2929
46.012
45.728
45.4411
45.1511
44.8582
44.5622
44.2632
43.9612
43.6561
43.3479
43.0366
42.7221
42.4045
42.0838
41.7597
41.4324
41.1018
40.7679
40.4305
40.0897
39.7453
39.3974
39.0458
38.6905
38.3314
37.9684
37.6015
37.2306
36.8554
36.4761
36.0924
35.7043
35.3116
34.9141
34.5118
34.1045
33.6921
33.2743
32.8511
32.4223
31.9875
31.5467
31.0997
30.646
30.1856
29.7181
29.2433
28.7608
28.2702
27.7713
27.2635
26.7463
26.2196
25.6827
25.1351
24.5761
24.0048
23.421
22.8237
22.2116
21.5846
20.9412
20.28
19.6005
18.9008
18.1806
17.4382
16.6741
15.8878
15.0832
14.267
13.4575
12.6913
12.0435
11.635
11.581
11.8904
12.4519
13.1373
13.8639
14.591
15.3004
15.9836
16.6384
17.2633
17.8588
18.4253
18.9639
19.4751
19.96
20.4188
20.8526
21.2617
51.1472
51.8127
52.3656
52.8245
53.2039
53.5159
53.7701
53.9744
54.1355
54.2587
54.3487
54.4095
54.4442
54.4559
54.4469
54.4193
54.3749
54.3154
54.2421
54.1562
54.0588
53.9508
53.833
53.7062
53.571
53.428
53.2777
53.1206
52.957
52.7873
52.6119
52.431
52.2449
52.0538
51.858
51.6576
51.4528
51.2438
51.0308
50.8137
50.5928
50.3681
50.1398
49.908
49.6726
49.4338
49.1916
48.9462
48.6974
48.4455
48.1903
47.932
47.6706
47.4061
47.1386
46.8679
46.5943
46.3176
46.0378
45.755
45.4693
45.1804
44.8886
44.5937
44.2958
43.9947
43.6907
43.3834
43.0731
42.7596
42.4429
42.123
41.7998
41.4734
41.1436
40.8104
40.4737
40.1336
39.7899
39.4426
39.0916
38.7369
38.3784
38.0159
37.6494
37.2789
36.9041
36.5251
36.1417
35.7538
35.3612
34.9638
34.5617
34.1544
33.7419
33.324
32.9006
32.4714
32.0363
31.595
31.1474
30.6931
30.2319
29.7635
29.2876
28.804
28.3122
27.8118
27.3025
26.7838
26.255
25.716
25.1661
24.6046
24.0309
23.444
22.8435
22.2283
21.5973
20.95
20.2849
19.6006
18.8966
18.1712
17.4242
16.6546
15.8642
15.0558
14.2392
13.434
12.6838
12.0718
11.7245
11.7454
12.1161
12.7142
13.4172
14.1526
14.8852
15.5989
16.2869
16.9472
17.579
18.1825
18.7582
19.3072
19.8302
20.3281
20.8012
21.2506
21.6764
51.2287
51.872
52.4067
52.8506
53.2178
53.5196
53.7655
53.9629
54.1183
54.2368
54.3231
54.3809
54.4133
54.4231
54.4127
54.3842
54.3392
54.2794
54.206
54.1203
54.0233
53.9159
53.7988
53.6729
53.5386
53.3967
53.2475
53.0916
52.9293
52.761
52.5869
52.4074
52.2228
52.0332
51.8389
51.64
51.4368
51.2293
51.0178
50.8022
50.5829
50.3597
50.1329
49.9026
49.6687
49.4313
49.1906
48.9466
48.6993
48.4487
48.195
47.938
47.678
47.4148
47.1485
46.8791
46.6067
46.3312
46.0526
45.771
45.4864
45.1987
44.9079
44.614
44.3171
44.0171
43.714
43.4077
43.0983
42.7857
42.4699
42.1508
41.8284
41.5027
41.1736
40.8412
40.5052
40.1657
39.8227
39.4759
39.1255
38.7713
38.4132
38.0511
37.685
37.3148
36.9404
36.5616
36.1784
35.7906
35.3982
35.0009
34.5986
34.1912
33.7785
33.3604
32.9369
32.5074
32.0718
31.6299
31.1816
30.7266
30.2645
29.7952
29.3183
28.8334
28.3402
27.8384
27.3275
26.807
26.2762
25.7352
25.183
24.619
24.0426
23.453
22.8491
22.2306
21.5963
20.9447
20.2755
19.5872
18.8782
18.1484
17.3962
16.6223
15.8278
15.0165
14.2001
13.401
12.6695
12.098
11.8162
11.9106
12.3377
12.9672
13.6847
14.4267
15.1627
15.8791
16.5698
17.2336
17.8698
18.4786
19.0607
19.6171
20.1485
20.6558
21.1391
21.5998
22.0382
51.2932
51.9149
52.432
52.8615
53.2168
53.5088
53.7465
53.9372
54.0871
54.2013
54.2839
54.3388
54.369
54.3771
54.3655
54.3361
54.2906
54.2306
54.1573
54.0719
53.9753
53.8685
53.7523
53.6273
53.4941
53.3533
53.2054
53.0508
52.8898
52.7229
52.5503
52.3723
52.1892
52.0012
51.8084
51.6112
51.4095
51.2037
50.9937
50.7798
50.562
50.3404
50.1152
49.8864
49.654
49.4182
49.179
48.9364
48.6906
48.4414
48.1891
47.9335
47.6748
47.413
47.148
46.8799
46.6087
46.3344
46.057
45.7766
45.4931
45.2064
44.9168
44.624
44.3281
44.029
43.7268
43.4215
43.113
42.8012
42.4862
42.168
41.8464
41.5214
41.1931
40.8613
40.5259
40.1871
39.8446
39.4984
39.1485
38.7947
38.437
38.0754
37.7097
37.3397
36.9656
36.587
36.2039
35.8163
35.4239
35.0265
34.6244
34.2169
33.804
33.3856
32.9615
32.5315
32.0957
31.6532
31.2042
30.7484
30.2855
29.8151
29.3371
28.851
28.3565
27.8531
27.3406
26.8183
26.2859
25.7424
25.1879
24.6215
24.0424
23.4499
22.8432
22.221
21.5831
20.9281
20.2545
19.5619
18.8488
18.114
17.3575
16.5792
15.7803
14.9672
14.1513
13.3608
12.6511
12.125
11.912
12.0782
12.5563
13.2126
13.9418
14.6886
15.4266
16.1438
16.8362
17.5019
18.1407
18.7529
19.339
19.9005
20.4378
20.9518
21.4428
21.9118
22.3589
51.3401
51.9409
52.441
52.8564
53.2001
53.4826
53.7125
53.8968
54.0414
54.1513
54.2305
54.2827
54.3108
54.3173
54.3046
54.2745
54.2286
54.1685
54.0954
54.0104
53.9145
53.8084
53.6931
53.5691
53.4371
53.2976
53.151
52.9978
52.8383
52.6729
52.5019
52.3256
52.1441
51.9577
51.7666
51.571
51.3711
51.1669
50.9586
50.7464
50.5303
50.3104
50.0868
49.8596
49.6288
49.3946
49.157
48.9159
48.6716
48.4239
48.173
47.9189
47.6616
47.4011
47.1374
46.8707
46.6007
46.3277
46.0515
45.7723
45.4899
45.2044
44.9158
44.6241
44.3292
44.0311
43.7299
43.4255
43.1179
42.807
42.4928
42.1754
41.8545
41.5303
41.2027
40.8715
40.5369
40.1986
39.8567
39.511
39.1616
38.8083
38.451
38.0897
37.7243
37.3547
36.9808
36.6024
36.2195
35.8319
35.4397
35.0423
34.6399
34.2322
33.8193
33.4007
32.9762
32.5458
32.1092
31.6662
31.2167
30.7601
30.2962
29.8249
29.3457
28.8584
28.3625
27.8577
27.3435
26.8195
26.2851
25.7398
25.183
24.6138
24.0321
23.4367
22.827
22.2018
21.5601
20.9013
20.2241
19.5273
18.8095
18.0705
17.3095
16.5265
15.7246
14.9093
14.0959
13.3154
12.6315
12.1556
12.0138
12.2493
12.7728
13.4518
14.1903
14.9404
15.6792
16.3966
17.0892
17.7556
18.3956
19.0094
19.5984
20.1632
20.7046
21.2232
21.7196
22.1944
22.648
51.3685
51.9492
52.4328
52.8346
53.1671
53.4404
53.6628
53.8409
53.9804
54.0862
54.1622
54.2118
54.238
54.2431
54.2294
54.1987
54.1527
54.0926
54.0198
53.9354
53.8402
53.7351
53.6208
53.498
53.3673
53.2292
53.0841
52.9324
52.7745
52.6108
52.4415
52.2669
52.0871
51.9026
51.7133
51.5195
51.3213
51.119
50.9125
50.702
50.4877
50.2695
50.0477
49.8222
49.5932
49.3606
49.1246
48.8852
48.6425
48.3964
48.147
47.8944
47.6385
47.3794
47.1172
46.8517
46.5832
46.3114
46.0365
45.7585
45.4773
45.1929
44.9055
44.6148
44.321
44.0239
43.7237
43.4203
43.1135
42.8035
42.4902
42.1736
41.8535
41.5301
41.2031
40.8727
40.5387
40.201
39.8596
39.5145
39.1656
38.8128
38.4559
38.095
37.73
37.3607
36.987
36.6088
36.2261
35.8387
35.4463
35.0489
34.6466
34.2388
33.8255
33.4066
32.982
32.5512
32.114
31.6704
31.22
30.7626
30.2982
29.8258
29.3456
28.857
28.3598
27.8535
27.3377
26.8119
26.2756
25.7282
25.1692
24.5979
24.0135
23.4151
22.8023
22.1739
21.529
20.8666
20.1851
19.4842
18.7624
18.0191
17.2533
16.4666
15.6615
14.8451
14.035
13.2665
12.6127
12.1915
12.1228
12.4236
12.9878
13.6857
14.4315
15.1836
15.9223
16.639
17.331
17.9971
18.6369
19.2518
19.8423
20.4091
20.953
21.4743
21.9743
22.4533
22.9114
51.3779
51.939
52.4065
52.7952
53.1169
53.3813
53.5964
53.7685
53.9033
54.0052
54.0781
54.1254
54.1498
54.1537
54.1392
54.1081
54.062
54.0022
53.9299
53.8461
53.7518
53.6478
53.5347
53.4133
53.2841
53.1475
53.004
52.8541
52.698
52.5361
52.3686
52.1959
52.0181
51.8354
51.6481
51.4563
51.2601
51.0596
50.8551
50.6466
50.4341
50.2179
49.9979
49.7743
49.5471
49.3163
49.0821
48.8444
48.6033
48.3589
48.1111
47.8601
47.6057
47.3482
47.0874
46.8234
46.5562
46.2858
46.0122
45.7355
45.4555
45.1724
44.8861
44.5965
44.3038
44.0078
43.7086
43.4062
43.1004
42.7913
42.4789
42.1631
41.8439
41.5212
41.195
40.8653
40.5319
40.1949
39.8542
39.5096
39.1612
38.8088
38.4525
38.092
37.7273
37.3583
36.9849
36.607
36.2244
35.837
35.4447
35.0476
34.645
34.2371
33.8239
33.4047
32.9796
32.5486
32.111
31.6668
31.2158
30.7576
30.292
29.819
29.3377
28.848
28.3494
27.8417
27.3243
26.7968
26.2586
25.7092
25.148
24.5743
23.9874
23.3865
22.7707
22.1389
21.4906
20.8245
20.1395
19.4346
18.7082
17.9605
17.1909
16.4004
15.592
14.7755
13.9699
13.2163
12.5966
12.235
12.2398
12.6018
13.2014
13.9152
14.6665
15.4195
16.1574
16.8726
17.5633
18.228
18.8676
19.4825
20.0734
20.6407
21.186
21.7095
22.2118
22.6934
23.1546
51.3671
51.9093
52.3613
52.7372
53.0485
53.3043
53.5123
53.6788
53.8089
53.9072
53.9773
54.0224
54.0452
54.0481
54.033
54.0017
53.9557
53.8963
53.8247
53.7418
53.6486
53.5458
53.4342
53.3143
53.1867
53.0519
52.9102
52.7622
52.6081
52.4482
52.2828
52.1121
51.9364
51.7559
51.5707
51.381
51.1869
50.9886
50.7862
50.5797
50.3694
50.1552
49.9372
49.7156
49.4903
49.2615
49.0291
48.7933
48.554
48.3114
48.0653
47.816
47.5633
47.3074
47.0481
46.7857
46.5199
46.251
45.9788
45.7034
45.4248
45.1429
44.8579
44.5695
44.278
43.9831
43.685
43.3836
43.0788
42.7707
42.4592
42.1443
41.826
41.5041
41.1787
40.8497
40.5171
40.1808
39.8407
39.4967
39.1489
38.7971
38.4412
38.0812
37.7169
37.3483
36.9752
36.5975
36.2152
35.8281
35.4359
35.0387
34.6363
34.2283
33.8147
33.3956
32.9702
32.5386
32.1009
31.6562
31.2045
30.7457
30.2793
29.8054
29.3231
28.8322
28.3324
27.8233
27.3044
26.7752
26.2352
25.6838
25.1205
24.5445
23.955
23.3514
22.7327
22.0981
21.4464
20.7768
20.0877
19.3787
18.6486
17.8966
17.1229
16.3283
15.5179
14.7016
13.9016
13.1662
12.5851
12.2872
12.3651
12.7836
13.4141
14.1408
14.8961
15.6492
16.3852
17.0989
17.7877
18.4508
19.0892
19.7032
20.2934
20.8612
21.4069
21.9312
22.4347
22.9176
23.3806
51.3353
51.8591
52.2961
52.6597
52.9608
53.2084
53.4096
53.5706
53.6964
53.7913
53.8587
53.9019
53.9233
53.9254
53.9099
53.8785
53.8328
53.7741
53.7033
53.6215
53.5296
53.4283
53.3183
53.2001
53.0744
52.9415
52.802
52.656
52.5041
52.3464
52.1833
52.0149
51.8415
51.6633
51.4805
51.2931
51.1014
50.9054
50.7053
50.5011
50.293
50.081
49.8653
49.6458
49.4227
49.1959
48.9656
48.7318
48.4945
48.2537
48.0096
47.762
47.5111
47.2569
46.9994
46.7386
46.4744
46.207
45.9363
45.6624
45.3852
45.1047
44.8209
44.5339
44.2436
43.9499
43.653
43.3527
43.049
42.7419
42.4315
42.1175
41.8001
41.4791
41.1546
40.8264
40.4946
40.159
39.8196
39.4763
39.1291
38.7779
38.4226
38.063
37.6992
37.331
36.9584
36.5811
36.199
35.8121
35.4201
35.0231
34.6206
34.2129
33.7992
33.3797
32.9544
32.5225
32.0842
31.6393
31.1871
30.7276
30.2606
29.7855
29.3025
28.8106
28.3096
27.7992
27.2788
26.748
26.2062
25.653
25.0875
24.5092
23.9173
23.311
22.6895
22.0517
21.3968
20.7236
20.0311
19.3182
18.584
17.8275
17.0498
16.2522
15.4397
14.6241
13.8321
13.1177
12.5798
12.3493
12.4989
12.9688
13.6259
14.3631
15.1211
15.8736
16.6076
17.3189
18.0049
18.6663
19.303
19.9153
20.5048
21.072
21.6174
22.1415
22.6454
23.1291
23.593
51.2814
51.7874
52.2098
52.5615
52.8528
53.0924
53.2871
53.4429
53.5646
53.6562
53.7212
53.7626
53.7829
53.7843
53.7686
53.7375
53.6923
53.6343
53.5647
53.4842
53.3938
53.2942
53.186
53.0699
52.9462
52.8156
52.6783
52.5347
52.3852
52.23
52.0693
51.9035
51.7327
51.5571
51.3768
51.192
51.0028
50.8094
50.6118
50.4101
50.2045
49.995
49.7817
49.5645
49.3437
49.1192
48.8912
48.6595
48.4243
48.1857
47.9436
47.698
47.4491
47.1967
46.941
46.6819
46.4195
46.1538
45.8847
45.6124
45.3367
45.0577
44.7753
44.4897
44.2007
43.9084
43.6126
43.3136
43.0111
42.7051
42.3957
42.0828
41.7664
41.4464
41.1228
40.7956
40.4646
40.1298
39.7912
39.4487
39.1022
38.7516
38.3969
38.038
37.6747
37.3071
36.9348
36.558
36.1763
35.7896
35.3981
35.0011
34.599
34.1911
33.7777
33.3581
32.9325
32.5006
32.062
31.6165
31.1641
30.7041
30.2364
29.7606
29.2767
28.7838
28.2817
27.77
27.2482
26.7159
26.1728
25.6176
25.0501
24.4696
23.8753
23.2665
22.6421
22.0014
21.3432
20.6665
19.9699
19.2531
18.5149
17.7547
16.9731
16.1723
15.3578
14.5445
13.7621
13.0722
12.5827
12.4223
12.641
13.1574
13.837
14.5825
15.3421
16.0933
16.8249
17.5334
18.2168
18.8757
19.5098
20.1207
20.7087
21.2744
21.819
22.3428
22.8463
23.3297
23.7936
51.2044
51.6931
52.1013
52.4414
52.7233
52.9551
53.1436
53.2944
53.4121
53.5008
53.5636
53.6035
53.6228
53.6237
53.608
53.5773
53.5329
53.476
53.4076
53.3287
53.24
53.1424
53.0363
52.9223
52.8011
52.6729
52.5381
52.3972
52.2503
52.0979
51.94
51.777
51.609
51.4362
51.2588
51.0768
50.8905
50.6999
50.5051
50.3062
50.1033
49.8964
49.6857
49.4712
49.2529
49.031
48.8053
48.5761
48.3432
48.1069
47.8669
47.6236
47.3767
47.1264
46.8727
46.6156
46.355
46.0911
45.8238
45.5532
45.2791
45.0017
44.721
44.4368
44.1493
43.8583
43.564
43.2662
42.965
42.6603
42.3521
42.0404
41.7251
41.4061
41.0836
40.7573
40.4272
40.0934
39.7557
39.414
39.0683
38.7185
38.3645
38.0063
37.6437
37.2766
36.9049
36.5286
36.1473
35.7612
35.3698
34.9734
34.5713
34.1638
33.7503
33.3311
32.9053
32.4732
32.0346
31.5889
31.1361
30.6757
30.2074
29.7309
29.2463
28.7524
28.2493
27.7365
27.2134
26.6799
26.1348
25.5779
25.0085
24.4258
23.8292
23.2177
22.5906
21.9469
21.2855
20.6054
19.9055
19.1849
18.4426
17.6785
16.8931
16.0889
15.2738
14.4635
13.6928
13.0309
12.5949
12.5065
12.7912
13.3489
14.0475
14.7995
15.5598
16.3091
17.0379
17.7429
18.4237
19.0798
19.7115
20.3201
20.9059
21.4703
22.0135
22.5359
23.0386
23.5214
23.9848
51.1031
51.575
51.9695
52.2983
52.571
52.7953
52.9779
53.1239
53.2379
53.3237
53.3845
53.4231
53.4417
53.4423
53.4269
53.3967
53.3533
53.2976
53.2308
53.1536
53.067
52.9715
52.8678
52.7563
52.6377
52.5122
52.3803
52.2422
52.0984
51.9489
51.7942
51.6343
51.4694
51.2998
51.1255
50.9467
50.7634
50.5759
50.3842
50.1883
49.9885
49.7846
49.5768
49.3651
49.1497
48.9304
48.7075
48.4809
48.2506
48.0167
47.7792
47.5382
47.2937
47.0456
46.7941
46.5391
46.2806
46.0187
45.7533
45.4845
45.2123
44.9367
44.6576
44.3751
44.0892
43.7998
43.5069
43.2106
42.9108
42.6074
42.3005
41.9901
41.676
41.3582
41.0368
40.7116
40.3826
40.0498
39.7131
39.3724
39.0276
38.6787
38.3255
37.9681
37.6062
37.2399
36.8689
36.4931
36.1125
35.7268
35.3361
34.9399
34.5384
34.131
33.7179
33.2986
32.8732
32.4411
32.0025
31.5566
31.1033
30.6428
30.1741
29.6971
29.2117
28.7171
28.213
27.6991
27.1751
26.6399
26.0933
25.5347
24.9634
24.3786
23.7797
23.1661
22.5363
21.8897
21.2251
20.5416
19.8381
19.1136
18.367
17.599
16.81
16.0035
15.1879
14.3819
13.6252
12.9959
12.6177
12.6024
12.9494
13.5431
14.2575
15.0144
15.7745
16.5212
17.2472
17.9489
18.6264
19.2792
19.9084
20.5142
21.0981
21.6604
22.2016
22.7228
23.224
23.7054
24.1676
50.9766
51.4321
51.8132
52.131
52.3948
52.6119
52.7886
52.9301
53.0406
53.1238
53.1827
53.2201
53.2381
53.2388
53.2237
53.1944
53.1521
53.0979
53.0328
52.9577
52.8733
52.7802
52.6791
52.5704
52.4547
52.3322
52.2035
52.0686
51.928
51.782
51.6306
51.4741
51.3127
51.1466
50.9757
50.8004
50.6206
50.4365
50.2482
50.0557
49.8591
49.6585
49.4539
49.2454
49.033
48.8168
48.5969
48.3731
48.1457
47.9145
47.6798
47.4414
47.1993
46.9538
46.7046
46.4519
46.1957
45.936
45.6728
45.406
45.1358
44.8621
44.5849
44.3042
44.02
43.7324
43.4411
43.1464
42.8482
42.5463
42.2409
41.9318
41.6191
41.3026
40.9825
40.6585
40.3307
39.9991
39.6634
39.3238
38.9801
38.6321
38.28
37.9235
37.5625
37.197
36.8268
36.4518
36.0718
35.687
35.2969
34.9012
34.5002
34.0932
33.6806
33.2616
32.8364
32.4045
31.9657
31.52
31.0667
30.6059
30.1368
29.6594
29.1735
28.6782
28.1733
27.6587
27.1333
26.5969
26.0488
25.4886
24.9157
24.329
23.7279
23.1115
22.4791
21.8295
21.1618
20.4749
19.7678
19.0395
18.2895
17.5176
16.7252
15.9163
15.1008
14.3004
13.5602
12.9683
12.6523
12.7099
13.1144
13.7398
14.4672
15.2271
15.9868
16.7308
17.4534
18.1516
18.8257
19.4751
20.1013
20.7044
21.2857
21.8454
22.3848
22.9037
23.4032
23.8832
24.3435
50.8236
51.2632
51.6312
51.9383
52.1934
52.4035
52.5747
52.7117
52.8189
52.8996
52.9569
52.9932
53.0109
53.0116
52.9971
52.9688
52.9279
52.8754
52.8123
52.7394
52.6575
52.5671
52.4689
52.3633
52.2507
52.1315
52.0062
51.8749
51.7379
51.5956
51.4479
51.2952
51.1376
50.9753
50.8083
50.6367
50.4608
50.2805
50.0959
49.9071
49.7142
49.5171
49.3161
49.1111
48.9021
48.6893
48.4725
48.252
48.0277
47.7996
47.5677
47.3322
47.093
46.8502
46.6037
46.3535
46.0998
45.8425
45.5816
45.3172
45.0491
44.7776
44.5024
44.2238
43.9415
43.6557
43.3663
43.0734
42.7768
42.4766
42.1728
41.8653
41.5541
41.2391
40.9204
40.5978
40.2714
39.941
39.6066
39.2682
38.9257
38.5789
38.2278
37.8724
37.5125
37.148
36.7787
36.4047
36.0257
35.6414
35.2521
34.8573
34.4568
34.0506
33.6383
33.22
32.795
32.3636
31.925
31.4794
31.0262
30.5653
30.0961
29.6184
29.1321
28.6362
28.1306
27.6152
27.0888
26.5512
26.0018
25.4403
24.8654
24.2767
23.6735
23.0548
22.4197
21.7676
21.0968
20.4066
19.696
18.9639
18.21
17.4344
16.6387
15.8278
15.0128
14.2196
13.4996
12.9496
12.6995
12.829
13.2862
13.9388
14.6767
15.4389
16.1971
16.938
17.6566
18.3515
19.0216
19.6679
20.2906
20.891
21.4692
22.0267
22.5633
23.0803
23.5776
24.0553
24.514
50.6431
51.0671
51.4224
51.7191
51.9657
52.169
52.3347
52.4675
52.5715
52.6499
52.7056
52.7411
52.7585
52.7595
52.7458
52.7186
52.6792
52.6286
52.5677
52.4973
52.4181
52.3306
52.2355
52.1332
52.0241
51.9086
51.787
51.6596
51.5266
51.3882
51.2446
51.0961
50.9426
50.7845
50.6217
50.4543
50.2825
50.1064
49.9259
49.7412
49.5523
49.3592
49.1621
48.9609
48.7557
48.5465
48.3334
48.1164
47.8955
47.6708
47.4422
47.2099
46.9738
46.7339
46.4903
46.2431
45.9921
45.7375
45.4792
45.2172
44.9516
44.6824
44.4096
44.1331
43.853
43.5693
43.2819
42.9909
42.6963
42.3979
42.0959
41.7901
41.4806
41.1673
40.8502
40.5292
40.2043
39.8754
39.5424
39.2054
38.8642
38.5188
38.169
37.8148
37.4561
37.0927
36.7246
36.3517
35.9736
35.5905
35.2022
34.8081
34.4086
34.003
33.5916
33.1739
32.7495
32.3186
31.8804
31.4352
30.9821
30.5214
30.0522
29.5743
29.0877
28.5914
28.0853
27.5692
27.0419
26.5032
25.9529
25.3897
24.8132
24.2227
23.6176
22.9966
22.359
21.7038
21.03
20.3364
19.6222
18.8865
18.1288
17.3495
16.5507
15.7382
14.9254
14.1411
13.4444
12.941
12.76
12.9593
13.4641
14.14
14.8862
15.6496
16.4058
17.1434
17.8582
18.5492
19.2155
19.8579
20.4774
21.0743
21.6499
22.2042
22.7385
23.2527
23.7476
24.2232
24.6794
50.434
50.8428
51.1856
51.4722
51.7105
51.9071
52.0675
52.1962
52.2971
52.3733
52.4276
52.4624
52.4796
52.481
52.4682
52.4423
52.4046
52.3561
52.2975
52.2298
52.1535
52.0692
51.9775
51.8788
51.7734
51.6619
51.5443
51.421
51.2923
51.1583
51.0192
50.8751
50.7262
50.5726
50.4144
50.2517
50.0845
49.9128
49.7369
49.5566
49.3721
49.1834
48.9906
48.7936
48.5926
48.3874
48.1783
47.9652
47.748
47.527
47.3021
47.0732
46.8405
46.604
46.3637
46.1195
45.8716
45.6199
45.3645
45.1053
44.8424
44.5758
44.3055
44.0316
43.7538
43.4725
43.1874
42.8985
42.606
42.3097
42.0097
41.7059
41.3982
41.0868
40.7715
40.4522
40.129
39.8018
39.4705
39.135
38.7954
38.4515
38.1032
37.7505
37.3931
37.0312
36.6644
36.2927
35.916
35.5339
35.1467
34.7539
34.3552
33.9509
33.5404
33.1233
32.6999
32.2695
31.8321
31.3872
30.9348
30.4741
30.0053
29.5275
29.0408
28.5443
28.0381
27.5211
26.9931
26.4538
25.9021
25.3375
24.7598
24.1675
23.5602
22.937
22.2969
21.6392
20.9624
20.2656
19.5479
18.8085
18.047
17.2642
16.4625
15.6489
14.8389
14.0655
13.3959
12.944
12.8343
13.1004
13.6473
14.3432
15.0959
15.8595
16.6129
17.3473
18.0581
18.7447
19.4074
20.0461
20.6618
21.2556
21.8277
22.3793
22.9105
23.4222
23.9142
24.3872
24.8409
50.1953
50.5892
50.9198
51.1964
51.4266
51.6167
51.7719
51.8967
51.9945
52.0686
52.1216
52.1557
52.1729
52.1748
52.163
52.1385
52.1027
52.0564
52.0004
51.9354
51.8623
51.7814
51.6933
51.5984
51.497
51.3897
51.2765
51.1577
51.0336
50.9043
50.77
50.6308
50.4868
50.3382
50.1849
50.0272
49.8649
49.6982
49.5272
49.3518
49.1722
48.9882
48.8
48.6077
48.4111
48.2105
48.0057
47.7968
47.5838
47.3669
47.1459
46.9209
46.692
46.4591
46.2223
45.9817
45.7371
45.4887
45.2365
44.9804
44.7205
44.4568
44.1894
43.9181
43.6431
43.3643
43.0817
42.7953
42.5052
42.2112
41.9134
41.6118
41.3063
40.9969
40.6836
40.3664
40.0451
39.7198
39.3903
39.0567
38.7188
38.3767
38.0301
37.679
37.3233
36.9629
36.5977
36.2276
35.8522
35.4718
35.0859
34.6943
34.2971
33.8939
33.4844
33.0687
32.6463
32.2168
31.7803
31.3361
30.8843
30.4241
29.9557
29.4782
28.9916
28.4951
27.9887
27.4713
26.943
26.4027
25.85
25.2845
24.7051
24.1112
23.502
22.8769
22.2343
21.5737
20.8939
20.1938
19.473
18.73
17.9648
17.1785
16.3743
15.5601
14.7539
13.9938
13.3554
12.9597
12.9226
13.2517
13.8362
14.5485
15.306
16.0691
16.8197
17.5498
18.2569
18.9393
19.5976
20.2328
20.8447
21.4347
22.0038
22.552
23.0803
23.5888
24.0781
24.548
24.999
49.9257
50.3051
50.6238
50.8906
51.1129
51.2966
51.4468
51.5676
51.6626
51.7347
51.7864
51.8199
51.8371
51.8396
51.8288
51.806
51.772
51.728
51.6747
51.6128
51.5429
51.4656
51.3813
51.2904
51.1934
51.0905
50.9819
50.8679
50.7488
50.6245
50.4954
50.3614
50.2228
50.0794
49.9316
49.7792
49.6223
49.461
49.2953
49.1252
48.9507
48.772
48.5889
48.4015
48.2099
48.0141
47.814
47.6098
47.4014
47.1889
46.9723
46.7515
46.5267
46.2979
46.0651
45.8282
45.5874
45.3426
45.0939
44.8412
44.5847
44.3242
44.0599
43.7917
43.5197
43.2437
42.964
42.6803
42.3928
42.1014
41.8062
41.507
41.2039
40.8969
40.5859
40.2709
39.9518
39.6286
39.3013
38.9698
38.6339
38.2938
37.9491
37.6
37.2462
36.8877
36.5243
36.1559
35.7824
35.4036
35.0192
34.6294
34.2338
33.8319
33.424
33.0096
32.5883
32.1602
31.7249
31.2817
30.8308
30.3714
29.9037
29.4267
28.9405
28.4441
27.9377
27.4201
26.8914
26.3505
25.7973
25.2305
24.6498
24.0547
23.4437
22.8162
22.1713
21.5083
20.8256
20.1223
19.3977
18.651
17.8827
17.0931
16.2865
15.4724
14.6713
13.9271
13.3242
12.9892
13.025
13.4128
14.0301
14.7558
15.5167
16.2786
17.026
17.7521
18.4545
19.1331
19.7872
20.418
21.0265
21.6129
22.1781
22.7233
23.2481
23.7537
24.2396
24.7067
25.1543
49.6241
49.9893
50.2964
50.5536
50.7682
50.9457
51.0909
51.2079
51.3001
51.3702
51.4207
51.4537
51.471
51.4742
51.4645
51.4432
51.4113
51.3697
51.3192
51.2604
51.1939
51.1204
51.0401
50.9535
50.861
50.7628
50.6591
50.5502
50.4363
50.3175
50.1938
50.0655
49.9324
49.7949
49.6527
49.5061
49.355
49.1994
49.0394
48.875
48.7062
48.533
48.3554
48.1735
47.9872
47.7966
47.6017
47.4025
47.1991
46.9914
46.7795
46.5634
46.3431
46.1187
45.8901
45.6575
45.4207
45.18
44.9351
44.6863
44.4334
44.1765
43.9157
43.6509
43.3822
43.1095
42.8328
42.5523
42.2677
41.9793
41.6869
41.3905
41.0901
40.7857
40.4773
40.1648
39.8482
39.5275
39.2026
38.8734
38.5399
38.202
37.8597
37.5128
37.1611
36.8048
36.4435
36.0773
35.7057
35.3289
34.9467
34.5588
34.1648
33.7649
33.3588
32.9461
32.5264
32.0999
31.6659
31.2241
30.7744
30.3161
29.8493
29.3733
28.8875
28.3919
27.8854
27.3682
26.8391
26.2978
25.7439
25.1763
24.5947
23.9979
23.3851
22.756
22.1088
21.4429
20.7573
20.0513
19.3232
18.573
17.8007
17.0079
16.1998
15.3863
14.592
13.8666
13.3038
13.0334
13.1413
13.5831
14.2287
14.9649
15.728
16.4885
17.2323
17.9542
18.6523
19.3261
19.9763
20.603
21.2072
21.7902
22.3518
22.8931
23.4148
23.9168
24.3997
24.8633
25.3078
49.2891
49.6406
49.9362
50.1842
50.3912
50.5626
50.7031
50.8163
50.9057
50.9739
51.0233
51.0558
51.0733
51.0772
51.0687
51.0491
51.0193
50.9802
50.9326
50.877
50.8141
50.7444
50.6683
50.5862
50.4984
50.4051
50.3067
50.2032
50.0948
49.9816
49.8638
49.7414
49.6144
49.4829
49.3469
49.2064
49.0615
48.912
48.7582
48.5998
48.437
48.2697
48.098
47.9219
47.7413
47.5563
47.3669
47.1732
46.975
46.7726
46.5657
46.3546
46.1393
45.9196
45.6958
45.4677
45.2355
44.999
44.7584
44.5138
44.265
44.0121
43.7551
43.4941
43.229
42.9599
42.6868
42.4096
42.1285
41.8433
41.554
41.2608
40.9635
40.6621
40.3566
40.047
39.7333
39.4154
39.0932
38.7668
38.4359
38.1007
37.7609
37.4165
37.0675
36.7136
36.3548
35.9909
35.6219
35.2475
34.8675
34.4817
34.0902
33.6925
33.2885
32.8776
32.4601
32.0355
31.6031
31.1632
30.7151
30.2583
29.7928
29.3179
28.833
28.3381
27.8322
27.3153
26.7863
26.2451
25.6905
25.1225
24.5397
23.9415
23.3276
22.6962
22.0468
21.3788
20.6903
19.9807
19.2497
18.4959
17.7202
16.9244
16.1142
15.3023
14.5167
13.8134
13.2956
13.0932
13.2714
13.7621
14.4319
15.1767
15.9409
16.6987
17.4391
18.1566
18.8502
19.5195
20.165
20.7875
21.388
21.9667
22.5246
23.0626
23.5805
24.0789
24.5584
25.0185
25.4596
48.9193
49.2573
49.542
49.7809
49.9806
50.1461
50.2818
50.3915
50.4783
50.5447
50.593
50.6251
50.6428
50.6474
50.6402
50.6223
50.5947
50.5582
50.5135
50.4613
50.4022
50.3365
50.2648
50.1873
50.1044
50.0163
49.9233
49.8255
49.7229
49.6158
49.5041
49.3879
49.2673
49.1423
49.0127
48.8788
48.7403
48.5974
48.45
48.298
48.1416
47.9806
47.8151
47.6451
47.4706
47.2915
47.108
46.92
46.7275
46.5306
46.3293
46.1235
45.9134
45.6989
45.4801
45.257
45.0295
44.7979
44.5619
44.3218
44.0774
43.8289
43.5762
43.3193
43.0583
42.7932
42.524
42.2507
41.9732
41.6917
41.406
41.1163
40.8224
40.5245
40.2223
39.916
39.6055
39.2908
38.9718
38.6484
38.3207
37.9884
37.6517
37.3103
36.9641
36.6132
36.2573
35.8961
35.5298
35.1582
34.781
34.3981
34.0092
33.6141
33.2125
32.8043
32.3893
31.9669
31.5368
31.099
30.6529
30.1979
29.7341
29.2608
28.7772
28.2834
27.7784
27.2621
26.7334
26.1924
25.6376
25.0691
24.4855
23.8865
23.2708
22.638
21.9865
21.3157
20.6248
19.9121
19.1774
18.4205
17.6414
16.8429
16.0315
15.222
14.4462
13.769
13.3011
13.1691
13.4149
13.9495
14.6397
15.3911
16.1554
16.9104
17.6464
18.3594
19.0487
19.7134
20.3545
20.9727
21.5687
22.1438
22.6978
23.2316
23.7458
24.2409
24.7165
25.1732
25.6103
48.5128
48.8378
49.1118
49.342
49.5346
49.6944
49.8257
49.932
50.0163
50.081
50.1284
50.1602
50.1782
50.1836
50.1777
50.1617
50.1363
50.1025
50.0609
50.0122
49.9569
49.8954
49.8282
49.7556
49.6778
49.5952
49.5078
49.4159
49.3195
49.2187
49.1135
49.004
48.8901
48.7718
48.6491
48.522
48.3904
48.2543
48.1137
47.9685
47.8187
47.6643
47.5053
47.3417
47.1736
47.0008
46.8234
46.6414
46.4548
46.2638
46.0682
45.8681
45.6635
45.4545
45.241
45.0231
44.8009
44.5743
44.3434
44.1081
43.8686
43.6248
43.3767
43.1244
42.8679
42.6072
42.3422
42.0732
41.7999
41.5224
41.2408
40.955
40.6651
40.3709
40.0726
39.77
39.4632
39.1521
38.8367
38.5169
38.1926
37.8639
37.5306
37.1926
36.8499
36.5023
36.1497
35.792
35.429
35.0606
34.6866
34.3069
33.9209
33.529
33.1306
32.7255
32.3133
31.8938
31.4665
31.0313
30.5877
30.1351
29.6734
29.2021
28.7202
28.228
27.7245
27.2089
26.6813
26.1403
25.586
25.0169
24.433
23.8328
23.2162
22.5814
21.9283
21.255
20.561
19.8457
19.1076
18.347
17.565
16.7638
15.9517
15.1458
14.3824
13.7349
13.3215
13.2617
13.5715
14.1448
14.852
15.6084
16.372
17.1237
17.8554
18.5638
19.2479
19.908
20.5446
21.1587
21.7505
22.321
22.871
23.4013
23.9116
24.4026
24.8747
25.3273
25.7606
48.0674
48.38
48.6437
48.8656
49.0513
49.2058
49.3329
49.436
49.5179
49.5811
49.6277
49.6594
49.6777
49.6842
49.6798
49.6657
49.6427
49.6117
49.5733
49.5283
49.4769
49.4199
49.3574
49.2899
49.2176
49.1407
49.0593
48.9737
48.8838
48.7896
48.6913
48.5887
48.4819
48.3707
48.2552
48.1353
48.0108
47.8819
47.7483
47.6102
47.4673
47.3198
47.1676
47.0107
46.849
46.6827
46.5116
46.3359
46.1555
45.9705
45.7808
45.5866
45.3877
45.1844
44.9766
44.7642
44.5474
44.3262
44.1005
43.8705
43.6361
43.3973
43.1543
42.9069
42.6552
42.3993
42.1391
41.8746
41.606
41.3331
41.0559
40.7746
40.489
40.1992
39.9051
39.6068
39.3041
38.9972
38.6859
38.3702
38.05
37.7253
37.396
37.062
36.7232
36.3795
36.0308
35.677
35.3177
34.9531
34.5829
34.2069
33.8249
33.4366
33.0419
32.6404
32.2318
31.8155
31.3918
30.9598
30.5193
30.0696
29.6107
29.1419
28.6626
28.1721
27.6703
27.1562
26.6297
26.0898
25.5355
24.9668
24.3823
23.7818
23.1636
22.5277
21.8723
21.1972
20.5005
19.7818
19.0408
18.2768
17.4912
16.6882
15.8759
15.0746
14.3262
13.7126
13.3583
13.3711
13.7407
14.348
15.0692
15.8289
16.591
17.3392
18.0664
18.7699
19.4492
20.1045
20.7364
21.3457
21.9331
22.4997
23.0456
23.5715
24.0778
24.5648
25.033
25.4816
25.9111
47.5807
47.8812
48.1351
48.349
48.5284
48.6778
48.801
48.9012
48.9811
49.043
49.089
49.1207
49.1397
49.1473
49.1446
49.1326
49.1123
49.0843
49.0494
49.0082
48.9611
48.9087
48.8512
48.7891
48.7226
48.6517
48.5768
48.4978
48.4148
48.3277
48.2366
48.1415
48.0421
47.9385
47.8306
47.7182
47.6013
47.4798
47.3536
47.2227
47.087
46.9465
46.8012
46.6511
46.4961
46.3364
46.1718
46.0024
45.8282
45.6494
45.4658
45.2775
45.0846
44.887
44.6849
44.4782
44.267
44.0513
43.8311
43.6065
43.3775
43.1441
42.9063
42.6641
42.4176
42.1669
41.9118
41.6524
41.3887
41.1208
40.8486
40.5721
40.2914
40.0064
39.7172
39.4236
39.1257
38.8235
38.5169
38.2059
37.8904
37.5703
37.2456
36.9162
36.5819
36.2428
35.8986
35.5493
35.1946
34.8345
34.4688
34.0972
33.7197
33.3358
32.9454
32.5482
32.1437
31.7318
31.3122
30.8842
30.4475
30.0015
29.546
29.0803
28.6039
28.116
27.6166
27.1047
26.5794
26.0407
25.4876
24.919
24.3347
23.7334
23.1147
22.4771
21.8203
21.1425
20.4436
19.7219
18.9774
18.2104
17.4217
16.6163
15.8049
15.0097
14.279
13.7038
13.4126
13.4976
13.9224
14.5589
15.2913
16.0532
16.8132
17.5569
18.2794
18.978
19.6523
20.3031
20.9302
21.5348
22.1178
22.6797
23.2213
23.743
24.2455
24.7284
25.1921
25.6366
26.0619
47.0497
47.3387
47.5833
47.7896
47.963
48.1076
48.2272
48.3248
48.403
48.464
48.5097
48.5418
48.5617
48.5708
48.57
48.5604
48.543
48.5183
48.4872
48.4501
48.4077
48.3603
48.3083
48.252
48.1916
48.1274
48.0593
47.9875
47.9119
47.8325
47.7492
47.662
47.5706
47.475
47.375
47.2706
47.1616
47.0478
46.9293
46.8059
46.6776
46.5444
46.4061
46.2629
46.1147
45.9615
45.8034
45.6404
45.4725
45.2997
45.1221
44.9398
44.7527
44.561
44.3646
44.1635
43.9579
43.7478
43.5332
43.3141
43.0905
42.8625
42.6302
42.3934
42.1524
41.907
41.6572
41.4032
41.1449
40.8824
40.6155
40.3444
40.069
39.7894
39.5055
39.2173
38.9248
38.6279
38.3267
38.021
37.7108
37.3961
37.0767
36.7526
36.4237
36.0899
35.7511
35.407
35.0576
34.7028
34.3423
33.976
33.6037
33.2251
32.8397
32.4477
32.0484
31.6417
31.227
30.8039
30.3719
29.9306
29.4791
29.0174
28.5447
28.0604
27.5636
27.0543
26.5315
25.9942
25.4423
24.8747
24.2905
23.6893
23.0696
22.4312
21.7724
21.0929
20.391
19.6668
18.919
18.1488
17.3572
16.55
15.7398
14.9522
14.2423
13.7102
13.4856
13.6412
14.1161
14.7777
15.5185
16.2812
17.0385
17.7784
18.4959
19.1894
19.8587
20.504
21.1263
21.7262
22.3045
22.862
23.3994
23.9168
24.4147
24.8933
25.3527
25.7931
26.2137
46.4712
46.7491
46.9846
47.1838
47.3515
47.4918
47.6082
47.7036
47.7804
47.8408
47.8866
47.9194
47.9406
47.9515
47.9531
47.9464
47.9321
47.9112
47.8843
47.8519
47.8146
47.7727
47.7267
47.6769
47.6233
47.5663
47.5058
47.4418
47.3744
47.3034
47.2286
47.1499
47.0672
46.9803
46.8889
46.7929
46.6922
46.5866
46.4761
46.3605
46.2397
46.1138
45.9827
45.8465
45.705
45.5584
45.4067
45.2499
45.0881
44.9213
44.7496
44.573
44.3916
44.2054
44.0145
43.819
43.6189
43.4142
43.2049
42.9912
42.7731
42.5505
42.3235
42.0922
41.8566
41.6167
41.3725
41.124
40.8713
40.6144
40.3532
40.0878
39.8182
39.5444
39.2664
38.9841
38.6975
38.4066
38.1114
37.8118
37.5077
37.1991
36.8859
36.568
36.2452
35.9176
35.5849
35.247
34.9038
34.5551
34.2009
33.8408
33.4747
33.1023
32.7234
32.3376
31.9446
31.544
31.1353
30.7181
30.2919
29.8561
29.4099
28.9532
28.4851
28.005
27.5123
27.0059
26.4859
25.9512
25.4008
24.8345
24.2512
23.6498
23.0301
22.3904
21.7304
21.0485
20.3446
19.6171
18.8665
18.0926
17.2986
16.49
15.6818
14.9036
14.2179
13.7337
13.5785
13.8021
14.322
15.0042
15.7521
16.5147
17.2687
18.0039
18.7163
19.4045
20.0685
20.7087
21.3259
21.9209
22.4945
23.0473
23.5799
24.0927
24.5862
25.0603
25.5155
25.9512
26.3672
45.8419
46.1088
46.3356
46.5279
46.6902
46.8264
46.9399
47.0334
47.1092
47.1694
47.2157
47.2496
47.2726
47.2858
47.2902
47.2868
47.2764
47.2598
47.2377
47.2106
47.179
47.1434
47.1042
47.0616
47.0157
46.9668
46.9148
46.8597
46.8014
46.7397
46.6744
46.6053
46.5322
46.4547
46.3726
46.2858
46.194
46.0971
45.995
45.8875
45.7745
45.6561
45.5323
45.4029
45.2682
45.128
44.9825
44.8318
44.6758
44.5147
44.3485
44.1773
44.0013
43.8203
43.6346
43.4442
43.2491
43.0495
42.8453
42.6367
42.4236
42.2061
41.9843
41.7583
41.5279
41.2933
41.0546
40.8116
40.5645
40.3133
40.058
39.7985
39.535
39.2673
38.9955
38.7196
38.4396
38.1553
37.8668
37.574
37.2768
36.9752
36.669
36.3582
36.0426
35.722
35.3967
35.066
34.7301
34.3888
34.0418
33.6891
33.3304
32.9655
32.594
32.2157
31.8303
31.4371
31.0358
30.6259
30.2068
29.7778
29.3384
28.8876
28.4253
27.9505
27.4625
26.9606
26.444
25.9123
25.3645
24.7997
24.2176
23.617
22.9968
22.3567
21.6954
21.0116
20.3053
19.5749
18.8211
18.0441
17.2474
16.4378
15.6321
14.8656
14.2079
13.7762
13.6921
13.9804
14.5401
15.2397
15.9924
16.7538
17.504
18.2344
18.941
19.6238
20.2823
20.9172
21.5293
22.1192
22.6879
23.2358
23.7637
24.2719
24.7606
25.2304
25.6807
26.1116
26.5228
45.1585
45.4145
45.6325
45.8178
45.9747
46.107
46.2177
46.3095
46.3846
46.4448
46.492
46.5275
46.5527
46.5687
46.5765
46.577
46.5711
46.5596
46.543
46.522
46.4971
46.4688
46.4373
46.403
46.366
46.3265
46.2843
46.2394
46.1916
46.1406
46.0861
46.0278
45.9654
45.8986
45.8269
45.7502
45.6682
45.5806
45.4874
45.3885
45.2837
45.1731
45.0566
44.9342
44.8061
44.6723
44.5328
44.3878
44.2373
44.0814
43.9204
43.7541
43.5828
43.4066
43.2255
43.0396
42.849
42.6538
42.4541
42.2499
42.0414
41.8285
41.6113
41.39
41.1644
40.9348
40.7011
40.4633
40.2216
39.9759
39.7262
39.4727
39.2152
38.9538
38.6885
38.4193
38.1462
37.869
37.5878
37.3025
37.013
36.7192
36.421
36.1182
35.8108
35.4986
35.1815
34.8593
34.5319
34.1993
33.861
33.517
33.1672
32.8111
32.4487
32.0795
31.7031
31.3191
30.9269
30.5259
30.1155
29.695
29.2637
28.8208
28.3654
27.8972
27.4152
26.9187
26.4069
25.8788
25.3343
24.7722
24.1917
23.5918
22.9721
22.3315
21.6687
20.9835
20.2743
19.5415
18.7841
18.0043
17.2046
16.3948
15.593
14.8401
14.2144
13.8397
13.8275
14.1763
14.7703
15.4844
16.2402
16.9996
17.7451
18.4702
19.1716
19.8487
20.5017
21.1311
21.7378
22.3225
22.886
23.429
23.9519
24.4552
24.9391
25.4037
25.8491
26.2751
26.6813
44.4187
44.6632
44.8719
45.0498
45.201
45.3291
45.4369
45.5268
45.6011
45.6616
45.7098
45.7472
45.775
45.7942
45.8059
45.8111
45.8104
45.8047
45.7946
45.7807
45.7636
45.7437
45.7214
45.6969
45.6703
45.6418
45.6111
45.5782
45.5428
45.5043
45.4625
45.4169
45.3669
45.3122
45.2524
45.1871
45.116
45.0388
44.9554
44.8657
44.7696
44.6671
44.5582
44.4429
44.3214
44.1937
44.0601
43.9205
43.7751
43.624
43.4675
43.3056
43.1384
42.9662
42.7889
42.6068
42.4199
42.2283
42.0322
41.8317
41.6268
41.4176
41.2042
40.9867
40.7652
40.5397
40.3103
40.0771
39.8401
39.5993
39.3548
39.1067
38.855
38.5997
38.3408
38.0783
37.8122
37.5424
37.2689
36.9915
36.7103
36.4251
36.1357
35.842
35.5439
35.2411
34.9338
34.6214
34.3039
33.9812
33.6531
33.3195
32.9803
32.635
32.2834
31.9251
31.5599
31.187
30.806
30.4161
30.0165
29.6066
29.1854
28.7522
28.306
27.8458
27.3713
26.8815
26.3755
25.8527
25.3122
24.753
24.1749
23.5767
22.9577
22.3165
21.6531
20.9658
20.2546
19.5189
18.7583
17.9752
17.1731
16.3631
15.5663
14.8295
14.2399
13.9263
13.9856
14.3902
15.014
15.7393
16.4966
17.2527
17.9939
18.7133
19.4089
20.0797
20.7268
21.3506
21.9517
22.531
23.0892
23.6269
24.1447
24.6429
25.1217
25.5813
26.0216
26.4424
26.8433
43.6212
43.8531
44.0514
44.2209
44.3655
44.4885
44.5926
44.6802
44.7534
44.8137
44.8628
44.902
44.9325
44.9553
44.9714
44.9817
44.9869
44.9879
44.9852
44.9796
44.9716
44.9616
44.95
44.9371
44.923
44.9076
44.8908
44.8723
44.8517
44.8283
44.8016
44.7711
44.7359
44.6956
44.6496
44.5975
44.5388
44.4734
44.401
44.3215
44.2349
44.141
44.0402
43.9323
43.8175
43.696
43.5679
43.4334
43.2927
43.146
42.9934
42.8351
42.6713
42.5022
42.3279
42.1485
41.9643
41.7754
41.5818
41.3838
41.1814
40.9748
40.764
40.5493
40.3306
40.1081
39.8819
39.652
39.4187
39.1818
38.9416
38.6981
38.4514
38.2014
37.9483
37.692
37.4326
37.17
36.9042
36.6351
36.3625
36.0864
35.8065
35.5228
35.2349
34.9428
34.6462
34.3449
34.039
33.728
33.4118
33.0904
32.7635
32.4309
32.0926
31.7477
31.3961
31.037
30.6698
30.2936
29.9077
29.511
29.1025
28.6814
28.2465
27.797
27.3319
26.8505
26.3517
25.8352
25.2999
24.7451
24.1701
23.5737
22.9557
22.315
21.6507
20.9618
20.2482
19.509
18.7455
17.9591
17.1547
16.3449
15.5543
14.8363
14.2873
14.0382
14.1676
14.6225
15.2718
16.0055
16.7625
17.5154
18.2512
18.9647
19.6537
20.3187
20.9597
21.5775
22.1728
22.7461
23.2987
23.831
24.3434
24.8362
25.3097
25.764
26.1989
26.6143
27.0098
42.767
42.9845
43.1705
43.3299
43.4661
43.5825
43.6814
43.7654
43.8361
43.8954
43.9446
43.985
44.0178
44.0439
44.0644
44.0801
44.0917
44.1
44.1057
44.1095
44.1119
44.1136
44.1146
44.1155
44.1163
44.1168
44.1168
44.1159
44.1133
44.1084
44.1002
44.0879
44.0707
44.0476
44.0181
43.9817
43.9378
43.886
43.8263
43.7585
43.6825
43.5983
43.5061
43.4061
43.2983
43.1831
43.0606
42.9311
42.7947
42.6518
42.5025
42.3472
42.1859
42.0191
41.8467
41.669
41.4864
41.2988
41.1064
40.9096
40.7083
40.5028
40.2932
40.0797
39.8624
39.6414
39.4168
39.1888
38.9576
38.7232
38.4857
38.2454
38.0022
37.7564
37.5079
37.2568
37.0033
36.7472
36.4885
36.2272
35.9632
35.6962
35.4262
35.1528
34.8759
34.5952
34.3108
34.0219
33.7287
33.4309
33.1287
32.8215
32.5092
32.1919
31.869
31.5406
31.2056
30.8635
30.5135
30.1547
29.7859
29.4059
29.0135
28.6076
28.187
27.7507
27.2976
26.8269
26.3376
25.8291
25.3002
24.7507
24.1797
23.5863
22.9699
22.3293
21.6645
20.9743
20.2583
19.5159
18.7488
17.959
17.1522
16.3431
15.5601
14.8638
14.3598
14.1777
14.3747
14.8747
15.5449
16.2841
17.0403
17.7887
18.5182
19.2253
19.9082
20.5667
21.2009
21.8125
22.4016
22.9693
23.5161
24.0426
24.5493
25.0362
25.5041
25.9527
26.382
26.7919
27.1814
41.86
42.0603
42.2315
42.378
42.5033
42.6103
42.7017
42.7796
42.8458
42.902
42.9495
42.9896
43.0233
43.0519
43.076
43.0965
43.1144
43.1303
43.1449
43.159
43.1732
43.188
43.2039
43.2211
43.2397
43.2595
43.2801
43.3008
43.3206
43.3385
43.3532
43.3635
43.3682
43.3663
43.357
43.3395
43.3132
43.2779
43.2331
43.1789
43.1152
43.0422
42.9598
42.8686
42.7685
42.6599
42.5431
42.4185
42.2863
42.1469
42.0004
41.8473
41.6878
41.5222
41.3508
41.1737
40.9912
40.8037
40.6112
40.414
40.2123
40.0063
39.7961
39.582
39.3642
39.1428
38.918
38.69
38.4589
38.2249
37.9883
37.7491
37.5076
37.264
37.0183
36.7708
36.5214
36.2704
36.0176
35.763
35.5066
35.2482
34.9876
34.7245
34.4588
34.19
33.918
33.6426
33.3634
33.0803
32.7933
32.5024
32.2072
31.9076
31.6035
31.2946
30.98
30.659
30.3307
29.9936
29.6465
29.2878
28.9159
28.5295
28.1272
27.7076
27.2697
26.8125
26.3351
25.8367
25.3165
24.7738
24.208
23.6184
23.0039
22.3645
21.6991
21.0074
20.2884
19.543
18.7721
17.9781
17.1693
16.3612
15.5871
14.9158
14.4609
14.3476
14.6085
15.148
15.835
16.5778
17.3314
18.0741
18.7976
19.4979
20.1734
20.825
21.4528
22.0577
22.6401
23.2015
23.742
24.2625
24.7631
25.2444
25.7063
26.149
26.5723
26.9758
27.3591
40.9076
41.0873
41.2401
41.3702
41.4808
41.575
41.6552
41.7235
41.7817
41.8315
41.8742
41.9111
41.9432
41.9718
41.9975
42.0214
42.0443
42.067
42.0903
42.1149
42.1416
42.171
42.2036
42.2397
42.2795
42.3226
42.3683
42.4158
42.4635
42.5098
42.5531
42.5915
42.6236
42.648
42.6635
42.6692
42.6645
42.649
42.6224
42.5846
42.5356
42.4756
42.4049
42.3237
42.2324
42.1313
42.0209
41.9015
41.7736
41.6374
41.4935
41.3421
41.1836
41.0184
40.8468
40.6692
40.4857
40.2967
40.1025
39.9033
39.6994
39.491
39.2784
39.0618
38.8414
38.6175
38.3902
38.1598
37.9266
37.6907
37.4524
37.212
36.9697
36.7258
36.4805
36.2339
35.9865
35.7382
35.4892
35.2395
34.989
34.7376
34.4852
34.2313
33.9759
33.7184
33.4589
33.1967
32.9321
32.6645
32.394
32.1207
31.8446
31.5655
31.2832
30.9976
30.708
30.4132
30.1119
29.8025
29.483
29.1516
28.8061
28.4449
28.0659
27.6678
27.2493
26.8094
26.3472
25.8617
25.3521
24.8182
24.2592
23.6744
23.0632
22.4252
21.7596
21.0659
20.3445
19.5953
18.82
18.0218
17.2103
16.4035
15.6399
14.9967
14.5949
14.5508
14.8708
15.4446
16.144
16.8886
17.6384
18.3749
19.0913
19.7837
20.4521
21.0963
21.7166
22.3144
22.8902
23.4448
23.9785
24.4924
24.9867
25.4616
25.9172
26.3535
26.7704
27.1675
27.5443
39.9207
40.076
40.2063
40.3155
40.4071
40.4838
40.5481
40.602
40.6475
40.6861
40.7194
40.7485
40.7747
40.7991
40.8226
40.8464
40.8714
40.8984
40.9284
40.9624
41.0012
41.0456
41.0963
41.1537
41.2181
41.289
41.3654
41.446
41.5284
41.6105
41.6896
41.7634
41.8298
41.8868
41.9331
41.9676
41.9895
41.9984
41.994
41.9762
41.9451
41.901
41.8443
41.7753
41.6944
41.6023
41.4993
41.3859
41.2628
41.1302
40.9887
40.8388
40.6809
40.5155
40.3428
40.1634
39.9776
39.7858
39.5883
39.3854
39.1775
38.9648
38.7476
38.5263
38.3011
38.0723
37.8401
37.6048
37.3668
37.1262
36.8835
36.639
36.393
36.1458
35.8978
35.6494
35.4009
35.1524
34.9043
34.6567
34.4095
34.1626
33.916
33.6692
33.4222
33.1743
32.9255
32.6756
32.4242
32.1717
31.9176
31.6625
31.4067
31.15
30.8926
30.6343
30.3746
30.1119
29.8446
29.5702
29.2863
28.9901
28.6785
28.3493
28.0004
27.63
27.2365
26.8189
26.3761
25.9074
25.412
24.8896
24.3394
23.761
23.1541
22.5177
21.8523
21.1573
20.4327
19.6793
18.8985
18.0958
17.2811
16.4758
15.724
15.1121
14.7668
14.7909
15.1651
15.7671
16.4756
17.2196
17.9637
18.6934
19.4015
20.0861
20.7464
21.3823
21.9951
22.585
23.1535
23.7008
24.2277
24.7343
25.2217
25.6898
26.1386
26.5682
26.9782
27.3685
27.7382
38.914
39.0408
39.1441
39.2279
39.2954
39.3493
39.3921
39.4259
39.4526
39.4739
39.4914
39.5064
39.5202
39.5342
39.5495
39.5674
39.5889
39.6152
39.6477
39.6873
39.7355
39.7934
39.8619
39.942
40.0339
40.1373
40.2507
40.3721
40.498
40.625
40.7494
40.8676
40.9769
41.0747
41.1593
41.2294
41.2842
41.3231
41.346
41.3529
41.3439
41.3194
41.2799
41.226
41.1582
41.077
40.9833
40.8774
40.7601
40.632
40.4935
40.3453
40.1879
40.0218
39.8475
39.6655
39.4763
39.2803
39.0779
38.8696
38.6558
38.4367
38.2129
37.9845
37.7521
37.5157
37.276
37.033
36.7873
36.5392
36.289
36.0372
35.7842
35.5305
35.2765
35.0228
34.7697
34.5177
34.2671
34.0182
33.7709
33.5254
33.2813
33.0385
32.7965
32.5552
32.314
32.0729
31.8322
31.5917
31.3521
31.1136
30.877
30.6433
30.4125
30.185
29.9604
29.7367
29.5118
29.282
29.0436
28.7926
28.5248
28.2373
27.9271
27.5922
27.2309
26.8419
26.4243
25.9774
25.5004
24.9929
24.4545
23.8849
23.2838
22.651
21.9862
21.2896
20.5616
19.8031
19.0164
18.2078
17.3891
16.585
15.8464
15.2688
14.9822
15.0725
15.4946
16.119
16.8334
17.5739
18.3117
19.0328
19.7323
20.4076
21.059
21.6865
22.2905
22.8725
23.4329
23.9721
24.4913
24.9906
25.4706
25.931
26.3725
26.7947
27.1974
27.5802
27.9424
37.9047
37.9992
38.0714
38.125
38.1633
38.1889
38.2044
38.2117
38.2129
38.2098
38.204
38.197
38.1904
38.1856
38.184
38.1873
38.1967
38.2141
38.2409
38.279
38.3302
38.3965
38.4795
38.581
38.7017
38.8416
38.9989
39.1701
39.3504
39.5341
39.7155
39.8896
40.0523
40.2008
40.3328
40.4469
40.5422
40.6182
40.6747
40.7118
40.7301
40.73
40.712
40.677
40.6256
40.5586
40.4767
40.3807
40.2713
40.1491
40.0149
39.8692
39.7129
39.5463
39.3703
39.1853
38.9919
38.7907
38.5822
38.3668
38.1452
37.9177
37.6849
37.447
37.2046
36.9581
36.7078
36.4542
36.1977
35.9387
35.6777
35.4153
35.1519
34.8882
34.6246
34.362
34.1009
33.8418
33.5852
33.3314
33.0807
32.8329
32.5879
32.3452
32.1044
31.865
31.6269
31.3897
31.1542
30.9204
30.6894
30.4626
30.2413
30.0275
29.8223
29.627
29.4417
29.2645
29.0919
28.9186
28.7387
28.5458
28.3346
28.1004
27.8399
27.5507
27.2306
26.8786
26.4935
26.0749
25.622
25.1345
24.6122
24.0548
23.4622
22.8344
22.1714
21.4737
20.742
19.9774
19.1839
18.368
17.544
16.7406
16.0161
15.4753
15.2486
15.4012
15.8645
16.5058
17.2222
17.9574
18.6867
19.3981
20.0872
20.7528
21.3943
22.0119
22.6069
23.1795
23.731
24.2619
24.7723
25.2634
25.7352
26.1875
26.6211
27.0354
27.4301
27.8049
28.159
36.9111
36.9702
37.0078
37.0274
37.032
37.0244
37.0069
36.9816
36.9507
36.9157
36.8786
36.8411
36.8046
36.7711
36.7422
36.7197
36.7055
36.7018
36.711
36.7354
36.7782
36.8422
36.931
37.0475
37.1944
37.3725
37.58
37.8118
38.06
38.3151
38.5683
38.8122
39.0415
39.2524
39.4425
39.6104
39.7551
39.8762
39.9738
40.0481
40.0999
40.1298
40.1386
40.1274
40.0969
40.0481
39.9818
39.899
39.8004
39.6867
39.559
39.4178
39.2638
39.0979
38.9207
38.733
38.5353
38.3283
38.1128
37.8892
37.6582
37.4204
37.1762
36.9264
36.6713
36.4115
36.1475
35.8799
35.609
35.3356
35.0601
34.7833
34.5057
34.2281
33.9514
33.6762
33.4034
33.1338
32.8681
32.6065
32.3495
32.0967
31.8477
31.6019
31.3583
31.1166
30.8758
30.6363
30.3982
30.1629
29.9315
29.7069
29.4914
29.2888
29.103
28.9368
28.7923
28.6679
28.5588
28.4566
28.3515
28.2334
28.0944
27.9283
27.7308
27.499
27.2311
26.9259
26.5826
26.2007
25.7795
25.3191
24.8187
24.2786
23.6986
23.079
22.4201
21.7222
20.9871
20.2165
19.4146
18.5898
17.7586
16.9548
16.2448
15.7424
15.575
15.7842
16.2815
16.934
17.6479
18.3756
19.0941
19.7945
20.472
21.1263
21.7563
22.3634
22.9477
23.5104
24.0518
24.573
25.0744
25.5561
26.0189
26.4626
26.8871
27.2927
27.6788
28.0448
28.39
35.9509
35.9728
35.9734
35.9561
35.9238
35.879
35.8241
35.7613
35.6923
35.6191
35.5434
35.467
35.3916
35.3191
35.2515
35.1908
35.1394
35.1
35.0755
35.0696
35.0863
35.1307
35.2084
35.3257
35.4885
35.7008
35.9624
36.2661
36.5985
36.9436
37.2868
37.6173
37.9282
38.2151
38.4756
38.7083
38.9125
39.0879
39.235
39.3543
39.4467
39.5133
39.5552
39.5735
39.5694
39.5439
39.4981
39.4328
39.3491
39.2479
39.1299
38.9961
38.8473
38.6842
38.5076
38.3184
38.1173
37.905
37.6822
37.4498
37.2085
36.9588
36.7015
36.4373
36.1667
35.8906
35.6094
35.3239
35.0347
34.7426
34.4483
34.1525
33.8563
33.5604
33.2661
32.9743
32.6863
32.403
32.1253
31.8539
31.5889
31.3299
31.0761
30.826
30.5781
30.3308
30.0835
29.8352
29.5869
29.3395
29.0958
28.8589
28.634
28.427
28.2455
28.0969
27.9878
27.9191
27.8848
27.8711
27.8609
27.8382
27.7905
27.7095
27.5902
27.4296
27.2263
26.9797
26.689
26.3539
25.974
25.549
25.0788
24.5631
24.0021
23.3959
22.7452
22.0506
21.3137
20.5372
19.7261
18.8905
18.0499
17.2437
16.5479
16.0838
15.973
16.2318
16.7543
17.412
18.1198
18.836
19.542
20.2285
20.8931
21.5338
22.1511
22.7459
23.3183
23.8695
24.4001
24.9103
25.4012
25.8726
26.3253
26.7592
27.174
27.5699
27.9464
28.3028
28.6383
35.0398
35.0239
34.9865
34.9309
34.8598
34.7757
34.6807
34.5768
34.4659
34.3496
34.2297
34.108
33.986
33.8658
33.7494
33.6389
33.5368
33.4463
33.3708
33.3148
33.2837
33.2844
33.3257
33.4185
33.5751
33.8071
34.1199
34.5052
34.9408
35.3982
35.8529
36.289
36.698
37.0755
37.4195
37.7288
38.0033
38.2429
38.4485
38.6211
38.762
38.8726
38.9545
39.0091
39.0377
39.0416
39.0219
38.9799
38.9164
38.8325
38.729
38.607
38.4672
38.3105
38.1377
37.9497
37.7474
37.5314
37.3027
37.0621
36.8104
36.5483
36.2767
35.9963
35.708
35.4125
35.1107
34.8033
34.4913
34.1755
33.8569
33.5367
33.2161
32.8962
32.5787
32.2652
31.9571
31.6563
31.364
31.0813
30.8085
30.5448
30.2885
30.0369
29.7867
29.5355
29.2805
29.021
28.7566
28.4885
28.2198
27.9547
27.7004
27.4658
27.2639
27.1096
27.0188
27.0005
27.0492
27.1426
27.2508
27.3469
27.4119
27.4347
27.4097
27.3346
27.2089
27.0328
26.8063
26.5294
26.2021
25.8236
25.3938
24.9124
24.3795
23.7951
23.1596
22.4739
21.7395
20.9594
20.1397
19.2921
18.4399
17.6287
16.9448
16.5176
16.458
16.7569
17.2957
17.9511
18.6482
19.3497
20.0392
20.7099
21.3581
21.9834
22.5863
23.1665
23.7254
24.2631
24.7809
25.2788
25.7577
26.2178
26.659
27.0818
27.4859
27.8708
28.2365
28.5822
28.907
34.1895
34.1364
34.0616
33.9679
33.858
33.7341
33.5982
33.452
33.2973
33.1356
32.9686
32.7977
32.6245
32.4508
32.2784
32.1094
31.9462
31.7919
31.6502
31.5257
31.4247
31.3556
31.3299
31.3638
31.4788
31.7005
32.0487
32.5194
33.0767
33.6699
34.2583
34.8191
35.3423
35.8243
36.2642
36.6618
37.0171
37.3307
37.6039
37.8383
38.0356
38.1979
38.3272
38.4251
38.4933
38.5334
38.5466
38.5342
38.4972
38.4367
38.3536
38.249
38.1236
37.9784
37.8143
37.6319
37.4323
37.2162
36.9845
36.738
36.4776
36.2041
35.9185
35.6215
35.3141
34.9971
34.6716
34.3386
33.9992
33.6544
33.3055
32.954
32.6015
32.25
31.9014
31.5583
31.2232
30.8987
30.5876
30.2918
30.012
29.7475
29.4951
29.2499
29.0063
28.7584
28.5023
28.2347
27.9543
27.6622
27.3605
27.0545
26.752
26.4647
26.2112
26.0166
25.9126
25.9256
26.0576
26.274
26.523
26.7606
26.9586
27.1023
27.1861
27.2092
27.1728
27.0786
26.9277
26.7204
26.4568
26.1365
25.7591
25.3244
24.8316
24.2806
23.6714
23.0045
22.281
21.5039
20.6795
19.8214
18.9562
18.1374
17.4622
17.0671
17.0499
17.3772
17.9217
18.5673
19.2471
19.9294
20.5987
21.2491
21.8784
22.4852
23.0701
23.6337
24.1762
24.6988
25.2014
25.6853
26.1502
26.5969
27.0251
27.4353
27.827
28.1997
28.5534
28.8872
29.1998
33.4075
33.3191
33.2084
33.0783
32.9309
32.7684
32.5926
32.405
32.2072
32.0004
31.786
31.5653
31.3396
31.1104
30.8791
30.6476
30.418
30.1927
29.9753
29.7701
29.5832
29.4234
29.3039
29.2449
29.2776
29.4465
29.7985
30.3452
31.0336
31.7792
32.5175
33.2167
33.8657
34.4625
35.0079
35.5026
35.9474
36.3435
36.6923
36.9962
37.2575
37.4789
37.6627
37.8111
37.9261
38.0094
38.0624
38.0866
38.083
38.0529
37.9971
37.9167
37.8124
37.6853
37.536
37.3655
37.1744
36.9636
36.7339
36.4861
36.221
35.9394
35.6422
35.3302
35.0044
34.6658
34.3153
33.9541
33.5835
33.2047
32.8193
32.429
32.036
31.6428
31.2524
30.8683
30.4947
30.1362
29.7976
29.4833
29.196
28.9355
28.6971
28.4725
28.251
28.0228
27.7797
27.5161
27.2295
26.9192
26.5865
26.2361
25.8753
25.5183
25.1869
24.9169
24.7602
24.7727
24.9745
25.3173
25.7181
26.1091
26.4511
26.7256
26.9272
27.0568
27.1178
27.1138
27.0471
26.9189
26.7295
26.4786
26.1658
25.7903
25.3515
24.8489
24.2811
23.6479
22.9495
22.1879
21.3689
20.5066
19.6312
18.8036
18.1332
17.7623
17.7748
18.1161
18.6539
19.2802
19.9354
20.5913
21.2352
21.8607
22.466
23.0502
23.614
24.157
24.6806
25.1845
25.6696
26.1367
26.5855
27.0168
27.43
27.8256
28.2032
28.562
28.9021
29.2223
29.5215
32.6967
32.5756
32.4317
32.2676
32.0854
31.8869
31.6738
31.4473
31.2087
30.9592
30.6998
30.4315
30.1553
29.8724
29.5837
29.2906
28.9948
28.6981
28.4033
28.1141
27.8358
27.5768
27.3504
27.1791
27.1018
27.1828
27.5027
28.0989
28.9041
29.7951
30.6807
31.5181
32.2943
33.0081
33.6617
34.2572
34.7959
35.2792
35.7091
36.0883
36.4197
36.7064
36.9512
37.1566
37.325
37.4583
37.5581
37.6258
37.6628
37.6703
37.6491
37.6003
37.5247
37.4231
37.2964
37.1452
36.9702
36.7722
36.5517
36.3094
36.046
35.7622
35.4588
35.1364
34.7959
34.4382
34.0643
33.6751
33.2721
32.8564
32.4297
31.994
31.5518
31.106
30.6607
30.2207
29.7922
29.3825
29.0004
28.6547
28.3533
28.0991
27.8864
27.7014
27.5254
27.3408
27.134
26.8965
26.623
26.3112
25.9619
25.5777
25.165
24.7378
24.3206
23.9581
23.7231
23.7051
23.9493
24.3971
24.9325
25.464
25.9405
26.3404
26.6574
26.8934
27.0537
27.143
27.1647
27.121
27.0126
26.8395
26.6013
26.2971
25.9261
25.487
24.9783
24.398
23.7448
23.0188
22.224
21.3732
20.4979
19.6656
18.9969
18.6403
18.6664
19.0035
19.5194
20.1147
20.7353
21.3566
21.9668
22.5607
23.1366
23.6929
24.2301
24.7488
25.2487
25.7306
26.1952
26.6421
27.0722
27.485
27.881
28.2595
28.6207
28.9636
29.2881
29.5929
29.877
32.0562
31.9054
31.7314
31.5365
31.3228
31.0916
30.8446
30.5829
30.3074
30.019
29.7186
29.407
29.0847
28.7525
28.4112
28.0615
27.7045
27.3415
26.9746
26.6066
26.242
25.8885
25.5591
25.2779
25.09
25.0764
25.3462
25.9581
26.8368
27.8336
28.8361
29.7908
30.6799
31.5008
32.2557
32.947
33.5766
34.1462
34.658
35.1147
35.5194
35.8754
36.1858
36.4534
36.6806
36.8697
37.0223
37.14
37.2242
37.2761
37.2967
37.287
37.2478
37.1799
37.0839
36.9605
36.8102
36.6336
36.4312
36.2034
35.9506
35.6733
35.372
35.0471
34.6992
34.3289
33.937
33.5242
33.0915
32.6402
32.1714
31.6872
31.1898
30.6825
30.1697
29.6576
29.1541
28.6701
28.2193
27.8184
27.485
27.2311
27.0535
26.9296
26.8268
26.7158
26.5754
26.3924
26.1595
25.8733
25.5329
25.1395
24.6976
24.2199
23.7325
23.2874
22.9767
22.9179
23.1747
23.6817
24.3024
24.93
25.506
26.0056
26.4204
26.7517
27.0038
27.1821
27.2903
27.3309
27.3052
27.2135
27.0556
26.8308
26.5383
26.1764
25.743
25.2357
24.6509
23.9867
23.2438
22.4321
21.581
20.7595
20.0956
19.743
19.7637
20.0758
20.5512
21.0989
21.6717
22.2469
22.8142
23.3678
23.9059
24.4274
24.9326
25.4208
25.8924
26.3481
26.7874
27.2107
27.6184
28.0098
28.3854
28.7442
29.0864
29.411
29.7176
30.0047
30.2717
31.4822
31.3047
31.1039
30.8816
30.6398
30.3798
30.1028
29.8098
29.5017
29.1791
28.8427
28.4929
28.1302
27.7548
27.3673
26.9681
26.5577
26.1369
25.7073
25.2709
24.8318
24.3969
23.9797
23.6059
23.3268
23.2361
23.4591
24.0621
24.9655
26.0131
27.0844
28.1185
29.0915
29.9972
30.8357
31.6088
32.3184
32.9662
33.5544
34.0856
34.5625
34.9883
35.3659
35.6982
35.9877
36.2364
36.4463
36.6191
36.7559
36.8582
36.9269
36.963
36.9673
36.9405
36.8833
36.7962
36.6795
36.5338
36.3591
36.1559
35.9241
35.664
35.3757
35.0591
34.7146
34.3422
33.9422
33.515
33.0611
32.581
32.0755
31.5459
30.9937
30.4219
29.8344
29.2378
28.6415
28.059
27.5096
27.0198
26.6231
26.3503
26.2083
26.1638
26.1612
26.1531
26.1087
26.01
25.8481
25.6185
25.3196
24.9507
24.5149
24.0223
23.4984
23.001
22.6357
22.5401
22.7855
23.3007
23.9457
24.6101
25.2355
25.7941
26.2758
26.6787
27.0055
27.2598
27.4447
27.5629
27.6155
27.6031
27.5256
27.3828
27.1741
26.8978
26.552
26.1335
25.6385
25.0624
24.4034
23.6672
22.8783
22.101
21.46
21.1083
21.1043
21.367
21.7789
22.26
22.7682
23.2832
23.7947
24.2975
24.789
25.2681
25.7335
26.185
26.6227
27.0466
27.4562
27.8516
28.2329
28.5992
28.9509
29.287
29.6073
29.9107
30.1968
30.464
30.7112
30.9687
30.7677
30.5431
30.2967
30.0303
29.7449
29.4418
29.1217
28.7854
28.4333
28.0658
27.6833
27.2859
26.8738
26.4471
26.006
25.5506
25.0814
24.5995
24.1067
23.6065
23.106
22.6192
22.1743
21.8284
21.6853
21.876
22.4616
23.3576
24.4109
25.5043
26.5754
27.5964
28.5569
29.4542
30.2883
31.0606
31.7726
32.426
33.0231
33.5661
34.0575
34.5
34.896
35.2479
35.5575
35.8268
36.0573
36.2502
36.4069
36.5284
36.6155
36.6691
36.6899
36.6785
36.6351
36.5603
36.4542
36.3168
36.1482
35.9484
35.7169
35.4537
35.1583
34.8303
34.4694
34.0752
33.6474
33.1858
32.6902
32.1605
31.5967
30.9993
30.3695
29.7104
29.0274
28.3302
27.6338
26.9622
26.3517
25.8553
25.5333
25.4144
25.4543
25.5662
25.6783
25.7489
25.7562
25.6894
25.544
25.3178
25.0094
24.6196
24.1558
23.6414
23.1339
22.7445
22.6206
22.836
23.3178
23.933
24.5797
25.2033
25.776
26.2859
26.7289
27.1044
27.4135
27.6586
27.8407
27.961
28.0197
28.017
27.9529
27.8268
27.6378
27.3843
27.0636
26.6717
26.204
25.657
25.0332
24.3513
23.6655
23.0854
22.7462
22.7027
22.891
23.2151
23.6085
24.0348
24.4753
24.9188
25.3601
25.7955
26.2231
26.6415
27.0499
27.4478
27.8343
28.2092
28.5722
28.9226
29.2601
29.5843
29.8942
30.1895
30.4688
30.7315
30.976
31.2011
30.5089
30.2872
30.0417
29.7742
29.4863
29.179
28.8533
28.5098
28.1493
27.7719
27.378
26.9677
26.5411
26.0981
25.6387
25.1627
24.6701
24.1613
23.6368
23.0984
22.5495
21.9975
21.4573
20.9602
20.5699
20.3983
20.5761
21.1493
22.0246
23.0568
24.1384
25.2108
26.2458
27.2304
28.1596
29.0315
29.8463
30.6048
31.3083
31.9585
32.5569
33.1055
33.6063
34.061
34.4717
34.8401
35.1676
35.4556
35.7054
35.9181
36.0947
36.2359
36.3426
36.4154
36.4548
36.461
36.4345
36.3753
36.2833
36.1584
36.0002
35.8083
35.582
35.3206
35.0231
34.6886
34.3162
33.9046
33.4529
32.96
32.4247
31.8457
31.2218
30.5523
29.8377
29.0814
28.2917
27.4841
26.6855
25.9415
25.325
24.9288
24.8089
24.9149
25.1286
25.3529
25.5355
25.6513
25.6885
25.6423
25.5105
25.2911
24.9828
24.5909
24.1355
23.6692
23.2966
23.1604
23.333
23.7494
24.2934
24.8787
25.4565
26.0023
26.5025
26.9512
27.345
27.6835
27.9663
28.1938
28.3657
28.4822
28.5432
28.5485
28.4979
28.3909
28.2265
28.0029
27.7173
27.366
26.9464
26.4604
25.9224
25.3743
24.8978
24.5935
24.5095
24.6108
24.8328
25.1254
25.4581
25.8129
26.1792
26.5506
26.9225
27.2921
27.6577
28.0171
28.3695
28.7139
29.0495
29.3759
29.6917
29.9965
30.2898
30.5702
30.8373
31.0895
31.3258
31.5451
31.7453
30.096
29.8559
29.592
29.3061
28.9994
28.6731
28.3278
27.9643
27.5829
27.184
26.7677
26.334
25.8828
25.4139
24.9272
24.4223
23.8992
23.3578
22.7988
22.2237
21.6362
21.0439
20.4634
19.9296
19.5134
19.3343
19.5176
20.0886
20.9429
21.9438
22.9956
24.0463
25.0698
26.0532
26.9902
27.8778
28.7149
29.5016
30.2386
30.9267
31.5672
32.1612
32.7101
33.2151
33.6777
34.0991
34.4804
34.8227
35.1271
35.3945
35.6257
35.8215
35.9824
36.1091
36.2019
36.2612
36.2872
36.2798
36.239
36.1644
36.0556
35.912
35.7326
35.5164
35.2621
34.9681
34.633
34.255
33.8321
33.3624
32.8437
32.2735
31.6488
30.9666
30.2247
29.4235
28.5683
27.6734
26.7674
25.904
25.1742
24.6993
24.5555
24.6892
24.9628
25.2629
25.529
25.7334
25.8633
25.9134
25.881
25.7638
25.5602
25.2738
24.9222
24.5489
24.2411
24.1169
24.2409
24.569
25.0132
25.5062
26.0072
26.4937
26.953
27.3768
27.761
28.1023
28.3991
28.6505
28.8552
29.0125
29.122
29.1832
29.196
29.1599
29.0746
28.9391
28.752
28.5116
28.2172
27.8717
27.4874
27.0938
26.7432
26.4983
26.3953
26.4251
26.5544
26.751
26.9917
27.2611
27.5488
27.8479
28.1536
28.4621
28.7711
29.0783
29.3821
29.6812
29.9747
30.2609
30.5391
30.8084
31.0678
31.316
31.5519
31.7746
31.9823
32.1738
32.3468
29.7232
29.4668
29.1868
28.8846
28.5615
28.2186
27.8563
27.4755
27.0763
26.6589
26.2234
25.7698
25.2978
24.8072
24.2977
23.7687
23.2202
22.6521
22.0649
21.4601
20.8415
20.2178
19.6073
19.0492
18.6228
18.4539
18.6581
19.2367
20.0748
21.044
22.0601
23.0784
24.0761
25.0417
25.9688
26.8542
27.6964
28.4946
29.249
29.9601
30.6284
31.2548
31.8398
32.3844
32.8893
33.3553
33.7832
34.1738
34.5277
34.8457
35.1284
35.3762
35.5898
35.7696
35.9159
36.0289
36.1088
36.1554
36.1688
36.1484
36.0938
36.0043
35.8787
35.7159
35.5144
35.2723
34.9877
34.6583
34.2815
33.8546
33.3746
32.8377
32.2399
31.5765
30.8426
30.0355
29.1568
28.2176
27.246
26.2998
25.4838
24.94
24.7565
24.8765
25.1578
25.4833
25.7896
26.047
26.2419
26.3679
26.4218
26.4014
26.3056
26.1385
25.9149
25.6687
25.4617
25.3747
25.458
25.6942
26.0298
26.4176
26.8266
27.2363
27.6342
28.0124
28.3646
28.687
28.977
29.2319
29.4502
29.6303
29.7714
29.8726
29.9335
29.9538
29.9331
29.8713
29.768
29.623
29.4374
29.215
28.9662
28.7107
28.4792
28.3063
28.2157
28.2102
28.2779
28.402
28.5677
28.7635
28.9809
29.2135
29.4565
29.7064
29.9602
30.2156
30.4707
30.7241
30.9739
31.219
31.4582
31.6902
31.9141
32.1282
32.3315
32.5226
32.6997
32.8614
33.0053
29.3845
29.1136
28.8192
28.5027
28.1652
27.8076
27.4306
27.0346
26.6199
26.1866
25.7347
25.264
24.7743
24.2652
23.7363
23.1871
22.6174
22.0269
21.4163
20.787
20.1434
19.495
18.8626
18.2908
17.8677
17.7239
17.9609
18.5547
19.3822
20.3234
21.305
22.2885
23.255
24.1944
25.1013
25.9728
26.8073
27.6041
28.3629
29.0837
29.7669
30.4128
31.0219
31.5944
32.1309
32.6317
33.0973
33.528
33.9243
34.2865
34.615
34.9103
35.1726
35.4022
35.5993
35.7642
35.8967
35.9969
36.0645
36.0992
36.1005
36.0674
35.9991
35.8942
35.7513
35.5683
35.3432
35.0734
34.7559
34.3876
33.9647
33.483
32.9375
32.3226
31.6321
30.8609
30.0077
29.0797
28.1009
27.1276
26.2678
25.6737
25.4406
25.5129
25.7551
26.057
26.3578
26.6275
26.8513
27.022
27.1355
27.1899
27.185
27.125
27.0222
26.9008
26.7994
26.7654
26.8318
26.9987
27.2422
27.5345
27.8537
28.184
28.5145
28.8366
29.1449
29.4345
29.7021
29.945
30.1607
30.3477
30.5043
30.6296
30.7227
30.7834
30.8112
30.8065
30.7691
30.7
30.601
30.4762
30.3335
30.1857
30.0505
29.9465
29.8879
29.8803
29.9209
30.0029
30.1186
30.2609
30.4237
30.6019
30.792
30.9906
31.1952
31.4032
31.6128
31.8224
32.0305
32.2355
32.4362
32.6312
32.8194
32.9991
33.169
33.3278
33.4733
33.6039
33.7176
29.0746
28.7907
28.4834
28.1541
27.8038
27.4333
27.0433
26.634
26.2058
25.7586
25.2923
24.8069
24.3018
23.7768
23.2313
22.6648
22.0769
21.4676
20.8372
20.1876
19.5236
18.856
18.2084
17.632
17.2239
17.1173
17.3954
18.0095
18.831
19.7494
20.7005
21.6517
22.5868
23.4977
24.3801
25.2317
26.0512
26.8378
27.5915
28.312
28.9996
29.6545
30.2767
30.8666
31.4243
31.9498
32.4435
32.9053
33.3355
33.7341
34.1015
34.4376
34.7428
35.017
35.2604
35.473
35.6548
35.8056
35.9251
36.0131
36.0689
36.0918
36.0809
36.0349
35.9524
35.8315
35.6702
35.4659
35.2156
34.9159
34.563
34.1524
33.6789
33.1368
32.5198
31.8223
31.0417
30.1818
29.2614
28.3287
27.4834
26.8716
26.5885
26.5888
26.755
26.9926
27.2471
27.49
27.7061
27.887
28.028
28.1267
28.1831
28.2008
28.1887
28.1627
28.1457
28.1631
28.2343
28.3648
28.547
28.7681
29.0147
29.276
29.5435
29.8106
30.0717
30.3226
30.5603
30.7813
30.9836
31.1652
31.3244
31.4602
31.5713
31.6576
31.7186
31.7544
31.7654
31.7526
31.7181
31.6653
31.6002
31.5308
31.4675
31.4206
31.3987
31.4059
31.443
31.5078
31.5967
31.7061
31.832
31.9714
32.1214
32.2794
32.4433
32.6113
32.7816
32.9526
33.1229
33.2912
33.456
33.6161
33.7703
33.9166
34.054
34.1806
34.2949
34.3945
34.4774
28.789
28.4933
28.1744
27.8336
27.4718
27.0898
26.6882
26.2671
25.8269
25.3674
24.8886
24.3902
23.8718
23.3328
22.7729
22.1914
21.5878
20.9621
20.3149
19.6482
18.9674
18.285
17.6281
17.0551
16.6726
16.6128
16.937
17.574
18.3931
19.2934
20.2188
21.1417
22.0483
22.9322
23.7898
24.6196
25.4207
26.1927
26.9356
27.6492
28.3339
28.9897
29.6168
30.2152
30.785
31.3263
31.839
32.3232
32.7788
33.2057
33.604
33.9737
34.3148
34.6271
34.9107
35.1655
35.3914
35.5881
35.7554
35.8928
35.9998
36.0758
36.1198
36.1307
36.1073
36.0478
35.9504
35.8128
35.6321
35.4053
35.1286
34.7979
34.4085
33.9553
33.4331
32.8377
32.1666
31.4228
30.62
29.7961
29.0322
28.4479
28.1259
28.0409
28.108
28.2537
28.4325
28.6188
28.797
28.958
29.0963
29.2087
29.2947
29.3564
29.3993
29.4332
29.4708
29.5259
29.609
29.7253
29.8734
30.0482
30.2432
30.4521
30.6685
30.8879
31.1061
31.3197
31.5254
31.7209
31.9042
32.073
32.2262
32.3623
32.4804
32.5801
32.6609
32.7231
32.7667
32.793
32.8036
32.8012
32.7901
32.7753
32.7633
32.7598
32.7699
32.7966
32.8414
32.9035
32.9817
33.0738
33.178
33.2922
33.4144
33.5431
33.6765
33.8131
33.9517
34.0908
34.2292
34.3656
34.4988
34.6275
34.7505
34.8661
34.9729
35.0693
35.1535
35.2232
35.276
28.5237
28.2173
27.8879
27.5366
27.1645
26.7722
26.3601
25.9285
25.4776
25.0072
24.5172
24.0072
23.4769
22.9257
22.353
21.7582
21.1409
20.501
19.8392
19.1579
18.4634
17.7699
17.109
16.5469
16.1991
16.1933
16.5662
17.2267
18.0458
18.932
19.8364
20.7352
21.6172
22.4767
23.3114
24.1202
24.9026
25.6585
26.3879
27.0913
27.7687
28.4203
29.0462
29.6468
30.2219
30.7716
31.2959
31.7947
32.2679
32.7155
33.1372
33.5329
33.9026
34.2461
34.5633
34.8539
35.1177
35.3545
35.564
35.7456
35.899
36.0234
36.1181
36.1821
36.2141
36.2128
36.1765
36.1031
35.9905
35.8357
35.6358
35.3872
35.086
34.7285
34.3113
33.8319
33.2898
32.6886
32.0398
31.3714
30.7402
30.2272
29.893
29.7341
29.7034
29.7519
29.8451
29.9605
30.0835
30.205
30.3188
30.4211
30.5104
30.5873
30.6547
30.7179
30.7836
30.859
30.95
31.0601
31.1892
31.3356
31.4962
31.6673
31.8455
32.0276
32.2103
32.3911
32.5678
32.7385
32.901
33.054
33.1963
33.3266
33.4442
33.5484
33.639
33.7161
33.7798
33.8311
33.8712
33.9023
33.9271
33.9488
33.9716
33.9989
34.0335
34.0778
34.1327
34.1981
34.2738
34.3585
34.451
34.5503
34.6546
34.7633
34.875
34.9885
35.1029
35.2169
35.3295
35.4397
35.5463
35.6481
35.7439
35.8322
35.9115
35.9802
36.0364
36.078
36.1025
28.2755
27.9592
27.6202
27.2595
26.878
26.4763
26.0547
25.6136
25.153
24.6727
24.1726
23.6524
23.1114
22.5491
21.965
21.3584
20.7289
20.0765
19.4019
18.7081
18.0024
17.3012
16.641
16.0969
15.7921
15.8453
16.2673
16.951
17.7714
18.6464
19.5335
20.4124
21.2734
22.112
22.9266
23.7163
24.4811
25.2212
25.9369
26.6286
27.2965
27.9411
28.5625
29.161
29.7367
30.2896
30.8199
31.3272
31.8118
32.2733
32.7117
33.1267
33.5183
33.8862
34.2301
34.5499
34.8453
35.116
35.3615
35.5816
35.7755
35.9429
36.0829
36.1946
36.277
36.329
36.3491
36.3356
36.2866
36.1999
36.0731
35.9035
35.6884
35.4254
35.1126
34.7494
34.3372
33.8806
33.3896
32.8848
32.4017
31.987
31.679
31.4854
31.3879
31.3602
31.3794
31.4287
31.4958
31.5721
31.6516
31.7306
31.8068
31.8796
31.9502
32.021
32.0952
32.1765
32.2679
32.3711
32.4866
32.6135
32.7504
32.8948
33.0448
33.1982
33.353
33.5074
33.6595
33.8078
33.9511
34.0882
34.2177
34.3391
34.4517
34.5548
34.6483
34.7322
34.8067
34.8725
34.9305
34.9823
35.0294
35.0745
35.1196
35.1669
35.2186
35.2758
35.3393
35.4092
35.4852
35.5667
35.6531
35.7433
35.8366
35.932
36.0284
36.1254
36.2218
36.3168
36.4095
36.4988
36.5837
36.6631
36.7359
36.8008
36.8561
36.9002
36.9313
36.9472
36.9454
28.0416
27.7163
27.3684
26.999
26.6089
26.1985
25.7684
25.3186
24.8491
24.36
23.8507
23.321
22.7704
22.1982
21.6037
20.9865
20.346
19.6823
18.9964
18.2919
17.5771
16.8713
16.2165
15.6973
15.4426
15.5582
16.0281
16.7336
17.556
18.422
19.2948
20.157
21.0003
21.8212
22.6183
23.3914
24.1406
24.8663
25.5689
26.249
26.9071
27.5436
28.1587
28.7528
29.3262
29.879
30.4112
30.9228
31.4139
31.8843
32.3339
32.7626
33.1702
33.5564
33.9211
34.264
34.5848
34.8831
35.1586
35.4109
35.6396
35.8439
36.0233
36.177
36.304
36.4035
36.4742
36.5147
36.5236
36.4991
36.4395
36.3429
36.2076
36.0323
35.8164
35.5605
35.2671
34.941
34.5908
34.2309
33.8826
33.5715
33.3193
33.1351
33.015
32.9476
32.9209
32.924
32.9481
32.9865
33.0342
33.0879
33.1453
33.2054
33.268
33.3342
33.4052
33.4828
33.5683
33.6624
33.7653
33.8765
33.9948
34.119
34.2476
34.3792
34.5122
34.6452
34.7772
34.9069
35.0334
35.1556
35.2729
35.3844
35.49
35.5888
35.681
35.7665
35.8454
35.9184
35.9859
36.0492
36.1093
36.1679
36.2262
36.2858
36.3477
36.4131
36.4821
36.5548
36.6313
36.711
36.7932
36.8775
36.963
37.0491
37.1349
37.2197
37.3026
37.3831
37.4602
37.533
37.6005
37.6617
37.7154
37.7604
37.7951
37.818
37.8269
37.8199
37.7941
27.8196
27.4859
27.1299
26.7525
26.3543
25.9361
25.498
25.0403
24.5628
24.0653
23.5477
23.0094
22.4499
21.8686
21.2647
20.6378
19.9873
19.3134
18.6176
17.9038
17.182
16.4744
15.8296
15.3419
15.1435
15.3229
15.8385
16.564
17.3884
18.2471
19.108
19.9561
20.7845
21.5903
22.3726
23.1314
23.867
24.5799
25.2708
25.9402
26.5888
27.2171
27.8254
28.4143
28.9839
29.5345
30.0663
30.5793
31.0737
31.5493
32.0061
32.444
32.863
33.2626
33.6429
34.0035
34.3442
34.6646
34.9645
35.2433
35.5007
35.7362
35.9491
36.1388
36.3045
36.4454
36.5606
36.6489
36.7091
36.7401
36.7405
36.7093
36.6454
36.5484
36.4184
36.2568
36.0663
35.8513
35.6187
35.3783
35.143
34.927
34.7423
34.596
34.4888
34.4172
34.3755
34.358
34.3594
34.3753
34.4022
34.4372
34.479
34.5263
34.5787
34.6364
34.6998
34.7697
34.8464
34.9303
35.0212
35.1187
35.2218
35.3297
35.4413
35.5555
35.6712
35.7873
35.903
36.0176
36.1298
36.2392
36.3453
36.4475
36.5454
36.6386
36.7272
36.8113
36.8907
36.9661
37.0377
37.1063
37.1729
37.2383
37.3035
37.3693
37.4366
37.5059
37.5772
37.6509
37.7264
37.8038
37.8824
37.9616
38.0407
38.1194
38.1967
38.2719
38.3445
38.4133
38.4781
38.5376
38.5909
38.6371
38.6749
38.7032
38.7203
38.7246
38.7141
38.6867
38.6395
27.6074
27.266
26.9024
26.5176
26.1121
25.6866
25.2412
24.776
24.291
23.786
23.2607
22.7145
22.1468
21.557
20.9445
20.3086
19.6489
18.9658
18.261
17.5394
16.8124
16.1059
15.4758
15.026
14.8891
15.1323
15.6904
16.4339
17.2602
18.1126
18.9633
19.7995
20.6151
21.4081
22.1778
22.9243
23.6481
24.35
25.0305
25.6904
26.3304
26.9511
27.5528
28.1362
28.7015
29.2491
29.7792
30.2919
30.7875
31.2658
31.727
32.171
32.5978
33.0071
33.3989
33.7729
34.1289
34.4666
34.7858
35.0861
35.367
35.6282
35.8691
36.0892
36.2878
36.4642
36.6176
36.7473
36.8523
36.9317
36.9848
37.0108
37.0093
36.9803
36.9245
36.8434
36.7395
36.6166
36.48
36.3362
36.1934
36.0596
35.942
35.8453
35.7711
35.7188
35.6864
35.6707
35.6694
35.6797
35.6996
35.7272
35.7616
35.8019
35.8479
35.8993
35.9564
36.0193
36.0881
36.1631
36.2439
36.3301
36.4211
36.5161
36.6143
36.7148
36.817
36.9198
37.0225
37.1245
37.2252
37.324
37.4204
37.5143
37.605
37.6924
37.7766
37.8577
37.9354
38.0103
38.0827
38.153
38.2219
38.2899
38.3577
38.4258
38.4947
38.5646
38.6359
38.7082
38.7817
38.8558
38.9301
39.0042
39.0776
39.1493
39.2191
39.2862
39.3497
39.4088
39.4631
39.5114
39.5528
39.5862
39.6106
39.6244
39.6263
39.6144
39.5868
39.5411
39.4745
27.4034
27.0548
26.6841
26.2924
25.8801
25.4478
24.9956
24.5236
24.0316
23.5196
22.987
22.4334
21.8582
21.2606
20.64
19.9958
19.3277
18.6362
17.9234
17.195
16.4646
15.7621
15.1516
14.7459
14.6744
14.9802
15.5773
16.3365
17.1644
18.0113
18.8531
19.6789
20.4836
21.2656
22.0244
22.7604
23.4741
24.1663
24.8379
25.4895
26.1219
26.7356
27.3313
27.9095
28.4705
29.0148
29.5426
30.0542
30.5498
31.0294
31.4931
31.9411
32.3732
32.7894
33.1896
33.5736
33.9413
34.2926
34.627
34.9443
35.2443
35.5265
35.7905
36.0358
36.2619
36.4683
36.6543
36.8193
36.9627
37.0838
37.1822
37.2575
37.3095
37.3387
37.3457
37.3322
37.3003
37.253
37.1942
37.1286
37.0611
36.9971
36.9406
36.8949
36.8615
36.8405
36.8315
36.8332
36.844
36.8628
36.8884
36.9198
36.9565
36.9979
37.044
37.0947
37.1498
37.2099
37.2748
37.3445
37.4188
37.4974
37.5799
37.6657
37.7541
37.8446
37.9365
38.0292
38.122
38.2145
38.3062
38.3965
38.4854
38.5721
38.6567
38.739
38.8188
38.8964
38.9716
39.0447
39.1162
39.186
39.2546
39.3228
39.3905
39.4584
39.5265
39.5952
39.6644
39.7342
39.8041
39.8742
39.9436
40.0124
40.0797
40.1448
40.2075
40.2668
40.3221
40.3726
40.4173
40.4556
40.4864
40.5086
40.5209
40.522
40.5103
40.484
40.4409
40.3786
40.2943
27.2061
26.8507
26.4734
26.0752
25.6566
25.2179
24.7593
24.281
23.7826
23.264
22.7247
22.1642
21.5818
20.9769
20.3488
19.6968
19.0208
18.3216
17.6016
16.8678
16.1357
15.4403
14.8542
14.4988
14.4953
14.8613
15.4936
16.2664
17.0954
17.9373
18.7713
19.5879
20.3831
21.1554
21.9048
22.6316
23.3366
24.0206
24.6843
25.3287
25.9544
26.5621
27.1524
27.7258
28.2829
28.824
29.3494
29.8594
30.3544
30.8344
31.2996
31.7501
32.1859
32.607
33.0135
33.4051
33.7818
34.1435
34.4899
34.8209
35.1362
35.4354
35.7183
35.9844
36.2334
36.4649
36.6782
36.8731
37.049
37.2055
37.3424
37.4595
37.557
37.6351
37.6949
37.7376
37.7651
37.7797
37.7843
37.7821
37.7766
37.7709
37.7681
37.77
37.778
37.7925
37.8134
37.8402
37.8722
37.9088
37.9493
37.9933
38.0404
38.0907
38.1438
38.1999
38.2592
38.3217
38.3877
38.4569
38.5295
38.6051
38.6833
38.7641
38.847
38.9313
39.0168
39.1028
39.189
39.275
39.3603
39.4448
39.5278
39.6094
39.6893
39.7674
39.8437
39.9182
39.9909
40.062
40.1316
40.2001
40.2676
40.3344
40.4009
40.467
40.5333
40.5995
40.6658
40.732
40.7979
40.8632
40.9276
40.9905
41.0517
41.1104
41.1658
41.2177
41.2651
41.3072
41.3432
41.3722
41.3932
41.405
41.4063
41.3957
41.3715
41.3318
41.2745
41.1969
41.0959
27.0139
26.6522
26.2688
25.8646
25.44
24.9954
24.5309
24.0466
23.5422
23.0174
22.4718
21.9048
21.3157
20.7039
20.0687
19.4094
18.7262
18.0198
17.2935
16.5552
15.8232
15.1381
14.5818
14.2821
14.3482
14.7711
15.4348
16.2191
17.0487
17.886
18.7129
19.5214
20.3081
21.0719
21.8129
22.5318
23.2291
23.9058
24.5628
25.2008
25.8207
26.4231
27.0086
27.5779
28.1313
28.6694
29.1926
29.701
30.1952
30.6751
31.1411
31.5933
32.0318
32.4565
32.8677
33.2651
33.6488
34.0187
34.3747
34.7166
35.0441
35.3572
35.6555
35.9388
36.2068
36.459
36.6953
36.9151
37.1184
37.3048
37.4741
37.6264
37.762
37.8812
37.9849
38.0741
38.1505
38.2158
38.2721
38.3218
38.3672
38.4105
38.4537
38.4982
38.5449
38.5944
38.6465
38.7015
38.7586
38.8177
38.8784
38.9405
39.0038
39.0684
39.1342
39.2013
39.2699
39.3402
39.4122
39.4859
39.5616
39.639
39.718
39.7984
39.8799
39.9623
40.0452
40.1283
40.2113
40.2939
40.3758
40.4567
40.5365
40.615
40.692
40.7675
40.8414
40.9139
40.9847
41.0542
41.1223
41.1893
41.2555
41.3207
41.3854
41.4497
41.5134
41.5769
41.6398
41.7023
41.7639
41.8245
41.8836
41.941
41.9959
42.0481
42.0967
42.1413
42.1811
42.2152
42.2427
42.2629
42.2746
42.2765
42.2673
42.2457
42.2098
42.1576
42.0867
41.9946
41.8779
26.8258
26.4581
26.069
25.6591
25.229
24.7789
24.3089
23.8189
23.3088
22.7782
22.2266
21.6535
21.0582
20.4398
19.7979
19.1319
18.4418
17.7288
16.9968
16.2552
15.5254
14.854
14.3329
14.0938
14.2298
14.7057
15.397
16.1909
17.0207
17.8535
18.6739
19.475
20.254
21.0102
21.7439
22.4556
23.1461
23.8165
24.4675
25.1
25.7147
26.3125
26.8938
27.4593
28.0096
28.5451
29.0661
29.5731
30.0663
30.546
31.0125
31.4658
31.9063
32.3338
32.7486
33.1506
33.5399
33.9163
34.28
34.6306
34.9683
35.2927
35.6037
35.9011
36.1847
36.4542
36.7095
36.9503
37.1765
37.3878
37.5843
37.7661
37.9335
38.0869
38.2269
38.3547
38.4713
38.5781
38.6768
38.769
38.8565
38.9407
39.0231
39.1047
39.1861
39.268
39.3502
39.433
39.5161
39.5991
39.6822
39.765
39.8476
39.9298
40.0117
40.0937
40.1756
40.2576
40.3398
40.4225
40.5056
40.5892
40.673
40.7573
40.8417
40.9261
41.0103
41.0941
41.1774
41.2599
41.3414
41.4218
41.5009
41.5786
41.6549
41.7296
41.8028
41.8745
41.9448
42.0135
42.0809
42.1472
42.2123
42.2765
42.3397
42.4021
42.4639
42.5247
42.5846
42.6435
42.7011
42.7573
42.8115
42.8636
42.9127
42.9588
43.001
43.0386
43.0711
43.0974
43.117
43.1287
43.1315
43.124
43.1049
43.0727
43.0255
42.9613
42.8775
42.7713
42.6393
26.6404
26.2673
25.8728
25.4577
25.0224
24.5671
24.0919
23.5967
23.0812
22.5451
21.988
21.4091
20.8077
20.1832
19.5349
18.8624
18.1658
17.4469
16.71
15.9662
15.2405
14.5867
14.1062
13.932
14.137
14.6616
15.377
16.1787
17.0081
17.8366
18.6509
19.4452
20.2173
20.9666
21.6936
22.3989
23.0834
23.748
24.3937
25.0213
25.6315
26.2251
26.8027
27.365
27.9124
28.4455
28.9647
29.4703
29.9626
30.4421
30.9088
31.3631
31.805
32.2348
32.6525
33.0582
33.452
33.8338
34.2037
34.5616
34.9075
35.2412
35.5628
35.8719
36.1685
36.4525
36.7237
36.982
37.2273
37.4595
37.6788
37.8852
38.079
38.2607
38.4309
38.5904
38.7401
38.881
39.0146
39.1419
39.2641
39.3825
39.4981
39.6115
39.7235
39.8342
39.944
40.0528
40.1606
40.2672
40.3726
40.4766
40.5793
40.6806
40.7805
40.8791
40.9766
41.0729
41.1684
41.263
41.3568
41.4499
41.5423
41.634
41.7248
41.8147
41.9037
41.9917
42.0785
42.164
42.2481
42.3307
42.4118
42.4912
42.5689
42.645
42.7193
42.792
42.863
42.9326
43.0005
43.067
43.1321
43.1959
43.2587
43.3201
43.3802
43.4393
43.4968
43.5528
43.6072
43.6595
43.7096
43.7568
43.801
43.8414
43.8777
43.909
43.9347
43.954
43.966
43.9697
43.964
43.9476
43.919
43.8767
43.8186
43.7427
43.6463
43.5265
43.3797
26.4569
26.0786
25.6792
25.2592
24.819
24.3589
23.8788
23.3787
22.8582
22.317
21.7545
21.1701
20.563
19.9327
19.2783
18.5997
17.8971
17.1726
16.4315
15.6868
14.9675
14.3353
13.9011
13.7951
14.0671
14.6359
15.372
16.18
17.0085
17.8327
18.6413
19.4293
20.1949
20.9379
21.6588
22.3583
23.0373
23.6967
24.3376
24.9607
25.5669
26.1568
26.7311
27.2905
27.8354
28.3664
28.8838
29.3882
29.8797
30.3589
30.8258
31.2807
31.7239
32.1555
32.5757
32.9844
33.382
33.7683
34.1434
34.5074
34.8602
35.2018
35.5321
35.851
36.1586
36.4547
36.7392
37.0122
37.2735
37.5232
37.7614
37.9884
38.2042
38.4095
38.6046
38.7903
38.9672
39.1364
39.2986
39.4548
39.6059
39.753
39.8965
40.0372
40.1754
40.3115
40.4458
40.5781
40.7086
40.8371
40.9636
41.088
41.2104
41.3305
41.4486
41.5646
41.6785
41.7905
41.9007
42.009
42.1156
42.2206
42.3238
42.4255
42.5255
42.6238
42.7205
42.8153
42.9084
42.9997
43.089
43.1764
43.2619
43.3453
43.4268
43.5062
43.5836
43.6591
43.7327
43.8043
43.8742
43.9424
44.0088
44.0736
44.1367
44.1981
44.2581
44.3161
44.3723
44.4266
44.4785
44.528
44.5748
44.6182
44.6582
44.6939
44.7251
44.7508
44.7705
44.7833
44.7885
44.7849
44.7712
44.7464
44.7089
44.6569
44.5884
44.5013
44.3928
44.2597
44.0982
26.2741
25.891
25.487
25.0625
24.6178
24.1532
23.6685
23.1638
22.6386
22.0925
21.525
20.9354
20.323
19.687
19.0269
18.3424
17.6342
16.9046
16.1601
15.4158
14.7054
14.0993
13.7166
13.6813
14.0174
14.6257
15.3795
16.1924
17.0196
17.8396
18.6427
19.4247
20.1843
20.9215
21.6367
22.3308
23.0047
23.6595
24.296
24.9151
25.5175
26.104
26.6754
27.2321
27.7747
28.3038
28.8197
29.3229
29.8138
30.2926
30.7596
31.2152
31.6594
32.0925
32.5147
32.9261
33.3269
33.717
34.0966
34.4657
34.8243
35.1725
35.5103
35.8376
36.1544
36.4607
36.7565
37.0418
37.3166
37.5811
37.8352
38.0793
38.3135
38.5384
38.7542
38.9616
39.1611
39.3535
39.5394
39.7197
39.8949
40.0657
40.2327
40.3966
40.5574
40.7156
40.8712
41.0244
41.1752
41.3234
41.4693
41.6125
41.7533
41.8913
42.0268
42.1596
42.2899
42.4177
42.5428
42.6656
42.786
42.9039
43.0196
43.1329
43.2437
43.3524
43.4587
43.5626
43.6642
43.7633
43.86
43.9544
44.0463
44.1359
44.223
44.3077
44.3901
44.4701
44.5479
44.6234
44.6968
44.768
44.837
44.9041
44.969
45.0318
45.0925
45.1509
45.207
45.2605
45.3113
45.3592
45.4037
45.4445
45.4813
45.5134
45.5404
45.5615
45.5762
45.5834
45.5825
45.5723
45.5516
45.519
45.4731
45.4121
45.3338
45.2359
45.1157
44.9696
44.7939
26.0909
25.7035
25.2953
24.8666
24.4177
23.949
23.4601
22.9511
22.4214
21.8708
21.2986
20.704
20.0864
19.4451
18.7796
18.0896
17.376
16.6419
15.8948
15.1523
14.4536
13.8782
13.5524
13.5889
13.9854
14.6289
15.3975
16.2141
17.0395
17.8553
18.6531
19.4294
20.1834
20.915
21.625
22.3141
22.9833
23.6337
24.2661
24.8815
25.4805
26.064
26.6325
27.1868
27.7274
28.2547
28.7692
29.2714
29.7615
30.24
30.7071
31.1631
31.6083
32.0427
32.4667
32.8804
33.2839
33.6773
34.0607
34.4342
34.7979
35.1518
35.4959
35.8303
36.155
36.4701
36.7755
37.0712
37.3575
37.6343
37.9019
38.1604
38.4101
38.6512
38.8843
39.1097
39.328
39.5397
39.7453
39.9455
40.1408
40.3317
40.5186
40.702
40.8821
41.0593
41.2334
41.4049
41.5735
41.7393
41.9025
42.0627
42.2201
42.3746
42.5262
42.6748
42.8206
42.9634
43.1034
43.2403
43.3746
43.5059
43.6343
43.76
43.8828
44.0028
44.1198
44.2341
44.3456
44.4542
44.5598
44.6627
44.7627
44.86
44.9544
45.046
45.1349
45.2211
45.3046
45.3855
45.4637
45.5394
45.6125
45.6831
45.7512
45.8166
45.8795
45.9396
45.9968
46.0509
46.1019
46.1492
46.1928
46.2322
46.2669
46.2965
46.3205
46.3381
46.3488
46.3515
46.3455
46.3295
46.3026
46.2632
46.2097
46.1403
46.0528
45.9448
45.8133
45.6549
45.4653
25.9064
25.5151
25.103
24.6705
24.2179
23.7452
23.2525
22.7395
22.2057
21.6508
21.0741
20.4749
19.8525
19.2061
18.5353
17.8401
17.1216
16.3834
15.6345
14.8955
14.2116
13.6719
13.4077
13.5162
13.9689
14.6432
15.4242
16.2433
17.0667
17.8783
18.6709
19.4418
20.1904
20.9167
21.6217
22.3061
22.9709
23.6172
24.2458
24.8576
25.4535
26.0341
26.6001
27.1521
27.6907
28.2164
28.7296
29.2308
29.7203
30.1984
30.6655
31.1219
31.5678
32.0034
32.4289
32.8446
33.2504
33.6467
34.0335
34.4108
34.7789
35.1377
35.4874
35.8279
36.1594
36.4819
36.7955
37.1003
37.3963
37.6837
37.9626
38.2333
38.4959
38.7508
38.9983
39.2389
39.4728
39.7006
39.9226
40.1395
40.3517
40.5594
40.7631
40.9631
41.1598
41.3531
41.5433
41.7306
41.9148
42.096
42.2744
42.4497
42.6221
42.7913
42.9574
43.1206
43.2805
43.4375
43.5913
43.7418
43.8893
44.0336
44.1748
44.3128
44.4476
44.5793
44.7078
44.8329
44.955
45.0739
45.1895
45.3018
45.4111
45.5171
45.62
45.7198
45.8164
45.9099
46.0004
46.0879
46.1723
46.2538
46.3322
46.4077
46.4801
46.5495
46.6157
46.6787
46.7382
46.7944
46.8466
46.8948
46.9386
46.9778
47.0118
47.0401
47.0623
47.0776
47.0853
47.0846
47.0745
47.054
47.0217
46.9763
46.9161
46.8391
46.7433
46.6258
46.4838
46.3135
46.1105
25.7194
25.3246
24.909
24.4732
24.0171
23.5411
23.0448
22.5281
21.9906
21.4316
20.8507
20.2472
19.6201
18.9689
18.2932
17.593
16.8699
16.1282
15.3785
14.6448
13.9791
13.4804
13.2818
13.4614
13.9657
14.6668
15.4579
16.2787
17.0996
17.9068
18.6945
19.4602
20.2035
20.925
21.6251
22.305
22.9657
23.6081
24.2331
24.8416
25.4345
26.0123
26.5759
27.1257
27.6625
28.1866
28.6986
29.1988
29.6876
30.1654
30.6325
31.0892
31.5357
31.9723
32.3991
32.8165
33.2244
33.6232
34.0128
34.3936
34.7655
35.1286
35.483
35.8289
36.1663
36.4953
36.816
37.1285
37.4328
37.7292
38.0179
38.2989
38.5725
38.839
39.0987
39.352
39.599
39.8404
40.0763
40.3072
40.5335
40.7554
40.9733
41.1876
41.3982
41.6055
41.8095
42.0105
42.2083
42.403
42.5947
42.7833
42.9687
43.1512
43.3304
43.5065
43.6793
43.849
44.0154
44.1786
44.3384
44.4951
44.6482
44.7982
44.9448
45.0878
45.2275
45.3639
45.4966
45.626
45.752
45.8743
45.9934
46.1089
46.2209
46.3296
46.4348
46.5364
46.6348
46.7297
46.8213
46.9095
46.9943
47.0757
47.1536
47.228
47.2988
47.3659
47.429
47.4881
47.5429
47.5931
47.6386
47.6787
47.7131
47.7413
47.7629
47.7769
47.7829
47.7799
47.7668
47.7427
47.7061
47.6557
47.5897
47.5061
47.4026
47.2765
47.1246
46.943
46.7273
25.5288
25.1309
24.7124
24.2735
23.8145
23.3354
22.8359
22.3159
21.7749
21.2123
20.6275
20.0198
19.3884
18.7327
18.0522
17.3475
16.6202
15.8756
15.1261
14.3997
13.756
13.3036
13.174
13.4227
13.9738
14.6979
15.4972
16.3187
17.1369
17.9399
18.7226
19.4832
20.2216
20.9382
21.6338
22.3094
22.966
23.6047
24.2263
24.8316
25.4215
25.9968
26.558
27.1058
27.6408
28.1634
28.6741
29.1734
29.6615
30.139
30.606
31.0629
31.5099
31.9473
32.3753
32.7941
33.2039
33.6048
33.997
34.3807
34.7559
35.1228
35.4815
35.832
36.1746
36.5092
36.8361
37.1552
37.4668
37.771
38.0679
38.3577
38.6408
38.9172
39.1872
39.4512
39.7094
39.9622
40.2098
40.4526
40.6908
40.925
41.155
41.3813
41.6039
41.8232
42.0393
42.252
42.4615
42.6679
42.8713
43.0715
43.2685
43.4626
43.6533
43.8408
44.0253
44.2064
44.3843
44.5588
44.7301
44.8978
45.0623
45.2233
45.3809
45.5349
45.6854
45.8325
45.9758
46.1156
46.2517
46.3841
46.513
46.6382
46.7597
46.8776
46.9916
47.1021
47.2088
47.3119
47.4113
47.507
47.5988
47.6869
47.7711
47.8514
47.9276
47.9997
48.0674
48.1305
48.1889
48.2423
48.2903
48.3325
48.3685
48.3978
48.4197
48.4337
48.4391
48.4347
48.4198
48.3931
48.3533
48.2989
48.228
48.1387
48.0285
47.8945
47.7335
47.5413
47.3133
25.3332
24.9328
24.5118
24.0705
23.6089
23.1271
22.6249
22.102
21.5579
20.992
20.4036
19.792
19.1566
18.4965
17.8117
17.1026
16.3715
15.6247
14.8766
14.1598
13.5423
13.1415
13.0833
13.3981
13.9913
14.735
15.5408
16.3623
17.1775
17.9761
18.7539
19.5096
20.2432
20.955
21.6462
22.3177
22.9705
23.6055
24.2238
24.8261
25.4132
25.9859
26.5449
27.0908
27.624
28.1451
28.6546
29.1529
29.6403
30.1173
30.5842
31.0412
31.4886
31.9267
32.3556
32.7757
33.1871
33.5899
33.9844
34.3706
34.7488
35.119
35.4814
35.836
36.1831
36.5226
36.8548
37.1798
37.4976
37.8085
38.1126
38.4101
38.7011
38.986
39.2649
39.5381
39.8058
40.0683
40.3259
40.5789
40.8274
41.0717
41.3121
41.5488
41.7818
42.0114
42.2378
42.4608
42.6805
42.8971
43.1107
43.3211
43.5283
43.7323
43.9334
44.1311
44.3257
44.517
44.705
44.8899
45.0713
45.2494
45.424
45.5953
45.7629
45.9272
46.0877
46.2448
46.3982
46.5478
46.6939
46.8361
46.9745
47.1092
47.2401
47.3671
47.4902
47.6095
47.7249
47.8364
47.9439
48.0473
48.1467
48.242
48.3331
48.4198
48.5022
48.58
48.653
48.7211
48.784
48.8413
48.8927
48.9379
48.9764
49.0078
49.0312
49.0461
49.0517
49.0472
49.0313
49.003
48.961
48.9034
48.8287
48.7345
48.6184
48.4774
48.308
48.106
47.8664
25.1311
24.7289
24.3059
23.8627
23.3991
22.9151
22.4106
21.8852
21.3384
20.7695
20.1779
19.5629
18.9236
18.2596
17.5707
16.8576
16.1232
15.3749
14.6295
13.9248
13.3381
12.994
13.0086
13.3859
14.0164
14.7766
15.5874
16.4083
17.2202
18.0144
18.7875
19.5383
20.2671
20.9744
21.6613
22.3287
22.9777
23.6093
24.2243
24.8236
25.408
25.9783
26.5351
27.0789
27.6104
28.1301
28.6384
29.1357
29.6224
30.0989
30.5655
31.0225
31.4702
31.9089
32.3386
32.7598
33.1726
33.5771
33.9735
34.362
34.7427
35.1158
35.4815
35.8397
36.1907
36.5346
36.8715
37.2015
37.5248
37.8415
38.1518
38.4559
38.7539
39.0461
39.3326
39.6136
39.8895
40.1604
40.4265
40.6882
40.9455
41.1988
41.4481
41.6937
41.9358
42.1744
42.4096
42.6415
42.8701
43.0957
43.3182
43.5374
43.7535
43.9665
44.1765
44.3832
44.5867
44.7872
44.9843
45.1781
45.3688
45.5559
45.7399
45.9203
46.0973
46.2707
46.4407
46.6069
46.7696
46.9285
47.0838
47.2352
47.3828
47.5266
47.6665
47.8024
47.9344
48.0624
48.1863
48.306
48.4217
48.5331
48.6402
48.743
48.8412
48.9349
49.0237
49.1077
49.1866
49.2601
49.328
49.3899
49.4456
49.4946
49.5364
49.5705
49.5962
49.6129
49.6198
49.6158
49.6
49.571
49.5275
49.4678
49.3899
49.2917
49.1705
49.0233
48.8462
48.635
48.3843
24.9209
24.5174
24.0933
23.6487
23.1836
22.6981
22.1919
21.6644
21.1153
20.5439
19.9495
19.3313
18.6887
18.021
17.3283
16.6117
15.8744
15.1254
14.3843
13.6947
13.1436
12.861
12.9486
13.3842
14.0474
14.8215
15.6359
16.4556
17.264
18.0538
18.8221
19.5681
20.2922
20.9951
21.6778
22.3413
22.9866
23.6147
24.2265
24.823
25.4047
25.9726
26.5271
27.069
27.5988
28.117
28.624
29.1203
29.6063
30.0822
30.5486
31.0055
31.4534
31.8924
32.3229
32.7449
33.1589
33.5648
33.9629
34.3534
34.7364
35.1121
35.4806
35.842
36.1964
36.5441
36.8851
37.2196
37.5477
37.8695
38.1853
38.4951
38.7991
39.0976
39.3907
39.6786
39.9616
40.2397
40.5133
40.7824
41.0474
41.3083
41.5654
41.8188
42.0686
42.315
42.5579
42.7977
43.0341
43.2675
43.4976
43.7248
43.9488
44.1696
44.3874
44.6021
44.8136
45.022
45.2272
45.4291
45.6278
45.8233
46.0154
46.204
46.3894
46.5712
46.7496
46.9243
47.0955
47.2629
47.4268
47.5868
47.7429
47.8952
48.0435
48.188
48.3284
48.4647
48.5967
48.7246
48.8482
48.9675
49.0822
49.1924
49.2978
49.3984
49.494
49.5844
49.6694
49.7487
49.8221
49.8891
49.9495
50.0028
50.0485
50.0861
50.1147
50.1339
50.1426
50.1399
50.1248
50.0959
50.0517
49.9905
49.9104
49.8089
49.6833
49.5305
49.3465
49.1268
48.8657
24.7005
24.2966
23.872
23.4268
22.9611
22.4746
21.9672
21.4383
20.8875
20.3141
19.7173
19.0964
18.4507
17.7798
17.0837
16.3639
15.6244
14.8756
14.1404
13.4693
12.9589
12.7419
12.9018
13.3911
14.0827
14.8682
15.6852
16.5031
17.3079
18.0931
18.8567
19.598
20.3175
21.016
21.6945
22.3541
22.9958
23.6205
24.2293
24.8228
25.4019
25.9674
26.5198
27.0597
27.5878
28.1045
28.6103
29.1055
29.5907
30.066
30.532
30.9887
31.4367
31.876
32.307
32.7298
33.1448
33.5519
33.9515
34.3438
34.7288
35.1067
35.4777
35.8419
36.1994
36.5504
36.8951
37.2335
37.5658
37.8921
38.2126
38.5274
38.8367
39.1407
39.4396
39.7334
40.0225
40.3069
40.5869
40.8626
41.1342
41.4018
41.6657
41.9259
42.1825
42.4357
42.6856
42.9321
43.1755
43.4157
43.6527
43.8868
44.1177
44.3455
44.5702
44.7918
45.0105
45.2259
45.4382
45.6473
45.8534
46.056
46.2555
46.4517
46.6444
46.8338
47.0197
47.2021
47.381
47.5561
47.7277
47.8956
48.0596
48.2198
48.376
48.5283
48.6766
48.8206
48.9605
49.0961
49.2272
49.354
49.4762
49.5936
49.7061
49.8136
49.9158
50.0127
50.1039
50.1891
50.2681
50.3405
50.4059
50.4638
50.5137
50.555
50.5872
50.6093
50.6204
50.6196
50.6058
50.5775
50.5333
50.4712
50.3894
50.2852
50.156
49.9981
49.8077
49.5799
49.309
24.4675
24.0642
23.64
23.1951
22.7295
22.2429
21.735
21.2054
20.6535
20.0786
19.48
18.8569
18.2086
17.5348
16.8358
16.1133
15.3722
14.6247
13.8976
13.2486
12.7841
12.6363
12.8667
13.4046
14.1209
14.9156
15.7341
16.5498
17.3507
18.1314
18.8902
19.6268
20.3418
21.0359
21.7104
22.3661
23.0042
23.6256
24.2312
24.8219
25.3984
25.9615
26.5118
27.0498
27.5761
28.0913
28.5958
29.09
29.5743
30.0489
30.5144
30.971
31.4189
31.8584
32.2898
32.7132
33.129
33.5372
33.9381
34.3319
34.7186
35.0985
35.4717
35.8384
36.1987
36.5526
36.9005
37.2423
37.5783
37.9086
38.2332
38.5525
38.8665
39.1753
39.4792
39.7783
40.0727
40.3627
40.6482
40.9296
41.207
41.4806
41.7504
42.0166
42.2792
42.5385
42.7943
43.047
43.2964
43.5427
43.7859
44.0259
44.2631
44.497
44.728
44.9558
45.1806
45.4023
45.6211
45.8366
46.049
46.2582
46.4643
46.667
46.8664
47.0626
47.2553
47.4447
47.6304
47.8127
47.9913
48.1662
48.3374
48.5048
48.6682
48.8277
48.9831
49.1345
49.2817
49.4244
49.5628
49.6966
49.8257
49.95
50.0693
50.1835
50.2922
50.3954
50.4927
50.5837
50.6684
50.7461
50.8166
50.8793
50.9336
50.9791
51.0149
51.0402
51.0541
51.0556
51.0434
51.0162
50.9723
50.91
50.8269
50.7205
50.5879
50.4256
50.2292
49.9939
49.7134
24.2188
23.8173
23.3947
22.9512
22.4867
22.0009
21.4934
20.9639
20.4116
19.836
19.2362
18.6115
17.9612
17.2851
16.5836
15.859
15.1171
14.3721
13.6552
13.0325
12.6193
12.5432
12.8413
13.4231
14.1603
14.9624
15.7815
16.5946
17.3915
18.1676
18.9216
19.6535
20.364
21.0538
21.7242
22.3761
23.0106
23.6287
24.2312
24.8191
25.393
25.9537
26.5017
27.0378
27.5625
28.0761
28.5793
29.0724
29.5557
30.0297
30.4947
30.9509
31.3987
31.8383
32.27
32.694
33.1104
33.5195
33.9216
34.3166
34.7049
35.0865
35.4617
35.8306
36.1932
36.5498
36.9005
37.2454
37.5847
37.9184
38.2468
38.57
38.888
39.2011
39.5095
39.8131
40.1123
40.4071
40.6977
40.9842
41.2668
41.5454
41.8205
42.0919
42.3599
42.6245
42.8858
43.1438
43.3987
43.6504
43.899
44.1445
44.387
44.6265
44.8631
45.0965
45.3269
45.5543
45.7786
45.9998
46.2181
46.4331
46.6449
46.8536
47.0591
47.2613
47.4601
47.6556
47.8476
48.0362
48.2211
48.4026
48.5802
48.754
48.9241
49.0903
49.2523
49.4103
49.564
49.7135
49.8585
49.9988
50.1345
50.2653
50.3909
50.5113
50.6263
50.7355
50.8387
50.9355
51.0256
51.1086
51.1841
51.2516
51.3104
51.3599
51.3995
51.4282
51.4451
51.449
51.4388
51.4129
51.3697
51.3073
51.2233
51.1151
50.9796
50.8131
50.6111
50.3685
50.0788
23.9506
23.5524
23.1329
22.692
22.2298
21.746
21.2401
20.7116
20.16
19.5845
18.9843
18.3587
17.7071
17.0293
16.3259
15.5999
14.8581
14.117
13.4129
12.821
12.4643
12.4616
12.8238
13.4445
14.1995
15.0073
15.8262
16.6364
17.429
18.2004
18.9496
19.6769
20.3828
21.0683
21.7346
22.3827
23.0137
23.6284
24.2279
24.8129
25.3842
25.9425
26.4885
27.0226
27.5455
28.0576
28.5594
29.0514
29.5338
30.007
30.4714
30.9273
31.3749
31.8145
32.2464
32.6707
33.0877
33.4977
33.9006
34.2969
34.6865
35.0697
35.4466
35.8174
36.1822
36.5411
36.8943
37.242
37.5842
37.921
38.2527
38.5793
38.901
39.2179
39.5302
39.8379
40.1413
40.4405
40.7353
41.0264
41.3136
41.597
41.8767
42.1528
42.4255
42.6949
42.961
43.2239
43.4836
43.7402
43.9937
44.2441
44.4915
44.736
44.9774
45.2158
45.4512
45.6838
45.9132
46.1395
46.3629
46.5831
46.8004
47.0144
47.2252
47.4328
47.6372
47.8382
48.0358
48.2301
48.4208
48.6079
48.7915
48.9712
49.1473
49.3193
49.4875
49.6514
49.8113
49.9669
50.1178
50.2643
50.406
50.5428
50.6744
50.8008
50.9214
51.0363
51.145
51.2473
51.3426
51.4308
51.511
51.5831
51.6463
51.7
51.7433
51.7753
51.7952
51.8017
51.7935
51.7691
51.7267
51.6644
51.5797
51.4699
51.3316
51.1611
50.9538
50.7041
50.4053
23.6582
23.2651
22.8503
22.4139
21.9555
21.4751
20.9721
20.446
19.8962
19.3219
18.7223
18.0967
17.4445
16.7657
16.0613
15.3346
14.5939
13.8585
13.1703
12.6139
12.3185
12.3898
12.812
13.4671
14.2369
15.0489
15.8669
16.6737
17.462
18.2286
18.973
19.6956
20.3969
21.0781
21.7403
22.3846
23.012
23.6235
24.2199
24.8021
25.3708
25.9267
26.4704
27.0026
27.5238
28.0343
28.5348
29.0256
29.507
29.9794
30.4433
30.8987
31.3461
31.7857
32.2176
32.6423
33.0598
33.4704
33.8742
34.2714
34.6622
35.0468
35.4253
35.7978
36.1645
36.5256
36.881
37.2311
37.5759
37.9156
38.2502
38.5799
38.9049
39.2252
39.541
39.8524
40.1594
40.4625
40.7615
41.0564
41.3477
41.6352
41.9192
42.1997
42.4767
42.7503
43.0207
43.288
43.5521
43.813
44.071
44.3258
44.5777
44.8266
45.0725
45.3155
45.5554
45.7924
46.0265
46.2575
46.4856
46.7106
46.9325
47.1514
47.367
47.5797
47.789
47.995
48.1977
48.3971
48.593
48.7853
48.9742
49.1593
49.3407
49.5182
49.6918
49.8613
50.0267
50.1877
50.3443
50.4963
50.6435
50.7859
50.9229
51.0546
51.1807
51.3008
51.4147
51.5221
51.6224
51.7153
51.8002
51.8766
51.944
52.0016
52.0485
52.0838
52.1066
52.1155
52.1094
52.0864
52.0449
51.9827
51.8974
51.786
51.6452
51.4708
51.2581
51.0014
50.6937
23.3351
22.9496
22.5418
22.1118
21.6594
21.1842
20.6858
20.1637
19.6171
19.0453
18.4476
17.8231
17.1715
16.4927
15.7882
15.0618
14.3235
13.5955
12.9266
12.411
12.1814
12.326
12.8036
13.4887
14.2708
15.0857
15.9021
16.7053
17.489
18.2508
18.9903
19.708
20.4048
21.0817
21.7398
22.3803
23.0041
23.6123
24.2056
24.7849
25.351
25.9046
26.4462
26.9764
27.4958
28.0048
28.5039
28.9934
29.4739
29.9456
30.4087
30.8637
31.3108
31.7503
32.1823
32.6072
33.0252
33.4363
33.8408
34.239
34.6309
35.0167
35.3966
35.7707
36.1392
36.5021
36.8596
37.2119
37.5591
37.9013
38.2386
38.5711
38.899
39.2224
39.5413
39.856
40.1666
40.4729
40.7755
41.0742
41.3692
41.6604
41.9482
42.2325
42.5135
42.791
43.0654
43.3366
43.6047
43.8697
44.1316
44.3905
44.6465
44.8995
45.1495
45.3966
45.6407
45.8819
46.1201
46.3554
46.5876
46.8169
47.0432
47.2664
47.4866
47.7036
47.9174
48.128
48.3353
48.5394
48.74
48.9371
49.1307
49.3207
49.5069
49.6894
49.8679
50.0425
50.2128
50.379
50.5406
50.6977
50.8499
50.9972
51.1394
51.276
51.4071
51.5321
51.6507
51.7627
51.8677
51.965
52.0542
52.1348
52.2061
52.2673
52.3176
52.356
52.3815
52.3929
52.3886
52.367
52.3263
52.2642
52.1782
52.0652
51.9217
51.7434
51.5255
51.2618
50.9448
22.9729
22.598
22.2002
21.7794
21.3354
20.8679
20.3763
19.8602
19.3188
18.7514
18.1571
17.5352
16.8854
16.2079
15.5043
14.7795
14.0451
13.3269
12.6811
12.2118
12.0517
12.2682
12.7963
13.5072
14.2992
15.1159
15.9301
16.7294
17.5083
18.2651
18.9996
19.7125
20.4047
21.0772
21.7313
22.3679
22.9881
23.5929
24.1832
24.7597
25.3232
25.8744
26.4138
26.9421
27.4597
27.9672
28.4649
28.9533
29.4328
29.9036
30.3662
30.8207
31.2675
31.7069
32.139
32.564
32.9823
33.394
33.7992
34.1982
34.5911
34.9781
35.3593
35.7348
36.1049
36.4695
36.829
37.1833
37.5327
37.8771
38.2169
38.552
38.8825
39.2087
39.5306
39.8483
40.1619
40.4716
40.7774
41.0793
41.3777
41.6725
41.9636
42.2515
42.536
42.8172
43.0951
43.37
43.6417
43.9104
44.1761
44.4387
44.6983
44.955
45.2088
45.4597
45.7076
45.9527
46.1948
46.4339
46.6701
46.9034
47.1338
47.361
47.5851
47.8062
48.0242
48.2389
48.4505
48.6588
48.8636
49.0651
49.2631
49.4575
49.6482
49.8352
50.0182
50.1972
50.3722
50.5429
50.7092
50.8708
51.0277
51.1796
51.3263
51.4676
51.6031
51.7326
51.8557
51.9719
52.0811
52.1825
52.2757
52.3601
52.435
52.4996
52.553
52.5943
52.6224
52.6358
52.6333
52.6129
52.5728
52.5107
52.4239
52.3092
52.1629
51.9807
51.7573
51.4863
51.1602
