50.8297
51.5668
52.178
52.6845
53.1032
53.4475
53.7283
53.9545
54.1336
54.2716
54.3736
54.444
54.4864
54.504
54.4994
54.4749
54.4325
54.374
54.3008
54.2144
54.1157
54.0059
53.8859
53.7564
53.6181
53.4717
53.3177
53.1566
52.9889
52.8149
52.635
52.4495
52.2587
52.0629
51.8622
51.657
51.4474
51.2335
51.0156
50.7937
50.5679
50.3385
50.1055
49.8689
49.629
49.3856
49.139
48.8892
48.6362
48.38
48.1208
47.8585
47.5932
47.3249
47.0537
46.7794
46.5022
46.2221
45.9391
45.6531
45.3643
45.0724
44.7777
44.48
44.1793
43.8757
43.5691
43.2595
42.9468
42.6311
42.3123
41.9903
41.6652
41.3368
41.0053
40.6704
40.3322
39.9906
39.6455
39.297
38.9448
38.589
38.2295
37.8662
37.4991
37.128
36.7528
36.3735
35.9899
35.602
35.2097
34.8127
34.411
34.0044
33.5929
33.1762
32.7541
32.3266
31.8934
31.4544
31.0092
30.5578
30.0998
29.6349
29.1627
28.6835
28.1964
27.7013
27.1977
26.6851
26.1634
25.6319
25.09
24.5371
23.9728
23.3963
22.8066
22.2032
21.5848
20.9509
20.2998
19.6309
18.9423
18.2333
17.5018
16.7478
15.9699
15.1701
14.352
13.5274
12.7238
11.9976
11.4567
11.238
11.4036
11.874
12.5115
13.2134
13.9249
14.6205
15.2885
15.9241
16.5266
17.0957
17.6319
18.1359
18.6091
19.0517
19.4642
19.8478
20.2026
50.9615
51.674
52.2652
52.7553
53.1605
53.4937
53.7654
53.9841
54.157
54.2898
54.3877
54.4546
54.4943
54.5097
54.5035
54.4777
54.4345
54.3754
54.302
54.2155
54.117
54.0075
53.888
53.7591
53.6216
53.476
53.3229
53.1629
52.9962
52.8234
52.6446
52.4604
52.2709
52.0764
51.8771
51.6732
51.465
51.2525
51.036
50.8155
50.5912
50.3632
50.1316
49.8965
49.658
49.4162
49.171
48.9226
48.671
48.4163
48.1585
47.8976
47.6337
47.3668
47.0969
46.8241
46.5483
46.2695
45.9878
45.7032
45.4156
45.1251
44.8316
44.5352
44.2358
43.9334
43.6279
43.3195
43.008
42.6935
42.3758
42.0549
41.7309
41.4036
41.0731
40.7393
40.4021
40.0614
39.7173
39.3697
39.0184
38.6635
38.3048
37.9423
37.5759
37.2055
36.831
36.4523
36.0694
35.682
35.29
34.8935
34.4923
34.0861
33.6748
33.2583
32.8364
32.4089
31.9756
31.5364
31.091
30.6393
30.1808
29.7152
29.2426
28.7625
28.2745
27.7783
27.2735
26.7594
26.2361
25.7028
25.159
24.6038
24.0371
23.4578
22.8651
22.2585
21.6368
20.9986
20.3436
19.6697
18.9765
18.2618
17.5252
16.7651
15.9821
15.177
14.3561
13.5324
12.7376
12.0379
11.5495
11.406
11.6437
12.1621
12.8265
13.544
14.2665
14.9722
15.6512
16.2995
16.9164
17.5019
18.0565
18.5813
19.077
19.5444
19.9841
20.3972
20.7835
51.0777
51.7664
52.3382
52.8124
53.2045
53.5269
53.7897
54.001
54.1677
54.2956
54.3893
54.453
54.49
54.5033
54.4954
54.4685
54.4244
54.3648
54.2911
54.2045
54.1062
53.9971
53.878
53.7498
53.613
53.4683
53.3161
53.1571
52.9915
52.8198
52.6423
52.4592
52.271
52.0778
51.8799
51.6774
51.4705
51.2594
51.0443
50.8252
50.6023
50.3757
50.1456
49.9119
49.6748
49.4344
49.1906
48.9436
48.6934
48.4401
48.1837
47.9242
47.6616
47.3961
47.1275
46.856
46.5814
46.304
46.0235
45.7402
45.4538
45.1645
44.8722
44.577
44.2788
43.9775
43.6732
43.3659
43.0555
42.742
42.4253
42.1055
41.7824
41.4561
41.1265
40.7936
40.4573
40.1175
39.7742
39.4273
39.0768
38.7226
38.3646
38.0028
37.637
37.2672
36.8932
36.515
36.1325
35.7455
35.3539
34.9576
34.5565
34.1504
33.7392
33.3226
32.9006
32.473
32.0395
31.6
31.1542
30.7019
30.2428
29.7767
29.3032
28.8221
28.333
27.8355
27.3293
26.8136
26.2885
25.7533
25.2074
24.65
24.0805
23.4985
22.9029
22.2926
21.6673
21.0256
20.3659
19.6879
18.9893
18.2699
17.5276
16.7625
15.9739
15.1649
14.3412
13.5201
12.737
12.0675
11.6372
11.5701
11.8751
12.4358
13.1223
13.8517
14.582
15.2944
15.9805
16.6375
17.2644
17.8614
18.4291
18.9686
19.4806
19.9659
20.4252
20.8593
21.2686
51.1782
51.8438
52.3967
52.8555
53.2349
53.5468
53.8008
54.0049
54.1657
54.2887
54.3784
54.4389
54.4733
54.4845
54.4751
54.447
54.4021
54.342
54.268
54.1814
54.0833
53.9746
53.856
53.7284
53.5924
53.4486
53.2974
53.1394
52.9749
52.8044
52.6281
52.4463
52.2594
52.0675
51.8709
51.6697
51.4642
51.2545
51.0408
50.8232
50.6017
50.3766
50.1478
49.9156
49.6799
49.4408
49.1985
48.9529
48.7041
48.4521
48.1971
47.9389
47.6777
47.4135
47.1462
46.8759
46.6027
46.3265
46.0473
45.7651
45.48
45.1918
44.9007
44.6066
44.3095
44.0093
43.7061
43.3998
43.0904
42.7779
42.4622
42.1433
41.8211
41.4958
41.167
40.8349
40.4994
40.1603
39.8178
39.4716
39.1218
38.7682
38.4108
38.0495
37.6842
37.3148
36.9413
36.5634
36.1812
35.7945
35.4031
35.0069
34.6061
34.2
33.7887
33.3721
32.9499
32.522
32.0881
31.6482
31.2018
30.7488
30.289
29.822
29.3476
28.8654
28.375
27.8762
27.3684
26.8514
26.3242
25.7869
25.2387
24.6789
24.107
23.5218
22.9232
22.3098
21.6805
21.0348
20.3714
19.6885
18.9856
18.2608
17.5137
16.743
15.95
15.1367
14.3119
13.4941
12.7261
12.0916
11.7237
11.7333
12.1007
12.6984
13.4029
14.1411
14.8769
15.5937
16.2844
16.9469
17.5805
18.1854
18.7623
19.3122
19.836
20.3344
20.8079
21.2576
21.6836
51.2624
51.9056
52.4403
52.8841
53.2511
53.5528
53.7983
53.9955
54.1505
54.2687
54.3546
54.4119
54.4438
54.4531
54.4421
54.413
54.3673
54.3068
54.2326
54.1461
54.0483
53.9399
53.822
53.6951
53.5599
53.417
53.2668
53.1099
52.9465
52.7772
52.6021
52.4217
52.236
52.0455
51.8503
51.6506
51.4465
51.2382
51.0259
50.8097
50.5897
50.366
50.1387
49.9079
49.6737
49.4361
49.1951
48.9509
48.7035
48.453
48.1993
47.9425
47.6826
47.4197
47.1537
46.8847
46.6127
46.3378
46.0598
45.7788
45.4948
45.2079
44.9179
44.6249
44.3288
44.0297
43.7275
43.4222
43.1138
42.8022
42.4875
42.1695
41.8482
41.5236
41.1957
40.8644
40.5296
40.1913
39.8494
39.5038
39.1546
38.8016
38.4447
38.0839
37.719
37.3501
36.9769
36.5993
36.2173
35.8308
35.4397
35.0436
34.6425
34.2364
33.825
33.4081
32.9859
32.5576
32.1234
31.6829
31.2359
30.7822
30.3216
29.8536
29.3782
28.8948
28.4031
27.9028
27.3935
26.8747
26.3456
25.8062
25.2557
24.6936
24.119
23.5312
22.9291
22.3124
21.6799
21.03
20.3623
19.6754
18.9675
18.2382
17.4858
16.7106
15.9131
15.0964
14.271
13.4585
12.7081
12.1137
11.8126
11.8977
12.3222
12.9516
13.671
14.416
15.1552
15.8745
16.5679
17.2338
17.8717
18.482
19.0652
19.6225
20.1546
20.6624
21.146
21.607
22.0457
51.3298
51.9515
52.4685
52.8977
53.2527
53.5444
53.7818
53.9721
54.1216
54.2352
54.3173
54.3716
54.4012
54.4086
54.3963
54.3661
54.3198
54.2589
54.1847
54.0983
54.0008
53.8929
53.7756
53.6495
53.5152
53.3733
53.2242
53.0684
52.9063
52.7382
52.5645
52.3853
52.2011
52.012
51.8182
51.62
51.4174
51.2106
50.9998
50.7851
50.5666
50.3444
50.1186
49.8893
49.6565
49.4203
49.1809
48.9381
48.6921
48.443
48.1907
47.9353
47.6767
47.4151
47.1505
46.8828
46.6121
46.3384
46.0616
45.7819
45.4991
45.2133
44.9244
44.6325
44.3375
44.0395
43.7383
43.434
43.1266
42.8159
42.502
42.1849
41.8645
41.5408
41.2136
40.883
40.5489
40.2113
39.8701
39.5252
39.1765
38.824
38.4676
38.1072
37.7428
37.3742
37.0013
36.624
36.2422
35.8558
35.4647
35.0687
34.6678
34.2616
33.85
33.4329
33.0101
32.5815
32.1469
31.7059
31.2582
30.8038
30.3423
29.8734
29.3968
28.9122
28.4193
27.9175
27.4066
26.886
26.3552
25.8135
25.2608
24.6961
24.1189
23.5283
22.9234
22.3031
21.667
21.0136
20.3416
19.6504
18.9383
18.2039
17.447
16.6671
15.8649
15.0458
14.2203
13.4153
12.6857
12.1367
11.9061
12.0647
12.5408
13.1974
13.9288
14.6787
15.4198
16.14
16.8349
17.5027
18.1432
18.7567
19.3438
19.9062
20.4442
20.9586
21.4501
21.9194
22.3667
51.3799
51.9807
52.4805
52.8956
53.239
53.5211
53.7505
53.9343
54.0783
54.1875
54.2661
54.3175
54.3448
54.3505
54.3369
54.3059
54.259
54.1979
54.1237
54.0375
53.9404
53.8332
53.7166
53.5914
53.4581
53.3172
53.1693
53.0147
52.8539
52.6872
52.5149
52.3372
52.1545
51.9669
51.7747
51.5779
51.3769
51.1717
50.9625
50.7493
50.5324
50.3118
50.0875
49.8597
49.6285
49.3939
49.1559
48.9147
48.6702
48.4225
48.1716
47.9176
47.6605
47.4003
47.137
46.8707
46.6013
46.3288
46.0533
45.7748
45.4932
45.2086
44.9209
44.6301
44.3362
44.0392
43.7391
43.4358
43.1293
42.8196
42.5067
42.1904
41.8709
41.5479
41.2215
40.8917
40.5584
40.2214
39.8808
39.5365
39.1884
38.8364
38.4805
38.1206
37.7565
37.3882
37.0156
36.6386
36.257
35.8707
35.4799
35.0838
34.6827
34.2763
33.8648
33.4475
33.0244
32.5953
32.1601
31.7184
31.2703
30.8152
30.3528
29.8829
29.4052
28.9195
28.4251
27.9219
27.4094
26.887
26.3544
25.8109
25.2559
24.6885
24.1087
23.5152
22.9073
22.2841
21.6441
20.9871
20.3114
19.6159
18.899
18.1604
17.3989
16.614
15.8083
14.9864
14.1626
13.3667
12.6619
12.1634
12.0059
12.2352
12.7574
13.4371
14.178
14.9312
15.6732
16.3934
17.0885
17.7569
18.3985
19.0135
19.6037
20.1693
20.7113
21.2304
21.7271
22.2023
22.6561
51.412
51.9925
52.4757
52.8772
53.2092
53.482
53.7037
53.8812
54.02
54.125
54.2002
54.2489
54.2741
54.2782
54.2635
54.2317
54.1844
54.1232
54.0491
53.9633
53.8668
53.7602
53.6445
53.5203
53.3881
53.2484
53.1018
52.9486
52.7892
52.624
52.4532
52.2771
52.0959
51.91
51.7193
51.5243
51.3249
51.1214
50.9138
50.7023
50.4871
50.2681
50.0455
49.8194
49.5898
49.3567
49.1204
48.8807
48.6378
48.3916
48.1423
47.8898
47.6341
47.3754
47.1135
46.8485
46.5805
46.3094
46.0352
45.7579
45.4776
45.1942
44.9077
44.618
44.3253
44.0294
43.7303
43.4281
43.1226
42.8139
42.5019
42.1866
41.8679
41.5458
41.2202
40.8911
40.5585
40.2223
39.8823
39.5386
39.1911
38.8397
38.4842
38.1248
37.7611
37.3932
37.0209
36.6441
36.2627
35.8767
35.4857
35.0897
34.6888
34.2823
33.8704
33.4528
33.0296
32.6001
32.1644
31.7222
31.2732
30.8173
30.3543
29.8835
29.4047
28.9178
28.4221
27.9175
27.4034
26.8793
26.3447
25.7992
25.242
24.6726
24.0901
23.4936
22.8827
22.2562
21.6132
20.9524
20.2725
19.5729
18.852
18.1088
17.3423
16.5535
15.7443
14.9206
14.0992
13.3142
12.6388
12.1957
12.1132
12.4092
12.9724
13.6715
14.4199
15.1751
15.917
16.6365
17.3308
17.9989
18.6403
19.2565
19.8479
20.4155
20.96
21.4818
21.9822
22.4614
22.9198
51.4252
51.986
52.4532
52.8414
53.1625
53.4263
53.6406
53.8119
53.9458
54.0468
54.1187
54.1649
54.1882
54.1909
54.1752
54.1428
54.0953
54.0341
53.9603
53.875
53.7791
53.6735
53.5588
53.4357
53.3047
53.1664
53.0212
52.8695
52.7117
52.548
52.3789
52.2045
52.0251
51.8408
51.652
51.4587
51.2611
51.0594
50.8536
50.6439
50.4305
50.2133
49.9924
49.7681
49.5402
49.3089
49.0742
48.8362
48.595
48.3505
48.1027
47.8518
47.5977
47.3404
47.0801
46.8166
46.55
46.2803
46.0075
45.7316
45.4526
45.1704
44.8852
44.5968
44.3052
44.0104
43.7125
43.4113
43.1069
42.7992
42.4882
42.1738
41.856
41.5348
41.2101
40.8818
40.55
40.2144
39.8752
39.5322
39.1852
38.8344
38.4795
38.1205
37.7573
37.3897
37.0178
36.6413
36.2602
35.8742
35.4833
35.0876
34.6864
34.2799
33.868
33.4502
33.0265
32.5969
32.1608
31.718
31.2684
30.8118
30.3477
29.8762
29.3964
28.9083
28.4114
27.9053
27.3897
26.8639
26.3275
25.78
25.2206
24.6488
24.0639
23.4649
22.8511
22.2211
21.5747
20.9104
20.2269
19.5232
18.7977
18.0501
17.2795
16.4866
15.6736
14.8492
14.0314
13.2603
12.6184
12.2357
12.2288
12.5871
13.1862
13.9015
14.6556
15.4118
16.1528
16.8708
17.5638
18.2303
18.8714
19.4875
20.0793
20.6475
21.1933
21.7173
22.22
22.7018
23.1632
51.4186
51.9604
52.412
52.7873
53.0979
53.353
53.5601
53.7256
53.8548
53.9519
54.0209
54.0647
54.0863
54.0877
54.0712
54.0384
53.9908
53.9298
53.8564
53.7718
53.6768
53.5721
53.4586
53.3368
53.2073
53.0704
52.9268
52.7768
52.6207
52.4589
52.2915
52.119
51.9414
51.7591
51.5722
51.3808
51.1852
50.9854
50.7816
50.5738
50.3623
50.147
49.9281
49.7056
49.4796
49.2502
49.0173
48.7811
48.5416
48.2989
48.0528
47.8036
47.5512
47.2956
47.0368
46.7749
46.5098
46.2416
45.9703
45.6958
45.4182
45.1374
44.8535
44.5664
44.2761
43.9826
43.6858
43.3858
43.0825
42.7759
42.4659
42.1526
41.8358
41.5155
41.1917
40.8642
40.5332
40.1985
39.86
39.5176
39.1714
38.8211
38.4668
38.1083
37.7456
37.3785
37.0069
36.6308
36.2499
35.8644
35.4736
35.0778
34.6769
34.2703
33.8581
33.4404
33.0165
32.5863
32.15
31.7067
31.2566
30.7992
30.3344
29.862
29.3813
28.892
28.3939
27.8865
27.3693
26.8419
26.3038
25.7543
25.1928
24.6187
24.0313
23.4296
22.8129
22.1802
21.5305
20.8626
20.175
19.4672
18.7378
17.9859
17.211
16.4136
15.5981
14.7733
13.9602
13.2063
12.6026
12.2849
12.353
12.7687
13.3991
14.1276
14.8859
15.6423
16.3813
17.0977
17.7887
18.4536
19.0934
19.7087
20.2998
20.8682
21.4146
21.9394
22.4432
22.9263
23.3896
51.3912
51.9146
52.3511
52.714
53.0144
53.2611
53.4613
53.6212
53.7459
53.8394
53.9055
53.9473
53.9672
53.9677
53.9505
53.9174
53.8699
53.8093
53.7365
53.6528
53.5588
53.4554
53.3432
53.2229
53.0949
52.9598
52.818
52.6698
52.5156
52.3557
52.1904
52.0199
51.8444
51.6642
51.4793
51.2901
51.0966
50.8989
50.6972
50.4916
50.2821
50.069
49.8521
49.6317
49.4077
49.1803
48.9494
48.7152
48.4776
48.2367
47.9925
47.7451
47.4945
47.2407
46.9836
46.7234
46.46
46.1934
45.9236
45.6507
45.3746
45.0953
44.8128
44.5271
44.2381
43.946
43.6505
43.3517
43.0496
42.7442
42.4353
42.123
41.8073
41.488
41.1652
40.8387
40.5086
40.1747
39.837
39.4954
39.1499
38.8003
38.4467
38.0888
37.7266
37.36
36.9889
36.6132
36.2327
35.8473
35.4567
35.0613
34.6603
34.254
33.8418
33.4237
32.9998
32.5694
32.1325
31.6891
31.2384
30.7805
30.3149
29.8415
29.3601
28.8698
28.3705
27.8618
27.3432
26.8142
26.2743
25.7229
25.1594
24.5831
23.9932
23.389
22.7694
22.1337
21.4806
20.8092
20.1182
19.4065
18.673
17.9163
17.1372
16.3365
15.5184
14.6934
13.8875
13.1536
12.593
12.3444
12.486
12.9538
13.6112
14.3505
15.1116
15.8674
16.6044
17.3183
18.0065
18.6696
19.3077
19.9212
20.5116
21.0794
21.6255
22.15
22.6542
23.1382
23.6023
51.342
51.8476
52.2695
52.6204
52.9109
53.1494
53.3431
53.4976
53.6179
53.7081
53.7716
53.8114
53.83
53.8296
53.812
53.7789
53.7316
53.6715
53.5996
53.5169
53.4241
53.3221
53.2115
53.0929
52.9667
52.8335
52.6936
52.5475
52.3954
52.2377
52.0746
51.9064
51.7332
51.5552
51.3727
51.1858
50.9946
50.7993
50.5999
50.3966
50.1894
49.9785
49.764
49.5458
49.324
49.0988
48.87
48.6379
48.4024
48.1636
47.9215
47.6761
47.4274
47.1755
46.9203
46.6619
46.4003
46.1354
45.8674
45.5961
45.3217
45.044
44.763
44.4788
44.1913
43.9006
43.6065
43.3091
43.0083
42.7041
42.3965
42.0854
41.7708
41.4526
41.1309
40.8054
40.4763
40.1433
39.8065
39.4658
39.1211
38.7723
38.4194
38.0622
37.7006
37.3346
36.9641
36.5888
36.2087
35.8236
35.4336
35.0382
34.6376
34.2312
33.8193
33.4012
32.977
32.5466
32.1095
31.6655
31.2146
30.7561
30.29
29.8158
29.3335
28.8422
28.3419
27.8319
27.312
26.7815
26.2402
25.687
25.1216
24.5431
23.9508
23.344
22.7217
22.083
21.4267
20.7518
20.0568
19.3411
18.6034
17.843
17.0598
16.2555
15.4348
14.6115
13.8141
13.1038
12.5917
12.415
12.6274
13.1423
13.8226
14.5706
15.3334
16.0878
16.8223
17.5334
18.2189
18.8795
19.515
20.127
20.7159
21.2822
21.8274
22.3516
22.8555
23.3391
23.8032
51.27
51.7583
52.1659
52.5051
52.7861
53.0168
53.2041
53.3535
53.4698
53.5568
53.6179
53.6559
53.6734
53.6722
53.6544
53.6215
53.5747
53.5154
53.4445
53.363
53.2717
53.1713
53.0625
52.9457
52.8216
52.6905
52.5528
52.409
52.2593
52.104
51.9433
51.7776
51.6069
51.4315
51.2515
51.0672
50.8785
50.6857
50.4889
50.2881
50.0835
49.8751
49.663
49.4473
49.2279
49.0051
48.7787
48.5489
48.3157
48.0792
47.8392
47.596
47.3495
47.0996
46.8465
46.5901
46.3304
46.0675
45.8014
45.5319
45.2592
44.9833
44.704
44.4215
44.1356
43.8464
43.5538
43.2579
42.9585
42.6557
42.3495
42.0397
41.7263
41.4094
41.0888
40.7645
40.4364
40.1045
39.7688
39.429
39.0852
38.7373
38.3852
38.0288
37.668
37.3027
36.9327
36.558
36.1784
35.794
35.4042
35.0093
34.6088
34.2028
33.7908
33.3731
32.9488
32.5182
32.0811
31.6369
31.1857
30.7267
30.26
29.7852
29.3022
28.81
28.3086
27.7976
27.2763
26.7447
26.2016
25.6466
25.0792
24.4986
23.9041
23.2948
22.6698
22.0281
21.3686
20.6903
19.9919
19.2724
18.5306
17.7661
16.9789
16.1708
15.3489
14.5278
13.7411
13.058
12.5999
12.4974
12.7771
13.3338
14.0335
14.7882
15.5518
16.3044
17.036
17.7436
18.4264
19.0841
19.7171
20.3269
20.9135
21.4786
22.0223
22.5451
23.0481
23.5312
23.9948
51.1739
51.6454
52.0392
52.3672
52.6388
52.862
53.0432
53.1877
53.3001
53.3842
53.4431
53.4796
53.496
53.4944
53.4766
53.4439
53.3979
53.3395
53.2699
53.1898
53.1002
53.0016
52.8948
52.7802
52.6583
52.5296
52.3944
52.2531
52.1059
51.9533
51.7953
51.6323
51.4644
51.2918
51.1147
50.9331
50.7473
50.5573
50.3633
50.1653
49.9635
49.7578
49.5484
49.3354
49.1187
48.8985
48.6748
48.4475
48.2169
47.9827
47.7453
47.5044
47.2602
47.0126
46.7617
46.5076
46.2501
45.9893
45.7251
45.4577
45.187
44.9129
44.6355
44.3548
44.0707
43.7832
43.4923
43.198
42.9002
42.599
42.2942
41.9858
41.6739
41.3583
41.039
40.716
40.3891
40.0584
39.7238
39.3851
39.0424
38.6955
38.3443
37.9888
37.6288
37.2643
36.8951
36.5211
36.1423
35.7582
35.3691
34.9745
34.5746
34.1688
33.7573
33.3395
32.9156
32.485
32.0478
31.6035
31.1518
30.6928
30.2256
29.7502
29.2666
28.7736
28.2713
27.7592
27.2371
26.7038
26.1592
25.6026
25.0333
24.4507
23.8539
23.2425
22.6148
21.9702
21.3077
20.626
19.924
19.2006
18.4544
17.6858
16.8947
16.0839
15.2609
14.4432
13.6696
13.0185
12.6191
12.5917
12.9349
13.5281
14.244
15.0038
15.7673
16.5171
17.246
17.9502
18.6297
19.284
19.9145
20.5214
21.1061
21.6691
22.2108
22.7324
23.2339
23.7156
24.178
51.0527
51.5078
51.8883
52.2052
52.4679
52.6838
52.8591
52.9989
53.1077
53.1889
53.2458
53.281
53.2966
53.2947
53.277
53.2449
53.1997
53.1425
53.0743
52.996
52.9082
52.8117
52.7071
52.5949
52.4755
52.3494
52.2169
52.0784
51.9341
51.7844
51.6294
51.4694
51.3045
51.135
50.961
50.7825
50.5998
50.4129
50.222
50.0271
49.8283
49.6257
49.4193
49.2092
48.9955
48.7782
48.5573
48.3329
48.105
47.8736
47.6388
47.4006
47.1589
46.9139
46.6655
46.4137
46.1586
45.9001
45.6383
45.373
45.1045
44.8325
44.5572
44.2784
43.9963
43.7107
43.4216
43.1291
42.8331
42.5335
42.2304
41.9237
41.6133
41.2992
40.9814
40.6598
40.3343
40.0049
39.6715
39.3341
38.9925
38.6467
38.2967
37.9422
37.5832
37.2197
36.8514
36.4782
36.1
35.7169
35.3285
34.9345
34.5351
34.1297
33.7186
33.3011
32.8775
32.4471
32.0098
31.5656
31.1138
30.6546
30.1872
29.7114
29.2271
28.7335
28.2304
27.7176
27.1941
26.6596
26.1136
25.5554
24.9847
24.4001
23.8012
23.1871
22.5568
21.9094
21.2437
20.5586
19.8531
19.1258
18.3761
17.6034
16.8086
15.9951
15.1716
14.3586
13.6005
12.9864
12.6504
12.6979
13.0996
13.725
14.4542
15.2172
15.9804
16.7275
17.4529
18.1535
18.8295
19.4805
20.108
20.7121
21.2942
21.8546
22.3945
22.9138
23.4136
23.8938
24.3544
50.9052
51.3444
51.7118
52.0181
52.2721
52.4809
52.6505
52.7859
52.8911
52.9698
53.0248
53.0587
53.0738
53.0718
53.0544
53.023
52.9789
52.9231
52.8565
52.78
52.6944
52.6002
52.498
52.3884
52.2717
52.1485
52.019
51.8835
51.7424
51.5959
51.4441
51.2875
51.1259
50.9598
50.7891
50.6141
50.4348
50.2513
50.0638
49.8723
49.6768
49.4776
49.2745
49.0677
48.8572
48.6431
48.4253
48.204
47.9792
47.7508
47.519
47.2836
47.0448
46.8026
46.5569
46.3078
46.0553
45.7994
45.5401
45.2773
45.0111
44.7415
44.4684
44.1919
43.9119
43.6284
43.3414
43.0509
42.7568
42.4591
42.1578
41.8529
41.5442
41.2318
40.9156
40.5956
40.2717
39.9438
39.6119
39.2758
38.9356
38.5911
38.2423
37.8891
37.5312
37.1688
36.8015
36.4294
36.0522
35.6698
35.2822
34.8891
34.4902
34.0857
33.6749
33.2581
32.8347
32.4048
31.9677
31.5237
31.0719
30.6126
30.145
29.6689
29.1842
28.6901
28.1863
27.6727
27.1482
26.6126
26.0652
25.5059
24.9332
24.3467
23.7457
23.1293
22.4965
21.8466
21.1779
20.4895
19.7804
19.0494
18.2957
17.5191
16.7208
15.9048
15.081
14.2744
13.5356
12.9631
12.6947
12.816
13.2711
13.9242
14.6643
15.4297
16.1914
16.9355
17.6569
18.3541
19.026
19.6739
20.2978
20.8992
21.4782
22.0363
22.5735
23.0909
23.5885
24.0664
24.5253
50.7302
51.154
51.5086
51.8045
52.05
52.252
52.4161
52.5472
52.6491
52.7253
52.7786
52.8116
52.8261
52.8242
52.8073
52.7768
52.7339
52.6796
52.6148
52.5404
52.4571
52.3654
52.2659
52.1591
52.0455
51.9253
51.799
51.6669
51.5292
51.3862
51.238
51.0849
50.9271
50.7646
50.5977
50.4264
50.2508
50.071
49.8872
49.6994
49.5077
49.3121
49.1127
48.9095
48.7025
48.4919
48.2777
48.0598
47.8383
47.6133
47.3847
47.1526
46.9169
46.6778
46.4351
46.189
45.9394
45.6863
45.4297
45.1697
44.9061
44.6391
44.3685
44.0945
43.8169
43.5358
43.2511
42.9628
42.6708
42.3753
42.076
41.7731
41.4664
41.1559
40.8415
40.5233
40.2011
39.8749
39.5446
39.2101
38.8715
38.5284
38.1811
37.8292
37.4727
37.1115
36.7455
36.3745
35.9984
35.6172
35.2306
34.8383
34.4404
34.0365
33.6266
33.2105
32.7876
32.3582
31.9215
31.4778
31.0262
30.5671
30.0994
29.6232
29.1382
28.6437
28.1394
27.6251
27.0997
26.5631
26.0149
25.4538
24.8795
24.2913
23.6886
23.0699
22.4347
21.7817
21.11
20.4184
19.7057
18.971
18.2134
17.433
16.6312
15.8131
14.9909
14.1923
13.4759
12.9502
12.7527
12.9454
13.4489
14.1256
14.8745
15.6412
16.4009
17.1416
17.8592
18.5524
19.2205
19.8644
20.4852
21.0831
21.6595
22.2144
22.7492
23.2638
23.759
24.2349
24.6912
50.5267
50.9353
51.2776
51.5634
51.8006
51.9959
52.1547
52.2816
52.3804
52.4542
52.506
52.538
52.5522
52.5504
52.5342
52.5047
52.4632
52.4106
52.3478
52.2757
52.1948
52.1058
52.0092
51.9055
51.7951
51.6783
51.5555
51.427
51.293
51.1537
51.0094
50.8602
50.7064
50.5479
50.385
50.2177
50.0462
49.8706
49.6908
49.5071
49.3194
49.1278
48.9324
48.7331
48.5301
48.3234
48.1129
47.8988
47.6811
47.4597
47.2347
47.0062
46.774
46.5383
46.299
46.0561
45.8097
45.5598
45.3063
45.0493
44.7887
44.5245
44.2568
43.9855
43.7105
43.432
43.1498
42.864
42.5745
42.2813
41.9844
41.6837
41.3791
41.0708
40.7585
40.4423
40.122
39.7977
39.4693
39.1366
38.7997
38.4584
38.1127
37.7624
37.4074
37.0477
36.6832
36.3135
35.9389
35.5587
35.1733
34.7823
34.3853
33.9826
33.5737
33.1582
32.7363
32.3073
31.8715
31.428
30.9771
30.5179
30.0506
29.5744
29.0894
28.5946
28.0902
27.5751
27.049
26.5118
25.9622
25.3999
24.8245
24.2346
23.6296
23.0088
22.3711
21.7158
21.0412
20.3464
19.6302
18.8918
18.1304
17.3462
16.5413
15.7216
14.9014
14.1128
13.4227
12.949
12.8248
13.0858
13.632
14.3292
15.0848
15.852
16.6088
17.3463
18.0599
18.7487
19.4132
20.0533
20.6702
21.265
21.8379
22.3901
22.9218
23.4339
23.9261
24.3994
24.8533
50.2935
50.6874
51.0176
51.2935
51.5227
51.7115
51.8651
51.9879
52.0836
52.1553
52.2056
52.2367
52.2507
52.2492
52.2336
52.2053
52.1653
52.1146
52.0539
51.9842
51.906
51.8199
51.7264
51.6259
51.5189
51.4058
51.2867
51.162
51.032
50.8968
50.7566
50.6117
50.4621
50.3079
50.1494
49.9865
49.8194
49.6482
49.4729
49.2935
49.1102
48.923
48.7319
48.537
48.3383
48.1358
47.9296
47.7196
47.506
47.2886
47.0676
46.8429
46.6146
46.3827
46.1471
45.9079
45.6651
45.4186
45.1686
44.9149
44.6575
44.3966
44.132
43.8637
43.5918
43.3162
43.0369
42.7538
42.4671
42.1765
41.8821
41.5839
41.2819
40.9759
40.6659
40.352
40.0339
39.7118
39.3855
39.0549
38.7199
38.3806
38.0368
37.6883
37.3351
36.9772
36.6142
36.2464
35.873
35.4946
35.1106
34.7208
34.3253
33.9238
33.5158
33.1016
32.6807
32.2526
31.8176
31.3748
30.9245
30.4658
29.9989
29.5229
29.038
28.5431
28.0385
27.523
26.9967
26.4584
25.9079
25.3448
24.7677
24.1763
23.5695
22.947
22.3069
21.6487
20.9712
20.2732
19.554
18.8119
18.0468
17.259
16.4511
15.6303
14.8132
14.037
13.3774
12.9607
12.9112
13.2367
13.8209
14.5349
15.2956
16.0624
16.8164
17.5497
18.2594
18.944
19.6041
20.2407
20.8539
21.4448
22.0146
22.5634
23.0923
23.6011
24.0908
24.5608
25.0119
50.0296
50.4091
50.7275
50.9937
51.215
51.3974
51.546
51.6648
51.7576
51.8271
51.876
51.9065
51.9203
51.9191
51.9044
51.8773
51.8389
51.79
51.7317
51.6645
51.5891
51.506
51.4157
51.3188
51.2154
51.106
50.9909
50.8703
50.7445
50.6136
50.4779
50.3374
50.1924
50.0429
49.889
49.7309
49.5685
49.402
49.2315
49.0569
48.8784
48.696
48.5096
48.3194
48.1254
47.9275
47.7259
47.5204
47.3113
47.0983
46.8817
46.6613
46.4373
46.2095
45.978
45.7428
45.5039
45.2614
45.0151
44.7651
44.5114
44.254
43.9929
43.7281
43.4595
43.1871
42.911
42.6311
42.3473
42.0598
41.7683
41.4729
41.1736
40.8703
40.563
40.2516
39.9361
39.6164
39.2925
38.9642
38.6316
38.2944
37.9528
37.6064
37.2553
36.8993
36.5384
36.1723
35.801
35.4243
35.0418
34.6538
34.2599
33.8596
33.4533
33.0404
32.6205
32.1938
31.7599
31.318
30.8685
30.4106
29.9443
29.4688
28.9841
28.4895
27.9848
27.4691
26.9425
26.4037
25.8527
25.2883
24.71
24.1174
23.509
22.8842
22.2419
21.5815
20.9011
20.2
19.477
18.7313
17.9629
17.1717
16.3612
15.5398
14.7271
13.9659
13.3414
12.9866
13.0121
13.3973
14.0149
14.7428
15.5071
16.2728
17.0236
17.7528
18.4579
19.1386
19.7945
20.4267
21.0364
21.6237
22.1897
22.7354
23.2607
23.7667
24.253
24.7202
25.168
49.7339
50.0993
50.4061
50.6628
50.8764
51.0526
51.1962
51.3112
51.4011
51.4686
51.5161
51.5459
51.5596
51.5589
51.545
51.5192
51.4825
51.4357
51.3797
51.3151
51.2426
51.1627
51.0758
50.9824
50.8829
50.7775
50.6665
50.5503
50.4289
50.3026
50.1715
50.0358
49.8956
49.751
49.6022
49.449
49.2918
49.1304
48.965
48.7955
48.6221
48.4448
48.2635
48.0784
47.8894
47.6966
47.4999
47.2994
47.0951
46.887
46.6751
46.4595
46.24
46.0168
45.7899
45.5591
45.3246
45.0863
44.8442
44.5984
44.3488
44.0953
43.8381
43.5771
43.3122
43.0435
42.7709
42.4945
42.2141
41.9299
41.6417
41.3495
41.0533
40.7531
40.4487
40.1402
39.8276
39.5107
39.1895
38.8639
38.5338
38.1992
37.86
37.5161
37.1674
36.8137
36.455
36.0912
35.7218
35.3472
34.9669
34.5809
34.1886
33.7904
33.3857
32.9745
32.5562
32.1309
31.6983
31.2577
30.8093
30.3524
29.8869
29.4124
28.9281
28.4341
27.9294
27.4141
26.887
26.3478
25.7963
25.231
24.652
24.0578
23.4478
22.8215
22.1771
21.5139
20.8308
20.127
19.4007
18.6514
17.879
17.0844
16.272
15.4507
14.6439
13.9007
13.3162
13.0276
13.1273
13.5673
14.2137
14.9525
15.7192
16.4835
17.2308
17.9559
18.6565
19.3324
19.9844
20.6125
21.2179
21.8018
22.3642
22.9061
23.4283
23.9306
24.4138
24.8776
25.3223
49.405
49.7567
50.0522
50.2997
50.5057
50.6759
50.8146
50.9259
51.0129
51.0784
51.1247
51.1538
51.1675
51.1672
51.1542
51.1298
51.0947
51.0501
50.9965
50.9346
50.8651
50.7885
50.7051
50.6154
50.5199
50.4186
50.312
50.2002
50.0835
49.9619
49.8358
49.7051
49.57
49.4306
49.287
49.1392
48.9873
48.8313
48.6713
48.5074
48.3394
48.1675
47.9917
47.812
47.6285
47.441
47.2497
47.0545
46.8555
46.6526
46.4459
46.2354
46.021
45.8028
45.5807
45.3548
45.1251
44.8915
44.6541
44.4128
44.1676
43.9186
43.6657
43.4089
43.1482
42.8835
42.6149
42.3424
42.0659
41.7854
41.5009
41.2123
40.9196
40.6228
40.3218
40.0166
39.7072
39.3935
39.0753
38.7528
38.4257
38.094
37.7577
37.4165
37.0705
36.7195
36.3634
36.0021
35.6354
35.2632
34.8853
34.5013
34.1115
33.7154
33.3128
32.9033
32.4871
32.0637
31.6325
31.1937
30.7468
30.2911
29.8269
29.3534
28.8699
28.3766
27.8724
27.3574
26.8304
26.2914
25.7392
25.1737
24.5935
23.9982
23.3871
22.7587
22.1122
21.447
20.7612
20.0541
19.3249
18.5722
17.7963
16.9985
16.1837
15.3634
14.5646
13.8427
13.3033
13.0845
13.2563
13.7461
14.4172
15.165
15.933
16.6946
17.4386
18.1592
18.8553
19.5268
20.174
20.7979
21.3996
21.9793
22.5379
23.0764
23.5948
24.0936
24.5734
25.0337
25.4749
49.0419
49.3802
49.6647
49.9031
50.1018
50.266
50.4
50.5076
50.5919
50.6555
50.7005
50.729
50.7426
50.7428
50.7308
50.7077
50.6744
50.6319
50.5807
50.5217
50.4552
50.3819
50.3022
50.2164
50.1248
50.0279
49.9257
49.8186
49.7067
49.5901
49.4691
49.3436
49.2139
49.0799
48.9418
48.7996
48.6533
48.5031
48.3488
48.1906
48.0284
47.8623
47.6922
47.5183
47.3405
47.1588
46.9732
46.7837
46.5903
46.393
46.1919
45.9869
45.778
45.5651
45.3484
45.1278
44.9033
44.6749
44.4425
44.2062
43.966
43.7218
43.4737
43.2215
42.9654
42.7053
42.4412
42.173
41.9008
41.6245
41.344
41.0595
40.7708
40.4778
40.1807
39.8793
39.5735
39.2634
38.9487
38.6297
38.306
37.9776
37.6446
37.3067
36.9638
36.6159
36.2629
35.9043
35.5405
35.1711
34.796
34.4149
34.0277
33.6341
33.2338
32.827
32.413
31.9918
31.5627
31.1259
30.6808
30.2268
29.7641
29.292
28.8098
28.3175
27.8141
27.2996
26.773
26.2342
25.6819
25.116
24.5351
23.9392
23.3265
22.6969
22.0485
21.3808
20.6928
19.9827
19.2499
18.4942
17.7149
16.9142
16.0978
15.2795
14.4897
13.7932
13.3041
13.1579
13.399
13.9334
14.6254
15.3802
16.1485
16.9074
17.6469
18.363
19.0549
19.7217
20.3645
20.9841
21.5813
22.1573
22.712
23.2465
23.7611
24.2566
24.7324
25.1893
25.6266
48.6431
48.9683
49.2421
49.4717
49.6632
49.8216
49.9511
50.0551
50.1367
50.1984
50.2422
50.2702
50.2838
50.2845
50.2735
50.2517
50.2203
50.1799
50.1312
50.075
50.0117
49.9418
49.8657
49.7838
49.6965
49.6039
49.5064
49.4041
49.2971
49.1857
49.0699
48.9499
48.8257
48.6974
48.5651
48.4287
48.2883
48.1439
47.9956
47.8434
47.6873
47.5272
47.3632
47.1954
47.0236
46.8479
46.6683
46.4849
46.2975
46.1061
45.9109
45.7118
45.5087
45.3017
45.0907
44.8758
44.6569
44.434
44.2072
43.9763
43.7415
43.5026
43.2597
43.0127
42.7617
42.5066
42.2474
41.9841
41.7166
41.445
41.1692
40.8892
40.6049
40.3164
40.0235
39.7263
39.4247
39.1187
38.8081
38.4929
38.1731
37.8486
37.5193
37.1851
36.8458
36.5015
36.1519
35.797
35.4365
35.0704
34.6985
34.3206
33.9363
33.5458
33.1486
32.7446
32.3334
31.9148
31.4883
31.0539
30.6111
30.1593
29.6986
29.2282
28.7476
28.2567
27.7548
27.241
26.7154
26.1767
25.6249
25.0586
24.4776
23.8806
23.2673
22.6359
21.9862
21.3163
20.6254
19.9129
19.1771
18.4176
17.6355
16.8321
16.0147
15.1992
14.4212
13.7539
13.3202
13.2483
13.5549
14.1287
14.8383
15.5984
16.3661
17.1219
17.8571
18.5686
19.2553
19.9174
20.5557
21.1713
21.7642
22.3357
22.8864
23.4173
23.9281
24.4194
24.8917
25.3445
25.7779
48.2069
48.5195
48.7829
49.0039
49.1885
49.3412
49.4662
49.5669
49.6459
49.7057
49.7485
49.7759
49.7896
49.7908
49.7808
49.7606
49.7309
49.6927
49.6466
49.5932
49.5331
49.4667
49.3944
49.3166
49.2335
49.1455
49.0526
48.9553
48.8535
48.7474
48.6371
48.5227
48.4042
48.2818
48.1553
48.025
47.8906
47.7524
47.6103
47.4643
47.3144
47.1607
47.003
46.8414
46.6759
46.5065
46.3332
46.156
45.9749
45.7898
45.6008
45.4078
45.2109
45.01
44.8051
44.5962
44.3834
44.1665
43.9455
43.7206
43.4915
43.2584
43.0212
42.7798
42.5344
42.2848
42.031
41.773
41.5109
41.2445
40.9738
40.6989
40.4196
40.136
39.848
39.5556
39.2587
38.9573
38.6513
38.3407
38.0253
37.7052
37.3801
37.0502
36.7151
36.3749
36.0295
35.6785
35.3218
34.9595
34.5914
34.2172
33.8368
33.4498
33.0562
32.6556
32.2477
31.8321
31.4088
30.9774
30.5374
30.0883
29.63
29.162
28.6837
28.1944
27.6941
27.1817
26.6572
26.1196
25.568
25.0022
24.4208
23.8237
23.2091
22.5769
21.9253
21.2538
20.5606
19.845
19.1065
18.3439
17.5582
16.7529
15.935
15.1237
14.3599
13.7262
13.3528
13.3559
13.7237
14.332
15.056
15.8199
16.5863
17.3386
18.0694
18.776
19.4578
20.1152
20.7488
21.3595
21.9481
22.5157
23.0623
23.5887
24.0955
24.5829
25.0512
25.5
25.9296
47.7316
48.0319
48.2851
48.4979
48.6757
48.8231
48.9439
49.0412
49.1177
49.1759
49.2177
49.2447
49.2585
49.2604
49.2514
49.2326
49.2049
49.169
49.1255
49.0751
49.0182
48.9554
48.887
48.8133
48.7347
48.6513
48.5633
48.4711
48.3746
48.274
48.1693
48.0607
47.9482
47.8318
47.7115
47.5873
47.4593
47.3274
47.1916
47.052
46.9086
46.7612
46.61
46.4549
46.2959
46.133
45.9662
45.7954
45.6207
45.4421
45.2595
45.073
44.8825
44.6879
44.4894
44.2869
44.0803
43.8697
43.6551
43.4363
43.2135
42.9865
42.7554
42.5201
42.2807
42.037
41.7892
41.5371
41.2807
41.0201
40.7551
40.4858
40.2121
39.934
39.6515
39.3645
39.0729
38.7767
38.476
38.1704
37.8602
37.545
37.225
36.8999
36.5696
36.2342
35.8933
35.547
35.195
34.8373
34.4736
34.1038
33.7276
33.3449
32.9554
32.5588
32.1547
31.7432
31.3237
30.8958
30.4593
30.0134
29.5583
29.0931
28.6174
28.1305
27.6324
27.1221
26.5989
26.0625
25.5121
24.9466
24.3658
23.7681
23.1534
22.5199
21.8672
21.1936
20.4986
19.7805
19.0387
18.2734
17.4848
16.6769
15.8597
15.054
14.3073
13.7119
13.4034
13.4808
13.9049
14.5432
15.279
16.0452
16.8098
17.5577
18.2838
18.9855
19.6624
20.3153
20.9441
21.5502
22.1343
22.6971
23.2395
23.7617
24.2646
24.7479
25.2118
25.6564
26.0818
47.215
47.5034
47.7469
47.9516
48.123
48.2651
48.3818
48.476
48.5503
48.6069
48.6478
48.6745
48.6886
48.6912
48.6835
48.6663
48.6406
48.6071
48.5663
48.519
48.4656
48.4064
48.3421
48.2727
48.1986
48.1201
48.0373
47.9503
47.8593
47.7645
47.6657
47.5631
47.4567
47.3465
47.2325
47.1147
46.9931
46.8677
46.7385
46.6055
46.4686
46.3278
46.1832
46.0347
45.8823
45.7259
45.5657
45.4015
45.2334
45.0614
44.8853
44.7053
44.5214
44.3334
44.1415
43.9454
43.7454
43.5413
43.3332
43.1209
42.9045
42.684
42.4594
42.2306
41.9975
41.7603
41.5188
41.273
41.023
40.7686
40.5099
40.2468
39.9792
39.7073
39.4308
39.1498
38.8642
38.574
38.2791
37.9794
37.6749
37.3655
37.0511
36.7316
36.4069
36.0769
35.7416
35.4007
35.054
34.7015
34.343
33.9783
33.6072
33.2295
32.8447
32.4529
32.0538
31.6469
31.2319
30.8084
30.3761
29.9345
29.4829
29.0213
28.5489
28.0654
27.5697
27.0619
26.541
26.0061
25.4571
24.8929
24.3124
23.7153
23.1
22.4662
21.812
21.1372
20.4398
19.7196
18.9751
18.2069
17.4156
16.6061
15.7898
14.9912
14.2648
13.7129
13.473
13.6232
14.0984
14.7624
15.5071
16.2746
17.0366
17.7807
18.502
19.1986
19.8704
20.5179
21.1419
21.7432
22.3226
22.881
23.4192
23.9371
24.4354
24.9144
25.374
25.8145
26.2351
46.6549
46.9317
47.1656
47.3626
47.5277
47.6649
47.7776
47.8689
47.9411
47.9964
48.0366
48.0632
48.0777
48.0812
48.0749
48.0595
48.0359
48.0049
47.9672
47.9231
47.8733
47.8181
47.758
47.6932
47.624
47.5506
47.4731
47.3918
47.3066
47.2178
47.1251
47.0288
46.9288
46.8251
46.7177
46.6065
46.4916
46.3729
46.2504
46.124
45.9938
45.8597
45.7218
45.5799
45.4342
45.2845
45.1308
44.9733
44.8118
44.6463
44.4769
44.3035
44.1261
43.9447
43.7594
43.5699
43.3765
43.1791
42.9775
42.7719
42.5622
42.3484
42.1304
41.9083
41.682
41.4514
41.2166
40.9776
40.7342
40.4866
40.2346
39.9781
39.7173
39.452
39.1823
38.9079
38.629
38.3454
38.0571
37.764
37.4661
37.1632
36.8553
36.5422
36.2239
35.9003
35.5712
35.2364
34.896
34.5496
34.1971
33.8384
33.4733
33.1015
32.7227
32.3367
31.9432
31.5419
31.1323
30.7142
30.2869
29.8502
29.4033
28.9461
28.4779
27.9982
27.5063
27.0013
26.4832
25.951
25.4037
24.841
24.2619
23.6651
23.0503
22.4158
21.7612
21.0847
20.3859
19.6631
18.9163
18.145
17.3517
16.5408
15.7264
14.9369
14.2344
13.731
13.5628
13.7831
14.3042
14.9895
15.7419
16.5095
17.2684
18.008
18.7242
19.4155
20.0821
20.7245
21.3434
21.9399
22.5146
23.0683
23.6016
24.115
24.6088
25.0832
25.5386
25.9743
26.3903
46.0488
46.3141
46.5387
46.7281
46.887
47.0194
47.1285
47.217
47.2873
47.3414
47.3811
47.4078
47.423
47.4276
47.4228
47.4095
47.3884
47.3602
47.3257
47.2852
47.2393
47.1884
47.1329
47.073
47.009
46.9411
46.8695
46.7942
46.7152
46.6327
46.5467
46.4571
46.3639
46.267
46.1665
46.0623
45.9542
45.8424
45.7268
45.6073
45.484
45.3566
45.2254
45.0903
44.9512
44.8081
44.6611
44.5101
44.3551
44.1962
44.0333
43.8664
43.6955
43.5207
43.3418
43.159
42.9721
42.7812
42.5863
42.3873
42.1842
41.9771
41.7658
41.5505
41.331
41.1073
40.8794
40.6473
40.411
40.1703
39.9254
39.6761
39.4225
39.1644
38.9018
38.6348
38.3632
38.0869
37.8059
37.5202
37.2297
36.9341
36.6336
36.3279
36.0169
35.7005
35.3788
35.0513
34.718
34.3788
34.0334
33.6818
33.3236
32.9588
32.5869
32.2078
31.8211
31.4265
31.0235
30.6117
30.1907
29.76
29.319
28.8671
28.404
27.929
27.4415
26.9408
26.426
25.8969
25.3525
24.7917
24.2142
23.6189
23.0044
22.3703
21.7153
21.0377
20.3374
19.6126
18.8635
18.0896
17.2941
16.4825
15.6706
14.8926
14.2179
13.7683
13.6738
13.9606
14.5224
15.2259
15.9836
16.7504
17.5057
18.2405
18.951
19.6369
20.2981
20.9352
21.549
22.1404
22.7101
23.259
23.7876
24.2962
24.7854
25.2554
25.7059
26.1368
26.548
45.3941
45.6481
45.8633
46.0451
46.198
46.3256
46.431
46.5169
46.5854
46.6385
46.6779
46.7049
46.7209
46.727
46.724
46.713
46.6947
46.6697
46.6387
46.6022
46.5606
46.5145
46.464
46.4096
46.3514
46.2897
46.2244
46.1557
46.0836
46.0082
45.9293
45.8469
45.761
45.6716
45.5784
45.4815
45.3808
45.2763
45.1678
45.0554
44.939
44.8186
44.6943
44.5658
44.4334
44.2969
44.1564
44.0119
43.8634
43.7109
43.5543
43.3937
43.2292
43.0606
42.8881
42.7115
42.531
42.3465
42.1579
41.9654
41.7688
41.5682
41.3635
41.1549
40.9421
40.7252
40.5042
40.2791
40.0498
39.8163
39.5786
39.3367
39.0906
38.84
38.5851
38.3259
38.0621
37.7938
37.5209
37.2433
36.9609
36.6736
36.3814
36.084
35.7814
35.4734
35.1598
34.8406
34.5157
34.1849
33.8479
33.5045
33.1546
32.798
32.4344
32.0635
31.6849
31.2983
30.9032
30.4993
30.0858
29.6625
29.2286
28.7836
28.3266
27.8576
27.3755
26.8799
26.3698
25.8445
25.3036
24.746
24.1709
23.577
22.964
22.3305
21.675
20.9972
20.2953
19.5691
18.8174
18.0417
17.2439
16.4326
15.6247
14.8603
14.2178
13.8268
13.8069
14.156
14.7531
15.4718
16.2332
16.9983
17.749
18.4787
19.1841
19.8644
20.52
21.1516
21.76
22.3462
22.9108
23.4547
23.9783
24.482
24.9663
25.4311
25.8766
26.3026
26.7087
44.689
44.9312
45.1368
45.3108
45.4574
45.58
45.6817
45.7648
45.8316
45.8837
45.9228
45.9503
45.9673
45.975
45.9742
45.9659
45.9506
45.9293
45.9023
45.8703
45.8337
45.7929
45.7482
45.6999
45.6483
45.5934
45.5353
45.4741
45.4098
45.3422
45.2714
45.1971
45.1194
45.038
44.9529
44.8639
44.7711
44.6743
44.5734
44.4684
44.3593
44.2461
44.1287
44.0072
43.8814
43.7516
43.6176
43.4794
43.3371
43.1908
43.0404
42.8859
42.7273
42.5648
42.3982
42.2277
42.0531
41.8746
41.692
41.5055
41.315
41.1206
40.9222
40.7197
40.5134
40.303
40.0886
39.8702
39.6478
39.4214
39.1909
38.9563
38.7176
38.4748
38.2277
37.9765
37.721
37.4611
37.1968
36.9279
36.6545
36.3762
36.0931
35.805
35.5118
35.2132
34.9093
34.5997
34.2843
33.963
33.6356
33.3019
32.962
32.6151
32.2613
31.9001
31.5313
31.1544
30.769
30.3745
29.9703
29.556
29.1307
28.694
28.2452
27.7832
27.308
26.8187
26.3144
25.7944
25.258
24.7039
24.132
23.541
22.9298
22.2971
21.6425
20.9642
20.2618
19.5341
18.7806
18.0029
17.2036
16.3928
15.5903
14.8421
14.2364
13.9086
13.9631
14.3696
14.9975
15.7282
16.4917
17.2539
18.0005
18.7247
19.4243
20.0984
20.7482
21.3741
21.977
22.5577
23.117
23.6556
24.174
24.6726
25.1517
25.6115
26.0518
26.4725
26.8733
43.9319
44.1617
44.357
44.5225
44.6623
44.7794
44.8769
44.9569
45.0215
45.0725
45.1113
45.1391
45.1573
45.1667
45.1683
45.1629
45.1512
45.1338
45.1114
45.0845
45.0535
45.0188
44.9808
44.9396
44.8955
44.8486
44.7989
44.7463
44.6909
44.6325
44.5708
44.5059
44.4373
44.3651
44.289
44.209
44.1248
44.0364
43.9438
43.8468
43.7455
43.6398
43.5297
43.4152
43.2963
43.1731
43.0455
42.9137
42.7775
42.6372
42.4926
42.344
42.1911
42.0341
41.8731
41.708
41.539
41.3659
41.1888
41.0078
40.8228
40.634
40.4412
40.2445
40.0439
39.8394
39.6311
39.4189
39.2028
38.9829
38.7592
38.5315
38.3
38.0646
37.8253
37.5821
37.3349
37.0835
36.8281
36.5684
36.3044
36.0359
35.7628
35.4848
35.2019
34.914
34.6206
34.3218
34.0175
33.7073
33.3911
33.0687
32.7399
32.4045
32.0625
31.713
31.356
30.9909
30.6171
30.2342
29.8414
29.4382
29.0236
28.5972
28.158
27.7055
27.2389
26.7574
26.26
25.7465
25.2158
24.667
24.0993
23.5114
22.903
22.2725
21.619
20.941
20.2382
19.5091
18.7544
17.9751
17.1748
16.3653
15.5697
14.8408
14.2767
14.0162
14.1436
14.6019
15.2564
15.9965
16.7602
17.5195
18.2611
18.9795
19.6725
20.3409
20.9846
21.6046
22.2016
22.7763
23.33
23.8631
24.376
24.8692
25.343
25.7973
26.2322
26.6474
27.0428
43.123
43.3391
43.5228
43.6786
43.8103
43.921
44.0133
44.0894
44.1512
44.2003
44.2383
44.2662
44.2852
44.2963
44.3002
44.2979
44.29
44.2771
44.2597
44.2386
44.2139
44.1863
44.1558
44.1229
44.0877
44.0501
44.0103
43.968
43.9231
43.8755
43.8247
43.7706
43.7129
43.6513
43.5857
43.5158
43.4414
43.3626
43.2791
43.1909
43.0981
43.0005
42.8981
42.7911
42.6793
42.5629
42.4419
42.3164
42.1863
42.0518
41.9129
41.7697
41.6222
41.4704
41.3145
41.1544
40.9902
40.822
40.6498
40.4735
40.2934
40.1093
39.9213
39.7295
39.5339
39.3345
39.1313
38.9244
38.7138
38.4996
38.2817
38.0603
37.8352
37.6066
37.3745
37.1387
36.8994
36.6564
36.4097
36.1592
35.9048
35.6463
35.3836
35.1165
34.8447
34.5681
34.2867
33.9999
33.7078
33.41
33.1067
32.7973
32.4818
32.1599
31.8314
31.4961
31.1532
30.8024
30.443
30.0743
29.6955
29.306
28.9047
28.491
28.064
27.6228
27.1668
26.6951
26.207
25.7017
25.178
24.6356
24.0734
23.4905
22.8857
22.2577
21.6061
20.9295
20.2268
19.4971
18.7413
17.9607
17.16
16.3525
15.5657
14.8594
14.3421
14.1518
14.3496
14.8547
15.5313
16.2778
17.0413
17.7966
18.5321
19.2442
19.9312
20.5931
21.2301
21.8438
22.4347
23.0037
23.5515
24.0787
24.5859
25.0731
25.5411
25.9898
26.4189
26.8285
27.2177
42.264
42.4645
42.6347
42.779
42.9009
43.0033
43.0888
43.1594
43.217
43.2631
43.2991
43.3261
43.3452
43.3573
43.3633
43.3638
43.3596
43.3513
43.3394
43.3245
43.307
43.2873
43.2657
43.2424
43.2176
43.1912
43.1632
43.1333
43.1011
43.0665
43.0288
42.9878
42.943
42.8941
42.8408
42.7827
42.7199
42.652
42.5791
42.5009
42.4176
42.329
42.2351
42.1362
42.0321
41.9229
41.8087
41.6897
41.5657
41.437
41.3037
41.1657
41.0232
40.8762
40.7249
40.5693
40.4094
40.2454
40.0772
39.905
39.7287
39.5486
39.3645
39.1765
38.9848
38.7893
38.5902
38.3875
38.1812
37.9715
37.7583
37.5418
37.322
37.099
36.8729
36.6436
36.4112
36.1757
35.937
35.6952
35.45
35.2013
34.949
34.6928
34.4327
34.1682
33.8991
33.6255
33.3467
33.0628
32.7736
32.4791
32.1788
31.8726
31.5602
31.2415
30.9156
30.5821
30.2402
29.8891
29.5277
29.1552
28.7705
28.3727
27.9608
27.5339
27.0911
26.6318
26.155
25.6599
25.1456
24.6115
24.0564
23.4795
22.8794
22.2557
21.607
20.9321
20.23
19.5007
18.7442
17.9624
17.1622
16.3579
15.5816
14.9018
14.4361
14.3183
14.5829
15.1293
15.8239
16.5751
17.3367
18.0867
18.8164
19.5218
20.2015
20.8565
21.4871
22.0942
22.6782
23.2408
23.7823
24.3033
24.8044
25.2858
25.7478
26.1903
26.6133
27.0165
27.3994
41.3594
41.5417
41.6959
41.826
41.9354
42.027
42.1031
42.1659
42.2169
42.2578
42.2899
42.3142
42.3318
42.3437
42.3504
42.353
42.3519
42.3479
42.3413
42.3329
42.323
42.3122
42.3006
42.2884
42.2759
42.2628
42.249
42.2341
42.2176
42.1988
42.1772
42.1522
42.1232
42.0896
42.0512
42.0075
41.9583
41.9035
41.8429
41.7764
41.7041
41.6258
41.5417
41.4518
41.3562
41.2549
41.1481
41.0359
40.9184
40.7956
40.6678
40.535
40.3973
40.2549
40.1078
39.9561
39.8
39.6394
39.4746
39.3056
39.1323
38.955
38.7738
38.5886
38.3996
38.2068
38.0104
37.8104
37.607
37.4002
37.1902
36.9771
36.7609
36.5419
36.3202
36.0957
35.8688
35.6393
35.4073
35.1728
34.9357
34.6959
34.4533
34.2076
33.9585
33.7059
33.4497
33.1892
32.9247
32.6555
32.3818
32.1033
31.8201
31.5317
31.2381
30.9388
30.6334
30.321
30.0006
29.6712
29.3315
28.9804
28.6164
28.2387
27.8457
27.4367
27.0106
26.5667
26.1041
25.622
25.1192
24.5954
24.0494
23.4804
22.8872
22.2689
21.6242
20.952
20.2519
19.5234
18.7669
17.9848
17.1853
16.3853
15.6219
14.9725
14.5633
14.5188
14.8456
15.4281
16.1366
16.8906
17.6491
18.3933
19.1161
19.8138
20.4865
21.1341
21.757
22.3569
22.9343
23.49
24.0245
24.5389
25.0334
25.5083
25.9638
26.3998
26.8163
27.2129
27.589
40.4167
40.5777
40.7124
40.825
40.9185
40.9957
41.0591
41.1104
41.1516
41.184
41.209
41.2277
41.2411
41.25
41.2554
41.258
41.2584
41.2573
41.2553
41.2529
41.2507
41.2491
41.2484
41.2488
41.2506
41.2533
41.2567
41.2602
41.2629
41.2639
41.2622
41.257
41.2474
41.2328
41.2126
41.1864
41.1538
41.1148
41.069
41.0165
40.9572
40.8911
40.8184
40.739
40.6531
40.5609
40.4624
40.3577
40.2472
40.1308
40.0088
39.8813
39.7485
39.6104
39.4672
39.3191
39.1662
39.0086
38.8464
38.6797
38.5086
38.3332
38.1536
37.97
37.7824
37.591
37.3958
37.1971
36.9949
36.7893
36.5806
36.369
36.1546
35.9375
35.7181
35.4965
35.2728
35.0472
34.8198
34.5907
34.3599
34.1272
33.8927
33.6559
33.4169
33.1751
32.9304
32.6829
32.4318
32.1776
31.9196
31.6581
31.3933
31.1246
30.8521
30.5754
30.2942
30.0072
29.7132
29.4109
29.0983
28.7742
28.4364
28.0835
27.7144
27.3278
26.9228
26.4983
26.0536
25.5877
25.1
24.5895
24.0552
23.4964
22.9119
22.3005
21.6615
20.9939
20.2967
19.5698
18.8136
18.0323
17.2344
16.4399
15.6918
15.0771
14.7287
14.7573
15.1413
15.7542
16.4735
17.2278
17.9813
18.7192
19.4338
20.1239
20.7884
21.4277
22.0431
22.6349
23.2047
23.753
24.2805
24.7874
25.2748
25.7427
26.1912
26.6203
27.0298
27.4193
27.7882
39.4465
39.5825
39.6941
39.7851
39.8585
39.9171
39.9633
39.9988
40.0255
40.045
40.0584
40.067
40.0718
40.0739
40.074
40.0731
40.0718
40.0709
40.0711
40.0729
40.0772
40.0843
40.0947
40.1088
40.1267
40.1479
40.1721
40.1981
40.2246
40.2502
40.2735
40.2929
40.3077
40.3165
40.3189
40.3142
40.3021
40.2823
40.2546
40.2191
40.1756
40.1242
40.065
39.9982
39.9239
39.8423
39.7534
39.6576
39.555
39.4459
39.3303
39.2086
39.0808
38.9472
38.808
38.6633
38.5133
38.3581
38.1979
38.0328
37.8629
37.6885
37.5096
37.3263
37.1388
36.9473
36.7519
36.5527
36.35
36.1439
35.9346
35.7224
35.5075
35.2902
35.0707
34.8494
34.6265
34.4024
34.1771
33.9508
33.7237
33.4956
33.2666
33.0365
32.8048
32.5718
32.3367
32.0996
31.8606
31.6193
31.3761
31.1309
30.8841
30.6361
30.3865
30.1353
29.8822
29.6257
29.3641
29.0954
28.817
28.5267
28.2219
27.9008
27.5618
27.2036
26.825
26.425
26.0029
25.5577
25.0887
24.595
24.0758
23.5302
22.9571
22.3556
21.7244
21.0628
20.37
19.6459
18.8914
18.1114
17.316
16.5284
15.7983
15.2226
14.9386
15.0386
15.4741
16.1115
16.8385
17.5906
18.3385
19.0679
19.7743
20.4549
21.1105
21.7413
22.3476
22.9313
23.4928
24.0327
24.5522
25.0516
25.5313
25.9913
26.4322
26.8537
27.2556
27.6375
27.9986
38.4623
38.5697
38.6541
38.7192
38.768
38.8032
38.827
38.8414
38.8482
38.8489
38.8449
38.8375
38.8279
38.8171
38.8062
38.7961
38.7877
38.7819
38.7798
38.782
38.7894
38.803
38.8233
38.8509
38.8861
38.9285
38.9772
39.0307
39.0869
39.1434
39.198
39.2486
39.2936
39.3318
39.3623
39.3842
39.3973
39.4012
39.3958
39.381
39.3569
39.3234
39.2809
39.2294
39.1691
39.1003
39.0231
38.9379
38.8448
38.7442
38.6361
38.521
38.3991
38.2705
38.1355
37.9943
37.8471
37.6941
37.5355
37.3714
37.2021
37.0276
36.8483
36.6642
36.4755
36.2824
36.0852
35.8839
35.6788
35.4702
35.2583
35.0435
34.8259
34.606
34.384
34.1606
33.9359
33.7104
33.4844
33.2581
33.0319
32.8055
32.5791
32.3523
32.1251
31.8968
31.6678
31.4376
31.2066
30.9747
30.7424
30.5106
30.2796
30.0506
29.8238
29.5997
29.3782
29.1576
28.9356
28.7089
28.4737
28.2262
27.9632
27.6823
27.3813
27.059
26.7137
26.3446
25.951
25.5319
25.0868
24.6147
24.1149
23.5864
23.0283
22.4394
21.8189
21.1658
20.4793
19.7594
19.0082
18.2305
17.4386
16.6595
15.9502
15.4179
15.201
15.3692
15.8497
16.5068
17.2375
17.9854
18.7255
19.4455
20.1414
20.8122
21.4577
22.0782
22.6752
23.2491
23.8014
24.3326
24.843
25.3338
25.805
26.2566
26.6892
27.1025
27.4961
27.8696
28.2224
37.4798
37.5553
37.6088
37.6438
37.6634
37.6702
37.6663
37.6538
37.6345
37.61
37.5818
37.5512
37.5196
37.4883
37.4583
37.431
37.4075
37.3891
37.3769
37.3723
37.3766
37.3911
37.4171
37.4558
37.5078
37.573
37.6503
37.7374
37.8306
37.9261
38.0202
38.11
38.1931
38.2678
38.333
38.388
38.4321
38.4653
38.4872
38.4979
38.4976
38.4862
38.4641
38.4314
38.3883
38.3353
38.2725
38.2003
38.1189
38.0287
37.93
37.823
37.7081
37.5855
37.4555
37.3184
37.1744
37.0237
36.8666
36.7032
36.5338
36.3586
36.1779
35.9918
35.8005
35.6044
35.4036
35.1985
34.9892
34.7761
34.5594
34.3396
34.117
33.8921
33.6653
33.4372
33.2082
32.9788
32.7496
32.5208
32.2928
32.0655
31.8387
31.6123
31.3856
31.1586
30.9307
30.7022
30.4732
30.2445
30.0166
29.7913
29.5698
29.3542
29.1466
28.9483
28.7602
28.5807
28.4065
28.2321
28.0514
27.8584
27.6485
27.4182
27.1653
26.8876
26.584
26.2537
25.8959
25.5099
25.095
24.6507
24.1757
23.6695
23.131
22.5592
21.9531
21.3114
20.6341
19.9212
19.1748
18.4009
17.6137
16.8448
16.1594
15.6746
15.5258
15.7574
16.2763
16.9474
17.6776
18.419
19.1486
19.8577
20.5418
21.201
21.8345
22.4441
23.0298
23.5934
24.135
24.6561
25.1569
25.6378
26.0996
26.5421
26.9653
27.3694
27.7539
28.1183
28.4619
36.5157
36.5565
36.5759
36.5774
36.5638
36.5376
36.5011
36.4563
36.4048
36.3484
36.2887
36.2272
36.1652
36.1042
36.0457
35.9911
35.9419
35.8997
35.8664
35.8437
35.8339
35.8391
35.8619
35.9046
35.9692
36.0566
36.166
36.2934
36.433
36.578
36.7224
36.8615
36.9921
37.1122
37.2204
37.3159
37.3982
37.4671
37.5225
37.5645
37.5933
37.6089
37.6119
37.6022
37.5805
37.5469
37.502
37.446
37.3793
37.3022
37.2152
37.1185
37.0126
36.8978
36.7742
36.6424
36.5025
36.3547
36.1994
36.0368
35.8672
35.6908
35.508
35.3189
35.1238
34.9232
34.7171
34.5061
34.2904
34.0705
33.8467
33.6194
33.3893
33.1567
32.9224
32.687
32.4512
32.2157
31.9812
31.748
31.5166
31.2868
31.0581
30.8301
30.6018
30.3723
30.1415
29.9089
29.6752
29.4409
29.2079
28.9782
28.7549
28.5416
28.3429
28.1631
28.0057
27.8706
27.7531
27.6441
27.5325
27.4087
27.2657
27.099
26.9055
26.6835
26.4318
26.1499
25.8368
25.4921
25.1153
24.7057
24.2626
23.7852
23.2725
22.7234
22.1368
21.5118
20.8478
20.145
19.406
18.6377
17.857
17.1003
16.4421
16.0078
15.9267
16.2156
16.7643
17.4438
18.1696
18.9002
19.6174
20.3123
20.9828
21.6278
22.2479
22.8443
23.4174
23.9687
24.4988
25.0082
25.4979
25.9679
26.419
26.8511
27.264
27.658
28.0324
28.3867
28.7201
35.5859
35.5903
35.5737
35.5391
35.4893
35.4268
35.3537
35.2718
35.183
35.0889
34.9911
34.8912
34.7905
34.6907
34.5934
34.5002
34.413
34.3338
34.2649
34.2089
34.1689
34.1486
34.1522
34.1845
34.2507
34.3544
34.4965
34.6718
34.8699
35.0782
35.2864
35.4874
35.677
35.8528
36.0135
36.1583
36.2869
36.3992
36.4952
36.5751
36.6391
36.6877
36.721
36.7397
36.744
36.7345
36.7115
36.6757
36.6273
36.5668
36.4947
36.4114
36.3173
36.2126
36.0978
35.9732
35.839
35.6956
35.5433
35.3822
35.2128
35.0353
34.85
34.6573
34.4574
34.2507
34.0378
33.8188
33.5943
33.3648
33.1309
32.8931
32.6521
32.4086
32.1636
31.9179
31.6724
31.4284
31.1867
30.9482
30.713
30.4811
30.2515
30.0227
29.7929
29.5608
29.3246
29.0843
28.8398
28.5918
28.3427
28.095
27.8537
27.6245
27.4159
27.2376
27.0996
27.007
26.9549
26.9269
26.9027
26.866
26.8065
26.718
26.5974
26.4434
26.2549
26.0315
25.7732
25.4794
25.1501
24.7843
24.3817
23.9413
23.4623
22.9434
22.3835
21.7814
21.1364
20.4487
19.7212
18.9618
18.1899
17.4477
16.8193
16.4381
16.4217
16.7596
17.3298
18.0098
18.7261
19.442
20.1421
20.8203
21.4734
22.1018
22.7062
23.2869
23.8455
24.3822
24.8986
25.3946
25.8715
26.3294
26.7681
27.1884
27.59
27.9722
28.3354
28.6784
29.0005
34.7043
34.672
34.6184
34.5466
34.4591
34.3583
34.246
34.1242
33.9944
33.8583
33.7174
33.5731
33.4269
33.2803
33.135
32.9926
32.8553
32.7251
32.6049
32.4977
32.4077
32.34
32.3011
32.2995
32.3454
32.4496
32.6189
32.8486
33.1202
33.4095
33.6983
33.9762
34.2379
34.4812
34.7049
34.9086
35.0923
35.2562
35.4004
35.5254
35.6316
35.7194
35.7893
35.8419
35.8777
35.8973
35.9012
35.89
35.8643
35.8247
35.7714
35.7051
35.6263
35.5352
35.4323
35.3178
35.192
35.0554
34.908
34.7503
34.5824
34.4046
34.2174
34.021
33.8158
33.6022
33.3807
33.1519
32.9161
32.6742
32.4266
32.1743
31.9182
31.6593
31.3988
31.1382
30.879
30.6228
30.3715
30.1264
29.8883
29.6568
29.4303
29.2058
28.98
28.7491
28.5108
28.2634
28.006
27.7396
27.4657
27.1878
26.9113
26.6441
26.3994
26.1944
26.0517
25.9898
26.008
26.0783
26.1624
26.2327
26.2739
26.2789
26.2449
26.1709
26.0569
25.9032
25.7101
25.4775
25.2053
24.8932
24.5406
24.1472
23.7113
23.2322
22.7082
22.1379
21.5204
20.8555
20.146
19.4008
18.6417
17.917
17.3212
16.9935
17.0359
17.4118
17.9925
18.6646
19.3636
20.0593
20.7376
21.3936
22.026
22.634
23.2187
23.7812
24.3217
24.8419
25.3418
25.8227
26.2844
26.7278
27.1526
27.5594
27.9477
28.317
28.6673
28.9977
29.307
33.8816
33.8132
33.7232
33.6144
33.4892
33.3497
33.1976
33.0347
32.8625
32.6822
32.4954
32.3033
32.1072
31.9085
31.7086
31.5092
31.3121
31.1194
30.9339
30.7589
30.599
30.4602
30.3513
30.2844
30.2774
30.3532
30.533
30.8187
31.1794
31.57
31.9582
32.3288
32.6762
32.9987
33.2957
33.5677
33.8151
34.0386
34.2387
34.416
34.5711
34.7047
34.8174
34.9098
34.9827
35.0367
35.0726
35.0911
35.0929
35.0785
35.0486
35.0037
34.9443
34.8708
34.7837
34.6832
34.5695
34.443
34.3038
34.1522
33.9883
33.8125
33.6249
33.4261
33.2161
32.9956
32.765
32.5248
32.2757
32.0183
31.7535
31.4823
31.2057
30.9254
30.6429
30.3602
30.0801
29.8053
29.539
29.2842
29.0432
28.8162
28.6005
28.3907
28.1798
27.9615
27.7308
27.4839
27.2196
26.9372
26.6375
26.3237
26.0006
25.678
25.3716
25.1077
24.9267
24.8721
24.9574
25.1381
25.3476
25.5409
25.6969
25.8074
25.8703
25.886
25.8557
25.7806
25.6617
25.4994
25.294
25.0451
24.7527
24.4159
24.034
23.6057
23.129
22.6022
22.0238
21.393
20.7121
19.9902
19.251
18.5488
17.9881
17.7116
17.8022
18.2014
18.7786
19.4313
20.1038
20.7703
21.4202
22.0483
22.6537
23.2365
23.7976
24.3372
24.8568
25.3565
25.8372
26.2997
26.7439
27.1705
27.5791
27.9702
28.3433
28.6978
29.0335
29.3495
29.6446
33.1243
33.0216
32.8969
32.7526
32.5911
32.414
32.2232
32.02
31.8058
31.5817
31.3489
31.1083
30.8612
30.6085
30.3513
30.091
29.8291
29.5672
29.3077
29.0535
28.8091
28.5805
28.3775
28.2158
28.121
28.1323
28.2956
28.6285
29.0867
29.5937
30.0961
30.5724
31.0163
31.427
31.8053
32.1525
32.4702
32.7595
33.0214
33.2569
33.4667
33.6516
33.8125
33.9501
34.0653
34.1588
34.2316
34.2846
34.3184
34.3338
34.3317
34.3126
34.2772
34.2258
34.159
34.0769
33.9798
33.8678
33.7411
33.5997
33.4436
33.2732
33.0885
32.8898
32.6773
32.4515
32.2126
31.9611
31.6978
31.4232
31.1382
30.8438
30.5414
30.2326
29.9196
29.6053
29.2933
28.9883
28.6961
28.4231
28.1752
27.9554
27.7604
27.5807
27.4034
27.2164
27.0107
26.7811
26.5241
26.2378
25.9225
25.5795
25.2124
24.8308
24.4521
24.1107
23.8668
23.7963
23.9337
24.2194
24.5541
24.8721
25.1447
25.3628
25.5251
25.6332
25.6899
25.6975
25.6578
25.5716
25.4395
25.2616
25.0376
24.7671
24.4492
24.0828
23.666
23.1964
22.6718
22.0908
21.4546
20.7711
20.0649
19.3943
18.8721
18.6406
18.7632
19.1645
19.7194
20.3374
20.9704
21.5972
22.2084
22.8004
23.3725
23.9237
24.4551
24.9675
25.4609
25.9362
26.3942
26.8347
27.2585
27.6651
28.055
28.4277
28.7832
29.1206
29.4397
29.7393
30.0183
32.4351
32.3007
32.1436
31.9664
31.7709
31.5588
31.3317
31.0906
30.8367
30.571
30.2943
30.0073
29.711
29.4058
29.0927
28.7723
28.4457
28.1139
27.7787
27.4422
27.108
26.7818
26.4736
26.2011
25.9977
25.9201
26.0428
26.4048
26.9509
27.572
28.1904
28.7752
29.3185
29.8198
30.2814
30.7058
31.0956
31.4526
31.7785
32.0747
32.342
32.5814
32.7939
32.9802
33.1412
33.2781
33.3916
33.4828
33.5525
33.6018
33.6314
33.6421
33.6347
33.6096
33.5675
33.5084
33.4326
33.34
33.2307
33.1046
32.9614
32.8013
32.6242
32.4301
32.2191
31.9914
31.7473
31.487
31.2109
30.9195
30.6135
30.2938
29.9615
29.6184
29.2667
28.9097
28.5521
28.2005
27.8641
27.5551
27.2872
27.0713
26.9068
26.7773
26.658
26.5276
26.3719
26.1829
25.9557
25.688
25.3782
25.0262
24.6342
24.2101
23.7726
23.3628
23.0598
22.9681
23.1386
23.5006
23.9324
24.352
24.7234
25.0356
25.287
25.4803
25.6187
25.7055
25.7431
25.7329
25.6758
25.5719
25.4212
25.2234
24.9777
24.683
24.3375
23.939
23.4847
22.9725
22.4024
21.7807
21.1294
20.5071
20.0291
19.8325
19.9629
20.339
20.8469
21.4091
21.9861
22.5594
23.1212
23.6672
24.1966
24.7087
25.2043
25.6828
26.145
26.5915
27.0218
27.4366
27.8359
28.2194
28.5873
28.9388
29.274
29.5918
29.8918
30.1726
30.4335
31.8132
31.6498
31.4635
31.2562
31.0299
30.7861
30.5259
30.2503
29.9604
29.6567
29.34
29.0106
28.6691
28.3158
27.951
27.575
27.1884
26.7915
26.3853
25.9712
25.5521
25.1329
24.7236
24.3444
24.0356
23.8709
23.9495
24.326
24.9355
25.6465
26.3629
27.0436
27.6768
28.2615
28.8003
29.2967
29.754
30.175
30.5619
30.9163
31.2394
31.5324
31.7962
32.0315
32.2395
32.421
32.577
32.7085
32.8165
32.902
32.966
33.0094
33.033
33.0376
33.0237
32.9915
32.9413
32.8728
32.7859
32.6803
32.5557
32.4116
32.2479
32.0644
31.8608
31.637
31.3931
31.129
30.8448
30.5405
30.2164
29.873
29.5108
29.1311
28.7358
28.328
27.9124
27.4967
27.0936
26.7223
26.4093
26.1831
26.0535
25.9949
25.9613
25.9157
25.8371
25.7152
25.545
25.3233
25.048
24.7176
24.3333
23.9009
23.4388
22.9944
22.661
22.5611
22.7493
23.1473
23.6285
24.1057
24.5398
24.9169
25.2349
25.4953
25.7013
25.8561
25.9621
26.0214
26.0347
26.0025
25.925
25.8017
25.6321
25.4153
25.1499
24.8337
24.4645
24.04
23.5596
23.0277
22.4625
21.9153
21.4931
21.3193
21.4283
21.7466
22.1795
22.6639
23.1665
23.6713
24.1703
24.6595
25.1372
25.6025
26.0544
26.493
26.9182
27.3302
27.7285
28.113
28.4841
28.8407
29.1831
29.5103
29.8221
30.1174
30.3957
30.6554
30.8955
31.2547
31.0655
30.8529
30.619
30.3653
30.0931
29.8036
29.4976
29.1757
28.8385
28.4864
28.1196
27.7383
27.3426
26.9324
26.5076
26.0683
25.6144
25.1463
24.6647
24.1719
23.6728
23.178
22.7106
22.3187
22.0912
22.1438
22.5334
23.1827
23.9502
24.7333
25.4845
26.1876
26.8398
27.4429
28.0004
28.5159
28.9925
29.4329
29.839
30.2124
30.5543
30.8655
31.147
31.3998
31.6246
31.8224
31.9942
32.1408
32.2634
32.3629
32.4403
32.4966
32.5327
32.5492
32.5466
32.5249
32.4841
32.4237
32.3434
32.2424
32.1202
31.9762
31.8098
31.6206
31.4082
31.1721
30.9119
30.6273
30.3178
29.983
29.6226
29.2364
28.8247
28.3882
27.9288
27.4505
26.9608
26.4737
26.0153
25.6285
25.3692
25.2695
25.294
25.3661
25.4265
25.4463
25.4137
25.324
25.1744
24.9632
24.6885
24.3503
23.9528
23.5131
23.0798
22.7528
22.6601
22.8503
23.2437
23.7231
24.2078
24.6603
25.0653
25.4188
25.7211
25.9739
26.1792
26.3394
26.4559
26.5298
26.5616
26.5514
26.499
26.404
26.2659
26.0834
25.8553
25.5799
25.2557
24.8826
24.4645
24.0151
23.574
23.226
23.0693
23.1339
23.3685
23.7041
24.0924
24.506
24.9302
25.3561
25.7794
26.1971
26.6075
27.0095
27.4022
27.7852
28.1576
28.5191
28.8695
29.2079
29.534
29.8474
30.147
30.4325
30.7024
30.9562
31.1921
31.409
30.7543
30.5421
30.3063
30.0489
29.7711
29.4742
29.1591
28.8264
28.4769
28.1107
27.7281
27.3291
26.9137
26.4818
26.0329
25.5669
25.0832
24.5815
24.0617
23.5246
22.972
22.4091
21.848
21.3158
20.8692
20.6106
20.6636
21.0741
21.7492
22.5463
23.3659
24.1599
24.9097
25.61
26.2616
26.867
27.4295
27.952
28.4373
28.8874
29.304
29.6885
30.0419
30.3651
30.6589
30.9242
31.1618
31.3724
31.5569
31.7163
31.8515
31.9635
32.0533
32.1219
32.17
32.1983
32.207
32.196
32.1649
32.1131
32.0399
31.9444
31.8257
31.683
31.5155
31.3223
31.1027
30.856
30.5812
30.2773
29.9433
29.5779
29.18
28.7484
28.2825
27.7825
27.2503
26.6918
26.1212
25.5697
25.0969
24.7894
24.7063
24.8048
24.9783
25.1451
25.2672
25.3311
25.3329
25.2712
25.1448
24.9528
24.6949
24.3744
24.0057
23.6321
23.3477
23.2703
23.4412
23.7912
24.2233
24.6713
25.1009
25.4975
25.8546
26.1708
26.4459
26.681
26.8769
27.0349
27.1552
27.2386
27.2849
27.2942
27.2662
27.2004
27.0964
26.9534
26.7707
26.5479
26.286
25.989
25.6679
25.3505
25.0929
24.9609
24.9813
25.1298
25.3648
25.6533
25.9735
26.3117
26.6598
27.0123
27.3655
27.7168
28.0647
28.4073
28.7436
29.0727
29.3937
29.7063
30.0089
30.3012
30.5826
30.8517
31.1079
31.3498
31.5762
31.786
31.9771
30.3054
30.073
29.8169
29.5387
29.2399
28.9215
28.5842
28.2287
27.8553
27.4643
27.0558
26.6295
26.1854
25.723
25.242
24.7415
24.2213
23.6806
23.1192
22.5377
21.9382
21.3267
20.7173
20.1418
19.6665
19.4051
19.4816
19.9215
20.6163
21.4271
22.2627
23.0782
23.8546
24.5855
25.2705
25.9109
26.5094
27.0684
27.5902
28.077
28.5304
28.9517
29.3422
29.7027
30.034
30.3369
30.612
30.86
31.0816
31.2777
31.449
31.5964
31.7208
31.8232
31.9045
31.9653
32.0059
32.0264
32.0266
32.0059
31.9635
31.8985
31.8099
31.6965
31.5573
31.3911
31.1969
30.9737
30.72
30.4345
30.1155
29.7609
29.3687
28.9364
28.462
27.9436
27.381
26.7776
26.1467
25.5229
24.9803
24.6306
24.5497
24.6901
24.9298
25.1738
25.3771
25.5236
25.6093
25.6335
25.5964
25.4977
25.3382
25.1215
24.8596
24.5861
24.3748
24.3181
24.4513
24.7289
25.0824
25.462
25.8384
26.1971
26.5309
26.8358
27.1105
27.3539
27.5663
27.7479
27.8985
28.0181
28.1068
28.1642
28.1906
28.1853
28.1484
28.0796
27.9788
27.8468
27.6853
27.4984
27.295
27.0941
26.9278
26.8338
26.8327
26.9189
27.0732
27.2762
27.5127
27.7718
28.046
28.3296
28.6191
28.9112
29.2038
29.4949
29.7832
30.0672
30.3462
30.6184
30.8832
31.1396
31.3867
31.6231
31.8477
32.0596
32.2567
32.4381
32.6014
29.9015
29.6512
29.3771
29.081
28.7639
28.4268
28.0703
27.6951
27.3014
26.8892
26.4586
26.0094
25.5411
25.0534
24.5456
24.0169
23.4668
22.8946
22.2999
21.6835
21.0478
20.4
19.7569
19.1557
18.6724
18.4302
18.5463
19.0215
19.7337
20.5508
21.3911
22.2147
23.0038
23.7521
24.4579
25.1222
25.7467
26.3333
26.8841
27.4008
27.8849
28.3379
28.7607
29.1544
29.5197
29.8572
30.1676
30.4514
30.7093
30.9419
31.1498
31.3337
31.4944
31.6327
31.7493
31.845
31.92
31.9746
32.0087
32.0218
32.0134
31.9826
31.9282
31.8493
31.7446
31.6127
31.4525
31.2626
31.0415
30.7875
30.4985
30.1722
29.8057
29.3959
28.9395
28.4334
27.8752
27.2661
26.6168
25.9626
25.3858
25.0113
24.9192
25.0593
25.312
25.5834
25.8267
26.0232
26.1674
26.2582
26.2959
26.2816
26.2167
26.1054
25.9579
25.7985
25.6752
25.6473
25.7436
25.945
26.2118
26.5106
26.8193
27.1239
27.4164
27.6923
27.9483
28.1827
28.3947
28.5831
28.7479
28.8881
29.004
29.0948
29.1606
29.2012
29.2162
29.2062
29.1713
29.1127
29.0325
28.9344
28.8255
28.7178
28.6292
28.5794
28.582
28.6386
28.7433
28.8868
29.0599
29.2554
29.4674
29.6912
29.9235
30.1612
30.4022
30.6444
30.8861
31.1262
31.3628
31.595
31.8216
32.0414
32.2533
32.4559
32.648
32.8283
32.9948
33.1462
33.2802
29.5363
29.27
28.9802
28.6682
28.335
27.9817
27.6087
27.2165
26.8053
26.3751
25.9257
25.457
24.9685
24.4595
23.9295
23.3775
22.803
22.2051
21.5837
20.9397
20.2762
19.6017
18.9361
18.3227
17.8475
17.6409
17.8073
18.3206
19.049
19.8692
20.7091
21.5336
22.3272
23.0836
23.8014
24.4807
25.1229
25.7295
26.3022
26.8424
27.3516
27.8309
28.2814
28.7039
29.0993
29.468
29.8108
30.1281
30.4204
30.6883
30.9322
31.1527
31.3503
31.5258
31.6796
31.8123
31.9243
32.0158
32.0867
32.1369
32.1658
32.1728
32.1569
32.1173
32.0526
31.9617
31.8432
31.6957
31.5176
31.3073
31.0626
30.781
30.4597
30.0954
29.6845
29.2233
28.7087
28.1399
27.5244
26.8931
26.3257
25.9448
25.826
25.9252
26.1387
26.3852
26.621
26.8266
26.9943
27.1215
27.2078
27.254
27.2619
27.2356
27.1834
27.1217
27.078
27.0852
27.1629
27.3082
27.5038
27.7304
27.9728
28.2204
28.4659
28.7037
28.9309
29.1447
29.3436
29.5263
29.6918
29.8395
29.9686
30.0788
30.1697
30.2412
30.293
30.3256
30.3395
30.3357
30.3162
30.2842
30.2448
30.2054
30.1762
30.1673
30.187
30.2386
30.321
30.4306
30.563
30.714
30.8797
31.0565
31.2423
31.4343
31.6308
31.8297
32.0294
32.2286
32.4259
32.6202
32.81
32.9942
33.1717
33.3408
33.5003
33.6488
33.7843
33.905
34.0091
29.2038
28.9234
28.6196
28.2935
27.9463
27.5788
27.1913
26.7844
26.358
25.9123
25.4469
24.9616
24.4558
23.929
23.3803
22.8089
22.2142
21.5953
20.9522
20.2862
19.6012
18.9073
18.2276
17.6127
17.1586
16.9994
17.2222
17.7741
18.518
19.3401
20.1773
20.9995
21.7929
22.5522
23.2758
23.964
24.6176
25.2381
25.8267
26.3847
26.9135
27.4141
27.8874
28.3343
28.7554
29.1515
29.5229
29.8703
30.194
30.4945
30.7722
31.0275
31.261
31.4729
31.6638
31.834
31.9839
32.1136
32.2231
32.3123
32.3809
32.4283
32.454
32.4569
32.4363
32.391
32.3197
32.2212
32.0941
31.9366
31.747
31.523
31.2622
30.9617
30.6183
30.2288
29.7905
29.3023
28.7692
28.2145
27.7028
27.3371
27.1836
27.2139
27.3518
27.534
27.7238
27.902
28.0594
28.1915
28.2966
28.3745
28.4264
28.4554
28.4674
28.4727
28.4864
28.5252
28.601
28.7162
28.865
29.0388
29.2283
29.4263
29.6273
29.8272
30.0223
30.2103
30.3896
30.5584
30.7158
30.8608
30.9926
31.1108
31.2147
31.3043
31.3793
31.4402
31.4872
31.5215
31.5446
31.5586
31.5675
31.5757
31.5889
31.613
31.6527
31.7105
31.7868
31.881
31.9909
32.1143
32.2489
32.3928
32.5439
32.7005
32.861
33.0241
33.1883
33.3523
33.515
33.6751
33.8314
33.9827
34.1279
34.2652
34.3935
34.511
34.6162
34.7068
34.7807
28.8991
28.6061
28.2897
27.9512
27.5915
27.2113
26.8112
26.3913
25.9518
25.4925
25.0133
24.5137
23.9932
23.451
22.8865
22.2987
21.687
21.0506
20.3897
19.706
19.0041
18.2962
17.6094
17.0017
16.5791
16.4764
16.7582
17.3477
18.1058
18.9294
19.7633
20.5816
21.3726
22.1318
22.8577
23.5506
24.2112
24.8409
25.4407
26.012
26.5557
27.0729
27.5646
28.0314
28.474
28.8931
29.2891
29.6626
30.0138
30.3433
30.6514
30.9384
31.2047
31.4506
31.6765
31.8826
32.0691
32.2362
32.3838
32.512
32.6204
32.7088
32.7766
32.8232
32.8478
32.8497
32.8277
32.7809
32.7081
32.6077
32.4785
32.3185
32.126
31.8987
31.6345
31.3312
30.987
30.6019
30.18
29.7378
29.3196
28.9967
28.8202
28.7809
28.8339
28.9367
29.0608
29.1899
29.3139
29.4272
29.5268
29.6112
29.6807
29.737
29.7837
29.8266
29.8738
29.934
30.0133
30.1147
30.2368
30.3761
30.5281
30.6886
30.8536
31.0201
31.1856
31.3482
31.5058
31.6574
31.802
31.9382
32.0657
32.1836
32.2916
32.3895
32.477
32.5544
32.6219
32.6805
32.7311
32.7755
32.8162
32.8558
32.8981
32.946
33.0025
33.0691
33.147
33.2357
33.3345
33.4421
33.5575
33.6793
33.8062
33.937
34.0706
34.2058
34.3415
34.4767
34.6103
34.7412
34.8683
34.9905
35.1066
35.2149
35.3143
35.403
35.4794
35.5412
35.5861
28.6177
28.3132
27.9856
27.6359
27.2651
26.8737
26.4623
26.031
25.5799
25.1088
24.6174
24.1053
23.5719
23.0166
22.4384
21.8365
21.2102
20.559
19.8833
19.1849
18.47
17.7525
17.0641
16.4712
16.0892
16.0492
16.3906
17.0151
17.7863
18.611
19.4416
20.2556
21.0432
21.8005
22.5265
23.2215
23.8863
24.5219
25.1295
25.7103
26.2652
26.7953
27.3012
27.784
28.2441
28.6822
29.0987
29.4941
29.8688
30.2233
30.5577
30.8725
31.1679
31.4442
31.7016
31.9404
32.1607
32.3626
32.5461
32.7112
32.8577
32.9853
33.0937
33.1826
33.2512
33.2989
33.3252
33.329
33.3095
33.2657
33.1964
33.1005
32.9765
32.8232
32.6391
32.4232
32.1751
31.8956
31.5889
31.2668
30.9563
30.6988
30.5274
30.4456
30.4338
30.4686
30.5311
30.6082
30.6911
30.7745
30.8546
30.9293
30.998
31.0612
31.1206
31.1793
31.2414
31.3111
31.3918
31.4856
31.5918
31.7094
31.836
31.9695
32.1073
32.2477
32.3885
32.5284
32.666
32.8004
32.9304
33.0553
33.1746
33.2875
33.3938
33.4931
33.5853
33.6707
33.7491
33.8215
33.8884
33.9512
34.0114
34.0706
34.1311
34.1947
34.263
34.3372
34.418
34.5051
34.5985
34.6973
34.8008
34.9084
35.0186
35.1312
35.2451
35.3594
35.4732
35.5855
35.6957
35.8025
35.9052
36.0024
36.0932
36.176
36.2495
36.3121
36.3619
36.397
36.4146
28.3559
28.041
27.7031
27.3434
26.9625
26.5611
26.1396
25.6981
25.2367
24.755
24.2529
23.7298
23.1851
22.6181
22.0279
21.4137
20.7749
20.111
19.4225
18.7121
17.9869
17.2634
16.5785
16.0073
15.6737
15.7007
16.1002
16.7569
17.5394
18.3651
19.1923
20.002
20.7857
21.5405
22.2654
22.9609
23.6278
24.2671
24.8801
25.4676
26.0308
26.5706
27.0878
27.5831
28.0572
28.5106
28.9439
29.3576
29.7519
30.1273
30.4842
30.8227
31.1431
31.4458
31.7309
31.9985
32.2489
32.482
32.6979
32.8965
33.0779
33.2417
33.3877
33.5157
33.6251
33.7157
33.7868
33.8379
33.8682
33.8772
33.8639
33.8277
33.7677
33.683
33.5733
33.438
33.2776
33.0937
32.8901
32.6753
32.4648
32.2804
32.141
32.0532
32.0118
32.0066
32.0272
32.0651
32.1138
32.1689
32.2269
32.2861
32.3453
32.4042
32.4636
32.5248
32.5897
32.6604
32.7385
32.825
32.9198
33.0223
33.1315
33.2456
33.3635
33.4837
33.605
33.7266
33.8471
33.9658
34.0821
34.1955
34.305
34.4106
34.512
34.6086
34.7006
34.7879
34.8708
34.9496
35.0248
35.0975
35.1681
35.2384
35.3092
35.3816
35.457
35.5356
35.6182
35.7045
35.7944
35.8873
35.983
36.0805
36.1795
36.2789
36.3781
36.4767
36.5737
36.6684
36.7598
36.8473
36.9297
37.0061
37.0754
37.1363
37.1872
37.2266
37.2527
37.2632
37.2557
28.1104
27.786
27.4389
27.0699
26.6799
26.2695
25.8389
25.3882
24.9174
24.4263
23.9146
23.3816
22.8268
22.2495
21.6486
21.0236
20.3737
19.6986
18.9992
18.2787
17.5456
16.8193
16.1424
15.5996
15.3211
15.4177
15.8724
16.558
17.3504
18.1765
19.0005
19.8058
20.5857
21.3374
22.0605
22.7556
23.4233
24.0649
24.6813
25.2737
25.843
26.3902
26.916
27.4211
27.9063
28.3722
28.8191
29.2476
29.6581
30.051
30.4265
30.7849
31.1266
31.4517
31.7605
32.053
32.3294
32.5898
32.8342
33.0626
33.2749
33.471
33.6508
33.814
33.9604
34.0895
34.2012
34.2949
34.3703
34.4268
34.464
34.4813
34.4785
34.455
34.4108
34.346
34.2615
34.1589
34.0415
33.9152
33.7887
33.6735
33.5797
33.513
33.4736
33.4578
33.4614
33.4797
33.5089
33.5458
33.5881
33.6345
33.6838
33.7358
33.7905
33.8485
33.9107
33.9779
34.0509
34.1301
34.2154
34.3064
34.4023
34.5021
34.605
34.7103
34.8166
34.9233
35.0299
35.1356
35.2401
35.3426
35.4429
35.5406
35.6357
35.7277
35.8166
35.9026
35.9856
36.0661
36.1442
36.2208
36.2961
36.3713
36.4466
36.5232
36.6012
36.6814
36.7638
36.8482
36.9347
37.0228
37.112
37.2019
37.2918
37.3812
37.4694
37.5557
37.6393
37.7199
37.7965
37.8681
37.934
37.9931
38.0442
38.0862
38.1176
38.1368
38.1418
38.1304
38.1
27.8786
27.5455
27.1898
26.8124
26.4141
25.9954
25.5565
25.0975
24.6182
24.1186
23.5981
23.0563
22.4924
21.9057
21.2953
20.6605
20.0007
19.3157
18.6068
17.8779
17.139
16.4127
15.7483
15.2401
15.0228
15.1896
15.6959
16.4069
17.2077
18.0339
18.8545
19.6557
20.4316
21.1801
21.901
22.5949
23.2627
23.9054
24.5241
25.1199
25.6937
26.2464
26.7789
27.2918
27.7858
28.2615
28.7195
29.1601
29.5838
29.991
30.382
30.7571
31.1165
31.4605
31.7893
32.1029
32.4016
32.6855
32.9545
33.2086
33.448
33.6724
33.8818
34.076
34.2549
34.4183
34.5658
34.6972
34.8123
34.9108
34.9924
35.0568
35.1038
35.1334
35.1458
35.1412
35.1206
35.0856
35.0387
34.9838
34.9261
34.8718
34.8265
34.7939
34.7756
34.7709
34.778
34.7954
34.8207
34.8526
34.8895
34.9304
34.9751
35.0231
35.0744
35.1294
35.1884
35.2518
35.3199
35.393
35.4707
35.5529
35.6389
35.7281
35.8199
35.9136
36.0085
36.104
36.1997
36.2952
36.3897
36.4831
36.5752
36.6658
36.7544
36.841
36.9257
37.0086
37.0895
37.1689
37.2468
37.3235
37.3998
37.4758
37.5521
37.629
37.707
37.7861
37.8664
37.9479
38.0302
38.1133
38.1966
38.2795
38.3616
38.4424
38.5212
38.5973
38.6702
38.7389
38.8031
38.8616
38.9135
38.958
38.9938
39.0196
39.034
39.0353
39.0216
38.9905
38.9395
27.6582
27.317
26.9534
26.5683
26.1624
25.736
25.2895
24.8229
24.3359
23.8285
23.3
22.7501
22.1779
21.5827
20.9636
20.3199
19.6512
18.9573
18.24
17.504
16.7611
16.0378
15.3904
14.9232
14.7718
15.008
15.5616
16.2947
17.1023
17.9282
18.7456
19.5427
20.3146
21.0598
21.7783
22.4706
23.1378
23.7809
24.401
24.9991
25.5761
26.1331
26.6707
27.1896
27.6906
28.1743
28.6411
29.0916
29.5261
29.9451
30.3488
30.7377
31.1119
31.4716
31.8172
32.1487
32.4662
32.77
33.06
33.3362
33.5988
33.8477
34.0827
34.3039
34.511
34.7041
34.8828
35.0472
35.197
35.3319
35.452
35.5571
35.6472
35.7224
35.7828
35.8291
35.862
35.8829
35.8936
35.8967
35.8955
35.8933
35.8937
35.8989
35.9102
35.9282
35.9524
35.9819
36.0162
36.0544
36.0959
36.1403
36.1874
36.2373
36.2898
36.3453
36.404
36.4661
36.5318
36.6013
36.6744
36.7509
36.8304
36.9124
36.9964
37.0821
37.169
37.2564
37.344
37.4314
37.5185
37.6048
37.6902
37.7746
37.8577
37.9395
38.0199
38.0992
38.177
38.2538
38.3298
38.405
38.4799
38.5546
38.6295
38.7046
38.7805
38.8568
38.9338
39.0111
39.0888
39.1665
39.2435
39.3198
39.3946
39.4674
39.5377
39.6048
39.6681
39.7266
39.7799
39.827
39.8669
39.8987
39.921
39.9327
39.9321
39.9176
39.8871
39.8381
39.7681
27.4471
27.0984
26.7275
26.3353
25.9223
25.489
25.0354
24.5617
24.0677
23.553
23.0173
22.4598
21.88
21.277
20.6499
19.9982
19.3212
18.6193
17.8946
17.1528
16.4077
15.69
15.0643
14.6441
14.5625
14.8661
15.4623
16.2144
17.0276
17.8526
18.6667
19.4598
20.2278
20.9696
21.6854
22.3759
23.0421
23.685
24.3057
24.9053
25.4847
26.0448
26.5863
27.1101
27.6166
28.1067
28.5807
29.0391
29.4825
29.9111
30.3254
30.7256
31.1121
31.485
31.8446
32.191
32.5244
32.845
33.1528
33.4479
33.7302
34
34.257
34.5013
34.7328
34.9514
35.1572
35.3499
35.5295
35.696
35.8492
35.9893
36.1161
36.2301
36.3313
36.4203
36.4979
36.565
36.6231
36.6739
36.7194
36.7618
36.8031
36.8449
36.8883
36.9336
36.9811
37.0306
37.0817
37.1344
37.1883
37.2434
37.2997
37.3574
37.4165
37.4773
37.54
37.605
37.6723
37.7422
37.8144
37.8889
37.9655
38.0439
38.1238
38.2048
38.2866
38.3688
38.4512
38.5334
38.6153
38.6967
38.7774
38.8572
38.936
39.0138
39.0906
39.1666
39.2415
39.3156
39.3891
39.4619
39.5344
39.6068
39.6791
39.7516
39.8241
39.8969
39.9697
40.0425
40.115
40.1869
40.2578
40.3274
40.3952
40.4604
40.5227
40.5814
40.6357
40.6851
40.7284
40.7652
40.7942
40.8145
40.8248
40.8236
40.8095
40.7806
40.7348
40.6695
40.582
27.2436
26.888
26.5103
26.1115
25.692
25.2521
24.7921
24.3119
23.8113
23.2899
22.7474
22.183
21.5961
20.9858
20.3514
19.692
19.0075
18.2983
17.567
16.8205
16.075
15.366
14.7668
14.3995
14.3901
14.758
15.3922
16.1604
16.9778
17.8016
18.6123
19.4013
20.1655
20.9039
21.6169
22.3053
22.9702
23.6125
24.2334
24.8339
25.4149
25.9772
26.5218
27.0492
27.5602
28.0554
28.5352
29.0002
29.4507
29.8874
30.3103
30.72
31.1166
31.5005
31.8718
32.2308
32.5776
32.9123
33.2351
33.5461
33.8453
34.1327
34.4085
34.6725
34.9248
35.1654
35.3942
35.6112
35.8165
36.0098
36.1914
36.3613
36.5195
36.6663
36.802
36.9269
37.0419
37.1475
37.2449
37.3352
37.4199
37.5001
37.5775
37.6527
37.7269
37.8003
37.8733
37.9459
38.0179
38.0896
38.1607
38.2313
38.3018
38.372
38.4424
38.5129
38.5842
38.6563
38.7294
38.8036
38.879
38.9556
39.0331
39.1116
39.1909
39.2708
39.3509
39.4311
39.5112
39.5909
39.6702
39.749
39.8269
39.904
39.9802
40.0555
40.1299
40.2035
40.2761
40.3479
40.4191
40.4898
40.56
40.6297
40.6994
40.7686
40.8379
40.9067
40.9754
41.0434
41.1108
41.177
41.242
41.305
41.3659
41.424
41.4786
41.5293
41.5753
41.6159
41.6501
41.6772
41.6962
41.7059
41.705
41.692
41.6653
41.623
41.5629
41.4824
41.3784
27.0462
26.6841
26.3002
25.8952
25.4696
25.0237
24.5577
24.0714
23.5647
23.0371
22.4883
21.9174
21.3239
20.7068
20.0654
19.399
18.7075
17.9916
17.2545
16.5044
15.7602
15.063
14.4954
14.1864
14.2507
14.6789
15.3466
16.1282
16.9486
17.7708
18.578
19.3631
20.1234
20.8583
21.5685
22.2547
22.9179
23.5593
24.1799
24.7808
25.3628
25.9268
26.4736
27.0039
27.5183
28.0176
28.5021
28.9724
29.429
29.8721
30.3023
30.7198
31.1249
31.518
31.8991
32.2686
32.6266
32.9733
33.3088
33.6332
33.9466
34.2491
34.5408
34.8216
35.0917
35.3509
35.5994
35.8372
36.0642
36.2806
36.4863
36.6815
36.8663
37.041
37.2057
37.3609
37.5071
37.6449
37.7751
37.8985
38.016
38.1287
38.2372
38.3425
38.4449
38.5451
38.6431
38.7393
38.8334
38.9257
39.0163
39.1051
39.1924
39.2784
39.3632
39.4469
39.5301
39.6128
39.6952
39.7774
39.8597
39.942
40.0244
40.1067
40.189
40.271
40.3527
40.434
40.5148
40.5948
40.6741
40.7525
40.83
40.9065
40.982
41.0564
41.1298
41.2024
41.2739
41.3445
41.4143
41.4833
41.5518
41.6195
41.6867
41.7534
41.8194
41.8849
41.9495
42.0133
42.0758
42.137
42.1962
42.2533
42.3077
42.359
42.4065
42.4497
42.4878
42.5202
42.5458
42.5639
42.5734
42.5731
42.5616
42.5375
42.499
42.4441
42.3705
42.2755
42.1557
26.8535
26.4854
26.0957
25.6849
25.2537
24.8022
24.3305
23.8386
23.3262
22.7928
22.238
21.6611
21.0613
20.4379
19.7899
19.117
18.4189
17.6969
16.9547
16.2021
15.461
14.779
14.2483
14.0027
14.1406
14.6245
15.3213
16.1141
16.9365
17.7567
18.5604
19.3414
20.0978
20.8293
21.5365
22.2203
22.8818
23.522
24.142
24.7428
25.3253
25.8904
26.4389
26.9713
27.4885
27.991
28.4793
28.954
29.4154
29.864
30.3002
30.7242
31.1364
31.5371
31.9265
32.3048
32.6723
33.0291
33.3753
33.7111
34.0366
34.3519
34.657
34.9522
35.2373
35.5124
35.7777
36.0332
36.2788
36.5147
36.7409
36.9576
37.165
37.3632
37.5524
37.7331
37.9056
38.0704
38.2281
38.3793
38.5247
38.6648
38.8003
38.9319
39.0597
39.1844
39.3059
39.4245
39.5404
39.6534
39.7638
39.8715
39.9768
40.0799
40.1807
40.2797
40.377
40.4728
40.567
40.6602
40.7523
40.8434
40.9334
41.0227
41.111
41.1983
41.2847
41.37
41.4542
41.5372
41.619
41.6996
41.7789
41.857
41.9337
42.0092
42.0834
42.1564
42.2284
42.299
42.3686
42.4372
42.5048
42.5715
42.6372
42.7019
42.7658
42.8284
42.8899
42.95
43.0085
43.0651
43.1194
43.1713
43.2199
43.2651
43.3062
43.3424
43.3734
43.398
43.4157
43.4254
43.426
43.4162
43.3948
43.3601
43.3104
43.2435
43.1569
43.0479
42.9128
26.6643
26.2906
25.8954
25.4793
25.0429
24.5862
24.1093
23.612
23.0943
22.5555
21.9951
21.4125
20.8068
20.1773
19.5232
18.844
18.1398
17.4121
16.6656
15.9116
15.1757
14.5126
14.0242
13.8463
14.0566
14.5913
15.3131
16.1149
16.9385
17.7563
18.5563
19.3334
20.0859
20.814
21.5182
22.1994
22.8589
23.4977
24.1168
24.7172
25.2999
25.8656
26.4152
26.9493
27.4686
27.9736
28.465
28.9432
29.4086
29.8617
30.3028
30.7323
31.1505
31.5576
31.9539
32.3397
32.7152
33.0804
33.4358
33.7812
34.117
34.4431
34.7598
35.0671
35.365
35.6537
35.9333
36.2037
36.4652
36.7177
36.9614
37.1964
37.4228
37.6409
37.8509
38.0531
38.2477
38.4352
38.6161
38.7908
38.9597
39.1233
39.2822
39.4366
39.587
39.7335
39.8764
40.0157
40.1518
40.2844
40.414
40.5402
40.6635
40.7839
40.9013
41.0163
41.1287
41.2387
41.3465
41.4524
41.5561
41.6582
41.7584
41.8569
41.9537
42.0487
42.1422
42.234
42.3241
42.4125
42.4992
42.5843
42.6676
42.7493
42.8293
42.9077
42.9845
43.0597
43.1334
43.2058
43.2766
43.3461
43.4141
43.4808
43.5463
43.6103
43.6728
43.7339
43.7932
43.8506
43.9061
43.9592
44.0096
44.0569
44.1008
44.1407
44.1761
44.2063
44.2307
44.2485
44.2589
44.2608
44.2531
44.2346
44.2038
44.1592
44.0987
44.0203
43.9213
43.7987
43.6489
26.4774
26.0985
25.6983
25.2773
24.8359
24.3743
23.8925
23.3904
22.8676
22.3237
21.7581
21.17
20.5588
19.9236
19.2636
18.5785
17.8686
17.1357
16.3856
15.6314
14.9029
14.2627
13.822
13.7153
13.9956
14.576
15.3192
16.1282
16.9521
17.7673
18.5635
19.3366
20.0852
20.8098
21.5109
22.1896
22.847
23.4841
24.1021
24.7019
25.2843
25.8503
26.4006
26.9358
27.4567
27.9638
28.4576
28.9386
29.4073
29.8641
30.3093
30.7433
31.1664
31.579
31.9812
32.3733
32.7555
33.128
33.4911
33.8447
34.1892
34.5246
34.8511
35.1687
35.4776
35.7779
36.0696
36.3529
36.6278
36.8944
37.153
37.4035
37.6461
37.8811
38.1087
38.329
38.5423
38.7491
38.9495
39.144
39.3329
39.5168
39.6956
39.87
40.0399
40.2058
40.3678
40.5259
40.6804
40.8312
40.9785
41.1222
41.2626
41.3995
41.5333
41.664
41.7916
41.9164
42.0384
42.1575
42.2742
42.3884
42.5001
42.6094
42.7165
42.8212
42.9236
43.0237
43.1217
43.2174
43.311
43.4024
43.4917
43.5789
43.664
43.7471
43.8282
43.9073
43.9845
44.0599
44.1334
44.2052
44.2751
44.3433
44.4096
44.4741
44.5368
44.5973
44.6557
44.7118
44.7653
44.8159
44.8636
44.9075
44.9477
44.9833
45.0141
45.0392
45.0581
45.0698
45.0737
45.0686
45.0534
45.0268
44.9874
44.9334
44.8628
44.7734
44.6624
44.5268
44.3626
26.2917
25.908
25.5031
25.0775
24.6316
24.1655
23.6792
23.1725
22.645
22.0963
21.5257
20.9326
20.316
19.6754
19.0099
18.3191
17.6038
16.8663
16.1132
15.3601
14.6415
14.0285
13.6411
13.6079
13.955
14.5759
15.3372
16.1517
16.9752
17.7875
18.5799
19.3489
20.0938
20.8148
21.5128
22.1888
22.8439
23.4793
24.0959
24.6948
25.2768
25.8427
26.3933
26.9293
27.4513
27.9598
28.4556
28.9389
29.4102
29.87
30.3186
30.7565
31.1838
31.6009
32.008
32.4055
32.7934
33.1721
33.5417
33.9024
34.2543
34.5977
34.9325
35.259
35.5773
35.8874
36.1895
36.4837
36.7701
37.0489
37.32
37.5837
37.8402
38.0895
38.3319
38.5676
38.7969
39.0199
39.2369
39.4484
39.6544
39.8553
40.0514
40.243
40.43
40.613
40.7918
40.9666
41.1376
41.3048
41.4683
41.628
41.7842
41.9368
42.0859
42.2315
42.374
42.5131
42.649
42.7818
42.9116
43.0384
43.1623
43.2833
43.4014
43.5168
43.6294
43.7394
43.8466
43.951
44.053
44.1523
44.249
44.3433
44.435
44.5243
44.6112
44.6957
44.7779
44.8577
44.9354
45.0108
45.0839
45.1549
45.2236
45.2899
45.3538
45.4152
45.474
45.5299
45.5828
45.6324
45.6783
45.7201
45.7577
45.7902
45.8174
45.8385
45.8529
45.8596
45.8579
45.8468
45.8249
45.7911
45.7437
45.6811
45.6011
45.5013
45.3789
45.2307
45.0525
26.106
25.718
25.3088
24.879
24.429
23.9587
23.4682
22.9572
22.4253
21.8721
21.2968
20.6988
20.0773
19.4315
18.7606
18.0646
17.3442
16.6025
15.8472
15.0967
14.3908
13.8095
13.4808
13.5223
13.932
14.5887
15.365
16.1835
17.0061
17.8153
18.6037
19.3687
20.1097
20.8271
21.5219
22.1952
22.848
23.4815
24.0966
24.6943
25.2756
25.8412
26.3918
26.9282
27.4509
27.9606
28.4578
28.9429
29.4164
29.8786
30.3301
30.7711
31.2018
31.6228
32.0341
32.4361
32.8289
33.2129
33.5881
33.9548
34.3131
34.6632
35.0052
35.3393
35.6656
35.9842
36.2952
36.5988
36.8951
37.1841
37.4661
37.7411
38.0093
38.2708
38.5259
38.7747
39.0174
39.2543
39.4855
39.7113
39.9319
40.1477
40.3586
40.5649
40.7668
40.9647
41.1583
41.348
41.5336
41.7154
41.8935
42.0677
42.2383
42.4051
42.5684
42.728
42.8843
43.0369
43.1863
43.3321
43.4748
43.6141
43.7501
43.883
44.0128
44.1394
44.2627
44.383
44.5003
44.6146
44.7257
44.8339
44.9392
45.0416
45.1412
45.2379
45.3317
45.4229
45.5113
45.597
45.68
45.7603
45.8379
45.9129
45.9851
46.0545
46.1211
46.1846
46.245
46.302
46.3556
46.4052
46.4507
46.4918
46.5279
46.5585
46.5833
46.6015
46.6124
46.6152
46.609
46.5927
46.5652
46.5251
46.4706
46.4001
46.3114
46.202
46.0688
45.9085
45.7169
25.9194
25.5273
25.1143
24.6807
24.2269
23.7528
23.2584
22.7435
22.2075
21.6501
21.0704
20.4679
19.8416
19.1908
18.5149
17.8138
17.0887
16.3432
15.5867
14.8403
14.1501
13.6057
13.3403
13.4567
13.9243
14.612
15.4008
16.2222
17.0432
17.8491
18.6335
19.3944
20.1315
20.8453
21.537
22.2074
22.8578
23.4892
24.1027
24.6991
25.2795
25.8445
26.3949
26.9314
27.4545
27.9649
28.4632
28.9496
29.4248
29.8891
30.3428
30.7864
31.2201
31.6443
32.0591
32.4649
32.8619
33.2503
33.6304
34.0022
34.366
34.7219
35.0701
35.4107
35.7439
36.0698
36.3885
36.7001
37.0048
37.3027
37.5939
37.8786
38.1569
38.4289
38.6948
38.9548
39.2091
39.4577
39.701
39.9391
40.1724
40.4007
40.6243
40.8435
41.0585
41.2692
41.4758
41.6784
41.8771
42.0718
42.2629
42.45
42.6336
42.8133
42.9893
43.1619
43.3307
43.496
43.6579
43.8161
43.9709
44.1222
44.2701
44.4146
44.5556
44.6934
44.8277
44.9586
45.0863
45.2106
45.3316
45.4493
45.5638
45.6751
45.7832
45.8881
45.9899
46.0885
46.1841
46.2765
46.3659
46.4522
46.5354
46.6155
46.6924
46.766
46.8363
46.9031
46.9662
47.0257
47.081
47.1319
47.1782
47.2196
47.2555
47.2855
47.3091
47.3255
47.3341
47.334
47.3244
47.304
47.2718
47.2262
47.1656
47.0882
46.9915
46.8732
46.73
46.5583
46.3537
25.7305
25.3349
24.9184
24.4815
24.0243
23.5468
23.0489
22.5303
21.9906
21.4292
20.8454
20.2386
19.6078
18.9523
18.2716
17.5657
16.8363
16.0876
15.3307
14.5902
13.9191
13.4168
13.2191
13.4092
13.9297
14.6441
15.4429
16.2661
17.0852
17.8875
18.6678
19.4247
20.1578
20.8682
21.5565
22.2241
22.872
23.5012
24.1129
24.7079
25.2871
25.8513
26.4013
26.9376
27.4609
27.9718
28.4707
28.9582
29.4346
29.9005
30.3561
30.8018
31.238
31.6648
32.0826
32.4917
32.8922
33.2845
33.6686
34.0449
34.4134
34.7743
35.1278
35.4741
35.8132
36.1453
36.4707
36.7892
37.1012
37.4067
37.7059
37.9989
38.2858
38.5668
38.842
39.1116
39.3757
39.6346
39.8883
40.137
40.3809
40.6201
40.8548
41.0853
41.3114
41.5333
41.7512
41.9653
42.1753
42.3815
42.5841
42.7828
42.9777
43.1691
43.3567
43.5408
43.7211
43.898
44.0712
44.241
44.407
44.5696
44.7286
44.8842
45.0362
45.1846
45.3296
45.4711
45.6089
45.7433
45.8743
46.0016
46.1256
46.2461
46.3631
46.4767
46.5869
46.6935
46.7969
46.8968
46.9933
47.0863
47.1759
47.262
47.3444
47.4232
47.4983
47.5694
47.6364
47.6991
47.7572
47.8106
47.8589
47.9017
47.9385
47.9689
47.9923
48.0081
48.0155
48.0136
48.0015
47.9782
47.9422
47.8922
47.8264
47.7428
47.6391
47.5126
47.3601
47.1776
46.9608
25.5383
25.1396
24.7202
24.2802
23.82
23.3395
22.8384
22.3166
21.7735
21.2085
20.6209
20.01
19.3749
18.715
18.0298
17.3195
16.586
15.8348
15.0785
14.346
13.6977
13.2428
13.1163
13.3779
13.946
14.6833
15.4901
16.3141
17.1308
17.9294
18.7056
19.4583
20.1876
20.8943
21.5794
22.244
22.8893
23.5163
24.1261
24.7195
25.2974
25.8607
26.4099
26.9458
27.4691
27.9801
28.4795
28.9677
29.4451
29.9122
30.3693
30.8167
31.2548
31.6839
32.1043
32.5161
32.9196
33.3151
33.7028
34.0828
34.4553
34.8206
35.1787
35.5298
35.8741
36.2117
36.5427
36.8673
37.1856
37.4977
37.8038
38.104
38.3983
38.6871
38.9703
39.2481
39.5208
39.7883
40.0509
40.3087
40.5619
40.8107
41.055
41.295
41.5309
41.7627
41.9906
42.2146
42.4346
42.6509
42.8637
43.0725
43.2777
43.4794
43.6773
43.8716
44.0625
44.2496
44.4334
44.6134
44.79
44.9628
45.1323
45.298
45.4603
45.6188
45.7739
45.9254
46.0732
46.2174
46.358
46.4949
46.6282
46.758
46.8841
47.0065
47.1251
47.2403
47.3517
47.4595
47.5636
47.6639
47.7604
47.853
47.9417
48.0263
48.1068
48.1829
48.2546
48.3215
48.3834
48.4402
48.4913
48.5365
48.5752
48.607
48.6313
48.6474
48.6546
48.6519
48.6385
48.6131
48.5743
48.5208
48.4507
48.3619
48.252
48.1181
47.957
47.7645
47.5358
25.3412
24.9401
24.5182
24.0758
23.613
23.1299
22.6261
22.1014
21.5552
20.9869
20.3959
19.7812
19.1422
18.4781
17.7885
17.0741
16.337
15.5838
14.8294
14.1071
13.4858
13.0837
13.0309
13.3608
13.9713
14.7279
15.541
16.365
17.1789
17.9736
18.7457
19.4943
20.2197
20.9227
21.6044
22.2661
22.9087
23.5334
24.1411
24.7329
25.3094
25.8715
26.4199
26.9552
27.4781
27.989
28.4886
28.9772
29.4554
29.9233
30.3816
30.8304
31.2702
31.7011
32.1235
32.5377
32.9438
33.3421
33.7327
34.116
34.492
34.861
35.2231
35.5784
35.9272
36.2695
36.6055
36.9353
37.259
37.5769
37.8889
38.1953
38.4961
38.7916
39.0817
39.3667
39.6467
39.9218
40.1922
40.458
40.7192
40.9761
41.2287
41.4771
41.7215
41.9619
42.1985
42.4312
42.6601
42.8853
43.107
43.3249
43.5391
43.7498
43.9571
44.1606
44.3608
44.5573
44.7502
44.9398
45.1257
45.3081
45.4869
45.6622
45.8338
46.002
46.1664
46.3272
46.4845
46.6379
46.7878
46.9339
47.0762
47.2149
47.3498
47.4808
47.6082
47.7316
47.8513
47.967
48.0788
48.1865
48.2902
48.3898
48.4851
48.5761
48.6625
48.7443
48.8212
48.8931
48.9595
49.0203
49.075
49.1233
49.1648
49.1989
49.2249
49.2422
49.25
49.2475
49.2335
49.2069
49.1664
49.1102
49.0366
48.9434
48.828
48.6876
48.5186
48.3166
48.0769
25.138
24.7349
24.3111
23.8668
23.402
22.9167
22.4107
21.8835
21.3347
20.7635
20.1693
19.5512
18.9085
18.2405
17.547
16.8287
16.0885
15.334
14.5828
13.8734
13.2836
12.9394
12.9619
13.3561
14.0039
14.7766
15.5943
16.4176
17.2285
18.0193
18.7871
19.5315
20.2529
20.9523
21.6307
22.2893
22.9292
23.5515
24.1571
24.747
25.3219
25.8828
26.4301
26.9647
27.4871
27.9978
28.4973
28.9861
29.4646
29.9333
30.3924
30.8423
31.2833
31.7158
32.1399
32.556
32.9643
33.3649
33.7582
34.1443
34.5233
34.8955
35.261
35.62
35.9726
36.319
36.6593
36.9937
37.3222
37.645
37.9622
38.274
38.5805
38.8818
39.178
39.4692
39.7556
40.0373
40.3144
40.587
40.8552
41.1192
41.3791
41.6349
41.8869
42.1348
42.3789
42.6193
42.856
43.0891
43.3186
43.5445
43.7668
43.9856
44.201
44.4128
44.6211
44.8261
45.0275
45.2253
45.4199
45.6107
45.7982
45.982
46.1624
46.3391
46.5123
46.6817
46.8477
47.0098
47.1683
47.3231
47.474
47.6212
47.7646
47.904
48.0396
48.1713
48.2989
48.4224
48.5419
48.6572
48.7682
48.8748
48.977
49.0745
49.1672
49.2549
49.3375
49.4146
49.486
49.5513
49.6103
49.6624
49.7072
49.7442
49.7727
49.7919
49.8012
49.7995
49.7858
49.7588
49.7171
49.659
49.5827
49.4858
49.3658
49.2195
49.0432
48.8325
48.5822
24.9267
24.5224
24.0974
23.6518
23.1856
22.6988
22.191
21.6618
21.1108
20.5371
19.9402
19.319
18.673
18.0014
17.3042
16.5824
15.8396
15.0847
14.3382
13.6445
13.0911
12.8099
12.9079
13.3616
14.042
14.828
15.649
16.471
17.2786
18.0652
18.8288
19.569
20.2864
20.9821
21.6571
22.3126
22.9497
23.5695
24.1729
24.7609
25.3341
25.8936
26.4398
26.9734
27.4951
28.0053
28.5046
28.9934
29.4722
29.9412
30.401
30.8517
31.2938
31.7275
32.153
32.5707
32.9808
33.3834
33.7789
34.1673
34.549
34.924
35.2925
35.6546
36.0106
36.3606
36.7047
37.043
37.3757
37.7028
38.0246
38.3411
38.6525
38.9589
39.2603
39.557
39.849
40.1365
40.4195
40.6981
40.9725
41.2428
41.509
41.7713
42.0296
42.2842
42.5351
42.7822
43.0258
43.2658
43.5022
43.7353
43.9647
44.1907
44.4133
44.6325
44.8482
45.0605
45.2696
45.475
45.677
45.8757
46.0708
46.2624
46.4507
46.6352
46.8164
46.9938
47.1677
47.3378
47.5044
47.6672
47.8261
47.9813
48.1326
48.28
48.4235
48.5629
48.6982
48.8294
48.9563
49.079
49.197
49.3107
49.4196
49.5237
49.6228
49.7166
49.805
49.8877
49.9643
50.0346
50.0981
50.1544
50.203
50.2435
50.2749
50.2967
50.3079
50.3076
50.2948
50.268
50.2258
50.1665
50.0881
49.9883
49.8642
49.7126
49.5296
49.3108
49.0503
24.7054
24.3007
23.8752
23.429
22.9622
22.4744
21.9655
21.435
20.8823
20.3067
19.7073
19.0836
18.4345
17.7597
17.0592
16.3344
15.5895
14.8351
14.095
13.4204
12.9085
12.6946
12.8673
13.3755
14.084
14.8808
15.704
16.5241
17.3281
18.1106
18.8698
19.6058
20.3192
21.0112
21.6827
22.3351
22.9693
23.5865
24.1876
24.7736
25.3451
25.903
26.4479
26.9804
27.5013
28.0109
28.5098
28.9984
29.4772
29.9464
30.4065
30.8579
31.3007
31.7354
32.1621
32.5811
32.9927
33.3971
33.7944
34.1849
34.5688
34.9462
35.3173
35.6822
36.0412
36.3942
36.7416
37.0834
37.4197
37.7507
38.0765
38.3971
38.7128
39.0237
39.3297
39.6312
39.9281
40.2206
40.5087
40.7927
41.0725
41.3483
41.6201
41.8881
42.1522
42.4127
42.6694
42.9226
43.1722
43.4184
43.661
43.9003
44.1361
44.3685
44.5976
44.8232
45.0457
45.2647
45.4803
45.6925
45.9015
46.107
46.3091
46.5079
46.7031
46.8949
47.0831
47.2678
47.449
47.6264
47.8003
47.9705
48.1368
48.2995
48.4581
48.6129
48.7638
48.9104
49.0531
49.1915
49.3254
49.4551
49.5802
49.7006
49.8162
49.9267
50.032
50.1319
50.2262
50.3145
50.3964
50.4718
50.5401
50.6009
50.6536
50.6976
50.7324
50.7571
50.7707
50.7723
50.7608
50.7347
50.6926
50.6326
50.5526
50.4502
50.3226
50.1662
49.9771
49.7504
49.4804
24.4715
24.0675
23.6424
23.1966
22.7299
22.242
21.7327
21.2015
20.6477
20.0707
19.4696
18.8436
18.1921
17.5145
16.8111
16.0836
15.3373
14.5845
13.8529
13.2011
12.736
12.5931
12.8384
13.396
14.1285
14.9339
15.7582
16.576
17.3762
18.1543
18.9091
19.6409
20.3503
21.0384
21.7064
22.3556
22.9869
23.6015
24.2002
24.784
25.3537
25.9099
26.4534
26.9848
27.5047
28.0136
28.5119
29.0002
29.4787
29.948
30.4084
30.8601
31.3035
31.7389
32.1665
32.5867
32.9995
33.4053
33.8043
34.1965
34.5823
34.9618
35.3352
35.7025
36.0641
36.4199
36.7701
37.115
37.4545
37.7888
38.1181
38.4425
38.762
39.0767
39.3869
39.6926
39.9938
40.2908
40.5834
40.872
41.1566
41.4373
41.7141
41.9871
42.2564
42.522
42.7841
43.0426
43.2976
43.5492
43.7974
44.0422
44.2838
44.5219
44.7567
44.9882
45.2164
45.4414
45.6631
45.8815
46.0965
46.3082
46.5167
46.7217
46.9233
47.1216
47.3163
47.5077
47.6954
47.8796
48.0601
48.237
48.4101
48.5796
48.745
48.9067
49.0642
49.2178
49.3673
49.5123
49.6531
49.7893
49.921
50.0478
50.1697
50.2865
50.3979
50.5037
50.6037
50.6974
50.7847
50.8652
50.9383
51.0036
51.0605
51.1084
51.1467
51.1744
51.1907
51.1945
51.1846
51.1595
51.1178
51.0574
50.9763
50.8718
50.7409
50.5802
50.3852
50.1511
49.8717
24.2221
23.8199
23.3965
22.952
22.4864
21.9994
21.4906
20.9594
20.4054
19.8276
19.2254
18.5979
17.9444
17.2645
16.5587
15.8292
15.0822
14.3322
13.6114
12.9864
12.5735
12.5045
12.8194
13.4209
14.1738
14.986
15.8104
16.6255
17.4216
18.1954
18.9457
19.6731
20.3785
21.0628
21.7273
22.3732
23.0015
23.6134
24.2096
24.7912
25.3589
25.9134
26.4554
26.9856
27.5043
28.0123
28.51
28.9977
29.476
29.9452
30.4055
30.8575
31.3013
31.7373
32.1656
32.5866
33.0005
33.4075
33.8078
34.2016
34.5891
34.9704
35.3457
35.7152
36.079
36.4372
36.79
37.1376
37.4799
37.8173
38.1497
38.4772
38.8001
39.1184
39.4322
39.7416
40.0467
40.3476
40.6444
40.9372
41.226
41.5109
41.7921
42.0696
42.3435
42.6138
42.8805
43.1438
43.4037
43.6602
43.9133
44.1631
44.4096
44.6529
44.893
45.1298
45.3633
45.5936
45.8206
46.0444
46.2651
46.4824
46.6964
46.9071
47.1146
47.3186
47.5193
47.7166
47.9103
48.1006
48.2872
48.4702
48.6495
48.8251
48.9969
49.1648
49.3286
49.4885
49.6441
49.7955
49.9425
50.0849
50.2227
50.3556
50.4834
50.6061
50.7233
50.8348
50.9402
51.0394
51.1318
51.2171
51.295
51.3647
51.4258
51.4777
51.5195
51.5504
51.5695
51.5756
51.5674
51.5436
51.5024
51.442
51.3599
51.2535
51.1197
50.9548
50.7544
50.5131
50.2245
23.9533
23.5544
23.1341
22.6923
22.2291
21.744
21.2368
20.7068
20.1534
19.5758
18.9732
18.3448
17.69
17.0084
16.3008
15.57
14.8232
14.0775
13.37
12.7764
12.421
12.4276
12.8082
13.4486
14.2184
15.0357
15.8596
16.6715
17.4635
18.2327
18.9785
19.7015
20.4027
21.0831
21.744
22.3866
23.0119
23.621
24.2147
24.794
25.3596
25.9123
26.4528
26.9815
27.4991
28.0061
28.5029
28.9901
29.4679
29.9368
30.3971
30.8491
31.2932
31.7296
32.1585
32.5802
32.995
33.403
33.8045
34.1996
34.5885
34.9714
35.3484
35.7198
36.0856
36.4459
36.801
37.151
37.4959
37.8358
38.171
38.5015
38.8274
39.1488
39.4658
39.7786
40.0871
40.3916
40.6919
40.9885
41.2811
41.57
41.8552
42.1366
42.4146
42.689
42.96
43.2276
43.4918
43.7527
44.0103
44.2646
44.5157
44.7635
45.0082
45.2497
45.488
45.7232
45.9552
46.1839
46.4095
46.6318
46.8511
47.0669
47.2795
47.4888
47.6949
47.8975
48.0966
48.2924
48.4845
48.6731
48.8581
49.0393
49.2168
49.3904
49.5601
49.7256
49.887
50.0442
50.1969
50.3451
50.4884
50.627
50.7605
50.8887
51.0112
51.128
51.2387
51.3429
51.4403
51.5304
51.6127
51.6868
51.752
51.8076
51.8529
51.8869
51.9087
51.9172
51.9109
51.8884
51.8479
51.7874
51.7045
51.5964
51.4598
51.2909
51.0851
50.8366
50.539
23.6603
23.2666
22.8511
22.4137
21.9543
21.4728
20.9684
20.4408
19.8892
19.3128
18.7109
18.0825
17.4272
16.7447
16.036
15.3047
14.5592
13.8194
13.1282
12.5709
12.2781
12.3608
12.8026
13.477
14.2609
15.0817
15.9043
16.7127
17.5003
18.2649
19.0061
19.7247
20.4216
21.0981
21.7554
22.3946
23.0168
23.623
24.2141
24.7911
25.3546
25.9054
26.4441
26.9714
27.4877
27.9936
28.4896
28.976
29.4533
29.9219
30.382
30.834
31.2782
31.7148
32.1442
32.5665
32.982
33.3908
33.7933
34.1895
34.5797
34.964
35.3426
35.7156
36.0832
36.4455
36.8026
37.1547
37.5019
37.8442
38.1819
38.515
38.8436
39.1678
39.4878
39.8035
40.1151
40.4228
40.7266
41.0263
41.3224
41.6148
41.9036
42.1888
42.4704
42.7485
43.0233
43.2948
43.5629
43.8278
44.0894
44.3478
44.6031
44.8551
45.104
45.3498
45.5924
45.8319
46.0683
46.3015
46.5317
46.7587
46.9824
47.203
47.4203
47.6345
47.8453
48.0527
48.2568
48.4576
48.6548
48.8484
49.0386
49.2249
49.4076
49.5864
49.7613
49.9321
50.0989
50.2612
50.4193
50.5726
50.7213
50.8651
51.0037
51.137
51.2647
51.3864
51.5019
51.6109
51.7129
51.8074
51.894
51.9722
52.0413
52.1005
52.1492
52.1862
52.2107
52.2214
52.2169
52.1956
52.1558
52.0953
52.0116
51.9018
51.7625
51.5896
51.3783
51.1228
50.8162
23.3368
22.9506
22.5421
22.1112
21.6578
21.1815
20.6818
20.1581
19.6098
19.0361
18.436
17.8088
17.154
16.4715
15.7627
15.0318
14.2888
13.5569
12.8855
12.3696
12.144
12.3023
12.8003
13.5041
14.2994
15.1226
15.9432
16.7478
17.5308
18.2906
19.0271
19.7412
20.4338
21.1063
21.7599
22.3956
23.0147
23.6179
24.2065
24.781
25.3423
25.8912
26.4281
26.9539
27.4689
27.9736
28.4687
28.9543
29.431
29.8991
30.359
30.8108
31.2551
31.6919
32.1215
32.5443
32.9604
33.37
33.7734
34.1706
34.5619
34.9475
35.3274
35.7019
36.0711
36.4352
36.7941
37.1482
37.4974
37.8419
38.1819
38.5173
38.8484
39.1752
39.4978
39.8163
40.1308
40.4412
40.748
41.0509
41.3502
41.6456
41.9377
42.2262
42.5113
42.7928
43.0711
43.3461
43.6178
43.8863
44.1516
44.4138
44.6728
44.9286
45.1814
45.4311
45.6777
45.9212
46.1616
46.3989
46.6331
46.8642
47.0922
47.317
47.5388
47.7572
47.9724
48.1844
48.3929
48.5983
48.8
48.9983
49.1931
49.3842
49.5715
49.7552
49.9348
50.1105
50.282
50.4493
50.6121
50.7704
50.9238
51.0724
51.2158
51.3538
51.4861
51.6124
51.7324
51.8458
51.9521
52.0508
52.1414
52.2235
52.2962
52.3588
52.4106
52.4505
52.4774
52.4902
52.4874
52.4673
52.428
52.3674
52.2828
52.1712
52.0291
51.8522
51.6355
51.3729
51.057
22.9742
22.5987
22.2001
21.7785
21.3335
20.8649
20.372
19.8545
19.3113
18.7419
18.1453
17.5207
16.8677
16.1865
15.4788
14.7495
14.0105
13.2888
12.6411
12.172
12.0176
12.2498
12.7988
13.5277
14.3322
15.1565
15.9746
16.775
17.5532
18.3081
19.0398
19.7493
20.4376
21.106
21.7558
22.388
23.0038
23.6041
24.1899
24.762
25.3211
25.8679
26.4031
26.9273
27.4409
27.9445
28.4385
28.9234
29.3994
29.867
30.3265
30.7782
31.2224
31.6594
32.0893
32.5125
32.9291
33.3394
33.7435
34.1416
34.534
34.9207
35.3019
35.6778
36.0485
36.4141
36.7747
37.1306
37.4817
37.8282
38.1703
38.5079
38.8413
39.1704
39.4955
39.8165
40.1335
40.4468
40.7563
41.0619
41.3641
41.6626
41.9575
42.2491
42.5373
42.8221
43.1035
43.3818
43.6568
43.9287
44.1974
44.463
44.7253
44.9847
45.241
45.4943
45.7445
45.9917
46.2358
46.4769
46.7149
46.9499
47.1818
47.4106
47.6362
47.8586
48.0779
48.2939
48.5067
48.7161
48.9221
49.1246
49.3237
49.5191
49.7107
49.8988
50.0828
50.2628
50.4388
50.6104
50.7777
50.9404
51.0983
51.2512
51.399
51.5414
51.6779
51.8085
51.9328
52.0501
52.1604
52.263
52.3573
52.4428
52.5189
52.5847
52.6394
52.6819
52.7111
52.7258
52.7245
52.7053
52.6665
52.6056
52.52
52.4065
52.2614
52.0804
51.8581
51.5881
51.2629
