23.2449
24.1538
24.9919
25.7714
26.5018
27.1904
27.843
28.4642
29.0577
29.6264
30.1729
30.699
31.2065
31.6967
32.1707
32.6295
33.0739
33.5044
33.9217
34.3261
34.7179
35.0974
35.4647
35.8199
36.1629
36.4938
36.8123
37.1183
37.4114
37.6912
37.9573
38.2091
38.4459
38.667
38.8714
39.0581
39.2259
39.3733
39.4989
39.6007
39.677
39.7253
39.7433
39.7283
39.6773
39.5872
39.4547
39.2764
39.049
38.7692
38.4344
38.0428
37.5942
37.0901
36.535
35.9365
35.3053
34.6545
33.9986
33.3519
32.727
32.1344
31.5817
31.0735
30.6121
30.1973
29.8276
29.4998
29.2102
28.9542
28.727
28.5234
28.3384
28.1667
28.003
27.8419
23.4141
24.2334
24.9991
25.7196
26.4016
27.0501
27.6694
28.2627
28.8328
29.3818
29.9114
30.4234
30.9188
31.3987
31.864
32.3153
32.7533
33.1784
33.5911
33.9915
34.38
34.7565
35.1212
35.4741
35.8151
36.1441
36.4607
36.7648
37.0559
37.3336
37.5972
37.8462
38.0798
38.297
38.4968
38.678
38.8391
38.9787
39.0948
39.1855
39.2484
39.2811
39.2806
39.2438
39.1675
39.0478
38.881
38.6631
38.3903
38.0587
37.6653
37.2082
36.6875
36.1061
35.4712
34.7945
34.0918
33.3816
32.6827
32.0118
31.3823
30.8033
30.2801
29.8145
29.4059
29.0512
28.7465
28.4868
28.2668
28.081
27.9239
27.79
27.6742
27.5713
27.4764
27.3846
23.4239
24.178
24.8908
25.568
26.2142
26.8332
27.4279
28.0006
28.5534
29.0879
29.6054
30.1071
30.5939
31.0666
31.5258
31.9722
32.406
32.8276
33.2374
33.6355
34.0219
34.3969
34.7603
35.112
35.4519
35.7799
36.0955
36.3985
36.6883
36.9644
37.2261
37.4728
37.7034
37.9169
38.1121
38.2877
38.4419
38.5731
38.6791
38.7576
38.8059
38.8212
38.8001
38.7391
38.6342
38.4813
38.2759
38.0133
37.689
37.2986
36.8382
36.3055
35.701
35.0294
34.3015
33.5351
32.7538
31.9831
31.2464
30.5619
29.9416
29.3914
28.9125
28.5027
28.1575
27.871
27.637
27.4487
27.2997
27.1837
27.0949
27.0277
26.977
26.938
26.9062
26.8771
23.305
24.0122
24.6867
25.3325
25.9529
26.5505
27.1275
27.6855
28.2261
28.7504
29.2596
29.7544
30.2356
30.7037
31.1592
31.6026
32.0341
32.4541
32.8626
33.2597
33.6456
34.0202
34.3833
34.735
35.0749
35.4027
35.7181
36.0207
36.3099
36.5851
36.8454
37.0901
37.3181
37.5281
37.7188
37.8887
38.0358
38.1581
38.2532
38.3185
38.3509
38.3471
38.3034
38.2155
38.0791
37.8894
37.6413
37.3292
36.9479
36.492
35.9568
35.3392
34.6394
33.8642
33.0295
32.1621
31.2967
30.468
29.7037
29.0207
28.4267
27.9218
27.5018
27.1593
26.8863
26.6739
26.5138
26.3982
26.3196
26.2715
26.2481
26.244
26.2541
26.2742
26.3001
26.3279
23.0806
23.7546
24.402
25.0257
25.628
26.2108
26.7755
27.3236
27.8562
28.3741
28.878
29.3688
29.8469
30.3127
30.7666
31.2089
31.6399
32.0597
32.4684
32.866
33.2525
33.6279
33.9919
34.3445
34.6853
35.0139
35.33
35.633
35.9223
36.1971
36.4566
36.6998
36.9254
37.1322
37.3186
37.4827
37.6224
37.7354
37.819
37.8701
37.8853
37.8608
37.7922
37.6751
37.5044
37.2746
36.9799
36.6144
36.1718
35.6456
35.0301
34.3209
33.5178
32.629
31.6767
30.7002
29.7491
28.8691
28.0902
27.4249
26.8731
26.4274
26.0768
25.8092
25.6128
25.4765
25.3904
25.3458
25.3351
25.3518
25.3899
25.4444
25.5108
25.5851
25.6637
25.743
22.7683
23.4195
24.0485
24.6573
25.2477
25.8208
26.378
26.9201
27.4481
27.9625
28.4641
28.9532
29.4304
29.896
30.3501
30.7931
31.2251
31.6462
32.0564
32.4557
32.8441
33.2214
33.5875
33.942
34.2846
34.6149
34.9325
35.2367
35.5268
35.8019
36.0612
36.3034
36.5272
36.731
36.9132
37.0715
37.2037
37.307
37.3783
37.4143
37.411
37.3642
37.269
37.1203
36.9126
36.64
36.2962
35.8746
35.3684
34.7705
34.074
33.2734
32.3678
31.367
30.2994
29.2171
28.1858
27.2623
26.4775
25.8379
25.3346
24.952
24.6726
24.4796
24.3579
24.2946
24.2786
24.3007
24.3533
24.4296
24.5244
24.6327
24.7506
24.8744
25.0008
25.1269
22.3822
23.0183
23.6355
24.2352
24.8184
25.3863
25.9396
26.4791
27.0054
27.5191
28.0205
28.5103
28.9885
29.4556
29.9117
30.3569
30.7914
31.2152
31.6282
32.0305
32.4219
32.8022
33.1713
33.5287
33.8742
34.2071
34.5271
34.8333
35.125
35.4013
35.661
35.9028
36.1252
36.3265
36.5046
36.6573
36.7817
36.875
36.9335
36.9535
36.9305
36.8599
36.7363
36.5542
36.3076
35.9903
35.596
35.1179
34.5492
33.8828
33.1119
32.2309
31.2396
30.1497
28.9942
27.8325
26.7386
25.7762
24.9797
24.354
23.8851
23.5515
23.3302
23.2001
23.1428
23.1432
23.1891
23.2704
23.3793
23.5092
23.6549
23.8118
23.9762
24.1446
24.3144
24.4827
21.9332
22.5602
23.1707
23.7656
24.3457
24.9117
25.4643
26.0039
26.531
27.0462
27.5498
28.042
28.5231
28.9934
29.4529
29.9018
30.3402
30.7679
31.1851
31.5915
31.9871
32.3716
32.7448
33.1062
33.4555
33.7921
34.1154
34.4245
34.7187
34.9969
35.2578
35.4998
35.7215
35.9206
36.0951
36.2422
36.3589
36.4419
36.4871
36.4903
36.4467
36.351
36.1976
35.9807
35.694
35.3316
34.8872
34.355
33.7292
33.0039
32.1737
31.2354
30.1914
29.0563
27.8644
26.6717
25.547
24.5524
23.7274
23.084
22.6127
22.2924
22.098
22.0047
21.9908
22.0382
22.1325
22.2621
22.4183
22.5942
22.7841
22.9838
23.1894
23.3978
23.6065
23.813
21.4306
22.0528
22.6604
23.254
23.834
24.4009
24.9553
25.4974
26.0276
26.5463
27.0538
27.5502
28.0358
28.5108
28.9753
29.4293
29.8728
30.3058
30.7284
31.1401
31.5411
31.931
32.3094
32.6759
33.0301
33.3714
33.699
34.0122
34.3098
34.5908
34.8537
35.0968
35.3183
35.516
35.6872
35.8291
35.9381
36.0106
36.0422
36.0281
35.963
35.8415
35.6575
35.4051
35.0784
34.672
34.1808
33.6007
32.9278
32.1591
31.2926
30.3285
29.2731
28.1432
26.9699
25.7985
24.6826
23.6742
22.8132
22.1216
21.6031
21.2468
21.0322
20.9352
20.9316
20.9999
21.1224
21.2848
21.4763
21.6885
21.915
22.1509
22.3922
22.6359
22.8791
23.1197
20.8824
21.5025
22.1099
22.7047
23.287
23.8572
24.4155
24.962
25.4972
26.0212
26.5342
27.0365
27.5282
28.0093
28.4801
28.9405
29.3906
29.8302
30.2593
30.6777
31.0853
31.4816
31.8665
32.2393
32.5997
32.9468
33.2799
33.5982
33.9004
34.1852
34.4511
34.6963
34.9185
35.1153
35.2839
35.4209
35.5225
35.5846
35.6024
35.5706
35.4838
35.3361
35.1215
34.8344
34.4695
34.0229
33.4914
32.8735
32.1689
31.3778
30.502
29.5455
28.5171
27.4332
26.3187
25.2065
24.1342
23.1395
22.2557
21.5091
20.9155
20.4795
20.1941
20.0433
20.0056
20.0582
20.1801
20.3532
20.5632
20.799
21.0522
21.3166
21.5874
21.861
22.1343
22.4051
20.2959
20.9156
21.5244
22.122
22.7083
23.2834
23.8472
24.3999
24.9417
25.4725
25.9927
26.5023
27.0014
27.4901
27.9686
28.4368
28.8947
29.3422
29.7792
30.2055
30.621
31.0251
31.4177
31.7982
32.1659
32.5202
32.8602
33.1848
33.4928
33.7827
34.0528
34.301
34.5249
34.7218
34.8885
35.0212
35.1158
35.1678
35.172
35.1228
35.0145
34.8412
34.5972
34.2777
33.879
33.3991
32.8379
32.1973
31.4802
30.6902
29.8318
28.9109
27.9366
26.9227
25.8877
24.8542
23.8467
22.8905
22.0097
21.2265
20.561
20.0286
19.6376
19.3869
19.266
19.2572
19.3394
19.4919
19.6964
19.9376
20.204
20.4867
20.7792
21.0764
21.3748
21.6714
19.6792
20.2983
20.9088
21.51
22.1012
22.6823
23.2529
23.8131
24.3627
24.9018
25.4305
25.9488
26.4568
26.9545
27.442
27.9193
28.3864
28.8431
29.2894
29.725
30.1497
30.5631
30.9648
31.3543
31.7309
32.0938
32.4421
32.7745
33.0897
33.3862
33.6618
33.9143
34.1412
34.3392
34.5048
34.6341
34.7225
34.7651
34.7562
34.6904
34.5616
34.3645
34.0941
33.7472
33.3221
32.8199
32.2437
31.5985
30.8898
30.1228
29.3028
28.4357
27.5294
26.5945
25.6444
24.6942
23.7598
22.8573
22.0023
21.2108
20.4995
19.8857
19.3857
19.0119
18.7691
18.6527
18.6493
18.7403
18.9054
19.126
19.3857
19.6719
19.975
20.2876
20.6046
20.922
19.0415
19.6575
20.2686
20.873
21.4693
22.0569
22.6351
23.2035
23.762
24.3105
24.8489
25.3772
25.8954
26.4034
26.9014
27.3892
27.8669
28.3343
28.7912
29.2376
29.6731
30.0973
30.5097
30.9098
31.2969
31.6701
32.0283
32.3703
32.6944
32.9989
33.2816
33.54
33.7712
33.9716
34.1375
34.2645
34.3477
34.3819
34.3613
34.2803
34.1334
33.9159
33.6244
33.2578
32.8173
32.307
31.733
31.1019
30.4198
29.6919
28.9228
28.1176
27.2825
26.4257
25.5568
24.6861
23.8239
22.9803
22.1649
21.3881
20.6614
19.9981
19.4145
18.9274
18.5521
18.2987
18.1683
18.1526
18.236
18.3993
18.6233
18.8909
19.1881
19.504
19.8306
20.1619
18.3954
19.0028
19.611
20.2165
20.8169
21.4104
21.9962
22.5734
23.1415
23.7003
24.2494
24.7888
25.3184
25.8381
26.3479
26.8477
27.3374
27.817
28.2863
28.7451
29.1929
29.6296
30.0546
30.4672
30.8666
31.2519
31.622
31.9754
32.3103
32.6248
32.9164
33.1825
33.4196
33.6241
33.7918
33.9179
33.9974
34.0248
33.9943
33.9008
33.7395
33.5071
33.2023
32.8267
32.3844
31.8819
31.3263
30.7242
30.0808
29.4004
28.6866
27.9437
27.1767
26.3921
25.5967
24.7977
24.0021
23.2161
22.4457
21.6972
20.9776
20.2959
19.6638
19.0959
18.6092
18.2209
17.9449
17.7877
17.7463
17.8088
17.9581
18.175
18.4414
18.7419
19.0643
19.3994
17.7607
18.3481
18.946
19.5478
20.1492
20.7472
21.3397
21.9254
22.5033
23.0728
23.6335
24.185
24.7271
25.2597
25.7827
26.296
26.7994
27.2929
27.7762
28.2491
28.7114
29.1625
29.6019
30.0291
30.443
30.8427
31.2268
31.5938
31.9417
32.2683
32.571
32.8467
33.0918
33.3023
33.4736
33.6008
33.6785
33.7013
33.664
33.5618
33.3914
33.1516
32.8435
32.4712
32.0409
31.5597
31.0342
30.4697
29.8703
29.2393
28.5797
27.8954
27.1905
26.4702
25.7395
25.0036
24.267
23.5341
22.8084
22.0939
21.3946
20.716
20.0654
19.453
18.8919
18.3986
17.9907
17.685
17.4924
17.4153
17.4466
17.5716
17.7718
18.0287
18.3255
18.6486
17.1678
17.7155
18.2893
18.8782
19.4747
20.0732
20.6702
21.2631
21.8503
22.4305
23.0031
23.5674
24.1231
24.6698
25.2074
25.7356
26.2544
26.7635
27.2628
27.752
28.2307
28.6984
29.1547
29.5988
30.0297
30.4462
30.8469
31.23
31.5935
31.9348
32.251
32.5386
32.794
33.0127
33.1898
33.3203
33.3988
33.4201
33.3796
33.2739
33.1013
32.8629
32.5622
32.2048
31.7973
31.3461
30.8563
30.3321
29.7767
29.1929
28.5837
27.9525
27.3029
26.6388
25.9643
25.283
24.5981
23.9126
23.2288
22.5491
21.876
21.2126
20.5633
19.9341
19.3339
18.7744
18.2707
17.8404
17.5015
17.2685
17.1488
17.1404
17.232
17.4071
17.6468
17.9333
16.6623
17.1399
17.6663
18.2259
18.806
19.3976
19.9942
20.5915
21.1862
21.7765
22.3608
22.9383
23.5082
24.0701
24.6235
25.1683
25.7042
26.231
26.7483
27.256
27.7535
28.2406
28.7164
29.1801
29.6308
30.0671
30.4873
30.8895
31.2714
31.6301
31.9626
32.265
32.5332
32.7627
32.9483
33.0848
33.1671
33.1906
33.1516
33.0483
32.8811
32.653
32.3688
32.0343
31.6554
31.2372
30.7838
30.2986
29.7843
29.2439
28.6801
28.0959
27.4948
26.8796
26.2535
25.6194
24.9794
24.3356
23.6899
23.0434
22.398
21.7555
21.1184
20.4901
19.8758
19.2832
18.7223
18.2069
17.7536
17.3807
17.105
16.9384
16.8837
16.9344
17.0762
17.2913
16.3038
16.6715
17.1167
17.6201
18.1643
18.7354
19.3225
19.9181
20.5168
21.115
21.7101
22.3005
22.885
23.4628
24.0333
24.5962
25.151
25.6975
26.2353
26.764
27.2833
27.7925
28.2909
28.7777
29.2515
29.7108
30.1539
30.5786
30.9821
31.3616
31.7133
32.0335
32.3175
32.5606
32.7575
32.9031
32.9927
33.0223
32.9898
32.8951
32.7401
32.5289
32.2667
31.9585
31.6094
31.2234
30.8041
30.3544
29.8774
29.3756
28.8519
28.3092
27.7501
27.1772
26.593
25.9995
25.3985
24.7915
24.1796
23.564
22.9458
22.3259
21.7061
21.0882
20.4752
19.8715
19.2834
18.7198
18.1926
17.7171
17.3111
16.9927
16.7768
16.6714
16.6747
16.7761
16.1522
16.3723
16.6953
17.1054
17.5836
18.1112
18.6727
19.2557
19.8511
20.4527
21.0559
21.658
22.2568
22.851
23.4396
24.022
24.5977
25.1661
25.7269
26.2797
26.8238
27.3586
27.8833
28.3967
28.8975
29.3838
29.8536
30.3044
30.7333
31.1369
31.5115
31.8526
32.1555
32.4152
32.6264
32.7842
32.8844
32.9241
32.9026
32.8211
32.6827
32.4917
32.2527
31.9705
31.6492
31.2924
30.9035
30.4856
30.0414
29.5736
29.0851
28.5783
28.0556
27.5192
26.971
26.4127
25.8456
25.2707
24.6892
24.1017
23.5089
22.9117
22.3111
21.7081
21.1046
20.5029
19.9068
19.3215
18.7544
18.2161
17.7201
17.283
16.9233
16.6579
16.4989
16.4497
16.2416
16.2966
16.4643
16.7408
17.1134
17.5641
18.0736
18.6249
19.2039
19.8002
20.4063
21.0169
21.6285
22.2388
22.846
23.4492
24.0476
24.6404
25.2271
25.8072
26.3798
26.9443
27.4994
28.0438
28.576
29.0936
29.5945
30.0757
30.5339
30.9655
31.3663
31.7317
32.0567
32.3358
32.564
32.7364
32.8498
32.9024
32.8945
32.8284
32.7077
32.5365
32.3193
32.0603
31.7634
31.4321
31.0698
30.6794
30.2638
29.8258
29.3677
28.892
28.4007
27.8957
27.3786
26.8506
26.3129
25.7664
25.2118
24.6497
24.0806
23.5051
22.9238
22.3376
21.7474
21.1546
20.5614
19.9707
19.3869
18.8163
18.2677
17.7532
17.2877
16.8891
16.5755
16.3619
16.5611
16.4651
16.4699
16.5863
16.8154
17.1485
17.5695
18.0593
18.5998
19.1752
19.7737
20.3865
21.0073
21.632
22.2577
22.8827
23.5054
24.1252
24.7409
25.3519
25.9573
26.5559
27.1463
27.7268
28.2953
28.8493
29.3859
29.902
30.3938
30.8572
31.2879
31.6806
32.0301
32.3308
32.5775
32.7659
32.8934
32.9594
32.9652
32.9137
32.8089
32.6551
32.4564
32.217
31.9408
31.6312
31.2916
30.925
30.5342
30.1217
29.6899
29.241
28.7767
28.2987
27.8083
27.3066
26.7946
26.273
25.7423
25.203
24.6556
24.1004
23.538
22.9688
22.3935
21.8129
21.2283
20.6413
20.0544
19.4713
18.8971
18.3393
17.8082
17.3172
16.8828
16.5232
17.063
16.8527
16.7178
16.6771
16.7447
16.9267
17.219
17.6086
18.0775
18.6068
19.1795
19.7822
20.4046
21.0394
21.6819
22.3286
22.9773
23.6264
24.2746
24.9208
25.5637
26.2017
26.8329
27.4552
28.0657
28.6615
29.239
29.7945
30.324
30.823
31.2864
31.7088
32.0843
32.407
32.6719
32.8751
33.0152
33.0925
33.1095
33.0698
32.9776
32.8374
32.6535
32.4301
32.1709
31.8795
31.5591
31.2128
30.8431
30.4526
30.0434
29.6175
29.1764
28.7216
28.2543
27.7755
27.2858
26.786
26.2765
25.7577
25.23
24.6937
24.1491
23.5966
23.0365
22.4695
21.8962
21.3176
20.7352
20.1509
19.5677
18.9899
18.4238
17.8779
17.3641
16.8972
17.6874
17.4047
17.1706
17.0036
16.9231
16.946
17.0828
17.3344
17.6919
18.1392
18.6576
19.2292
19.8389
20.4751
21.1295
21.7962
22.4714
23.1521
23.8364
24.5224
25.2083
25.8918
26.5703
27.2407
27.8995
28.5427
29.1663
29.7659
30.3369
30.8741
31.3721
31.8246
32.2251
32.5677
32.8475
33.0618
33.2103
33.2949
33.3191
33.2872
33.2038
33.0735
32.9008
32.6898
32.4444
32.168
31.8638
31.5346
31.183
30.8113
30.4215
30.0152
29.5941
29.1593
28.712
28.2529
27.7827
27.3021
26.8114
26.311
25.8011
25.2821
24.7541
24.2174
23.6723
23.1191
22.5582
21.9903
21.4161
20.8367
20.2539
19.6701
19.0887
18.5147
17.9556
17.4213
18.3824
18.0625
17.7698
17.5186
17.3267
17.2135
17.1975
17.2929
17.5057
17.8317
18.258
18.767
19.3402
19.9614
20.6177
21.2993
21.9993
22.7131
23.437
24.1679
24.903
25.6389
26.3719
27.0976
27.8113
28.508
29.1826
29.83
30.4448
31.0214
31.5532
32.0332
32.4544
32.8112
33.0997
33.319
33.4704
33.5573
33.5843
33.556
33.4776
33.3539
33.1892
32.9878
32.7533
32.4891
32.1983
31.8835
31.5472
31.1915
30.8182
30.4289
30.0249
29.6073
29.1772
28.7354
28.2822
27.8185
27.3444
26.8603
26.3665
25.8632
25.3506
24.8287
24.2978
23.7582
23.21
22.6535
22.0893
21.5179
20.9404
20.358
19.7727
19.1873
18.606
18.0346
19.111
18.7787
18.4593
18.1627
17.9018
17.6929
17.555
17.5076
17.5678
17.7461
18.0435
18.4514
18.9542
19.534
20.1737
20.8588
21.5785
22.3245
23.0905
23.8715
24.6625
25.4587
26.2542
27.043
27.8185
28.574
29.3035
30.0008
30.6596
31.2731
31.834
32.3346
32.7683
33.1305
33.4197
33.6369
33.7853
33.8696
33.895
33.8669
33.7903
33.6702
33.5109
33.3164
33.0904
32.8361
32.5563
32.2536
31.9302
31.588
31.2288
30.854
30.4647
30.0621
29.6469
29.22
28.7818
28.3328
27.8734
27.4039
26.9245
26.4354
25.9367
25.4285
24.911
24.3842
23.8482
23.3033
22.7497
22.1877
21.6178
21.0408
20.4577
19.8701
19.2802
18.6913
19.8496
19.5212
19.197
18.8836
18.5895
18.3266
18.1095
17.9565
17.8873
17.9209
18.072
18.3468
18.7418
19.2449
19.8395
20.5081
21.2351
22.008
22.8163
23.6514
24.5054
25.3701
26.2368
27.0964
27.9398
28.7585
29.5444
30.2904
30.9888
31.632
32.2121
32.7221
33.1569
33.5146
33.796
34.0044
34.1446
34.222
34.2424
34.2114
34.1341
34.0152
33.859
33.6694
33.4498
33.2033
32.9325
32.6398
32.3272
31.9965
31.6493
31.2868
30.9102
30.5204
30.1183
29.7043
29.2791
28.8432
28.3967
27.9402
27.4736
26.9972
26.5111
26.0154
25.5101
24.9952
24.4709
23.9371
23.394
22.8417
22.2805
21.7107
21.1328
20.5477
19.9566
19.3612
20.584
20.2699
19.9552
19.6443
19.3429
19.0587
18.8021
18.5868
18.4298
18.3505
18.3696
18.5047
18.7674
19.1595
19.6738
20.296
21.009
21.7961
22.6419
23.5326
24.4549
25.3958
26.3416
27.2787
28.1944
29.077
29.9166
30.7044
31.4321
32.0919
32.6771
33.1827
33.6068
33.9503
34.2166
34.4107
34.5384
34.6057
34.6184
34.5822
34.502
34.3825
34.2277
34.0412
33.8264
33.5859
33.3223
33.0378
32.7342
32.4132
32.0761
31.7242
31.3585
30.9798
30.5888
30.1862
29.7724
29.3479
28.9129
28.4677
28.0125
27.5474
27.0726
26.5881
26.0939
25.5899
25.0762
24.5528
24.0197
23.4768
22.9243
22.3622
21.7909
21.2105
20.6219
20.0258
21.3056
21.0129
20.7172
20.4215
20.1298
19.8474
19.5813
19.341
19.139
18.9913
18.9171
18.9374
19.0728
19.3394
19.745
20.2877
20.9569
21.7362
22.6066
23.5482
24.5405
25.5624
26.5926
27.6105
28.5977
29.5391
30.4224
31.2382
31.9786
32.6378
33.212
33.6999
34.1029
34.4247
34.6704
34.8461
34.9582
35.0129
35.016
34.9729
34.8884
34.7668
34.6119
34.4272
34.2156
33.9797
33.7219
33.444
33.1479
32.8349
32.5065
32.1636
31.8071
31.438
31.0567
30.6639
30.2601
29.8455
29.4205
28.9853
28.5401
28.0851
27.6202
27.1456
26.6612
26.167
25.6629
25.1489
24.6248
24.0907
23.5463
22.9918
22.427
21.8522
21.2674
20.673
22.009
21.7432
21.473
21.2012
20.9307
20.6655
20.4106
20.1727
19.9607
19.7861
19.6643
19.614
19.6567
19.815
20.109
20.5524
21.1491
21.8921
22.765
23.7441
24.8003
25.9013
27.0141
28.1081
29.1576
30.1432
31.0518
31.8751
32.6082
33.2491
33.798
34.2573
34.6314
34.926
35.1473
35.302
35.3966
35.4372
35.4294
35.3782
35.2882
35.1635
35.0074
34.8233
34.6138
34.3813
34.1279
33.8554
33.5653
33.2591
32.9378
32.6025
32.254
31.893
31.5201
31.1358
30.7405
30.3346
29.9183
29.4918
29.0554
28.6091
28.1529
27.6869
27.2111
26.7254
26.2297
25.7238
25.2077
24.6813
24.1442
23.5964
23.0376
22.4679
21.8871
21.2951
22.6905
22.4561
22.217
21.9755
21.7345
21.4972
21.2677
21.0511
20.854
20.6851
20.5557
20.4807
20.4786
20.5713
20.783
21.137
21.6518
22.3363
23.1853
24.1784
25.2805
26.4464
27.6277
28.7801
29.8699
30.875
31.7835
32.5909
33.297
33.9043
34.4168
34.84
35.1803
35.4443
35.6391
35.7714
35.8474
35.873
35.8535
35.7935
35.6973
35.5686
35.4105
35.2261
35.0177
34.7875
34.5374
34.2691
33.984
33.6833
33.368
33.0391
32.6972
32.3431
31.9774
31.6003
31.2124
30.814
30.4052
29.9862
29.5573
29.1185
28.6697
28.2112
27.7427
27.2641
26.7754
26.2765
25.767
25.2469
24.7157
24.1734
23.6195
23.0538
22.476
21.8857
23.3472
23.1485
22.9452
22.7396
22.5346
22.3333
22.1395
21.9575
21.7931
21.653
21.5464
21.4848
21.4832
21.5601
21.7379
22.0416
22.4964
23.1232
23.9314
24.9114
26.0289
27.2285
28.4456
29.6222
30.7176
31.7095
32.59
33.3594
34.0222
34.5846
35.0534
35.436
35.7396
35.9717
36.139
36.2482
36.3053
36.3156
36.284
36.2148
36.112
35.9787
35.818
35.6325
35.4244
35.1957
34.948
34.683
34.4017
34.1055
33.7951
33.4715
33.1352
32.7869
32.4271
32.0562
31.6746
31.2824
30.88
30.4674
30.0448
29.6122
29.1697
28.7173
28.2547
27.782
27.299
26.8054
26.3011
25.7857
25.2589
24.7203
24.1696
23.6062
23.0295
22.4392
23.9762
23.8178
23.655
23.4905
23.3274
23.1689
23.0188
22.8816
22.7625
22.6677
22.6053
22.585
22.6192
22.7232
22.9159
23.2193
23.6577
24.2547
25.0271
25.9753
27.0715
28.2579
29.4606
30.613
31.6713
32.6158
33.4428
34.1566
34.7645
35.2748
35.6959
36.0357
36.3018
36.5015
36.6415
36.7278
36.766
36.761
36.7174
36.6389
36.5291
36.3909
36.2271
36.04
35.8315
35.6035
35.3575
35.0948
34.8166
34.5238
34.2174
33.8981
33.5664
33.2229
32.8681
32.5023
32.1258
31.7388
31.3416
30.9342
30.5168
30.0893
29.6517
29.204
28.7461
28.2778
27.7989
27.3091
26.8082
26.2957
25.7714
25.2345
24.6847
24.1212
23.5433
22.9501
24.5748
24.4613
24.3438
24.2256
24.1099
24.0004
23.9012
23.8169
23.7528
23.7154
23.712
23.7517
23.8455
24.0064
24.2501
24.5946
25.0592
25.6632
26.4208
27.3333
28.3777
29.5016
30.6345
31.712
32.6932
33.5617
34.3161
34.9623
35.5084
35.9632
36.3349
36.6316
36.8606
37.0286
37.1419
37.2059
37.2259
37.2061
37.1505
37.0628
36.946
36.8027
36.6354
36.4462
36.2368
36.0089
35.7638
35.5028
35.2268
34.9368
34.6334
34.3175
33.9895
33.6498
33.299
32.9373
32.5649
32.1821
31.789
31.3857
30.9722
30.5485
30.1146
29.6703
29.2156
28.7501
28.2736
27.7859
27.2865
26.7749
26.2507
25.713
25.1614
24.5948
24.0122
23.4126
25.1396
25.076
25.0091
24.9424
24.8797
24.8251
24.783
24.7585
24.7571
24.7856
24.8511
24.9623
25.1292
25.3632
25.677
26.0843
26.5987
27.232
27.9902
28.8686
29.8439
30.8719
31.8954
32.8625
33.7403
34.5154
35.1869
35.7599
36.2417
36.6403
36.9633
37.218
37.4112
37.5488
37.6366
37.6794
37.6819
37.6478
37.5808
37.484
37.3602
37.2117
37.0407
36.8491
36.6384
36.4101
36.1653
35.9053
35.6308
35.3427
35.0417
34.7283
34.4031
34.0664
33.7186
33.36
32.9907
32.611
32.2209
31.8205
31.4097
30.9886
30.557
30.1147
29.6615
29.1972
28.7214
28.2337
27.7336
27.2205
26.6937
26.1524
25.5956
25.0221
24.4307
23.8195
25.6659
25.6582
25.6474
25.6377
25.6335
25.6393
25.66
25.701
25.7683
25.8683
26.0084
26.1966
26.4418
26.7534
27.141
27.6138
28.1794
28.8417
29.5986
30.4383
31.3367
32.2576
33.1594
34.0055
34.7724
35.4497
36.0364
36.5361
36.9548
37.299
37.5754
37.7903
37.9497
38.0588
38.1226
38.1455
38.1314
38.0838
38.0059
37.9004
37.7697
37.616
37.4412
37.2469
37.0345
36.8053
36.5604
36.3008
36.0272
35.7403
35.4409
35.1293
34.806
34.4714
34.1257
33.7692
33.4021
33.0244
32.6361
32.2374
31.8281
31.4082
30.9773
30.5354
30.0822
29.6172
29.14
28.6501
28.1468
27.6294
27.0969
26.5483
25.9824
25.3974
24.7917
24.1628
26.1478
26.2025
26.254
26.3072
26.367
26.4384
26.5269
26.6379
26.7776
26.9523
27.1689
27.4345
27.7563
28.1413
28.5957
29.124
29.7282
30.4057
31.1483
31.9406
32.7596
33.5771
34.3641
35.0966
35.759
36.344
36.8504
37.281
37.6404
37.9338
38.1669
38.3449
38.473
38.5557
38.5973
38.6016
38.5722
38.5119
38.4237
38.3099
38.1726
38.0138
37.835
37.6379
37.4235
37.1931
36.9476
36.6878
36.4145
36.1283
35.8297
35.5192
35.197
34.8636
34.5192
34.1638
33.7977
33.4209
33.0334
32.6351
32.2259
31.8056
31.374
30.9308
30.4755
30.0077
29.5268
29.0321
28.5227
27.9977
27.4559
26.8958
26.3158
25.7136
25.0868
24.4321
26.5772
26.7017
26.8223
26.9444
27.0738
27.2157
27.376
27.5602
27.7743
28.0243
28.3159
28.6551
29.047
29.4958
30.0042
30.5726
31.1981
31.8742
32.5893
33.3274
34.069
34.7928
35.4791
36.1124
36.6827
37.1853
37.6196
37.9877
38.2933
38.5407
38.7344
38.8789
38.9785
39.0371
39.0585
39.0459
39.0023
38.9303
38.8325
38.7108
38.5672
38.4034
38.2208
38.0206
37.8041
37.5721
37.3255
37.0652
36.7916
36.5053
36.2069
35.8966
35.5749
35.2418
34.8976
34.5425
34.1763
33.7993
33.4112
33.0119
32.6014
32.1792
31.745
31.2985
30.8391
30.3661
29.8788
29.3763
28.8575
28.321
27.7654
27.1885
26.5883
25.9617
25.3053
24.6145
