29.4855
30.1752
30.815
31.4068
31.952
32.4531
32.9121
33.3313
33.7128
34.0586
34.3706
34.6508
34.9009
35.1224
35.3171
35.4861
35.6309
35.7529
35.8529
35.9322
35.9917
36.0325
36.0551
36.0606
36.0495
36.0225
35.9803
35.9233
35.8522
35.7672
35.6687
35.5573
35.433
35.2963
35.1473
34.9863
34.8134
34.6287
34.4324
34.2246
34.0052
33.7744
33.5321
33.2783
33.013
32.7361
32.4476
32.1474
31.8352
31.5109
31.1744
30.8254
30.4637
30.089
29.7011
29.2995
28.8839
28.454
28.0093
27.5493
27.0735
26.5814
26.0723
25.5457
25.0009
24.4373
23.854
23.2504
22.6259
21.9797
21.3116
20.6214
19.9096
19.1778
18.4297
17.6724
16.9203
16.2006
15.5655
15.1039
14.9293
15.1032
15.5698
16.2113
16.9355
17.6919
18.4542
19.2086
19.9479
20.6684
21.3682
22.047
22.7038
23.3389
23.9525
24.545
25.1158
25.6653
26.1936
26.6997
27.1834
27.6442
28.0805
28.4916
28.8752
29.2296
29.5516
29.8383
30.085
30.2864
30.4356
30.524
30.5402
30.4695
30.2923
29.9821
29.5027
28.803
27.8104
26.4196
24.4837
32.8097
33.3471
33.8373
34.2837
34.6893
35.0567
35.3881
35.686
35.9522
36.1888
36.3976
36.58
36.7376
36.8717
36.9836
37.0744
37.1453
37.1971
37.231
37.2476
37.2478
37.2323
37.2017
37.1567
37.0978
37.0256
36.9405
36.8429
36.7331
36.6116
36.4786
36.3343
36.1789
36.0127
35.8358
35.6483
35.4503
35.2419
35.0231
34.7939
34.5544
34.3045
34.0442
33.7734
33.492
33.1999
32.897
32.5832
32.2582
31.9219
31.574
31.2144
30.8427
30.4586
30.0619
29.6521
29.2289
28.7919
28.3406
27.8745
27.3931
26.8959
26.3823
25.8516
25.3033
24.7365
24.1506
23.5448
22.9186
22.2711
21.6021
20.9113
20.1991
19.4669
18.7177
17.9579
17.2
16.4683
15.8089
15.3035
15.0647
15.1715
15.59
16.2059
16.9186
17.671
18.4334
19.19
19.9328
20.6572
21.3618
22.0448
22.7062
23.3459
23.9645
24.5612
25.1369
25.6909
26.2234
26.7342
27.2225
27.6878
28.1291
28.5448
28.9337
29.2933
29.6213
29.9142
30.168
30.3773
30.5357
30.6349
30.664
30.609
30.4513
30.1663
29.7194
29.063
28.1291
26.8194
24.9939
35.3937
35.8101
36.1847
36.521
36.8216
37.0892
37.3259
37.5339
37.7148
37.8706
38.0026
38.1123
38.201
38.2696
38.3194
38.3513
38.3663
38.3652
38.3487
38.3175
38.2722
38.2136
38.1421
38.0582
37.9624
37.8551
37.7367
37.6074
37.4676
37.3176
37.1575
36.9875
36.8078
36.6185
36.4196
36.2114
35.9938
35.7667
35.5303
35.2846
35.0293
34.7645
34.4902
34.2062
33.9123
33.6085
33.2945
32.9703
32.6355
32.29
31.9336
31.5659
31.1867
30.7956
30.3923
29.9765
29.5477
29.1055
28.6495
28.1791
27.6939
27.1933
26.6766
26.1433
25.5927
25.024
24.4367
23.8299
23.2029
22.5552
21.8862
21.1956
20.4838
19.7518
19.0023
18.2409
17.4785
16.7367
16.0563
15.5114
15.2117
15.2501
15.616
16.2026
16.9019
17.6492
18.4111
19.1696
19.9157
20.6442
21.3532
22.0407
22.7068
23.3516
23.9745
24.5763
25.1563
25.7153
26.2524
26.768
27.2609
27.7311
28.1772
28.598
28.9921
29.3574
29.6914
29.9906
30.2516
30.469
30.6366
30.7465
30.7884
30.7488
30.6102
30.349
29.9331
29.3176
28.4389
27.2054
25.4862
37.4066
37.7347
38.025
38.2806
38.5043
38.6984
38.8651
39.0064
39.1239
39.2192
39.2937
39.3486
39.3849
39.4039
39.4064
39.3933
39.3653
39.3233
39.2678
39.1995
39.119
39.0268
38.9233
38.8089
38.6841
38.5493
38.4046
38.2504
38.0869
37.9143
37.7328
37.5426
37.3436
37.1361
36.92
36.6954
36.4623
36.2207
35.9705
35.7117
35.4441
35.1679
34.8826
34.5884
34.2849
33.9721
33.6498
33.3177
32.9756
32.6233
32.2604
31.8868
31.5022
31.106
30.6982
30.2781
29.8454
29.3998
28.9406
28.4675
27.9799
27.4771
26.9587
26.424
25.8723
25.3029
24.7151
24.1082
23.4814
22.8342
22.1659
21.4763
20.7655
20.0344
19.2853
18.523
17.7573
17.007
16.3084
15.7284
15.3716
15.3412
15.6503
16.2035
16.8871
17.6283
18.389
19.1492
19.8984
20.6309
21.3442
22.0364
22.7076
23.3569
23.985
24.5913
25.1766
25.7401
26.2823
26.8027
27.3006
27.7757
28.227
28.6532
29.0528
29.4237
29.7638
30.0698
30.338
30.5635
30.7404
30.8609
30.9153
30.8908
30.7707
30.5327
30.1462
29.5696
28.7431
27.5812
25.961
38.9945
39.2591
39.488
39.6846
39.8515
39.9911
40.1057
40.1969
40.2665
40.3159
40.3464
40.3593
40.3556
40.3362
40.302
40.2538
40.1923
40.1183
40.0323
39.9349
39.8265
39.7077
39.5789
39.4404
39.2926
39.1357
38.9702
38.7961
38.6138
38.4233
38.2247
38.0184
37.8041
37.5821
37.3524
37.1149
36.8696
36.6165
36.3556
36.0866
35.8097
35.5245
35.2309
34.9289
34.6183
34.2988
33.9702
33.6324
33.285
32.9278
32.5605
32.1828
31.7944
31.3949
30.984
30.5613
30.1263
29.6785
29.2177
28.7431
28.2542
27.7506
27.2315
26.6965
26.1447
25.5755
24.9881
24.382
23.7562
23.1102
22.4433
21.7553
21.0461
20.3164
19.5683
18.8059
18.0378
17.2806
16.5664
15.9552
15.5454
15.4469
15.6954
16.211
16.8763
17.6099
18.3688
19.1303
19.8825
20.619
21.3368
22.0337
22.7098
23.3641
23.9972
24.6089
25.1988
25.7677
26.315
26.8404
27.3434
27.8238
28.2804
28.712
29.1173
29.4944
29.8407
30.1536
30.4292
30.6629
30.849
30.9801
31.0469
31.0372
30.935
30.7192
30.3613
29.8217
29.0441
27.9495
26.4224
40.2635
40.4822
40.6664
40.8193
40.944
41.0427
41.1178
41.171
41.2039
41.218
41.2147
41.1949
41.1599
41.1104
41.0474
40.9716
40.8837
40.7843
40.674
40.5533
40.4227
40.2827
40.1335
39.9757
39.8094
39.635
39.4527
39.2627
39.0652
38.8603
38.6482
38.4289
38.2025
37.9691
37.7285
37.4809
37.2261
36.9641
36.6948
36.4181
36.1339
35.8421
35.5424
35.2347
34.9188
34.5945
34.2616
33.9198
33.5688
33.2084
32.8382
32.4581
32.0675
31.6661
31.2536
30.8295
30.3935
29.945
29.4835
29.0086
28.5197
28.0163
27.4977
26.9632
26.4123
25.8441
25.2581
24.6534
24.0294
23.3852
22.7204
22.0345
21.3275
20.5998
19.8531
19.0912
18.3216
17.5588
16.8314
16.1927
15.7342
15.569
15.7537
16.2272
16.8714
17.596
18.3523
19.1148
19.8698
20.6103
21.3325
22.0343
22.7155
23.3752
24.0132
24.6301
25.2256
25.7997
26.3523
26.8831
27.3915
27.8773
28.3394
28.7768
29.1881
29.5713
29.9242
30.2442
30.5273
30.7694
30.9647
31.1064
31.1854
31.1901
31.1054
30.9112
30.5803
30.0757
29.3452
28.3133
26.8734
41.2887
41.4741
41.6254
41.746
41.839
41.9068
41.9518
41.9757
41.9802
41.9669
41.937
41.8917
41.8319
41.7586
41.6727
41.5749
41.4658
41.346
41.2162
41.0769
40.9284
40.7712
40.6056
40.4321
40.251
40.0623
39.8665
39.6636
39.4539
39.2375
39.0145
38.785
38.5489
38.3064
38.0573
37.8018
37.5397
37.2708
36.9953
36.7128
36.4233
36.1266
35.8225
35.5109
35.1915
34.8641
34.5284
34.1841
33.8311
33.469
33.0974
32.7161
32.3247
31.9227
31.5099
31.0858
30.6498
30.2017
29.7408
29.2667
28.7788
28.2765
27.7593
27.2264
26.6771
26.1109
25.5269
24.9245
24.3028
23.6611
22.999
22.3157
21.6113
20.8861
20.1415
19.3807
18.6104
17.8433
17.1045
16.4419
15.9391
15.7095
15.8281
16.2549
16.8746
17.5885
18.3414
19.1044
19.8621
20.6065
21.3334
22.0402
22.7265
23.3916
24.0354
24.6578
25.2588
25.8384
26.3963
26.9327
27.447
27.9385
28.4068
28.8501
29.2675
29.6571
30.0168
30.3438
30.6346
30.8853
31.09
31.2422
31.3333
31.3522
31.2844
31.1109
30.8061
30.3346
29.648
28.6755
27.3174
42.1237
42.2852
42.4124
42.509
42.578
42.6223
42.6441
42.6453
42.6277
42.5929
42.542
42.4763
42.3969
42.3046
42.2003
42.0847
41.9585
41.8223
41.6767
41.5221
41.359
41.1879
41.0091
40.8228
40.6294
40.4293
40.2224
40.0092
39.7897
39.564
39.3323
39.0946
38.8509
38.6013
38.3457
38.084
37.8164
37.5425
37.2623
36.9757
36.6826
36.3826
36.0757
35.7617
35.4402
35.1111
34.7741
34.4289
34.0752
33.7127
33.341
32.9598
32.5688
32.1675
31.7555
31.3324
30.8978
30.4511
29.9919
29.5196
29.0336
28.5335
28.0185
27.488
26.9413
26.3778
25.7966
25.1971
24.5785
23.9399
23.281
22.601
21.8997
21.1775
20.4354
19.6763
18.9059
18.1355
17.3874
16.7039
16.1613
15.8703
15.921
16.2967
16.8883
17.5897
18.3382
19.1012
19.8615
20.6098
21.3414
22.0537
22.7451
23.4159
24.0653
24.6935
25.3003
25.8858
26.4498
26.9921
27.5124
28.0102
28.4843
28.934
29.3578
29.7541
30.121
30.4553
30.7541
31.0131
31.2273
31.3901
31.4932
31.5259
31.4746
31.3211
31.041
30.6015
29.956
29.0398
27.7577
42.8077
42.9522
43.0618
43.1405
43.1916
43.2179
43.2218
43.2053
43.1704
43.1185
43.051
42.9691
42.8738
42.7661
42.6469
42.5169
42.3768
42.2272
42.0686
41.9016
41.7266
41.5441
41.3543
41.1576
40.9543
40.7447
40.529
40.3073
40.0799
39.8468
39.6081
39.364
39.1143
38.8593
38.5987
38.3326
38.0609
37.7835
37.5002
37.2109
36.9155
36.6137
36.3054
35.9903
35.6681
35.3386
35.0016
34.6567
34.3035
33.9419
33.5713
33.1915
32.802
32.4025
31.9925
31.5716
31.1394
30.6952
30.2386
29.7691
29.2861
28.789
28.2772
27.7501
27.2068
26.6467
26.0692
25.4733
24.8584
24.2237
23.5685
22.8923
22.1948
21.476
20.7369
19.98
19.2103
18.4378
17.6819
16.9804
16.4021
16.0534
16.0356
16.3558
16.9153
17.602
18.345
19.1076
19.8702
20.6224
21.3588
22.0766
22.7741
23.4507
24.1062
24.7404
25.3534
25.9451
26.5153
27.0639
27.5905
28.0947
28.5752
29.0315
29.462
29.8655
30.2394
30.5813
30.8883
31.156
31.3797
31.5529
31.6678
31.7142
31.6789
31.5447
31.2884
30.8787
30.2727
29.4083
28.1976
43.3696
43.5024
43.5995
43.665
43.7026
43.7152
43.7053
43.6751
43.6264
43.561
43.4801
43.3851
43.277
43.1569
43.0256
42.8838
42.7322
42.5716
42.4024
42.2251
42.0403
41.8483
41.6495
41.4443
41.2328
41.0155
40.7925
40.564
40.3302
40.0912
39.8471
39.598
39.3438
39.0847
38.8205
38.5513
38.2769
37.9972
37.7121
37.4214
37.125
36.8227
36.5141
36.1992
35.8776
35.549
35.2131
34.8697
34.5183
34.1587
33.7904
33.4131
33.0264
32.6298
32.2229
31.8053
31.3764
30.9358
30.4829
30.0173
29.5382
29.0452
28.5375
28.0145
27.4755
26.9198
26.3467
25.7552
25.1448
24.5146
23.8638
23.1921
22.4987
21.784
21.0485
20.2944
19.526
18.7522
17.9902
17.2733
16.6634
16.2609
16.1749
16.4356
16.9589
17.6283
18.3646
19.1262
19.891
20.6472
21.3886
22.1121
22.8155
23.4984
24.1603
24.801
25.4205
26.0191
26.5959
27.1512
27.6844
28.1953
28.6827
29.1458
29.5836
29.9941
30.3756
30.7254
31.0405
31.317
31.5501
31.7337
31.8603
31.9199
31.9001
31.7844
31.5507
31.1697
30.6002
29.7847
28.6407
43.8315
43.9566
44.0449
44.101
44.1286
44.1307
44.1102
44.0692
44.0097
43.9335
43.8419
43.7363
43.6178
43.4874
43.3461
43.1946
43.0336
42.8638
42.6858
42.5001
42.3071
42.1073
41.901
41.6887
41.4706
41.2469
41.018
40.7841
40.5452
40.3015
40.0532
39.8003
39.5428
39.2808
39.0142
38.7429
38.467
38.1862
37.9004
37.6095
37.3133
37.0116
36.704
36.3904
36.0705
35.7439
35.4104
35.0696
34.7212
34.3648
33.9999
33.6263
33.2434
32.8509
32.4482
32.035
31.6106
31.1747
30.7266
30.2658
29.7918
29.3037
28.8012
28.2834
27.7496
27.1992
26.6313
26.0452
25.44
24.8151
24.1695
23.5028
22.8144
22.1043
21.373
20.6222
19.856
19.0818
18.315
17.5851
16.9473
16.4954
16.3424
16.5402
17.0228
17.6721
18.4004
19.1604
19.9272
20.6874
21.434
22.1633
22.8732
23.5627
24.2314
24.8793
25.5058
26.1111
26.6953
27.2575
27.7978
28.3158
28.8103
29.2809
29.7258
30.1439
30.5329
30.8907
31.214
31.4993
31.7419
31.9357
32.0737
32.1462
32.1414
32.0434
31.8312
31.477
30.9419
30.1721
29.0901
44.2102
44.3307
44.4133
44.4627
44.483
44.4773
44.4486
44.3992
44.3311
44.2462
44.1459
44.0317
43.9047
43.7659
43.6164
43.4568
43.288
43.1105
42.9251
42.7323
42.5325
42.3262
42.1137
41.8955
41.6719
41.4431
41.2094
40.971
40.7281
40.4808
40.2293
39.9737
39.7139
39.45
39.182
38.9098
38.6333
38.3525
38.0671
37.777
37.4821
37.182
36.8765
36.5654
36.2483
35.9249
35.5949
35.258
34.9136
34.5615
34.2013
33.8325
33.4546
33.0673
32.67
32.2623
31.8437
31.4135
30.9714
30.5166
30.0485
29.5667
29.0703
28.5588
28.0313
27.4871
26.9255
26.3456
25.7467
25.1279
24.4884
23.8275
23.1448
22.4401
21.7136
20.967
20.2035
19.4299
18.6597
17.919
17.2569
16.7599
16.542
16.6742
17.1115
17.7376
18.4563
19.2139
19.9824
20.7468
21.4988
22.2344
22.951
23.6476
24.3239
24.979
25.6129
26.2259
26.8172
27.3872
27.9349
28.4603
28.9622
29.4403
29.8926
30.3183
30.7153
31.0809
31.4126
31.7066
31.9583
32.1622
32.3112
32.3962
32.4056
32.3244
32.1327
31.8038
31.3011
30.5739
29.5497
44.5189
44.6371
44.7163
44.7613
44.7763
44.7649
44.73
44.674
44.5991
44.5072
44.3999
44.2787
44.1446
43.9989
43.8424
43.676
43.5006
43.3168
43.1252
42.9263
42.7208
42.509
42.2913
42.0683
41.84
41.607
41.3694
41.1275
40.8815
40.6315
40.3777
40.1202
39.8589
39.5941
39.3255
39.0533
38.7773
38.4973
38.2134
37.9251
37.6325
37.3351
37.0328
36.7253
36.4121
36.0931
35.7677
35.4357
35.0967
34.7502
34.3957
34.0329
33.6613
33.2804
32.8898
32.4888
32.077
31.6539
31.2188
30.7713
30.3105
29.836
29.3471
28.8429
28.3229
27.7861
27.2319
26.6594
26.0677
25.4561
24.8236
24.1696
23.4935
22.7949
22.0742
21.3325
20.5727
19.8007
19.0285
18.2788
17.5959
17.0582
16.7783
16.8431
17.2305
17.8298
18.5371
19.2916
20.0616
20.8301
21.5879
22.3301
23.054
23.7585
24.4422
25.1054
25.7472
26.3681
26.9673
27.5451
28.1004
28.6335
29.143
29.6286
30.0888
30.5219
30.9265
31.3001
31.6399
31.9422
32.2029
32.4165
32.576
32.6727
32.6956
32.6302
32.4574
32.1521
31.6794
30.9916
30.0206
44.7677
44.8856
44.9631
45.0055
45.017
45.0014
44.9617
44.9006
44.8204
44.7229
44.6099
44.4827
44.3428
44.1912
44.0289
43.8569
43.6759
43.4866
43.2897
43.0857
42.8753
42.6588
42.4368
42.2096
41.9776
41.7411
41.5003
41.2556
41.0072
40.7552
40.4999
40.2412
39.9793
39.7142
39.446
39.1746
38.8999
38.6217
38.3401
38.0546
37.7653
37.4717
37.1736
36.8707
36.5627
36.2491
35.9296
35.6038
35.2712
34.9315
34.5841
34.2286
33.8645
33.4914
33.1086
32.7157
32.3122
31.8974
31.4707
31.0317
30.5796
30.1137
29.6335
29.1381
28.6268
28.0988
27.5533
26.9894
26.4063
25.8031
25.1789
24.5329
23.8645
23.1733
22.4593
21.7235
20.9684
20.1992
19.4262
18.6698
17.9691
17.3952
17.0567
17.0532
17.3863
17.955
18.6488
19.3992
20.1705
20.9432
21.7071
22.4564
23.1883
23.9005
24.5924
25.2639
25.9144
26.5431
27.1507
27.7362
28.2997
28.8405
29.3576
29.8507
30.3183
30.759
31.171
31.552
31.8995
32.2099
32.479
32.7015
32.8708
32.9784
33.0138
32.963
32.8079
32.5241
32.0792
31.4278
30.5059
44.9648
45.0839
45.1611
45.2021
45.2115
45.1929
45.1498
45.0848
45.0002
44.8982
44.7804
44.6485
44.5036
44.347
44.1798
44.0029
43.817
43.623
43.4215
43.2132
42.9985
42.7781
42.5523
42.3216
42.0863
41.8469
41.6036
41.3567
41.1065
40.8531
40.5968
40.3377
40.0758
39.8112
39.544
39.2741
39.0015
38.726
38.4476
38.1659
37.8808
37.592
37.2992
37.0021
36.7003
36.3934
36.081
35.7626
35.4379
35.1062
34.7673
34.4204
34.0653
33.7012
33.3278
32.9444
32.5504
32.1454
31.7287
31.2997
30.8577
30.402
29.932
29.4469
28.9458
28.4281
27.8929
27.3391
26.7661
26.1728
25.5583
24.9218
24.2625
23.58
22.8741
22.1456
21.3964
20.6312
19.8591
19.0981
18.3826
17.777
17.384
17.3123
17.587
18.1209
18.7989
19.5443
20.3163
21.0934
21.8635
22.6202
23.3602
24.0809
24.7818
25.4616
26.1205
26.758
27.3735
27.9672
28.5385
29.0868
29.6115
30.1115
30.5861
31.0337
31.4526
31.8406
32.195
32.5126
32.7893
33.0198
33.1979
33.3154
33.3621
33.3245
33.1853
32.9216
32.5021
31.8837
31.0069
45.1166
45.238
45.3162
45.3569
45.3651
45.3446
45.2989
45.2308
45.1429
45.0371
44.9154
44.7793
44.6303
44.4694
44.2979
44.1167
43.9266
43.7285
43.523
43.3108
43.0924
42.8684
42.6393
42.4056
42.1676
41.9257
41.6803
41.4317
41.1802
40.9259
40.6691
40.41
40.1487
39.8852
39.6197
39.3521
39.0823
38.8103
38.5359
38.2589
37.979
37.6961
37.4097
37.1196
36.8252
36.5262
36.2222
35.9126
35.597
35.2749
34.9457
34.609
34.2642
33.9108
33.5482
33.1759
32.7932
32.3995
31.9944
31.577
31.1468
30.7029
30.2449
29.7717
29.2827
28.7771
28.2538
27.7121
27.1509
26.5694
25.9664
25.3412
24.6928
24.0207
23.3247
22.6051
21.8636
21.1041
20.3348
19.5712
18.8442
18.2112
17.7684
17.6296
17.8425
18.3372
18.9966
19.7356
20.5081
21.2893
22.0659
22.8304
23.5787
24.308
25.0177
25.7065
26.3739
27.0193
27.643
28.2443
28.8228
29.3781
29.9094
30.416
30.8968
31.3504
31.7752
32.169
32.5294
32.8531
33.1361
33.3734
33.559
33.685
33.7414
33.7155
33.5907
33.3446
32.948
32.3604
31.5242
45.2284
45.353
45.4329
45.4742
45.482
45.4603
45.4128
45.3424
45.2517
45.1429
45.0178
44.8782
44.7255
44.5609
44.3855
44.2005
44.0066
43.8048
43.5956
43.3799
43.1582
42.9311
42.699
42.4626
42.2221
41.9781
41.731
41.4809
41.2284
40.9736
40.7168
40.4582
40.1979
39.9361
39.6728
39.4081
39.1418
38.8741
38.6046
38.3332
38.0596
37.7836
37.5047
37.2227
36.937
36.6473
36.353
36.0536
35.7487
35.4376
35.1198
34.7948
34.462
34.1209
33.7708
33.4112
33.0414
32.661
32.2691
31.8652
31.4486
31.0186
30.5744
30.1152
29.6403
29.1487
28.6396
28.112
27.5648
26.9972
26.408
25.7963
25.1612
24.5018
23.8177
23.1092
22.3776
21.6262
20.8619
20.0986
19.3633
18.7075
18.2201
18.0166
18.1649
18.6158
19.2536
19.9846
20.7566
21.5418
22.3247
23.0969
23.8535
24.5917
25.3095
26.0066
26.682
27.3352
27.9659
28.5739
29.1587
29.7197
30.2566
30.7683
31.2539
31.7122
32.1414
32.5397
32.9045
33.2327
33.5207
33.7633
33.9548
34.0876
34.1521
34.1361
34.0233
33.7931
33.4171
32.8564
32.0582
45.3042
45.4327
45.5151
45.5576
45.5656
45.5433
45.4945
45.4223
45.3293
45.2178
45.0899
44.9471
44.7911
44.6231
44.4444
44.2558
44.0585
43.8532
43.6407
43.4217
43.1968
42.9667
42.732
42.493
42.2503
42.0044
41.7556
41.5044
41.2511
40.9961
40.7395
40.4817
40.2229
39.9631
39.7026
39.4414
39.1794
38.9166
38.6528
38.3879
38.1216
37.8536
37.5835
37.3109
37.0352
36.7562
36.4731
36.1854
35.8927
35.5942
35.2895
34.9779
34.6588
34.3318
33.996
33.651
33.2961
32.9307
32.5541
32.1658
31.7649
31.3508
30.9226
30.4797
30.0211
29.546
29.0534
28.5424
28.0119
27.4608
26.8881
26.2927
25.6735
25.0296
24.3605
23.6661
22.9473
22.2068
21.4505
20.6907
19.9512
19.2776
18.7514
18.4868
18.569
18.9716
19.584
20.3051
21.0755
21.8638
22.6525
23.4317
24.1959
24.9419
25.6675
26.3717
27.0536
27.713
28.3492
28.9622
29.5514
30.1165
30.6569
31.1719
31.6604
32.1214
32.5532
32.9541
33.3214
33.6523
33.9432
34.1892
34.3847
34.5224
34.5931
34.5848
34.4824
34.2653
33.9072
33.3708
32.6064
45.3474
45.4804
45.5657
45.6099
45.6185
45.596
45.5463
45.4726
45.3777
45.264
45.1334
44.9878
44.8288
44.6576
44.4756
44.2838
44.0831
43.8745
43.6588
43.4366
43.2088
42.9758
42.7383
42.4969
42.2521
42.0043
41.7541
41.5018
41.2479
40.9927
40.7365
40.4798
40.2226
39.9653
39.708
39.4508
39.1936
38.9365
38.6793
38.4218
38.1638
37.9049
37.6448
37.3829
37.1188
36.8518
36.5815
36.3072
36.0284
35.7443
35.4544
35.158
34.8546
34.5435
34.224
33.8956
33.5576
33.2094
32.8503
32.4797
32.0968
31.7009
31.2912
30.867
30.4273
29.9714
29.4981
29.0066
28.4957
27.9643
27.4112
26.8354
26.2356
25.6108
24.9603
24.2837
23.5815
22.8558
22.1118
21.3599
20.6209
19.9353
19.3769
19.0563
19.0721
19.4222
20.0051
20.7134
21.4804
22.2703
23.0632
23.848
24.6182
25.3699
26.101
26.81
27.4963
28.1592
28.7985
29.4139
30.0053
30.5718
31.1131
31.6287
32.1177
32.5791
33.011
33.4118
33.7795
34.1108
34.4022
34.6496
34.8469
34.9875
35.0622
35.0596
34.9652
34.7593
34.4163
33.9018
33.1672
45.3607
45.4985
45.5871
45.6333
45.6428
45.6205
45.5701
45.4953
45.3986
45.2828
45.1498
45.0015
44.8396
44.6654
44.4802
44.2851
44.0812
43.8693
43.6503
43.425
43.1941
42.9583
42.7181
42.4742
42.2271
41.9774
41.7256
41.4722
41.2176
40.9623
40.7067
40.4511
40.1958
39.9412
39.6874
39.4346
39.1828
38.932
38.6822
38.4331
38.1844
37.9359
37.6869
37.4372
37.186
36.9328
36.6769
36.4177
36.1546
35.8867
35.6136
35.3344
35.0486
34.7554
34.4544
34.1447
33.8258
33.497
33.1577
32.8072
32.4447
32.0696
31.681
31.2782
30.8604
30.4265
29.9757
29.5068
29.0189
28.5107
27.9811
27.4288
26.8525
26.2511
25.6237
24.9695
24.2889
23.5833
22.8568
22.1184
21.3862
20.6957
20.1132
19.7435
19.6947
19.9884
20.5371
21.2289
21.9892
22.7779
23.5722
24.3595
25.1324
25.8865
26.6195
27.3302
28.017
28.6799
29.3185
29.9327
30.5221
31.0868
31.6259
32.1389
32.6253
33.0837
33.5128
33.9112
34.2762
34.6055
34.8952
35.1414
35.3383
35.4794
35.556
35.557
35.4682
35.2712
34.9412
34.4452
33.7377
45.3461
45.489
45.5812
45.6296
45.6403
45.6182
45.5674
45.4914
45.3932
45.2753
45.1399
44.989
44.8242
44.6469
44.4585
44.2602
44.0529
43.8377
43.6154
43.3868
43.1527
42.9138
42.6707
42.4241
42.1746
41.9228
41.6693
41.4145
41.1591
40.9036
40.6483
40.3939
40.1405
39.8887
39.6386
39.3906
39.1447
38.9009
38.6591
38.4193
38.181
37.9439
37.7076
37.4714
37.2348
36.997
36.7573
36.5151
36.2695
36.0199
35.7654
35.5055
35.2394
34.9664
34.6859
34.3972
34.0997
33.7927
33.4756
33.1476
32.8082
32.4565
32.0918
31.7134
31.3203
30.9117
30.4866
30.044
29.5828
29.1017
28.5997
28.0753
27.5272
26.9543
26.3553
25.7294
25.0764
24.3972
23.6952
22.9778
22.2605
21.5742
20.9774
20.5679
20.4585
20.6934
21.2024
21.8724
22.6213
23.4038
24.1945
24.9791
25.7495
26.5009
27.2304
27.9367
28.619
29.2768
29.9102
30.5185
31.1019
31.6604
32.1931
32.6997
33.1799
33.6321
34.0555
34.448
34.8078
35.1321
35.4176
35.6602
35.8544
35.9938
36.07
36.0724
35.9873
35.7968
35.4774
34.9976
34.3147
45.3052
45.4536
45.5494
45.6002
45.6121
45.5903
45.5391
45.462
45.3622
45.2423
45.1045
44.9509
44.7831
44.6026
44.4109
44.2092
43.9984
43.7796
43.5537
43.3216
43.0841
42.8418
42.5955
42.3459
42.0936
41.8393
41.5837
41.3273
41.0707
40.8146
40.5595
40.3059
40.0544
39.8053
39.5591
39.316
39.0762
38.8399
38.607
38.3772
38.1504
37.9261
37.7037
37.4827
37.2622
37.0416
36.82
36.5966
36.3706
36.1412
35.9076
35.669
35.4247
35.1741
34.9164
34.651
34.3771
34.0943
33.8018
33.499
33.1852
32.8597
32.5217
32.1706
31.8054
31.4253
31.0294
30.6167
30.186
29.7363
29.2662
28.7746
28.2599
27.721
27.1565
26.5654
25.9473
25.3025
24.6336
23.9465
23.2542
22.5833
21.985
21.5478
21.3852
21.5605
22.0239
22.6649
23.395
24.1637
24.9429
25.7168
26.4767
27.2175
27.9361
28.6314
29.3027
29.9491
30.5709
31.1682
31.7404
32.2879
32.8098
33.3063
33.7761
34.2188
34.6328
35.0167
35.3682
35.685
35.9638
36.2002
36.3895
36.5251
36.5989
36.6007
36.5173
36.3315
36.0207
35.5549
34.8932
45.2395
45.3932
45.4928
45.546
45.5592
45.5377
45.486
45.4077
45.3062
45.1841
45.0438
44.8873
44.7164
44.5326
44.3373
44.1318
43.9173
43.6946
43.4648
43.2288
42.9874
42.7413
42.4913
42.2382
41.9827
41.7254
41.4671
41.2085
40.9503
40.6931
40.4377
40.1846
39.9345
39.6879
39.4454
39.2073
38.9739
38.7454
38.5219
38.3031
38.0887
37.8783
37.6713
37.4669
37.2644
37.0628
36.8611
36.6586
36.4542
36.2471
36.0364
35.8214
35.6012
35.375
35.1424
34.9024
34.6546
34.3983
34.1328
33.8576
33.5719
33.2752
32.9667
32.6457
32.3115
31.9631
31.5998
31.2205
30.8243
30.41
29.9764
29.5223
29.0464
28.5473
28.0237
27.4746
26.8992
26.2975
25.6715
25.0258
24.3711
23.7297
23.1453
22.6965
22.4919
22.6095
23.0212
23.6237
24.3243
25.0679
25.8242
26.5765
27.3153
28.0356
28.7342
29.4101
30.0622
30.6902
31.2944
31.8742
32.4301
32.9614
33.4684
33.9502
34.4062
34.8358
35.2375
35.6096
35.9504
36.2571
36.5267
36.755
36.9373
37.0672
37.1368
37.1362
37.0527
36.8697
36.5657
36.1119
35.4693
45.1497
45.309
45.4123
45.4678
45.4822
45.4609
45.4085
45.329
45.2256
45.1011
44.958
44.7984
44.624
44.4365
44.2374
44.0278
43.8091
43.5821
43.348
43.1075
42.8617
42.6112
42.357
42.0997
41.8402
41.5792
41.3176
41.056
40.7953
40.5363
40.2798
40.0265
39.7772
39.5327
39.2935
39.0602
38.8332
38.6128
38.3991
38.1919
37.9909
37.7957
37.6054
37.4193
37.2364
37.0557
36.876
36.6963
36.5157
36.333
36.1473
35.9579
35.7638
35.5643
35.3588
35.1465
34.9268
34.6992
34.463
34.2176
33.9624
33.6969
33.4204
33.1322
32.8316
32.5179
32.1902
31.8477
31.4894
31.1143
30.7214
30.3094
29.8771
29.4234
28.9469
28.4467
27.9218
27.3725
26.7996
26.2072
25.604
25.0082
24.4564
24.0155
23.7852
23.8505
24.2047
24.757
25.4137
26.1171
26.836
27.5528
28.258
28.9462
29.6148
30.2617
30.8868
31.4891
32.0689
32.6257
33.1599
33.6706
34.1581
34.6217
35.0605
35.4738
35.8602
36.2183
36.5459
36.8404
37.0989
37.3173
37.4909
37.6134
37.6774
37.673
37.588
37.4066
37.1079
36.6645
36.039
45.0367
45.2014
45.3084
45.3661
45.3815
45.3602
45.307
45.2259
45.1204
44.9932
44.847
44.6839
44.5057
44.3142
44.1107
43.8966
43.6731
43.4413
43.2022
42.9567
42.7057
42.4502
42.1909
41.9286
41.6643
41.3987
41.1326
40.8671
40.603
40.3411
40.0824
39.828
39.5786
39.3352
39.0986
38.8695
38.6486
38.4363
38.2326
38.0376
37.8509
37.672
37.4999
37.3337
37.1722
37.0142
36.8585
36.7037
36.5488
36.3926
36.234
36.0722
35.9062
35.7354
35.5589
35.3762
35.1866
34.9896
34.7845
34.571
34.3483
34.1161
33.8737
33.6204
33.3558
33.079
32.7895
32.4864
32.1689
31.8362
31.4872
31.1211
30.7366
30.3329
29.9087
29.4633
28.996
28.5067
27.9967
27.4689
26.9308
26.3971
25.8975
25.487
25.2513
25.2746
25.5674
26.0557
26.6514
27.2971
27.9619
28.6283
29.2866
29.9315
30.5597
31.1692
31.7595
32.3297
32.8792
33.4081
33.916
34.4023
34.8669
35.309
35.7279
36.1224
36.4915
36.8333
37.1459
37.4267
37.6726
37.8797
38.0433
38.1574
38.2145
38.2053
38.1178
37.9366
37.6421
37.2078
36.5985
44.9008
45.0709
45.1814
45.2411
45.2573
45.2357
45.1814
45.0985
44.9904
44.8603
44.7106
44.5435
44.3611
44.1649
43.9566
43.7374
43.5085
43.2712
43.0263
42.775
42.5181
42.2565
41.9912
41.7229
41.4526
41.1812
40.9096
40.6388
40.3699
40.1037
39.8416
39.5845
39.3336
39.0901
38.855
38.6293
38.4137
38.209
38.0154
37.8329
37.6611
37.4995
37.3469
37.2022
37.064
36.9307
36.8009
36.6731
36.5459
36.4181
36.2886
36.1563
36.0203
35.8798
35.7341
35.5826
35.4247
35.2599
35.0876
34.9074
34.7188
34.5214
34.3145
34.0978
33.8707
33.6327
33.383
33.1212
32.8465
32.5582
32.2555
31.9376
31.6037
31.2529
30.8846
30.4981
30.093
29.6696
29.2291
28.7745
28.3122
27.8544
27.4248
27.0665
26.8482
26.8437
27.0743
27.4861
28.0038
28.575
29.1704
29.7732
30.3734
30.9652
31.5449
32.1103
32.6597
33.1925
33.7077
34.2048
34.6831
35.1422
35.5814
36
36.397
36.7712
37.1213
37.4456
37.742
38.008
38.2403
38.4353
38.5881
38.6929
38.7425
38.7278
38.637
38.4556
38.1645
37.7381
37.1435
44.7423
44.9176
45.0315
45.093
45.1096
45.0875
45.0317
44.9465
44.8356
44.702
44.5483
44.3768
44.1895
43.9881
43.7743
43.5492
43.3143
43.0706
42.8192
42.5611
42.2973
42.0286
41.756
41.4805
41.2029
40.9242
40.6455
40.3679
40.0924
39.8202
39.5527
39.2911
39.0369
38.7915
38.5561
38.3322
38.1208
37.9228
37.7388
37.5688
37.4125
37.269
37.1373
37.0157
36.9025
36.7959
36.694
36.5952
36.4977
36.4003
36.3015
36.2004
36.0959
35.9873
35.8738
35.7549
35.6299
35.4985
35.3601
35.2143
35.0608
34.8991
34.7288
34.5495
34.3608
34.1622
33.9533
33.7335
33.5024
33.2593
33.0037
32.735
32.4526
32.156
31.8448
31.5186
31.1775
30.8221
30.454
30.0764
29.6949
29.3203
28.9714
28.6809
28.4995
28.4838
28.6568
28.9858
29.4148
29.9007
30.4171
30.948
31.4831
32.0161
32.5424
33.0594
33.565
34.0575
34.5356
34.9988
35.4459
35.8762
36.2888
36.6827
37.0568
37.4098
37.7404
38.0465
38.3262
38.5768
38.7952
38.9776
39.1193
39.2146
39.2563
39.2356
39.1414
38.9594
38.6709
38.2524
37.6713
44.5613
44.7417
44.8587
44.9217
44.9384
44.9153
44.8577
44.7698
44.6555
44.5178
44.3596
44.1831
43.9903
43.783
43.5629
43.3313
43.0894
42.8384
42.5794
42.3135
42.0415
41.7645
41.4834
41.1991
40.9126
40.625
40.3373
40.0507
39.7666
39.4861
39.2108
38.9423
38.6823
38.4324
38.1944
37.97
37.7608
37.5681
37.3925
37.2346
37.0938
36.9694
36.8597
36.7629
36.6766
36.5987
36.5268
36.4589
36.3931
36.3277
36.2614
36.193
36.1214
36.0459
35.9658
35.8804
35.7893
35.6919
35.5881
35.4773
35.3593
35.2337
35.1002
34.9586
34.8084
34.6493
34.481
34.3031
34.1152
33.917
33.7079
33.4877
33.256
33.0126
32.7572
32.4901
32.2115
31.9225
31.625
31.3222
31.0199
30.7272
30.4593
30.2405
30.1054
30.0923
30.2197
30.472
30.8143
31.2149
31.6517
32.1097
32.5788
33.0519
33.5243
33.992
34.4528
34.9045
35.3456
35.7745
36.1902
36.5915
36.9773
37.3465
37.6977
38.0295
38.3404
38.6286
38.8916
39.1269
39.3314
39.5013
39.632
39.7177
39.7517
39.7252
39.6274
39.4445
39.159
38.7475
38.18
44.3579
44.5431
44.6628
44.727
44.7435
44.719
44.659
44.5679
44.4496
44.3074
44.1439
43.9617
43.7628
43.5488
43.3216
43.0824
42.8326
42.5733
42.3057
42.0306
41.7492
41.4623
41.1711
40.8763
40.5791
40.2804
39.9816
39.6838
39.3884
39.0968
38.8108
38.5322
38.263
38.0053
37.7614
37.5333
37.3234
37.1333
36.9645
36.8175
36.6922
36.5873
36.5009
36.4304
36.3731
36.326
36.2863
36.2514
36.2191
36.1876
36.1554
36.1211
36.0836
36.0423
35.9963
35.9452
35.8885
35.8258
35.7567
35.6811
35.5986
35.509
35.4122
35.3077
35.1955
35.0752
34.9466
34.8095
34.6636
34.5087
34.3444
34.1707
33.9874
33.7944
33.5919
33.3802
33.16
32.9326
32.7001
32.4658
32.2351
32.0159
31.8204
31.6662
31.5761
31.5737
31.6722
31.8659
32.1364
32.4628
32.8282
33.2195
33.6272
34.0442
34.4653
34.8865
35.3046
35.7173
36.1225
36.5185
36.9039
37.2772
37.6372
37.9825
38.3116
38.6231
38.915
39.1856
39.4326
39.6532
39.8443
40.0022
40.1222
40.1988
40.2253
40.1933
40.0921
39.9087
39.6258
39.2217
38.6669
44.1318
44.3216
44.4438
44.5087
44.5246
44.4982
44.4353
44.3404
44.2176
44.0701
43.9008
43.7122
43.5062
43.2848
43.0495
42.8018
42.543
42.2742
41.9966
41.7111
41.4188
41.1205
40.8173
40.5101
40.2
39.888
39.5755
39.2635
38.9538
38.6478
38.3475
38.0548
37.7723
37.5023
37.2479
37.0117
36.7968
36.6058
36.4407
36.3028
36.192
36.1069
36.045
36.0029
35.9769
35.963
35.9578
35.9582
35.9616
35.9659
35.9693
35.9705
35.9684
35.9622
35.9512
35.9349
35.913
35.8851
35.851
35.8105
35.7633
35.7094
35.6485
35.5805
35.5052
35.4226
35.3323
35.2344
35.1286
35.0149
34.893
34.7629
34.6248
34.4786
34.3246
34.1636
33.9962
33.8241
33.6493
33.4751
33.3063
33.1496
33.0146
32.914
32.8626
32.875
32.9599
33.1165
33.3357
33.6052
33.9128
34.2484
34.6034
34.9713
35.3469
35.7261
36.1056
36.4825
36.8548
37.2205
37.5779
37.9252
38.2611
38.584
38.8924
39.1848
39.459
39.7132
39.9451
40.1518
40.3304
40.477
40.5871
40.6553
40.6749
40.6378
40.5338
40.3502
40.0703
39.6733
39.1312
43.883
44.0771
44.2014
44.2667
44.2814
44.2527
44.1863
44.0871
43.9591
43.8057
43.6298
43.4339
43.2201
42.9902
42.7459
42.4887
42.2197
41.9402
41.6512
41.3538
41.0489
40.7374
40.4203
40.0985
39.7732
39.4453
39.1161
38.7869
38.4592
38.1349
37.8158
37.5044
37.2033
36.9155
36.6446
36.3942
36.1683
35.9708
35.805
35.673
35.5752
35.51
35.4741
35.4627
35.4707
35.4931
35.5255
35.5639
35.6054
35.6476
35.6885
35.7268
35.7614
35.7914
35.8163
35.8356
35.8491
35.8564
35.8573
35.8518
35.8397
35.821
35.7955
35.7631
35.7239
35.6776
35.6243
35.5639
35.4962
35.4213
35.3392
35.2498
35.1535
35.0503
34.9408
34.8256
34.7057
34.5827
34.4586
34.3365
34.2206
34.1166
34.0317
33.975
33.9566
33.9858
34.0684
34.2053
34.3923
34.6223
34.8873
35.1796
35.4924
35.8198
36.1572
36.5004
36.8463
37.1921
37.5353
37.8738
38.2059
38.5299
38.844
39.1466
39.4363
39.711
39.969
40.2082
40.4262
40.6203
40.7874
40.9237
41.0247
41.0853
41.0988
41.0574
40.9511
40.7676
40.4912
40.1018
39.5726
43.6112
43.8094
43.9355
44.0007
44.0138
43.9822
43.9118
43.8076
43.6738
43.5138
43.3305
43.1265
42.904
42.6647
42.4104
42.1425
41.8621
41.5706
41.2688
40.9579
40.6387
40.3121
39.979
39.6405
39.2973
38.9506
38.6016
38.2516
37.9022
37.555
37.2122
36.8764
36.5504
36.2379
35.9429
35.6702
35.4252
35.2133
35.0399
34.9087
34.8213
34.7759
34.7678
34.7904
34.8364
34.8991
34.9727
35.0527
35.1355
35.2183
35.2992
35.3768
35.4498
35.5176
35.5797
35.6357
35.6854
35.7285
35.765
35.7948
35.8179
35.8343
35.8438
35.8467
35.8427
35.8319
35.8143
35.7899
35.7588
35.7209
35.6763
35.6252
35.5679
35.5046
35.436
35.3628
35.2859
35.2071
35.1282
35.0519
34.982
34.923
34.8806
34.8613
34.8721
34.9192
35.0069
35.1362
35.3055
35.5106
35.7463
36.0072
36.2879
36.5836
36.8902
37.204
37.5219
37.8411
38.1594
38.4746
38.7848
39.0881
39.3831
39.6678
39.9406
40.1997
40.4432
40.6688
40.8745
41.0572
41.214
41.3411
41.4341
41.488
41.4962
41.4512
41.3434
41.1608
40.8882
40.5064
39.99
43.3164
43.5184
43.646
43.7107
43.7217
43.6867
43.6118
43.502
43.3617
43.1943
43.0029
42.7901
42.5579
42.3083
42.043
41.7632
41.4703
41.1654
40.8494
40.5234
40.1881
39.8446
39.4934
39.1356
38.772
38.4037
38.0316
37.657
37.2814
36.9066
36.5347
36.1682
35.8102
35.4647
35.1365
34.8313
34.5561
34.3188
34.1275
33.9893
33.908
33.8821
33.9048
33.9661
34.0556
34.1642
34.2844
34.4107
34.539
34.6662
34.7904
34.9101
35.0242
35.1322
35.2334
35.3278
35.4152
35.4954
35.5685
35.6344
35.6933
35.7452
35.7901
35.828
35.8591
35.8834
35.9009
35.9118
35.9161
35.914
35.9055
35.891
35.8708
35.8452
35.8149
35.7807
35.7437
35.7053
35.6674
35.6324
35.6034
35.584
35.5788
35.5926
35.6303
35.6963
35.7935
35.9233
36.0849
36.2761
36.4933
36.7327
36.9903
37.2623
37.5452
37.8357
38.1309
38.4285
38.7261
39.0215
39.3132
39.5989
39.8773
40.1464
40.4046
40.65
40.8807
41.0946
41.2893
41.462
41.6097
41.7288
41.8149
41.8631
41.867
41.8192
41.7105
41.5294
41.2613
40.8876
40.3842
42.9987
43.2042
43.3329
43.3967
43.4053
43.3664
43.2864
43.1705
43.023
42.8477
42.6474
42.4249
42.1823
41.9215
41.6441
41.3514
41.0448
40.7252
40.3937
40.0511
39.6981
39.3357
38.9645
38.5851
38.1986
37.8056
37.4072
37.0044
36.5986
36.1913
35.7845
35.3807
34.9832
34.5958
34.2238
33.874
33.5548
33.2771
33.0533
32.8962
32.8143
32.8075
32.8655
32.9728
33.1139
33.276
33.4499
33.6289
33.8083
33.985
34.157
34.3227
34.4815
34.6326
34.7759
34.9111
35.0383
35.1575
35.2688
35.3723
35.4681
35.5564
35.6372
35.7109
35.7773
35.8368
35.8894
35.9352
35.9746
36.0075
36.0343
36.0553
36.0709
36.0815
36.0878
36.0907
36.0911
36.0904
36.0905
36.0933
36.1014
36.118
36.1464
36.1903
36.2533
36.3386
36.4484
36.5838
36.7447
36.9297
37.1365
37.3624
37.6043
37.8595
38.1247
38.3974
38.6751
38.9553
39.2362
39.5155
39.7916
40.0626
40.327
40.5828
40.8285
41.0622
41.2819
41.4856
41.6708
41.835
41.9749
42.0871
42.1674
42.2108
42.2113
42.1616
42.0528
41.8737
41.6105
41.2452
40.755
42.6581
42.867
42.9966
43.0593
43.065
43.0218
42.9362
42.8137
42.6586
42.4746
42.2649
42.0321
41.7783
41.5054
41.2151
40.9086
40.5872
40.2519
39.9036
39.543
39.1709
38.788
38.3948
37.992
37.5802
37.1601
36.7325
36.2982
35.8583
35.4141
34.9673
34.5203
34.0757
33.6377
33.2114
32.8041
32.4256
32.0894
31.8136
31.62
31.5273
31.539
31.6394
31.8029
32.0062
32.232
32.4685
32.7081
32.9456
33.1779
33.4029
33.6195
33.827
34.0251
34.2136
34.3925
34.5621
34.7225
34.874
35.0167
35.1508
35.2767
35.3946
35.5046
35.6071
35.7021
35.79
35.8709
35.9451
36.0128
36.0744
36.1303
36.1808
36.2265
36.2681
36.3064
36.3424
36.3774
36.413
36.451
36.4935
36.5431
36.6025
36.6744
36.7615
36.8663
36.9905
37.1349
37.2996
37.4839
37.6862
37.9046
38.1368
38.3805
38.6334
38.8931
39.1574
39.4244
39.6919
39.9584
40.2218
40.4809
40.7336
40.9784
41.2136
41.4373
41.6478
41.8427
42.0199
42.1768
42.3102
42.4167
42.4922
42.5318
42.5298
42.479
42.3708
42.1945
41.9367
41.5804
41.1035
42.2951
42.5074
42.6377
42.699
42.7016
42.6538
42.5623
42.4328
42.2696
42.0766
41.8569
41.6132
41.3476
41.0621
40.7582
40.4372
40.1002
39.7483
39.3822
39.0027
38.6103
38.2057
37.7892
37.3614
36.9227
36.4736
36.0145
35.5462
35.0694
34.585
34.0944
33.5992
33.1021
32.6065
32.1171
31.6413
31.1895
30.7774
30.4288
30.1777
30.06
30.0881
30.2379
30.4689
30.7462
31.0464
31.3551
31.6634
31.9661
32.26
32.5435
32.8156
33.0759
33.3244
33.5612
33.7867
34.001
34.2047
34.3981
34.5815
34.7554
34.92
35.0757
35.2229
35.3619
35.4929
35.6162
35.7322
35.8412
35.9435
36.0395
36.1296
36.2143
36.2942
36.37
36.4424
36.5125
36.5814
36.6505
36.7215
36.7961
36.8764
36.9646
37.0627
37.173
37.2973
37.4367
37.5922
37.7638
37.9512
38.1532
38.3686
38.5956
38.8323
39.0769
39.3275
39.5821
39.8391
40.0966
40.3528
40.6065
40.8557
41.099
41.3347
41.5613
41.7768
41.9795
42.1673
42.3379
42.4886
42.6166
42.7185
42.7902
42.827
42.8233
42.7722
42.6653
42.4924
42.2405
41.8931
41.4297
41.9107
42.1262
42.2572
42.3171
42.3164
42.2639
42.1664
42.0295
41.858
41.6557
41.4258
41.1709
40.8932
40.5947
40.2767
39.9407
39.5878
39.2187
38.8344
38.4353
38.022
37.595
37.1545
36.7009
36.2344
35.7553
35.2638
34.7603
34.2452
33.719
33.1826
32.6373
32.0848
31.5281
30.9713
30.4212
29.8883
29.3898
28.9543
28.6286
28.4704
28.5072
28.7079
29.0128
29.3721
29.7545
30.1422
30.5253
30.8983
31.2584
31.6041
31.935
32.251
32.5525
32.8398
33.1136
33.3744
33.6228
33.8593
34.0844
34.2988
34.5028
34.697
34.8817
35.0574
35.2244
35.3833
35.5342
35.6777
35.8142
35.944
36.0677
36.1857
36.2988
36.4075
36.5127
36.6153
36.7164
36.8173
36.9192
37.0239
37.1329
37.248
37.3709
37.5034
37.6466
37.8018
37.9695
38.15
38.343
38.5478
38.7634
38.9885
39.2216
39.4613
39.7059
39.9539
40.2036
40.4536
40.7023
40.9482
41.1899
41.4256
41.6541
41.8736
42.0825
42.2789
42.4607
42.6259
42.7717
42.8954
42.9936
43.0625
43.0973
43.0927
43.042
42.9371
42.768
42.5225
42.1848
41.7346
41.5058
41.725
41.8568
41.9153
41.9114
41.8541
41.7505
41.6064
41.4266
41.2149
40.9747
40.7086
40.4187
40.1071
39.7751
39.4241
39.0551
38.6689
38.2663
37.8476
37.4135
36.9641
36.4997
36.0204
35.5264
35.0176
34.494
33.9558
33.4029
32.8357
32.2544
31.6599
31.0533
30.4369
29.8143
29.1916
28.5792
27.9954
27.4721
27.0663
26.8553
26.8864
27.1279
27.5023
27.9426
28.4078
28.8759
29.3352
29.78
30.2075
30.6167
31.0075
31.3802
31.7354
32.074
32.3967
32.7043
32.9977
33.2776
33.5446
33.7995
34.0429
34.2754
34.4974
34.7096
34.9124
35.1063
35.2916
35.469
35.6389
35.8017
35.958
36.1083
36.2533
36.3937
36.5303
36.6638
36.7954
36.9261
37.0572
37.1899
37.3258
37.4661
37.6123
37.7657
37.9274
38.0983
38.279
38.4695
38.6697
38.8793
39.0974
39.3231
39.5552
39.7925
40.0337
40.2775
40.5223
40.767
41.0101
41.2502
41.486
41.716
41.9388
42.1528
42.3563
42.5476
42.7248
42.8856
43.0276
43.148
43.2434
43.3102
43.3439
43.3391
43.2895
43.1872
43.0225
42.7838
42.4557
42.0194
41.0824
41.3055
41.4385
41.4958
41.489
41.4272
41.3178
41.1667
40.9788
40.758
40.5077
40.2306
39.9289
39.6045
39.2589
38.8932
38.5086
38.1059
37.6855
37.2481
36.7938
36.323
35.8358
35.3321
34.8118
34.275
33.7213
33.1506
32.5627
31.9575
31.3351
30.6958
30.0405
29.3708
28.6899
28.0037
27.3225
26.665
26.0651
25.5847
25.3146
25.3222
25.5847
26.013
26.5234
27.0639
27.6068
28.1384
28.652
29.1447
29.6154
30.0645
30.4925
30.9003
31.289
31.6596
32.0132
32.3507
32.6731
32.9812
33.2759
33.5578
33.8277
34.0862
34.3339
34.5715
34.7994
35.0181
35.2283
35.4305
35.6251
35.8127
35.994
36.1696
36.3401
36.5064
36.6692
36.8294
36.9882
37.1464
37.3054
37.4662
37.63
37.7981
37.9714
38.1508
38.3371
38.5307
38.7318
38.9404
39.156
39.3783
39.6063
39.8393
40.0762
40.3159
40.5573
40.7992
41.0403
41.2796
41.5155
41.747
41.9727
42.1911
42.4008
42.6003
42.7877
42.9612
43.1186
43.2576
43.3756
43.4691
43.5346
43.5679
43.5636
43.5156
43.4163
43.2566
43.0249
42.707
42.2842
40.6426
40.8702
41.0048
41.0616
41.0524
40.9866
40.8718
40.7142
40.5187
40.2894
40.0296
39.7422
39.4294
39.093
38.7345
38.3551
37.956
37.5377
37.1009
36.646
36.1733
35.6829
35.1748
34.6489
34.1051
33.5432
32.9628
32.3636
31.7453
31.1075
30.4502
29.7735
29.0779
28.3651
27.6379
26.9019
26.1675
25.4535
24.7936
24.2501
23.9197
23.8879
24.1482
24.6088
25.1719
25.7741
26.3813
26.9767
27.5522
28.1042
28.6318
29.1351
29.6148
30.0722
30.5083
30.9243
31.3216
31.7012
32.0641
32.4114
32.7441
33.0629
33.3686
33.6621
33.9439
34.2147
34.4751
34.7258
34.9673
35.2002
35.4251
35.6425
35.8531
36.0575
36.2565
36.4506
36.6408
36.8279
37.0127
37.1963
37.3796
37.5636
37.7493
37.9377
38.1296
38.3259
38.527
38.7334
38.9453
39.1626
39.3852
39.6127
39.8444
40.0796
40.3175
40.5572
40.7978
41.0382
41.2773
41.514
41.7472
41.9757
42.1981
42.4134
42.6199
42.8163
43.0007
43.1715
43.3265
43.4634
43.5795
43.6719
43.7369
43.7703
43.7671
43.7213
43.6256
43.4712
43.2469
42.9392
42.5302
40.1891
40.4221
40.5592
40.6161
40.6052
40.5361
40.4168
40.2534
40.0512
39.8143
39.546
39.2493
38.9264
38.5792
38.2091
37.8175
37.4053
36.9733
36.5219
36.0516
35.5627
35.0552
34.5291
33.9844
33.4207
32.8378
32.2354
31.6129
30.9701
30.3067
29.6223
28.9171
28.1917
27.4474
26.6873
25.9168
25.1458
24.3926
23.6894
23.0952
22.7069
22.6239
22.861
23.3317
23.9281
24.5759
25.2342
25.8823
26.5103
27.1139
27.6915
28.2431
28.7694
29.2717
29.751
30.2089
30.6465
31.0651
31.4658
31.8498
32.218
32.5713
32.9107
33.2369
33.5507
33.8528
34.1439
34.4246
34.6956
34.9574
35.2107
35.456
35.6941
35.9255
36.1509
36.3711
36.5868
36.7987
37.0077
37.2146
37.4203
37.6257
37.8317
38.0389
38.2483
38.4603
38.6756
38.8944
39.1169
39.3433
39.5732
39.8065
40.0426
40.281
40.521
40.7619
41.0028
41.2428
41.4809
41.7163
41.9478
42.1743
42.3947
42.6077
42.812
43.0062
43.1885
43.3573
43.5106
43.6461
43.7613
43.8531
43.9181
43.9522
43.9506
43.9075
43.8158
43.667
43.4505
43.153
42.7577
39.7253
39.9647
40.1052
40.1633
40.1516
40.0804
39.9575
39.7895
39.5817
39.3383
39.0629
38.7582
38.4267
38.0703
37.6904
37.2883
36.8651
36.4214
35.9579
35.4749
34.9726
34.4513
33.9108
33.351
32.7717
32.1727
31.5535
30.9138
30.2533
29.5715
28.8685
28.1442
27.3992
26.6351
25.8547
25.0633
24.2702
23.4924
22.7595
22.1258
21.684
21.5429
21.74
22.2013
22.8131
23.4908
24.1865
24.8757
25.5461
26.1924
26.8123
27.4054
27.9723
28.5141
29.0319
29.5271
30.001
30.4548
30.8899
31.3073
31.708
32.0931
32.4635
32.82
33.1634
33.4944
33.8139
34.1224
34.4207
34.7093
34.9889
35.2601
35.5236
35.78
36.0299
36.2741
36.5132
36.748
36.9792
37.2076
37.434
37.659
37.8835
38.1082
38.3337
38.5605
38.7891
39.0197
39.2527
39.4879
39.7254
39.9648
40.2058
40.4481
40.6909
40.9337
41.1757
41.4163
41.6545
41.8893
42.12
42.3455
42.5646
42.7762
42.979
43.1717
43.3526
43.5202
43.6724
43.8072
43.9219
44.0137
44.0793
44.1147
44.1151
44.0751
43.9877
43.8448
43.6363
43.3492
42.9677
39.2548
39.5018
39.6471
39.7075
39.6963
39.6241
39.499
39.3277
39.1157
38.8674
38.5863
38.2754
37.9371
37.5733
37.1856
36.7753
36.3434
35.8907
35.4177
34.925
34.4127
33.881
33.3298
32.7592
32.169
31.5588
30.9284
30.2775
29.6058
28.913
28.1991
27.4641
26.7089
25.9348
25.1445
24.343
23.5388
22.7472
21.9951
21.3308
20.841
20.6387
20.7837
21.2196
21.8315
22.5255
23.2466
23.966
24.6694
25.3498
26.0043
26.632
27.2332
27.8088
28.3598
28.8876
29.3935
29.8786
30.3442
30.7915
31.2215
31.6353
32.0337
32.4177
32.788
33.1455
33.4909
33.8249
34.1482
34.4613
34.7651
35.0601
35.3469
35.6262
35.8985
36.1647
36.4253
36.681
36.9325
37.1804
37.4256
37.6686
37.9102
38.1508
38.3912
38.6317
38.8727
39.1145
39.3574
39.6013
39.8462
40.0919
40.3381
40.5846
40.8307
41.076
41.3199
41.5616
41.8004
42.0356
42.2661
42.4911
42.7097
42.9205
43.1226
43.3144
43.4947
43.6615
43.8133
43.9477
44.0626
44.1549
44.2214
44.2584
44.2613
44.2248
44.1421
44.0053
43.8048
43.5282
43.1603
38.7815
39.0377
39.1891
39.2533
39.2441
39.1722
39.0464
38.8734
38.6589
38.4073
38.1224
37.8071
37.4639
37.0949
36.7016
36.2855
35.8475
35.3884
34.909
34.4096
33.8906
33.3522
32.7944
32.2171
31.6203
31.0038
30.3674
29.7108
29.0338
28.3362
27.618
26.8795
26.1213
25.3447
24.5522
23.7483
22.9407
22.1427
21.3783
20.6905
20.1581
19.8947
19.9795
20.3777
20.9772
21.6764
22.4129
23.1536
23.8815
24.5884
25.2705
25.9264
26.556
27.1599
27.7392
28.295
28.8284
29.3408
29.8332
30.3069
30.7628
31.2021
31.6256
32.0341
32.4287
32.81
33.1789
33.5359
33.8818
34.2173
34.543
34.8596
35.1676
35.4676
35.7604
36.0466
36.3266
36.6013
36.8712
37.137
37.3993
37.6586
37.9157
38.171
38.4249
38.6781
38.9306
39.183
39.4352
39.6874
39.9395
40.1915
40.443
40.6939
40.9436
41.1918
41.4379
41.6813
41.9213
42.1572
42.3883
42.6134
42.8319
43.0426
43.2443
43.4358
43.6158
43.7825
43.9342
44.0689
44.1842
44.2774
44.3454
44.3844
44.3901
44.3572
44.2794
44.1491
43.9568
43.6908
43.3365
38.3097
38.5767
38.7357
38.8053
38.7996
38.7298
38.6048
38.4318
38.2165
37.9634
37.6765
37.3588
37.0129
36.6409
36.2444
35.8248
35.3833
34.9206
34.4376
33.9347
33.4122
32.8705
32.3096
31.7295
31.1302
30.5117
29.8736
29.216
28.5384
27.8411
27.1238
26.3868
25.6308
24.857
24.0675
23.2662
22.4598
21.6602
20.8883
20.1821
19.6125
19.2901
19.3098
19.6607
20.2381
20.9337
21.6778
22.4324
23.1782
23.9052
24.609
25.2875
25.9403
26.5677
27.1707
27.7501
28.3071
28.8428
29.3585
29.8551
30.3338
30.7955
31.2411
31.6715
32.0877
32.4902
32.88
33.2577
33.624
33.9796
34.3251
34.6611
34.9882
35.307
35.6183
35.9224
36.2201
36.512
36.7985
37.0804
37.3581
37.6323
37.9035
38.172
38.4385
38.7032
38.9664
39.2285
39.4895
39.7495
40.0086
40.2667
40.5235
40.7788
41.0323
41.2836
41.5322
41.7777
42.0192
42.2563
42.4881
42.7139
42.9327
43.1437
43.3456
43.5372
43.7173
43.8843
44.0363
44.1716
44.2878
44.3823
44.452
44.4933
44.502
44.4731
44.4004
44.2766
44.0926
43.8372
43.4963
37.8434
38.1229
38.2914
38.3679
38.3673
38.3012
38.1788
38.0075
37.7931
37.5405
37.2536
36.9355
36.5889
36.216
35.8185
35.3979
34.9553
34.4916
34.0077
33.504
32.981
32.439
31.8781
31.2984
30.7
30.0828
29.4467
28.7915
28.1171
27.4236
26.7108
25.979
25.2286
24.4608
23.6772
22.8815
22.0791
21.2806
20.5042
19.7836
19.1816
18.8035
18.7559
19.0522
19.5995
20.2846
21.0301
21.7932
22.5515
23.2938
24.0145
24.711
25.3825
26.0293
26.6519
27.2512
27.8281
28.3839
28.9195
29.4359
29.9343
30.4156
30.8807
31.3304
31.7655
32.187
32.5954
32.9915
33.3759
33.7494
34.1126
34.466
34.8103
35.146
35.4738
35.7942
36.1078
36.415
36.7166
37.013
37.3047
37.5923
37.8761
38.1568
38.4346
38.7098
38.9829
39.2539
39.5231
39.7906
40.0563
40.3202
40.5821
40.8418
41.0991
41.3536
41.605
41.8526
42.096
42.3344
42.5675
42.7941
43.0137
43.2252
43.4276
43.6197
43.8002
43.9678
44.1206
44.2567
44.374
44.47
44.5417
44.5856
44.5976
44.5728
44.5054
44.3883
44.2125
43.9676
43.6399
37.3864
37.6804
37.8599
37.9451
37.9513
37.8906
37.7725
37.6045
37.3928
37.1424
36.8573
36.5407
36.1954
35.8236
35.4272
35.0076
34.5662
34.1038
33.6212
33.1192
32.5981
32.0583
31.5
30.9233
30.3284
29.7151
29.0834
28.4333
27.7646
27.0772
26.3711
25.6465
24.9037
24.1437
23.3678
22.5789
21.782
20.9861
20.2072
19.475
18.8452
18.4155
18.3001
18.5364
19.0468
19.7158
20.4581
21.2254
21.9923
22.7459
23.4797
24.1906
24.8774
25.5401
26.179
26.7949
27.3887
27.9615
28.5141
29.0477
29.5632
30.0615
30.5435
31.01
31.4619
31.9
32.3248
32.7372
33.1379
33.5273
33.9063
34.2752
34.6348
34.9857
35.3283
35.6632
35.9909
36.3121
36.6271
36.9365
37.2408
37.5404
37.8358
38.1273
38.4154
38.7003
38.9823
39.2617
39.5384
39.8128
40.0847
40.3541
40.6209
40.885
41.146
41.4038
41.6578
41.9078
42.1531
42.3933
42.6276
42.8555
43.076
43.2884
43.4915
43.6842
43.8655
44.0338
44.1876
44.3249
44.4436
44.5413
44.6152
44.6618
44.6773
44.6568
44.5948
44.4843
44.317
44.0825
43.768
36.9422
37.2525
37.4449
37.5404
37.555
37.5012
37.3889
37.226
37.0186
36.772
36.4903
36.1769
35.8347
35.4658
35.0723
34.6556
34.2172
33.7579
33.2787
32.7802
32.2629
31.7272
31.1733
30.6016
30.0119
29.4043
28.7788
28.1353
27.4738
26.7939
26.0958
25.3795
24.6453
23.8937
23.126
22.3446
21.5538
20.7612
19.9811
19.2396
18.5857
18.1091
17.927
18.0992
18.5669
19.2148
19.9501
20.7183
21.4909
22.253
22.9971
23.7195
24.4188
25.0946
25.7471
26.377
26.9851
27.5723
28.1396
28.6878
29.2181
29.7311
30.2279
30.7092
31.1757
31.6284
32.0678
32.4946
32.9095
33.3131
33.7061
34.0889
34.4622
34.8265
35.1823
35.5302
35.8706
36.2041
36.5312
36.8523
37.1679
37.4783
37.7841
38.0855
38.3829
38.6765
38.9667
39.2536
39.5373
39.818
40.0957
40.3703
40.6418
40.91
41.1747
41.4356
41.6924
41.9448
42.1922
42.434
42.6699
42.8991
43.1207
43.334
43.5381
43.7317
43.9139
44.0832
44.2381
44.3767
44.497
44.5967
44.6729
44.7224
44.7414
44.7254
44.6688
44.565
44.406
44.182
43.8802
36.5135
36.842
37.049
37.1564
37.1809
37.1356
37.0306
36.874
36.6725
36.4311
36.1544
35.8456
35.5078
35.1433
34.7542
34.3419
33.9079
33.4532
32.9788
32.4852
31.9731
31.4429
30.8949
30.3292
29.7459
29.1452
28.5269
27.8909
27.2372
26.5656
25.8759
25.1683
24.4427
23.6998
22.9403
22.1664
21.3818
20.5929
19.8124
19.0633
18.3887
17.8699
17.6235
17.7287
18.1485
18.7708
19.4957
20.2624
21.0384
21.8068
22.559
23.2908
24.0005
24.6872
25.3511
25.9928
26.6131
27.2127
27.7925
28.3534
28.8964
29.4223
29.9319
30.4261
30.9055
31.371
31.8231
32.2627
32.6902
33.1064
33.5117
33.9068
34.2923
34.6685
35.0361
35.3956
35.7474
36.092
36.4298
36.7614
37.087
37.4072
37.7223
38.0325
38.3383
38.6398
38.9374
39.2312
39.5213
39.8079
40.0909
40.3704
40.6463
40.9184
41.1865
41.4505
41.71
41.9647
42.2142
42.4579
42.6953
42.9258
43.1487
43.3631
43.5682
43.7629
43.9462
44.1166
44.2726
44.4127
44.5347
44.6363
44.715
44.7675
44.7902
44.7786
44.7275
44.6304
44.4798
44.2658
43.9768
36.1026
36.4511
36.6743
36.795
36.8309
36.7953
36.6989
36.55
36.3554
36.1205
35.8498
35.5469
35.2147
34.8558
34.4721
34.0653
33.6369
33.1878
32.7192
32.2316
31.7256
31.2017
30.6602
30.1014
29.5252
28.9318
28.3211
27.693
27.0474
26.3841
25.7029
25.0038
24.2868
23.5522
22.8007
22.0341
21.2553
20.4704
19.6901
18.9348
18.2426
17.6861
17.3786
17.4152
17.7822
18.3746
19.0862
19.8492
20.6267
21.3997
22.1585
22.8982
23.6164
24.3124
24.9861
25.6379
26.2686
26.8788
27.4694
28.0413
28.5954
29.1325
29.6533
30.1587
30.6495
31.1262
31.5896
32.0403
32.4791
32.9063
33.3227
33.7287
34.1249
34.5118
34.8899
35.2596
35.6215
35.976
36.3235
36.6644
36.999
37.3279
37.6513
37.9695
38.2828
38.5915
38.8958
39.1959
39.4918
39.7837
40.0716
40.3556
40.6355
40.9113
41.1827
41.4496
41.7117
41.9686
42.22
42.4655
42.7045
42.9364
43.1605
43.3761
43.5823
43.7782
43.9625
44.1341
44.2915
44.4331
44.5569
44.6606
44.7418
44.7973
44.8237
44.8166
44.7709
44.6805
44.5381
44.3342
44.0577
35.7107
36.081
36.3219
36.4574
36.5058
36.481
36.3942
36.2541
36.0674
35.84
35.5763
35.2801
34.9544
34.6019
34.2244
33.8239
33.4017
32.959
32.4967
32.0156
31.5163
30.9992
30.4647
29.913
29.3441
28.7582
28.1552
27.535
26.8973
26.2421
25.5692
24.8783
24.1694
23.4427
22.6988
21.939
21.1661
20.385
19.6053
18.845
18.1378
17.5481
17.1835
17.1508
17.4607
18.0188
18.7141
19.4714
20.249
21.0254
21.7895
22.5357
23.2614
23.9653
24.6474
25.308
25.9477
26.5671
27.1672
27.7487
28.3124
28.8593
29.3899
29.9052
30.4058
30.8925
31.3658
31.8265
32.2751
32.7121
33.1382
33.5539
33.9597
34.356
34.7434
35.1223
35.4932
35.8565
36.2125
36.5617
36.9045
37.2411
37.5719
37.8973
38.2174
38.5325
38.8428
39.1485
39.4497
39.7465
40.0389
40.3269
40.6106
40.8897
41.1642
41.4338
41.6983
41.9574
42.2107
42.4579
42.6984
42.9316
43.157
43.3737
43.581
43.778
43.9635
44.1363
44.295
44.4381
44.5637
44.6695
44.7533
44.8118
44.8418
44.8392
44.7989
44.7152
44.5806
44.3867
44.1223
35.3383
35.7321
35.9921
36.1436
36.2056
36.1928
36.1165
35.9858
35.8079
35.5886
35.3326
35.0437
34.7251
34.3794
34.0088
33.615
33.1995
32.7635
32.3079
31.8336
31.3412
30.831
30.3035
29.759
29.1974
28.6189
28.0234
27.4107
26.7808
26.1333
25.4681
24.785
24.0837
23.3645
22.6277
21.8744
21.1069
20.3297
19.551
18.7868
18.0669
17.4481
17.0307
16.9292
17.1781
17.6976
18.3735
19.1231
19.8995
20.6783
21.4468
22.1986
22.9306
23.6415
24.331
24.9993
25.6468
26.2744
26.8827
27.4726
28.0448
28.6003
29.1396
29.6636
30.173
30.6683
31.1504
31.6198
32.0771
32.5229
32.9576
33.3819
33.7961
34.2009
34.5965
34.9836
35.3625
35.7335
36.0972
36.4538
36.8037
37.1472
37.4847
37.8164
38.1426
38.4634
38.7791
39.0899
39.3958
39.697
39.9934
40.2852
40.5722
40.8544
41.1316
41.4037
41.6705
41.9316
42.1867
42.4354
42.6772
42.9119
43.1384
43.3562
43.5646
43.7626
43.9492
44.1232
44.2833
44.4279
44.5551
44.6631
44.7493
44.8109
44.8445
44.8462
44.8112
44.7339
44.6073
44.423
44.1705
34.9853
35.4043
35.6848
35.8534
35.9299
35.9296
35.8645
35.744
35.5753
35.3647
35.1168
34.8356
34.5245
34.1861
33.8225
33.4356
33.027
32.5978
32.1491
31.6815
31.1959
30.6926
30.1721
29.6345
29.08
28.5086
27.9203
27.3149
26.6922
26.052
25.3941
24.7182
24.0242
23.3119
22.5818
21.8346
21.0723
20.2988
19.5215
18.7543
18.0236
17.3796
16.9141
16.7452
16.9298
17.4062
18.0596
18.7996
19.5736
20.3537
21.1258
21.8825
22.6201
23.3372
24.0333
24.7083
25.3629
25.9977
26.6133
27.2106
27.7904
28.3534
28.9003
29.432
29.9491
30.4523
30.9421
31.4193
31.8843
32.3377
32.7801
33.212
33.6337
34.0459
34.4489
34.8432
35.2291
35.6071
35.9775
36.3407
36.697
37.0466
37.39
37.7274
38.0589
38.3848
38.7054
39.0207
39.3308
39.6359
39.9359
40.231
40.5211
40.806
41.0857
41.36
41.6288
41.8917
42.1484
42.3985
42.6417
42.8773
43.105
43.3238
43.5331
43.7322
43.9197
44.0949
44.2562
44.4021
44.5311
44.6411
44.7296
44.7941
44.8312
44.8372
44.8074
44.7364
44.6175
44.4426
44.2015
34.6507
35.0965
35.3988
35.5854
35.6772
35.6903
35.6369
35.5269
35.3679
35.1662
34.9267
34.6535
34.35
34.0189
33.6624
33.2826
32.8808
32.4584
32.0164
31.5556
31.0766
30.58
30.0662
29.5353
28.9875
28.4229
27.8413
27.2428
26.6269
25.9936
25.3426
24.6734
23.986
23.2803
22.5564
21.815
21.0577
20.288
19.5123
18.7429
18.0031
17.3372
16.8284
16.5946
16.7124
17.1412
17.7686
18.4969
19.2672
20.0479
20.8228
21.5838
22.3265
23.0491
23.751
24.4323
25.0931
25.7343
26.3565
26.9604
27.5469
28.1166
28.6705
29.209
29.7329
30.2429
30.7397
31.2237
31.6955
32.1558
32.605
33.0435
33.472
33.8907
34.3002
34.7009
35.0931
35.4772
35.8535
36.2225
36.5844
36.9395
37.2881
37.6304
37.9667
38.2971
38.6219
38.9412
39.255
39.5636
39.8668
40.1648
40.4575
40.7449
41.0267
41.303
41.5735
41.8379
42.096
42.3473
42.5917
42.8283
43.0567
43.2765
43.4866
43.6865
43.875
44.0511
44.2135
44.3608
44.4913
44.6031
44.6939
44.7611
44.8016
44.8116
44.7868
44.7219
44.6104
44.4446
44.2148
34.333
34.8073
35.1326
35.3381
35.446
35.4729
35.4317
35.3325
35.1834
34.9908
34.7598
34.4946
34.1988
33.875
33.5257
33.1527
32.7577
32.3419
31.9064
31.4521
30.9796
30.4894
29.9819
29.4574
28.916
28.3578
27.7826
27.1904
26.581
25.9541
25.3094
24.6467
23.9656
23.2659
22.5479
21.8119
21.0595
20.2935
19.5197
18.7488
18.0015
17.3168
16.7692
16.4737
16.5232
16.8998
17.4975
18.2119
18.9771
19.7576
20.5349
21.2995
22.0468
22.7745
23.4818
24.1685
24.8351
25.4821
26.1102
26.7201
27.3126
27.8884
28.4483
28.9929
29.5229
30.0391
30.5419
31.032
31.5099
31.9762
32.4314
32.8759
33.3103
33.7348
34.15
34.5563
34.954
35.3435
35.7251
36.0992
36.466
36.8259
37.179
37.5257
37.8662
38.2005
38.529
38.8517
39.1688
39.4803
39.7863
40.0869
40.3818
40.6712
40.955
41.2329
41.5048
41.7705
42.0297
42.2821
42.5272
42.7647
42.9938
43.2142
43.425
43.6255
43.8146
43.9915
44.1549
44.3032
44.4351
44.5486
44.6414
44.7112
44.7548
44.7686
44.7485
44.6894
44.5851
44.4281
44.2092
34.0305
34.5349
34.8843
35.1096
35.2342
35.2753
35.2466
35.1586
35.0195
34.8361
34.6136
34.3564
34.0681
33.7516
33.4092
33.043
32.6545
32.2451
31.816
31.3678
30.9015
30.4174
29.916
29.3975
28.8621
28.3099
27.7407
27.1546
26.5511
25.9303
25.2915
24.6347
23.9595
23.2656
22.5531
21.8224
21.0747
20.3124
19.5407
18.7689
18.0155
17.3147
16.7329
16.3794
16.3597
16.6801
17.2441
17.9421
18.7009
19.4803
20.2593
21.0272
21.7786
22.5109
23.2231
23.915
24.5869
25.2392
25.8726
26.4879
27.0858
27.6671
28.2324
28.7825
29.318
29.8396
30.3478
30.8433
31.3266
31.7983
32.2588
32.7085
33.148
33.5777
33.998
34.4092
34.8117
35.2059
35.5921
35.9707
36.3418
36.7058
37.0629
37.4133
37.7574
38.0951
38.4268
38.7524
39.0723
39.3863
39.6946
39.9972
40.2941
40.5852
40.8704
41.1497
41.4227
41.6894
41.9494
42.2025
42.4483
42.6861
42.9158
43.1365
43.3477
43.5486
43.7382
43.9156
44.0797
44.229
44.3619
44.4768
44.5714
44.6434
44.6899
44.7073
44.6916
44.638
44.5405
44.3918
44.1832
33.7408
34.2771
34.6518
34.8978
35.0395
35.0954
35.0794
35.0027
34.8737
34.6995
34.4855
34.2363
33.9554
33.6459
33.3103
32.9506
32.5685
32.1653
31.7421
31.2999
30.8394
30.3611
29.8654
29.3526
28.8229
28.2763
27.7128
27.1323
26.5345
25.9193
25.2862
24.635
23.9653
23.2769
22.5697
21.844
21.1009
20.3424
19.5729
18.8008
18.0424
17.3279
16.716
16.3089
16.2204
16.4805
17.0067
17.6856
18.4364
19.2138
19.9939
20.7647
21.5198
22.2565
22.9733
23.6699
24.3465
25.0037
25.6421
26.2623
26.8651
27.4513
28.0215
28.5765
29.1169
29.6433
30.1564
30.6567
31.1448
31.6212
32.0863
32.5407
32.9848
33.4189
33.8435
34.2591
34.6658
35.0641
35.4543
35.8366
36.2115
36.579
36.9395
37.2932
37.6402
37.9808
38.3151
38.6433
38.9654
39.2815
39.5917
39.8959
40.1943
40.4867
40.773
41.0532
41.327
41.5943
41.8549
42.1083
42.3543
42.5924
42.8222
43.043
43.2543
43.4553
43.645
43.8227
43.9871
44.137
44.2708
44.3867
44.4828
44.5567
44.6056
44.6263
44.6147
44.5661
44.475
44.3343
44.1356
33.4618
34.0315
34.4328
34.7003
34.8599
34.9308
34.9279
34.8625
34.7437
34.5787
34.3731
34.1317
33.8581
33.5556
33.2265
32.8731
32.4971
32.0997
31.6824
31.2458
30.7908
30.318
29.8277
29.3203
28.7959
28.2547
27.6965
27.1213
26.5288
25.9189
25.2911
24.6452
23.9808
23.2976
22.5955
21.8747
21.136
20.3812
19.6142
18.8423
18.0799
17.3538
16.7157
16.2595
16.1034
16.3001
16.784
17.4408
18.182
18.9563
19.737
20.5102
21.2688
22.0094
22.7304
23.4315
24.1126
24.7743
25.4172
26.0419
26.6492
27.2398
27.8145
28.3739
28.9187
29.4494
29.9668
30.4714
30.9637
31.4442
31.9134
32.3718
32.8198
33.2579
33.6863
34.1055
34.5159
34.9177
35.3113
35.6969
36.0748
36.4453
36.8086
37.165
37.5145
37.8574
38.1939
38.524
38.8479
39.1656
39.4772
39.7827
40.0821
40.3754
40.6624
40.9431
41.2174
41.4849
41.7456
41.999
42.2449
42.4829
42.7123
42.933
43.144
43.3447
43.5342
43.7118
43.8762
44.0262
44.1603
44.277
44.3742
44.4496
44.5006
44.524
44.516
44.4721
44.3868
44.2535
44.0641
33.1909
33.796
34.225
34.5149
34.6929
34.7793
34.7896
34.7358
34.6272
34.4714
34.2742
34.0404
33.774
33.4781
33.1555
32.8081
32.4379
32.0463
31.6344
31.2032
30.7534
30.2858
29.8007
29.2983
28.779
28.2428
27.6896
27.1195
26.5321
25.9272
25.3045
24.6636
24.0043
23.3261
22.6289
21.9128
21.1784
20.4274
19.663
18.8917
18.1263
17.3904
16.7295
16.229
16.0075
16.1379
16.5752
17.2066
17.9361
18.7065
19.4871
20.2622
21.024
21.7682
22.4933
23.1984
23.8838
24.5497
25.1967
25.8256
26.437
27.0317
27.6103
28.1737
28.7223
29.257
29.7782
30.2865
30.7825
31.2666
31.7394
32.2013
32.6527
33.0941
33.5258
33.9482
34.3616
34.7663
35.1627
35.551
35.9315
36.3044
36.67
37.0284
37.38
37.7247
38.0628
38.3943
38.7195
39.0383
39.3509
39.6571
39.9571
40.2508
40.5381
40.8189
41.0931
41.3605
41.6208
41.8738
42.1192
42.3566
42.5855
42.8054
43.0157
43.2157
43.4046
43.5815
43.7454
43.8951
44.0293
44.1461
44.2439
44.3203
44.3728
44.3984
44.3935
44.3536
44.2735
44.147
43.9663
32.9258
33.5681
34.0263
34.3395
34.5365
34.6388
34.6626
34.6205
34.5222
34.3755
34.1865
33.9603
33.7009
33.4116
33.0951
32.7536
32.3891
32.0028
31.5962
31.1701
30.7254
30.2627
29.7824
29.2849
28.7704
28.239
27.6906
27.1252
26.5426
25.9425
25.3246
24.6886
24.0341
23.3607
22.6682
21.9567
21.2267
20.4794
19.7177
18.9475
18.1799
17.4358
16.7553
16.215
15.9311
15.9935
16.3797
16.982
17.6979
18.463
19.2428
20.0196
20.7841
21.5318
22.2606
22.9696
23.6588
24.3286
24.9796
25.6123
26.2274
26.8258
27.4081
27.975
28.5271
29.0652
29.5897
30.1013
30.6005
31.0877
31.5636
32.0285
32.4828
32.927
33.3614
33.7864
34.2023
34.6094
35.008
35.3985
35.781
36.1558
36.5231
36.8832
37.2361
37.5821
37.9213
38.2538
38.5798
38.8992
39.2121
39.5186
39.8187
40.1123
40.3994
40.6798
40.9535
41.2202
41.4797
41.7319
41.9763
42.2125
42.4403
42.659
42.868
43.0668
43.2546
43.4304
43.5933
43.7421
43.8755
43.992
44.0897
44.1665
44.22
44.2471
44.2445
44.208
44.1325
44.012
43.839
32.6642
33.3458
33.8344
34.1719
34.3887
34.5073
34.5449
34.5146
34.4266
34.2891
34.1083
33.8896
33.6371
33.3542
33.0437
32.7079
32.3487
31.9677
31.5661
31.1449
30.705
30.247
29.7714
29.2785
28.7686
28.2417
27.6979
27.1371
26.559
25.9636
25.3503
24.7189
24.0691
23.4003
22.7124
22.0054
21.2795
20.536
19.7773
19.0084
18.2393
17.4884
16.7911
16.2155
15.8728
15.8663
16.197
16.7665
17.4662
18.2248
19.0032
19.7811
20.548
21.2989
22.0312
22.7439
23.4368
24.1103
24.7648
25.401
26.0195
26.6213
27.2068
27.7769
28.3321
28.8732
29.4006
29.9151
30.417
30.9069
31.3854
31.8527
32.3094
32.7559
33.1925
33.6195
34.0374
34.4464
34.8468
35.2388
35.6228
35.999
36.3675
36.7286
37.0824
37.4291
37.7688
38.1018
38.4279
38.7474
39.0602
39.3665
39.6661
39.9591
40.2454
40.5249
40.7975
41.0629
41.3211
41.5718
41.8145
42.0491
42.2751
42.492
42.6992
42.8962
43.0822
43.2562
43.4175
43.5648
43.6968
43.8123
43.9091
43.9855
44.0391
44.0671
44.066
44.0319
43.9601
43.8447
43.6786
32.4038
33.1269
33.6475
34.0103
34.2475
34.3829
34.4346
34.4163
34.3388
34.2104
34.0379
33.8265
33.5808
33.3041
32.9995
32.6692
32.3153
31.9393
31.5426
31.1261
30.6908
30.2373
29.7662
29.2777
28.7721
28.2496
27.7102
27.1537
26.5801
25.989
25.3802
24.7533
24.108
23.4437
22.7603
22.0576
21.3359
20.5962
19.8405
19.0733
18.3033
17.5468
16.8352
16.2286
15.8312
15.7557
16.0271
16.5596
17.2406
17.9912
18.7672
19.5457
20.3148
21.0686
21.8042
22.5203
23.2167
23.8935
24.5514
25.1908
25.8125
26.4173
27.0057
27.5786
28.1366
28.6802
29.2102
29.727
30.2313
30.7234
31.2039
31.6733
32.1319
32.5802
33.0184
33.4471
33.8663
34.2766
34.6782
35.0713
35.4562
35.8331
36.2023
36.5638
36.9179
37.2648
37.6046
37.9373
38.2631
38.582
38.8941
39.1995
39.4981
39.7899
40.0748
40.3527
40.6236
40.8872
41.1435
41.392
41.6325
41.8648
42.0883
42.3027
42.5074
42.7017
42.8852
43.0567
43.2154
43.3604
43.4903
43.6037
43.6989
43.7741
43.8268
43.8545
43.854
43.8214
43.7521
43.6407
43.4804
32.1426
32.9095
33.4637
33.8529
34.1113
34.2641
34.3302
34.3242
34.2572
34.138
33.9737
33.7697
33.5306
33.2602
32.9612
32.6364
32.2875
31.9164
31.5243
31.1124
30.6815
30.2324
29.7655
29.2813
28.7799
28.2616
27.7264
27.1741
26.6047
26.0179
25.4134
24.7908
24.1498
23.49
22.8109
22.1126
21.395
20.659
19.9065
19.1412
18.3709
17.6099
16.8861
16.2523
15.8049
15.6614
15.87
16.3611
17.0204
17.7613
18.5342
19.3127
20.0836
20.84
21.5786
22.298
22.9976
23.6776
24.3385
24.981
25.6056
26.213
26.8041
27.3794
27.9397
28.4856
29.0177
29.5365
30.0426
30.5365
31.0186
31.4895
31.9495
32.399
32.8384
33.2681
33.6883
34.0994
34.5016
34.8951
35.2804
35.6575
36.0266
36.3881
36.7419
37.0883
37.4274
37.7593
38.0841
38.4019
38.7126
39.0165
39.3133
39.6032
39.8861
40.1618
40.4302
40.6913
40.9448
41.1904
41.428
41.6571
41.8775
42.0885
42.2898
42.4806
42.6606
42.8286
42.9839
43.1256
43.2522
43.3626
43.4551
43.5278
43.5786
43.6048
43.6036
43.5712
43.5032
43.3945
43.2385
31.8787
32.6917
33.2813
33.6981
33.9785
34.1492
34.2302
34.2366
34.1804
34.0705
33.9143
33.7177
33.4853
33.2209
32.9276
32.608
32.2641
31.8977
31.5102
31.1027
30.676
30.2311
29.7683
29.2882
28.7909
28.2766
27.7454
27.1972
26.6319
26.0493
25.4489
24.8306
24.1938
23.5382
22.8634
22.1693
21.4558
20.7236
19.9743
19.2112
18.441
17.6766
16.9424
16.2851
15.7921
15.5826
15.7255
16.1708
16.8052
17.5347
18.3032
19.0813
19.8536
20.6124
21.3538
22.0761
22.7788
23.4618
24.1255
24.7706
25.3978
26.0077
26.601
27.1785
27.7407
28.2884
28.8222
29.3426
29.8501
30.3453
30.8286
31.3005
31.7614
32.2117
32.6517
33.0818
33.5024
33.9136
34.3158
34.7093
35.0943
35.4709
35.8395
36.2001
36.553
36.8982
37.236
37.5664
37.8895
38.2054
38.5141
38.8157
39.1101
39.3973
39.6773
39.95
40.2152
40.4728
40.7227
40.9646
41.1983
41.4233
41.6394
41.8462
42.0431
42.2294
42.4048
42.5682
42.7189
42.8561
42.9782
43.0843
43.1727
43.2416
43.2891
43.3124
43.309
43.2751
43.2068
43.099
42.9456
31.6102
32.4721
33.0988
33.5445
33.8477
34.037
34.1332
34.1525
34.107
34.0066
33.8587
33.6694
33.4436
33.1852
32.8974
32.5829
32.2439
31.8821
31.499
31.0958
30.6733
30.2324
29.7736
29.2974
28.804
28.2937
27.7664
27.2222
26.6608
26.0822
25.4859
24.8717
24.239
23.5876
22.917
22.227
21.5176
20.7892
20.0432
19.2825
18.5129
17.7459
17.0029
16.3253
15.7914
15.5187
15.5938
15.9888
16.5949
17.3107
18.0739
18.8508
19.6241
20.385
21.129
21.8541
22.5595
23.2452
23.9115
24.5591
25.1885
25.8005
26.3957
26.9749
27.5388
28.088
28.623
29.1445
29.653
30.149
30.633
31.1054
31.5666
32.0171
32.4572
32.8872
33.3074
33.7183
34.1199
34.5126
34.8966
35.2722
35.6394
35.9986
36.3498
36.6932
37.0289
37.357
37.6776
37.9908
38.2966
38.5951
38.8861
39.1698
39.446
39.7147
39.9758
40.229
40.4743
40.7115
40.9401
41.1601
41.3708
41.572
41.7632
41.9438
42.1133
42.2708
42.4156
42.5466
42.6629
42.763
42.8457
42.9092
42.9514
42.9701
42.9625
42.9253
42.8546
42.7457
42.5927
31.3353
32.2489
32.9147
33.3906
33.7177
33.9261
34.0381
34.0705
34.0361
33.9452
33.8056
33.6236
33.4044
33.1519
32.8697
32.5603
32.226
31.8688
31.49
31.0908
30.6724
30.2354
29.7805
29.3081
28.8186
28.312
27.7885
27.2481
26.6906
26.1159
25.5236
24.9133
24.2847
23.6374
22.971
22.2851
21.5797
20.8551
20.1124
19.3543
18.5858
17.8168
17.0666
16.3714
15.8012
15.4688
15.4749
15.8153
16.3891
17.0891
17.8455
18.6205
19.3944
20.157
20.9033
21.6309
22.3389
23.0271
23.6958
24.3455
24.9769
25.5906
26.1875
26.7681
27.3331
27.8833
28.4191
28.9413
29.4503
29.9466
30.4307
30.903
31.3641
31.8142
32.2537
32.683
33.1023
33.512
33.9124
34.3036
34.686
35.0597
35.4248
35.7817
36.1304
36.4711
36.8039
37.1289
37.4462
37.7557
38.0577
38.3521
38.6388
38.9179
39.1893
39.4529
39.7087
39.9564
40.1959
40.4269
40.6493
40.8627
41.0668
41.2611
41.4452
41.6185
41.7805
41.9303
42.0674
42.1906
42.2991
42.3915
42.4663
42.5222
42.5571
42.5689
42.5548
42.5118
42.4362
42.3235
42.1682
31.0525
32.0208
32.7278
33.2353
33.5873
33.8156
33.9438
33.9896
33.9666
33.8853
33.7541
33.5795
33.3668
33.1203
32.8435
32.5391
32.2095
31.8566
31.482
31.0869
30.6724
30.2393
29.7881
29.3195
28.8336
28.3307
27.8109
27.2743
26.7206
26.1496
25.5611
24.9548
24.3302
23.6869
23.0246
22.3427
21.6413
20.9205
20.1813
19.4259
18.6587
17.8886
17.1324
16.4222
15.8199
15.4318
15.3687
15.6504
16.1878
16.8693
17.6176
18.3899
19.1638
19.9278
20.6762
21.4061
22.1163
22.8067
23.4775
24.129
24.7621
25.3772
25.9753
26.5569
27.1227
27.6734
28.2096
28.7319
29.2409
29.7369
30.2206
30.6923
31.1525
31.6016
32.0399
32.4677
32.8854
33.2933
33.6916
34.0806
34.4605
34.8314
35.1937
35.5474
35.8927
36.2298
36.5587
36.8795
37.1924
37.4973
37.7943
38.0834
38.3647
38.638
38.9033
39.1606
39.4097
39.6504
39.8827
40.1062
40.3208
40.5261
40.7217
40.9074
41.0825
41.2467
41.3993
41.5394
41.6667
41.7799
41.8781
41.9603
42.025
42.0707
42.0955
42.0974
42.0738
42.0219
41.9382
41.8183
41.6572
30.7601
31.7863
32.5367
33.0774
33.4554
33.7043
33.8492
33.9088
33.8974
33.8259
33.7032
33.536
33.3299
33.0893
32.8178
32.5184
32.1934
31.8449
31.4744
31.0833
30.6726
30.2431
29.7956
29.3306
28.8483
28.3491
27.8329
27.2999
26.7498
26.1826
25.5979
24.9954
24.3747
23.7354
23.077
22.3992
21.7018
20.9849
20.2492
19.4966
18.731
17.9603
17.1992
16.4762
15.8459
15.4064
15.2749
15.4943
15.9911
16.6512
17.3897
18.1584
18.9317
19.6967
20.4468
21.1787
21.891
22.5833
23.2558
23.9089
24.5432
25.1594
25.7583
26.3404
26.9066
27.4573
27.9934
28.5153
29.0236
29.5188
30.0013
30.4718
30.9305
31.3778
31.8141
32.2397
32.655
33.0602
33.4556
33.8414
34.2178
34.5852
34.9435
35.293
35.6339
35.9662
36.2901
36.6056
36.9128
37.2118
37.5026
37.7851
38.0595
38.3256
38.5833
38.8327
39.0735
39.3056
39.5289
39.7431
39.9479
40.1431
40.3284
40.5031
40.6672
40.8199
40.9606
41.0885
41.2033
41.3038
41.389
41.4579
41.5091
41.5413
41.5525
41.541
41.5042
41.4393
41.3432
41.2119
41.0404
30.4567
31.5442
32.3403
32.9159
33.3209
33.5913
33.7535
33.8273
33.8277
33.7662
33.6521
33.4924
33.2928
33.0581
32.792
32.4974
32.177
31.8327
31.4662
31.0789
30.672
30.2462
29.8022
29.3407
28.862
28.3662
27.8536
27.3241
26.7776
26.2141
25.6331
25.0344
24.4175
23.7821
23.1278
22.4539
21.7604
21.0474
20.3152
19.5656
18.802
18.0312
17.2663
16.5324
15.8776
15.3914
15.1931
15.3472
15.7989
16.4344
17.1613
17.9253
18.6975
19.4631
20.2145
20.9481
21.6621
22.356
23.0299
23.6841
24.3194
24.9362
25.5354
26.1176
26.6835
27.2338
27.7691
28.29
28.797
29.2906
29.7714
30.2397
30.6961
31.1408
31.5743
31.9968
32.4087
32.8103
33.2018
33.5834
33.9554
34.3179
34.6712
35.0154
35.3505
35.6768
35.9943
36.3031
36.6033
36.8948
37.1778
37.4522
37.7179
37.975
38.2234
38.4629
38.6935
38.915
39.1271
39.3297
39.5225
39.7052
39.8774
40.0388
40.1889
40.3271
40.4529
40.5655
40.6644
40.7486
40.8172
40.8689
40.9028
40.9171
40.9104
40.8806
40.8256
40.7427
40.6288
40.4801
40.2923
30.1406
31.2931
32.1375
32.7496
33.1829
33.4756
33.6557
33.7441
33.7566
33.7053
33.5998
33.4476
33.2547
33.0259
32.765
32.4753
32.1593
31.8192
31.4567
31.0732
30.6698
30.2476
29.8071
29.3491
28.8737
28.3814
27.8722
27.3462
26.8033
26.2433
25.666
25.071
24.4579
23.8264
23.1759
22.5061
21.8165
21.1073
20.3788
19.6323
18.8709
18.1004
17.3326
16.5895
15.9135
15.3852
15.1228
15.2092
15.6113
16.2188
16.932
17.6901
18.4604
19.226
19.9785
20.7134
21.4288
22.1239
22.7988
23.4538
24.0895
24.7064
25.3054
25.8871
26.4522
27.0013
27.5352
28.0543
28.5592
29.0505
29.5287
29.9941
30.4473
30.8885
31.3181
31.7365
32.144
32.5408
32.9272
33.3034
33.6696
34.0261
34.3729
34.7103
35.0382
35.3569
35.6665
35.9669
36.2582
36.5406
36.8139
37.0781
37.3332
37.5792
37.8159
38.0433
38.2612
38.4694
38.6678
38.856
39.0339
39.201
39.357
39.5016
39.6342
39.7543
39.8612
39.9545
40.0332
40.0967
40.1437
40.1735
40.1845
40.1756
40.1451
40.0911
40.0114
39.9036
39.7647
39.5912
39.3789
29.8104
31.0318
31.9271
32.5776
33.0405
33.3563
33.555
33.6584
33.6832
33.6423
33.5456
33.401
33.2147
32.9917
32.7361
32.4511
32.1395
31.8035
31.4449
31.0651
30.6653
30.2465
29.8094
29.3547
28.8827
28.3938
27.8879
27.3653
26.8259
26.2694
25.6957
25.1044
24.4951
23.8674
23.2208
22.5548
21.8693
21.1639
20.4391
19.6958
18.9368
18.1672
17.3972
16.6464
15.9521
15.3863
15.0631
15.0804
15.4284
16.004
16.7013
17.4521
18.2197
18.9849
19.7378
20.4736
21.19
21.886
22.5614
23.2167
23.8522
24.4687
25.0669
25.6474
26.211
26.7583
27.2899
27.8064
28.3084
28.7965
29.271
29.7325
30.1813
30.6178
31.0425
31.4555
31.8573
32.248
32.6279
32.9973
33.3563
33.7051
34.0438
34.3726
34.6916
35.0008
35.3005
35.5904
35.8709
36.1417
36.403
36.6546
36.8966
37.1288
37.3511
37.5634
37.7656
37.9574
38.1386
38.3089
38.4681
38.6157
38.7515
38.875
38.9855
39.0827
39.1659
39.2345
39.2875
39.3243
39.3439
39.345
39.3264
39.2869
39.2248
39.1384
39.0255
38.8836
38.7101
38.5014
38.2539
29.4643
30.7589
31.708
32.3989
32.8926
33.2326
33.4503
33.5692
33.6067
33.5764
33.4886
33.3516
33.1719
32.9548
32.7043
32.4241
32.1168
31.7848
31.43
31.0538
30.6574
30.242
29.8083
29.3568
28.8881
28.4024
27.8999
27.3806
26.8446
26.2916
25.7214
25.1337
24.5281
23.9042
23.2615
22.5995
21.9178
21.2164
20.4952
19.7554
18.9989
18.2305
17.4591
16.7019
15.9919
15.393
15.0128
14.9605
15.2503
15.7899
16.4686
17.2107
17.9747
18.7387
19.4917
20.2279
20.9447
21.641
22.3165
22.9713
23.6062
24.2216
24.8182
25.3968
25.958
26.5025
27.0309
27.5439
28.0419
28.5256
28.9954
29.4517
29.8949
30.3255
30.7437
31.1499
31.5444
31.9274
32.2992
32.6599
33.0098
33.349
33.6776
33.9957
34.3036
34.6011
34.8883
35.1654
35.4322
35.6888
35.9351
36.1711
36.3967
36.6118
36.8161
37.0097
37.1922
37.3635
37.5232
37.6711
37.8068
37.93
38.0401
38.1368
38.2195
38.2877
38.3405
38.3773
38.3975
38.3998
38.3834
38.3472
38.2898
38.2099
38.106
37.976
37.818
37.6297
37.4082
37.1504
36.8526
29.101
30.4731
31.479
32.2124
32.7384
33.1035
33.341
33.4758
33.5263
33.5067
33.4279
33.2986
33.1255
32.9141
32.6689
32.3933
32.0902
31.7622
31.411
31.0383
30.6453
30.2332
29.8027
29.3544
28.8888
28.4063
27.9071
27.3911
26.8584
26.3088
25.7421
25.158
24.5561
23.9359
23.297
22.639
21.9613
21.2637
20.5464
19.81
19.0564
18.2895
17.5172
16.7549
16.0315
15.4033
14.9705
14.8492
15.077
15.5763
16.2333
16.9651
17.7243
18.4865
19.2388
19.9749
20.6917
21.3876
22.0625
22.7163
23.3497
23.9631
24.5573
25.133
25.6908
26.2315
26.7556
27.2638
27.7566
28.2346
28.6981
29.1478
29.5839
30.0068
30.4169
30.8145
31.1999
31.5732
31.9347
32.2847
32.6232
32.9503
33.2663
33.5712
33.8651
34.1479
34.4198
34.6807
34.9306
35.1694
35.3971
35.6135
35.8186
36.0122
36.1941
36.3641
36.5219
36.6673
36.7999
36.9194
37.0254
37.1174
37.195
37.2576
37.3045
37.3352
37.3488
37.3446
37.3218
37.2791
37.2157
37.1302
37.0214
36.8876
36.7274
36.5388
36.3194
36.0673
35.7794
35.4527
35.0835
28.7185
30.173
31.2391
32.017
32.5768
32.968
33.226
33.3771
33.4409
33.4322
33.3625
33.2409
33.0744
32.8688
32.6286
32.3576
32.0587
31.7344
31.3868
31.0175
30.6279
30.2189
29.7915
29.3463
28.8838
28.4044
27.9083
27.3956
26.8661
26.3199
25.7566
25.1761
24.5778
23.9614
23.3264
22.6722
21.9985
21.3049
20.5914
19.8586
19.108
18.3429
17.5705
16.804
16.0692
15.4156
14.9347
14.7457
14.9082
15.3627
15.995
16.7143
17.4676
18.2271
18.9781
19.7134
20.4293
21.1242
21.7976
22.4496
23.0805
23.691
24.2817
24.8533
25.4066
25.9421
26.4605
26.9624
27.4485
27.919
28.3747
28.8159
29.2429
29.6562
30.0561
30.4428
30.8166
31.1778
31.5265
31.8629
32.1872
32.4993
32.7995
33.0878
33.3642
33.6287
33.8813
34.1219
34.3505
34.567
34.7712
34.963
35.1423
35.3087
35.4621
35.6022
35.7286
35.841
35.939
36.0222
36.0901
36.1421
36.1775
36.1958
36.1964
36.1783
36.1407
36.0826
36.0031
35.9009
35.7748
35.6236
35.4457
35.2394
35.0028
34.734
34.4307
34.0905
33.7106
33.2876
32.8183
28.3153
29.8572
30.9868
31.8117
32.4069
32.8251
33.1044
33.2723
33.3496
33.352
33.2915
33.1775
33.0176
32.8177
32.5825
32.3159
32.0211
31.7005
31.3564
30.9904
30.6038
30.1979
29.7735
29.3313
28.8719
28.3955
27.9025
27.3928
26.8666
26.3236
25.7638
25.1868
24.5921
23.9794
23.3483
22.698
22.0283
21.3387
20.6291
19.9
19.1525
18.3897
17.6175
16.8479
16.1035
15.4277
14.9034
14.6491
14.7437
15.1488
15.7527
16.4574
17.2034
17.959
18.7079
19.4415
20.1558
20.8488
21.5198
22.1688
22.7961
23.4024
23.9883
24.5544
25.1015
25.6302
26.1412
26.6351
27.1123
27.5735
28.0191
28.4495
28.8651
29.2662
29.6531
30.0261
30.3855
30.7314
31.0639
31.3833
31.6896
31.9829
32.2632
32.5305
32.7849
33.0262
33.2544
33.4694
33.6711
33.8592
34.0336
34.1941
34.3403
34.4721
34.5889
34.6906
34.7766
34.8464
34.8997
34.9357
34.9538
34.9535
34.9338
34.8941
34.8333
34.7506
34.6448
34.5148
34.3596
34.1774
33.9671
33.7268
33.455
33.1498
32.8092
32.4309
32.0128
31.5523
31.0468
30.4934
29.8894
27.8895
29.524
30.7209
31.5952
32.2274
32.6739
32.975
33.1602
33.2513
33.2649
33.2136
33.1074
32.954
32.7596
32.5293
32.267
31.9761
31.6591
31.3183
30.9554
30.5719
30.1689
29.7474
29.3081
28.8515
28.378
27.8879
27.3813
26.8583
26.3185
25.7621
25.1885
24.5974
23.9885
23.3611
22.7148
22.0491
21.3636
20.658
19.9326
19.1885
18.4281
17.6569
16.8849
16.1324
15.4376
14.8743
14.5579
14.5829
14.9339
15.5055
16.193
16.9301
17.6807
18.4263
19.1573
19.8688
20.5587
21.2261
21.8707
22.4931
23.0936
23.6729
24.2317
24.7707
25.2906
25.792
26.2754
26.7415
27.1907
27.6234
28.0401
28.4411
28.8267
29.1973
29.553
29.894
30.2206
30.5327
30.8305
31.1141
31.3834
31.6384
31.879
32.1054
32.3171
32.5142
32.6964
32.8634
33.0151
33.1511
33.271
33.3746
33.4613
33.5307
33.5822
33.6154
33.6293
33.6236
33.5973
33.5497
33.4798
33.3866
33.2692
33.1262
32.9566
32.7591
32.532
32.274
31.9835
31.6588
31.2982
30.8999
30.4622
29.9831
29.4611
28.895
28.2836
27.626
26.9228
26.1742
