29.7603
30.4583
31.1063
31.7061
32.2592
32.7678
33.234
33.6599
34.0477
34.3992
34.7162
35.0007
35.2543
35.4785
35.6748
35.8446
35.9891
36.1095
36.2069
36.2824
36.3367
36.3709
36.3857
36.382
36.3602
36.3212
36.2655
36.1935
36.106
36.0032
35.8857
35.7538
35.6078
35.4482
35.2751
35.0889
34.8897
34.6779
34.4534
34.2166
33.9674
33.7061
33.4327
33.1472
32.8496
32.5399
32.2181
31.8841
31.5378
31.1791
30.8078
30.4237
30.0267
29.6163
29.1924
28.7546
28.3025
27.8357
27.3536
26.8557
26.3415
25.8102
25.261
24.6932
24.1058
23.4978
22.868
22.2152
21.5382
20.8354
20.1054
19.3472
18.5595
17.7426
16.8997
16.0385
15.1813
14.369
13.6651
13.1723
13.0247
13.3051
13.9524
14.8048
15.7207
16.633
17.5203
18.3756
19.1979
19.9879
20.747
21.4772
22.1789
22.8538
23.5029
24.1274
24.7271
25.3029
25.855
26.383
26.8868
27.366
27.8192
28.2457
28.6435
29.0109
29.3448
29.6423
29.8989
30.1092
30.2666
30.3623
30.385
30.3203
30.1483
29.843
29.3681
28.673
27.6852
26.3007
24.3745
33.1045
33.652
34.1521
34.6081
35.0228
35.3989
35.7385
36.044
36.3172
36.56
36.7742
36.9611
37.1224
37.2591
37.3727
37.464
37.5342
37.5842
37.6149
37.6271
37.6214
37.5986
37.5594
37.5042
37.4337
37.3483
37.2485
37.1346
37.0072
36.8665
36.7129
36.5466
36.368
36.1772
35.9745
35.7601
35.5341
35.2967
35.0479
34.788
34.5168
34.2346
33.9413
33.6369
33.3213
32.9946
32.6567
32.3074
31.9467
31.5744
31.1902
30.794
30.3855
29.9645
29.5307
29.0835
28.6228
28.148
27.6586
27.1541
26.6338
26.0971
25.5433
24.9714
24.3806
23.7699
23.1382
22.4841
21.8065
21.1039
20.3749
19.6182
18.8328
18.0183
17.1774
16.3165
15.4541
14.628
13.8962
13.3527
13.1298
13.3289
13.9181
14.7449
15.6568
16.5729
17.4667
18.3292
19.1586
19.9557
20.7218
21.4579
22.1657
22.8463
23.5013
24.1308
24.7359
25.3166
25.8732
26.4062
26.9145
27.3983
27.8564
28.2874
28.6903
29.0626
29.4023
29.7057
29.9691
30.187
30.3533
30.4595
30.495
30.4457
30.2933
30.013
29.5707
28.9189
27.9901
26.6869
24.8709
35.7141
36.1419
36.5276
36.8744
37.185
37.4621
37.7076
37.9236
38.1119
38.2742
38.4118
38.5262
38.6184
38.6896
38.7409
38.773
38.787
38.7835
38.7633
38.727
38.6751
38.6084
38.5273
38.4323
38.3238
38.2021
38.0678
37.921
37.7622
37.5916
37.4094
37.2159
37.0112
36.7957
36.5693
36.3324
36.0849
35.827
35.5587
35.2802
34.9913
34.6923
34.383
34.0633
33.7334
33.393
33.0421
32.6806
32.3083
31.925
31.5306
31.1247
30.7073
30.2778
29.8361
29.3818
28.9143
28.4334
27.9385
27.429
26.9044
26.3638
25.8067
25.2322
24.6394
24.0272
23.3946
22.7404
22.0632
21.3618
20.6346
19.8802
19.0978
18.2865
17.4485
16.589
15.7234
14.8859
14.1298
13.5409
13.2469
13.3638
13.8891
14.6849
15.5901
16.5093
17.4093
18.279
19.1157
19.9199
20.6929
21.4354
22.1494
22.8363
23.4966
24.1318
24.7418
25.3278
25.8894
26.4271
26.9402
27.4287
27.8915
28.3274
28.7353
29.1131
29.4584
29.7678
30.0379
30.2636
30.4387
30.5553
30.6032
30.5691
30.4355
30.1791
29.7677
29.1569
28.2835
27.0567
25.3471
37.7558
38.0963
38.3985
38.6654
38.8997
39.1039
39.2798
39.4296
39.5546
39.6566
39.7367
39.7962
39.8361
39.8574
39.8611
39.8478
39.8184
39.7735
39.7137
39.6397
39.5518
39.4507
39.3367
39.2102
39.0716
38.9212
38.7594
38.5864
38.4024
38.2078
38.0027
37.7873
37.5617
37.3261
37.0807
36.8255
36.5606
36.2861
36.002
35.7083
35.4052
35.0925
34.7702
34.4382
34.0966
33.7451
33.3838
33.0124
32.6308
32.2388
31.8361
31.4227
30.9981
30.562
30.1142
29.6543
29.1818
28.6963
28.1973
27.6843
27.1566
26.6135
26.0543
25.4783
24.8845
24.2719
23.6395
22.986
22.3101
21.6106
20.8859
20.1347
19.3558
18.5485
17.714
16.857
15.99
15.1433
14.3663
13.7371
13.3769
13.4117
13.868
14.6268
15.522
16.4435
17.3494
18.2265
19.0706
19.8821
20.662
21.4112
22.1319
22.8245
23.4909
24.1313
24.747
25.3379
25.9048
26.4475
26.9655
27.4588
27.9265
28.3676
28.7806
29.1636
29.5145
29.8303
30.1072
30.3405
30.5244
30.6512
30.7112
30.6918
30.5765
30.343
29.9611
29.3892
28.5683
27.4133
25.803
39.3746
39.6524
39.8939
40.1024
40.2805
40.4305
40.5547
40.6546
40.732
40.7882
40.8244
40.8419
40.8415
40.8243
40.791
40.7423
40.6789
40.6015
40.5106
40.4067
40.2902
40.1616
40.0213
39.8697
39.7069
39.5334
39.3495
39.1552
38.9509
38.7369
38.5131
38.2798
38.0372
37.7853
37.5243
37.2542
36.975
36.6869
36.3899
36.084
35.7691
35.4452
35.1123
34.7703
34.4192
34.0588
33.689
33.3097
32.9206
32.5216
32.1125
31.693
31.2629
30.8217
30.3693
29.9051
29.4289
28.9401
28.4383
27.9228
27.3931
26.8486
26.2885
25.7119
25.1181
24.5059
23.8744
23.2225
22.5486
21.8518
21.1303
20.3828
19.6081
18.8053
17.9751
17.1214
16.2544
15.4007
14.6061
13.9412
13.52
13.4741
13.857
14.5727
15.4543
16.3768
17.2884
18.1728
19.0245
19.8434
20.6306
21.3866
22.1138
22.8127
23.4851
24.1316
24.7524
25.349
25.9211
26.4689
26.9918
27.4902
27.9629
28.4091
28.8274
29.216
29.5727
29.8947
30.1784
30.4194
30.6118
30.7487
30.8205
30.8155
30.7176
30.5062
30.1528
29.618
28.8462
27.7589
26.242
40.6761
40.9087
41.106
41.2714
41.4078
41.5174
41.6024
41.6645
41.7054
41.7264
41.7288
41.7136
41.6818
41.6343
41.5718
41.4951
41.4049
41.3016
41.1857
41.0579
40.9184
40.7678
40.6062
40.4341
40.2518
40.0595
39.8574
39.6458
39.4249
39.1949
38.9558
38.7079
38.4512
38.1859
37.912
37.6296
37.3387
37.0395
36.7318
36.4157
36.0911
35.7581
35.4166
35.0665
34.7076
34.3399
33.9633
33.5776
33.1826
32.7781
32.3639
31.9397
31.5053
31.0603
30.6044
30.1373
29.6584
29.1674
28.6638
28.1469
27.6162
27.0712
26.5109
25.9346
25.3416
24.7307
24.1009
23.4512
22.7801
22.0865
21.3688
20.6255
19.8556
19.0579
18.2326
17.383
16.5175
15.6588
14.8492
14.1533
13.6764
13.5524
13.8583
14.5249
15.3884
16.3106
17.2275
18.1193
18.9787
19.8054
20.5999
21.363
22.097
22.8027
23.4808
24.1333
24.7602
25.3622
25.9397
26.4927
27.0209
27.5244
28.0023
28.4537
28.8774
29.2715
29.6341
29.9626
30.2532
30.5017
30.7028
30.8494
30.9329
30.9417
30.8609
30.6707
30.344
29.8444
29.1199
28.0958
26.6668
41.7351
41.9351
42.1002
42.2339
42.339
42.4181
42.4733
42.5065
42.5192
42.5128
42.4887
42.4478
42.3912
42.3197
42.234
42.135
42.0231
41.8989
41.763
41.6157
41.4575
41.2888
41.1099
40.9211
40.7227
40.5149
40.2979
40.072
39.8373
39.5941
39.3423
39.0822
38.8139
38.5374
38.2529
37.9603
37.6597
37.3512
37.0346
36.7102
36.3777
36.0372
35.6885
35.3317
34.9666
34.5931
34.211
33.8202
33.4205
33.0117
32.5936
32.1659
31.7283
31.2806
30.8223
30.3531
29.8726
29.3803
28.8757
28.3584
27.8276
27.2827
26.7232
26.148
25.5564
24.9475
24.3201
23.6732
23.0055
22.3157
21.6024
20.8639
20.0992
19.3071
18.4874
17.6427
16.7799
15.9182
15.0963
14.3735
13.8463
13.6475
13.8741
14.4856
15.3262
16.2461
17.1681
18.0671
18.9347
19.7692
20.5714
21.3418
22.0828
22.7952
23.4801
24.1387
24.7715
25.3793
25.962
26.5205
27.0543
27.5631
28.0466
28.5034
28.9325
29.3324
29.7009
30.0356
30.333
30.5893
30.7989
30.9553
31.0501
31.0724
31.0081
30.838
30.5373
30.0707
29.3904
28.4263
27.0799
42.6052
42.7821
42.9238
43.034
43.1157
43.1717
43.2041
43.2148
43.2056
43.1779
43.1328
43.0716
42.9952
42.9045
42.8002
42.683
42.5536
42.4124
42.26
42.0969
41.9233
41.7398
41.5466
41.3439
41.1321
40.9115
40.6821
40.4443
40.1981
39.9438
39.6815
39.4112
39.1331
38.8473
38.5538
38.2527
37.9441
37.6278
37.304
36.9726
36.6335
36.2868
35.9324
35.5701
35.2
34.8218
34.4353
34.0406
33.6373
33.2252
32.8042
32.3739
31.9341
31.4846
31.0247
30.5544
30.0731
29.5803
29.0757
28.5586
28.0285
27.4846
26.9265
26.3531
25.7636
25.1573
24.533
23.8896
23.2258
22.5403
21.8319
21.0988
20.3398
19.5538
18.7403
17.9012
17.0421
16.1793
15.3477
14.6018
14.0297
13.7604
13.9065
14.4572
15.2697
16.1849
17.1114
18.0178
18.8936
19.7363
20.5465
21.325
22.0728
22.7922
23.4838
24.1487
24.7877
25.4014
25.9903
26.5544
27.0938
27.6084
28.0971
28.5594
28.9942
29.3999
29.7748
30.1159
30.4203
30.684
30.9021
31.0681
31.1741
31.2096
31.161
31.0106
30.7342
30.2996
29.6607
28.7536
27.4841
43.3258
43.4865
43.6113
43.7043
43.7686
43.8071
43.822
43.8154
43.7891
43.7444
43.6828
43.6053
43.513
43.4068
43.2873
43.1554
43.0117
42.8565
42.6906
42.5143
42.3281
42.1322
41.927
41.7128
41.4898
41.2584
41.0186
40.7708
40.515
40.2514
39.9801
39.7013
39.415
39.1213
38.8204
38.5121
38.1966
37.8739
37.544
37.2068
36.8624
36.5106
36.1515
35.7849
35.4107
35.0287
34.6389
34.2411
33.8351
33.4207
32.9977
32.5657
32.1246
31.6739
31.2134
30.7427
30.2614
29.7689
29.2649
28.7488
28.22
27.6779
27.1217
26.5508
25.9642
25.3611
24.7404
24.101
23.4418
22.7613
22.0582
21.331
20.5783
19.7989
18.9921
18.1592
17.3051
16.4429
15.6038
14.8384
14.2267
13.8918
13.9574
14.4421
15.2209
16.1287
17.059
17.9727
18.857
19.7082
20.5267
21.3132
22.069
22.7957
23.4942
24.1658
24.8113
25.4312
26.0261
26.5961
27.1413
27.6616
28.1561
28.6241
29.0647
29.4766
29.8575
30.2052
30.5168
30.7881
31.0147
31.1902
31.3071
31.3553
31.3221
31.1904
30.9376
30.5328
29.9337
29.0792
27.8824
43.926
44.0758
44.1888
44.2694
44.3208
44.346
44.3476
44.3276
44.2878
44.2298
44.155
44.0645
43.9593
43.8405
43.7087
43.5646
43.409
43.2424
43.0652
42.878
42.6811
42.4748
42.2596
42.0357
41.8033
41.5627
41.3142
41.0578
40.7938
40.5223
40.2435
39.9574
39.6642
39.3639
39.0566
38.7423
38.4211
38.093
37.758
37.4161
37.0672
36.7113
36.3483
35.9782
35.6008
35.216
34.8237
34.4237
34.0158
33.5998
33.1755
32.7426
32.3008
31.8499
31.3894
30.9191
30.4384
29.947
29.4443
28.9299
28.4031
27.8633
27.3098
26.742
26.1588
25.5596
24.9431
24.3083
23.6541
22.9791
22.282
21.5613
20.8153
20.0432
19.2437
18.4178
17.5696
16.7096
15.8655
15.0839
14.4375
14.0422
14.0287
14.443
15.1823
16.0792
17.0126
17.9335
18.8266
19.6867
20.5139
21.3088
22.0726
22.8069
23.5127
24.1913
24.8435
25.4703
26.0715
26.6477
27.1989
27.7252
28.2256
28.6997
29.1466
29.5644
29.9519
30.3063
30.625
30.904
31.139
31.3239
31.4516
31.5123
31.4939
31.3802
31.1498
30.7738
30.2116
29.4069
28.2783
44.4279
44.5709
44.6761
44.7478
44.7899
44.8053
44.7967
44.7663
44.716
44.6475
44.5621
44.4611
44.3455
44.2163
44.0744
43.9203
43.7549
43.5786
43.392
43.1956
42.9897
42.7747
42.551
42.3188
42.0784
41.8301
41.574
41.3104
41.0394
40.7611
40.4758
40.1835
39.8843
39.5784
39.2657
38.9463
38.6203
38.2877
37.9484
37.6026
37.25
36.8908
36.5248
36.1519
35.7721
35.3852
34.9911
34.5896
34.1805
33.7637
33.3388
32.9057
32.464
32.0134
31.5537
31.0843
30.605
30.1152
29.6145
29.1024
28.5783
28.0415
27.4914
26.9273
26.3482
25.7533
25.1417
24.5122
23.8636
23.1947
22.5042
21.7904
21.0518
20.2874
19.496
18.6778
17.8364
16.9803
16.1333
15.3386
14.6624
14.2124
14.1222
14.4625
15.1564
16.0385
16.9739
17.9021
18.8043
19.6737
20.51
21.3137
22.0859
22.8282
23.5418
24.2281
24.8874
25.5207
26.1288
26.7115
27.2691
27.8017
28.3083
28.7889
29.2418
29.6663
30.0602
30.4216
30.7474
31.0344
31.2779
31.4722
31.6105
31.6835
31.6795
31.5833
31.3743
31.0252
30.4982
29.7402
28.6753
44.8486
44.9879
45.0882
45.1541
45.1895
45.1978
45.1816
45.1432
45.0847
45.0078
44.914
44.8045
44.6804
44.5428
44.3924
44.23
44.0564
43.872
43.6775
43.4733
43.2598
43.0373
42.8063
42.567
42.3198
42.0647
41.8022
41.5323
41.2552
40.9712
40.6803
40.3826
40.0783
39.7675
39.4502
39.1265
38.7964
38.4599
38.1172
37.768
37.4125
37.0506
36.6823
36.3073
35.9257
35.5374
35.1421
34.7398
34.3302
33.9131
33.4883
33.0556
32.6146
32.1651
31.7067
31.239
30.7617
30.2742
29.7762
29.2671
28.7462
28.2131
27.667
27.1072
26.5328
25.943
25.3368
24.7132
24.0709
23.4087
22.7253
22.0191
21.2886
20.5326
19.7498
18.9403
18.1066
17.2558
16.4083
15.6035
14.902
14.4029
14.2395
14.5036
15.1464
16.0094
16.9452
17.8806
18.7921
19.6714
20.5173
21.3304
22.1115
22.8623
23.5844
24.2781
24.9449
25.5858
26.2006
26.7905
27.3548
27.8939
28.4072
28.8942
29.3538
29.785
30.1859
30.5543
30.8877
31.1826
31.4346
31.6385
31.7873
31.8724
31.8824
31.8029
31.6146
31.2914
30.7976
30.0836
29.0785
45.2011
45.3393
45.4371
45.4994
45.5305
45.5337
45.5118
45.4675
45.4026
45.3191
45.2185
45.1021
44.9711
44.8265
44.6691
44.4998
44.3192
44.128
43.9267
43.7158
43.4958
43.2669
43.0296
42.7842
42.531
42.2701
42.0019
41.7265
41.4442
41.1551
40.8593
40.557
40.2482
39.9332
39.6119
39.2845
38.9509
38.6112
38.2655
37.9137
37.5558
37.1918
36.8217
36.4452
36.0625
35.6732
35.2774
34.8748
34.4652
34.0486
33.6245
33.1928
32.7532
32.3053
31.8489
31.3835
30.9089
30.4244
29.9296
29.4241
28.9073
28.3784
27.837
27.2822
26.7132
26.1292
25.5291
24.912
24.2767
23.6219
22.9463
22.2485
21.5267
20.7797
20.0065
19.2063
18.3814
17.5375
16.6916
15.8795
15.1571
14.6147
14.3825
14.5692
15.1555
15.9946
16.929
17.8716
18.7927
19.6825
20.5386
21.3615
22.1521
22.9123
23.6427
24.3451
25.0198
25.6684
26.2907
26.8878
27.4592
28.0054
28.5255
29.0195
29.4862
29.9242
30.3323
30.7083
31.0494
31.3524
31.6132
31.8266
31.986
32.083
32.1069
32.0437
31.875
31.5762
31.1138
30.4409
29.4914
45.4959
45.6349
45.7321
45.7928
45.8212
45.821
45.7952
45.7463
45.6766
45.5879
45.4819
45.3599
45.2232
45.0727
44.9095
44.7343
44.5478
44.3508
44.1437
43.927
43.7013
43.4668
43.2241
42.9733
42.7147
42.4488
42.1756
41.8954
41.6084
41.3148
41.0147
40.7082
40.3956
40.0769
39.7521
39.4214
39.0849
38.7425
38.3943
38.0403
37.6806
37.315
36.9435
36.5661
36.1826
35.7931
35.3972
34.9949
34.586
34.1702
33.7475
33.3174
32.8797
32.4342
31.9804
31.518
31.0466
30.5658
30.075
29.5738
29.0616
28.5378
28.0017
27.4526
26.8897
26.3122
25.719
25.1092
24.4816
23.835
23.168
22.4792
21.767
21.03
20.267
19.4772
18.6621
17.8266
16.9845
16.1681
15.4289
14.8489
14.5532
14.6626
15.1876
15.9977
16.9285
17.878
18.8093
19.71
20.577
21.4106
22.2117
22.9811
23.7207
24.4319
25.1155
25.772
26.4026
27.0071
27.5864
28.14
28.6675
29.1688
29.6429
30.0885
30.5042
30.8877
31.2369
31.5484
31.8183
32.0414
32.2114
32.3203
32.3578
32.3105
32.1609
31.8853
31.4525
30.8182
29.9204
45.7413
45.8827
45.9808
46.0412
46.0684
46.0661
46.0376
45.9855
45.9121
45.8194
45.709
45.5825
45.441
45.2857
45.1175
44.9373
44.7458
44.5437
44.3315
44.1098
43.8791
43.6397
43.3921
43.1365
42.8733
42.6027
42.3251
42.0405
41.7494
41.4517
41.1477
40.8376
40.5214
40.1994
39.8716
39.538
39.1989
38.8542
38.5039
38.1482
37.7869
37.4202
37.0479
36.6699
36.2863
35.8968
35.5015
35.1
34.6923
34.2781
33.8572
33.4293
32.9942
32.5516
32.1011
31.6424
31.1749
30.6984
30.2124
29.7162
29.2094
28.6914
28.1614
27.6188
27.0628
26.4925
25.9071
25.3054
24.6863
24.0487
23.3912
22.7124
22.0106
21.2845
20.5328
19.7545
18.9505
18.1248
17.2889
16.4711
15.719
15.1071
14.7536
14.7874
15.247
16.0229
16.9474
17.9037
18.8454
19.758
20.6366
21.4815
22.2935
23.0732
23.8231
24.5435
25.2362
25.9018
26.5406
27.1537
27.7411
28.3027
28.8383
29.3472
29.8291
30.2827
30.7063
31.0983
31.4559
31.7762
32.0554
32.2885
32.4693
32.5902
32.6412
32.6094
32.4782
32.2252
31.8205
31.2222
30.3725
45.9438
46.0888
46.1891
46.2504
46.2774
46.2741
46.2439
46.1896
46.1134
46.0176
45.9038
45.7735
45.6281
45.4687
45.2963
45.1117
44.9158
44.7093
44.4926
44.2665
44.0313
43.7875
43.5354
43.2755
43.0081
42.7333
42.4516
42.1631
41.8681
41.5667
41.2592
40.9456
40.6263
40.3013
39.9706
39.6346
39.2931
38.9464
38.5944
38.2372
37.8748
37.5073
37.1345
36.7564
36.373
35.9842
35.5897
35.1896
34.7836
34.3715
33.9531
33.5281
33.0962
32.6572
32.2107
31.7563
31.2936
30.8222
30.3416
29.8512
29.3507
28.8392
28.3162
27.781
27.2328
26.6707
26.0938
25.5012
24.8917
24.2641
23.617
22.9491
22.259
21.5448
20.8056
20.04
19.2484
18.4343
17.6068
16.7905
16.0294
15.3915
14.9864
14.9474
15.3386
16.0752
16.9904
17.9529
18.9058
19.831
20.7223
21.5793
22.403
23.1939
23.9545
24.6855
25.388
26.0627
26.711
27.333
27.9291
28.4993
29.0434
29.561
30.0513
30.5133
30.9455
31.3461
31.7128
32.0424
32.3313
32.5747
32.7666
32.8997
32.9642
32.9479
32.8347
32.6032
32.225
31.6611
30.8558
46.1086
46.2583
46.3617
46.4248
46.4526
46.4492
46.4181
46.3623
46.2842
46.1859
46.0693
45.936
45.7872
45.6243
45.4482
45.2599
45.0601
44.8496
44.6289
44.3987
44.1594
43.9116
43.6555
43.3916
43.1201
42.8415
42.5559
42.2637
41.9651
41.6602
41.3493
41.0326
40.7103
40.3824
40.0492
39.7108
39.3673
39.0187
38.6652
38.3068
37.9436
37.5755
37.2026
36.8248
36.4421
36.0543
35.6613
35.263
34.8593
34.4498
34.0345
33.613
33.185
32.7503
32.3085
31.8592
31.4021
30.9366
30.4623
29.9787
29.4853
28.9813
28.4663
27.9394
27.3999
26.847
26.2798
25.6973
25.0984
24.4819
23.8465
23.1909
22.5135
21.8126
21.0871
20.3357
19.5583
18.7575
17.9409
17.1294
16.3634
15.7048
15.2549
15.1474
15.4684
16.1608
17.0632
18.0316
18.9961
19.9348
20.8399
21.7102
22.5466
23.35
24.1217
24.8638
25.5769
26.2622
26.9204
27.5521
28.1576
28.7371
29.2903
29.817
30.3164
30.7876
31.229
31.639
32.0152
32.3547
32.654
32.9082
33.1117
33.2572
33.3355
33.3346
33.2389
33.0285
32.6759
32.1436
31.3805
46.2399
46.3951
46.5024
46.5681
46.5974
46.5945
46.5632
46.5065
46.427
46.3268
46.208
46.0721
45.9205
45.7545
45.5752
45.3835
45.1802
44.966
44.7416
44.5077
44.2646
44.0129
43.753
43.4853
43.2101
42.9277
42.6385
42.3427
42.0405
41.7323
41.4182
41.0983
40.773
40.4425
40.1068
39.7661
39.4206
39.0703
38.7155
38.3561
37.9922
37.6239
37.2512
36.874
36.4922
36.1059
35.7148
35.3189
34.918
34.5118
34.1002
33.6829
33.2596
32.83
32.3937
31.9504
31.4997
31.0411
30.5741
30.0982
29.6129
29.1175
28.6115
28.0941
27.5645
27.022
26.4656
25.8945
25.3075
24.7034
24.0811
23.439
22.7759
22.0899
21.3798
20.6444
19.8829
19.0977
18.2946
17.4913
16.7245
16.051
15.5633
15.3927
15.6432
16.2871
17.1732
18.1466
19.1238
20.0771
20.9971
21.8819
22.7321
23.5487
24.3334
25.0874
25.812
26.5084
27.1774
27.8195
28.4353
29.0249
29.5881
30.1247
30.6339
31.1149
31.5663
31.9866
32.3731
32.7231
33.0334
33.299
33.5145
33.6729
33.7652
33.7797
33.7018
33.5115
33.1833
32.6811
31.9567
46.3411
46.5025
46.6143
46.6831
46.7144
46.7127
46.6816
46.6245
46.544
46.4424
46.3218
46.1836
46.0296
45.8609
45.6786
45.4837
45.2771
45.0595
44.8317
44.5941
44.3474
44.092
43.8284
43.557
43.2781
42.992
42.6992
42.3998
42.0941
41.7825
41.465
41.1421
40.8138
40.4805
40.1422
39.7993
39.4518
39.0999
38.7438
38.3835
38.0191
37.6508
37.2785
36.9021
36.5218
36.1373
35.7487
35.3557
34.9581
34.5559
34.1487
33.7364
33.3185
32.8949
32.4651
32.0287
31.5854
31.1347
30.6761
30.2091
29.7331
29.2475
28.7518
28.2451
27.7267
27.196
26.6519
26.0936
25.5199
24.93
24.3222
23.6955
23.0485
22.3792
21.6865
20.9691
20.2259
19.4587
18.6722
17.8809
17.1178
16.4352
15.9171
15.69
15.8716
16.4634
17.3295
18.307
19.2978
20.2672
21.2037
22.1042
22.9696
23.8006
24.5989
25.366
26.1032
26.8116
27.4923
28.1459
28.7731
29.3736
29.9477
30.495
31.015
31.507
31.9692
32.4001
32.7978
33.1592
33.4809
33.7587
33.9869
34.1587
34.2653
34.2955
34.235
34.0648
33.7597
33.2864
32.5975
46.4148
46.5829
46.6997
46.7722
46.8059
46.8056
46.7752
46.7181
46.6369
46.5342
46.4119
46.2718
46.1155
45.9442
45.7591
45.5613
45.3515
45.1307
44.8994
44.6584
44.4081
44.149
43.8817
43.6065
43.3239
43.0341
42.7374
42.4344
42.1251
41.8098
41.4889
41.1627
40.8313
40.495
40.1541
39.8087
39.4591
39.1055
38.7481
38.3869
38.0221
37.6539
37.2822
36.907
36.5284
36.1462
35.7605
35.3709
34.9775
34.5799
34.1779
33.7714
33.3599
32.9432
32.5209
32.0926
31.6579
31.2163
30.7673
30.3105
29.8453
29.3709
28.8869
28.3924
27.8869
27.3695
26.8393
26.2955
25.7371
25.1629
24.5719
23.9626
23.3337
22.6835
22.0106
21.3137
20.5916
19.8454
19.0789
18.304
17.5497
16.8642
16.3238
16.0481
16.1638
16.7013
17.5441
18.5249
19.5303
20.5173
21.4719
22.3899
23.2718
24.1185
24.9317
25.7134
26.4642
27.1858
27.8792
28.5452
29.1842
29.797
30.3828
30.9418
31.4736
31.977
32.4508
32.8937
33.3031
33.6767
34.0107
34.3012
34.5425
34.728
34.8492
34.8951
34.8518
34.701
34.4184
33.9714
33.3155
46.4631
46.6383
46.7605
46.8369
46.8734
46.8749
46.8454
46.7883
46.7067
46.603
46.4793
46.3374
46.1789
46.0052
45.8174
45.6166
45.4038
45.1796
44.9449
44.7003
44.4463
44.1835
43.9124
43.6333
43.3467
43.0529
42.7523
42.4453
42.1321
41.813
41.4884
41.1585
40.8237
40.4841
40.1402
39.7921
39.4402
39.0846
38.7257
38.3635
37.9983
37.6302
37.2592
36.8855
36.5089
36.1295
35.7471
35.3617
34.973
34.5809
34.185
33.7852
33.3812
32.9725
32.5589
32.14
31.7152
31.2842
30.8465
30.4014
29.9485
29.4871
29.0165
28.5361
28.0452
27.543
27.0287
26.5015
25.9604
25.4043
24.8322
24.2428
23.6346
23.0063
22.3562
21.683
20.9855
20.264
19.5219
18.7683
18.0287
17.3473
16.7932
16.478
16.5334
17.0158
17.8325
18.8154
19.837
20.8433
21.8179
22.7552
23.6552
24.5194
25.3488
26.1455
26.9111
27.6469
28.3544
29.0337
29.6859
30.3115
30.91
31.4815
32.0258
32.5415
33.0279
33.4829
33.9049
34.2909
34.6378
34.9411
35.1957
35.3949
35.5303
35.5914
35.5643
35.4313
35.169
34.7459
34.1197
46.4876
46.6702
46.7981
46.8786
46.9181
46.9214
46.8929
46.8362
46.7542
46.6496
46.5245
46.3808
46.2202
46.044
45.8535
45.6497
45.4336
45.2061
44.9678
44.7194
44.4616
44.1948
43.9195
43.6363
43.3454
43.0473
42.7424
42.431
42.1134
41.7901
41.4612
41.1272
40.7883
40.445
40.0976
39.7463
39.3916
39.0337
38.6729
38.3095
37.9438
37.5757
37.2056
36.8335
36.4593
36.0831
35.7047
35.324
34.9409
34.5551
34.1664
33.7745
33.379
32.9798
32.5764
32.1683
31.7551
31.3365
30.9117
30.4803
30.0416
29.5951
29.1401
28.6759
28.2018
27.7171
27.221
26.7128
26.1916
25.6563
25.106
24.5394
23.9553
23.3522
22.7286
22.0831
21.4145
20.7225
20.0098
19.2838
18.5658
17.8966
17.3386
16.9946
16.9974
17.4263
18.215
19.1993
20.2385
21.2666
22.2631
23.2213
24.1411
25.0237
25.8705
26.6837
27.4654
28.2163
28.9381
29.632
30.2979
30.937
31.5488
32.1336
32.6906
33.2192
33.7179
34.1856
34.6197
35.018
35.3769
35.6923
35.9589
36.1703
36.318
36.3916
36.3777
36.259
36.0125
35.6079
35.0039
46.4893
46.6796
46.8132
46.8981
46.9406
46.9459
46.9185
46.862
46.7797
46.6741
46.5476
46.402
46.2391
46.0603
45.8669
45.66
45.4405
45.2093
44.9671
44.7147
44.4527
44.1816
43.9018
43.6139
43.3184
43.0154
42.7056
42.3892
42.0667
41.7383
41.4045
41.0656
40.7221
40.3742
40.0225
39.6674
39.3091
38.9483
38.5852
38.2201
37.8535
37.4854
37.1161
36.7458
36.3743
36.0018
35.628
35.2529
34.8762
34.4978
34.1174
33.7347
33.3493
32.9611
32.5695
32.1741
31.7745
31.3702
30.9605
30.545
30.1231
29.6939
29.257
28.8115
28.3569
27.8924
27.4174
26.9312
26.4329
25.9216
25.3966
24.8565
24.3004
23.7269
23.1343
22.5215
21.8872
21.2307
20.5541
19.8632
19.1757
18.5283
17.978
17.6181
17.579
17.9587
18.7191
19.7046
20.7629
21.8149
22.8353
23.8161
24.7567
25.6588
26.5238
27.3545
28.1521
28.9186
29.6556
30.3635
31.0436
31.6959
32.3209
32.9183
33.4874
34.0277
34.5379
35.0161
35.4606
35.8685
36.2365
36.5601
36.8345
37.0528
37.2069
37.2865
37.2784
37.1655
36.9258
36.5299
35.9382
46.4689
46.667
46.8066
46.8958
46.9413
46.9485
46.9221
46.8658
46.783
46.6764
46.5482
46.4006
46.2352
46.0536
45.857
45.6466
45.4233
45.1881
44.9417
44.6849
44.4182
44.1421
43.8573
43.5642
43.2632
42.9548
42.6393
42.3172
41.9888
41.6545
41.3147
40.97
40.6206
40.2672
39.9101
39.55
39.1873
38.8225
38.4562
38.0888
37.7208
37.3524
36.9839
36.6154
36.247
35.8786
35.5101
35.1414
34.7724
34.4026
34.0319
33.66
33.2865
32.9111
32.5334
32.1529
31.7692
31.3818
30.99
30.5932
30.1907
29.7819
29.3661
28.9426
28.5107
28.0698
27.6193
27.1585
26.6869
26.2037
25.7081
25.1993
24.676
24.1373
23.5817
23.0079
22.4149
21.8016
21.1695
20.5233
19.8774
19.2644
18.736
18.376
18.3095
18.648
19.382
20.3691
21.4479
22.5256
23.5709
24.575
25.5367
26.4581
27.3413
28.1882
29.0017
29.7827
30.5333
31.2541
31.9462
32.6097
33.2451
33.852
34.4295
34.9772
35.4936
35.9769
36.425
36.835
37.2036
37.5266
37.7988
38.0136
38.1631
38.2372
38.2231
38.1044
37.86
37.4614
36.8705
46.4268
46.6327
46.7782
46.8717
46.9201
46.9291
46.9035
46.8473
46.7638
46.6558
46.5258
46.3758
46.2076
46.0227
45.8225
45.6082
45.3807
45.141
44.8898
44.6278
44.3558
44.0742
43.7836
43.4844
43.1771
42.8622
42.54
42.211
41.8756
41.5341
41.1872
40.8351
40.4786
40.118
39.7541
39.3874
39.0187
38.6487
38.278
37.9073
37.537
37.1678
36.7998
36.4332
36.0682
35.7046
35.3423
34.9812
34.621
34.2614
33.9021
33.5429
33.1834
32.8231
32.4619
32.099
31.7341
31.3667
30.996
30.6213
30.242
29.8573
29.4664
29.0687
28.6634
28.2501
27.8282
27.3974
26.957
26.5067
26.0459
25.5738
25.0896
24.5925
24.0811
23.5544
23.0115
22.4513
21.8749
21.2861
20.6962
20.1338
19.6455
19.306
19.2318
19.5424
20.255
21.2443
22.3438
23.4469
24.5161
25.5415
26.5219
27.4598
28.3575
29.2174
30.0424
30.8337
31.5927
32.3209
33.0187
33.6862
34.3239
34.9311
35.5073
36.0514
36.5622
37.0381
37.4767
37.8753
38.2309
38.5392
38.7953
38.9931
39.125
39.1813
39.1498
39.0148
38.7561
38.3467
37.7505
46.363
46.5766
46.7279
46.8255
46.8766
46.8872
46.8621
46.8056
46.721
46.6113
46.479
46.3262
46.1547
45.9661
45.7618
45.5429
45.3106
45.0656
44.8089
44.5411
44.2628
43.9747
43.6773
43.371
43.0563
42.7336
42.4034
42.0661
41.7221
41.3718
41.0159
40.6547
40.2889
39.9191
39.5462
39.1709
38.7942
38.4169
38.0399
37.6643
37.2907
36.9198
36.5519
36.1873
35.826
35.4679
35.1129
34.7607
34.4109
34.0634
33.7177
33.3735
33.0306
32.6884
32.3466
32.0047
31.6623
31.3187
30.9732
30.6251
30.2735
29.9175
29.5563
29.1891
28.8153
28.4346
28.0464
27.6507
27.2473
26.8359
26.4163
25.988
25.5505
25.1033
24.6454
24.1761
23.6947
23.2004
22.694
22.1789
21.6641
21.174
20.7504
20.4585
20.4038
20.7067
21.4064
22.3978
23.5135
24.6363
25.7221
26.7607
27.7511
28.6962
29.5987
30.4614
31.2862
32.0754
32.8302
33.5515
34.2398
34.8958
35.5193
36.1102
36.6678
37.1913
37.6797
38.1313
38.5444
38.9166
39.2448
39.5255
39.7539
39.9244
40.0298
40.0609
40.006
39.8502
39.5741
39.1515
38.5486
46.2769
46.4982
46.655
46.7564
46.8099
46.8217
46.7968
46.7395
46.6534
46.5414
46.4063
46.2501
46.0746
45.8817
45.6725
45.4484
45.2103
44.9592
44.696
44.4213
44.1357
43.8399
43.5344
43.2196
42.896
42.5639
42.224
41.8765
41.5219
41.1606
40.7933
40.4204
40.0427
39.6609
39.276
38.8891
38.5012
38.1137
37.728
37.3452
36.9664
36.5926
36.2242
35.8615
35.5045
35.1529
34.8065
34.4649
34.1278
33.7947
33.4652
33.1392
32.816
32.4954
32.1771
31.8604
31.545
31.2302
30.9151
30.599
30.2808
29.9593
29.6337
29.303
28.9668
28.6246
28.2764
27.9224
27.5628
27.1976
26.8271
26.4513
26.07
25.6831
25.2903
24.8912
24.4856
24.0733
23.6553
23.2349
22.8196
22.43
22.1033
21.8951
21.8966
22.2202
22.9179
23.9047
25.0203
26.1429
27.2245
28.2551
29.2341
30.1647
31.0498
31.8924
32.6949
33.4591
34.1862
34.878
35.535
36.1579
36.7468
37.3018
37.8228
38.3091
38.7601
39.1745
39.5508
39.8869
40.1801
40.4269
40.6231
40.7632
40.8402
40.8453
40.7673
40.5918
40.2997
39.8669
39.2597
46.1678
46.3965
46.5585
46.6634
46.7188
46.7312
46.706
46.6473
46.5591
46.4442
46.3055
46.1451
45.965
45.7667
45.5517
45.3213
45.0765
44.8182
44.5472
44.2643
43.9701
43.665
43.3498
43.0247
42.6902
42.3468
41.9948
41.6347
41.2668
40.8917
40.5098
40.1219
39.7286
39.3309
38.9299
38.5269
38.1236
37.7217
37.3231
36.9297
36.5432
36.1647
35.795
35.4343
35.0823
34.7387
34.4029
34.0744
33.7526
33.4371
33.1274
32.8232
32.5241
32.2297
31.9398
31.6537
31.3711
31.0913
30.8133
30.5362
30.2585
29.9791
29.6965
29.4097
29.1183
28.822
28.5213
28.2168
27.9092
27.5992
27.2876
26.9748
26.6612
26.3474
26.0335
25.7199
25.4073
25.0962
24.7881
24.4868
24.1995
23.9433
23.7507
23.6678
23.7673
24.1421
24.8419
25.7998
26.875
27.954
28.9899
29.9732
30.9038
31.785
32.6202
33.4117
34.1627
34.8752
35.5507
36.1908
36.7966
37.3688
37.9082
38.4149
38.8889
39.3301
39.7376
40.1107
40.4475
40.7463
41.0043
41.2184
41.3841
41.4961
41.5477
41.53
41.4324
41.2406
40.9368
40.4968
39.8899
46.0345
46.2702
46.437
46.5447
46.6015
46.614
46.5876
46.5268
46.4356
46.317
46.1738
46.0083
45.8224
45.6178
45.3959
45.1579
44.905
44.638
44.3578
44.065
43.7602
43.4441
43.117
42.7794
42.4317
42.0742
41.7073
41.3314
40.9468
40.554
40.1536
39.746
39.3322
38.9131
38.4902
38.0649
37.6397
37.2169
36.7995
36.3905
35.9923
35.6069
35.2349
34.8765
34.531
34.1976
33.8754
33.5634
33.2609
32.9674
32.6823
32.4051
32.1357
31.8735
31.6184
31.37
31.1276
30.8907
30.6583
30.429
30.2012
29.9728
29.7423
29.5084
29.2705
29.0289
28.7845
28.5387
28.293
28.0487
27.8072
27.5697
27.3371
27.1104
26.8909
26.6793
26.4772
26.2861
26.1083
25.948
25.8123
25.7153
25.6836
25.7529
25.9742
26.4114
27.0974
27.9822
28.9582
29.9356
30.8746
31.766
32.6097
33.408
34.164
34.8801
35.5588
36.2022
36.812
37.3896
37.9361
38.4523
38.9387
39.3956
39.8228
40.2201
40.5866
40.9211
41.2221
41.4876
41.7148
41.9003
42.04
42.1283
42.1587
42.1227
42.0095
41.8058
41.4938
41.0513
40.4477
45.8752
46.1174
46.2883
46.3983
46.4556
46.4673
46.4389
46.3752
46.2799
46.1566
46.0077
45.8359
45.6429
45.4305
45.2002
44.9532
44.6905
44.413
44.1216
43.8169
43.4994
43.1696
42.8281
42.4751
42.111
41.7361
41.3506
40.9548
40.5491
40.1337
39.7092
39.276
38.8349
38.387
37.9338
37.4773
37.0205
36.5671
36.1217
35.6891
35.2736
34.8781
34.5034
34.1488
33.8128
33.4937
33.1898
32.8998
32.6226
32.3574
32.1036
31.8609
31.6289
31.4072
31.1958
30.9941
30.8018
30.6181
30.4419
30.2714
30.1043
29.9381
29.7701
29.5991
29.4246
29.2473
29.0691
28.8923
28.7193
28.5521
28.3927
28.2427
28.1037
27.977
27.8643
27.7668
27.6863
27.6248
27.5847
27.5703
27.5877
27.6479
27.7702
27.979
28.3051
28.7827
29.4251
30.1973
31.0308
31.8668
32.6763
33.4503
34.1871
34.8878
35.5541
36.1878
36.7905
37.3637
37.9086
38.4262
38.9172
39.3819
39.8206
40.2332
40.6194
40.9787
41.3098
41.6116
41.8824
42.1199
42.3215
42.4836
42.6019
42.6712
42.6848
42.6346
42.51
42.2981
41.9819
41.5397
40.943
45.6879
45.9359
46.1101
46.2213
46.2783
46.2881
46.2566
46.1887
46.0882
45.9587
45.8029
45.6231
45.4215
45.1997
44.9591
44.7011
44.4265
44.1363
43.8313
43.512
43.1789
42.8326
42.4733
42.1013
41.7169
41.3202
40.9113
40.4905
40.0578
39.6135
39.1576
38.6907
38.2132
37.7262
37.2311
36.7304
36.2277
35.7286
35.2405
34.7721
34.3311
33.9222
33.5459
33.1996
32.8795
32.5824
32.3054
32.0464
31.8041
31.5774
31.3657
31.1684
30.9854
30.8163
30.6608
30.5187
30.3893
30.2715
30.164
30.0644
29.9698
29.8764
29.7812
29.6828
29.5812
29.4778
29.3756
29.2778
29.1874
29.107
29.0387
28.9843
28.9453
28.9231
28.919
28.9342
28.97
29.0281
29.1106
29.2208
29.3635
29.5463
29.7813
30.0829
30.4667
30.9464
31.5229
32.1746
32.8648
33.5608
34.2434
34.9042
35.5401
36.1505
36.7353
37.2953
37.8311
38.3435
38.8326
39.2991
39.743
40.1646
40.5635
40.9392
41.2916
41.6192
41.9213
42.1964
42.4424
42.6573
42.838
42.9813
43.0827
43.137
43.1377
43.077
42.9445
42.7276
42.4102
41.9718
41.3847
45.4697
45.7225
45.899
46.0104
46.0658
46.0725
46.0365
45.9629
45.8557
45.7183
45.5538
45.3643
45.1521
44.9187
44.6657
44.3941
44.1051
43.7994
43.4777
43.1405
42.7884
42.4216
42.0404
41.6449
41.2352
40.8112
40.373
39.9205
39.4534
38.9717
38.4753
37.9641
37.4382
36.8983
36.3454
35.7818
35.212
34.6436
34.0893
33.5654
33.0878
32.6646
32.2939
31.9678
31.678
31.4182
31.1841
30.9726
30.7819
30.6107
30.4582
30.3239
30.2072
30.1078
30.0249
29.958
29.906
29.8673
29.8401
29.8214
29.8078
29.7949
29.7795
29.7606
29.7389
29.7166
29.6972
29.6845
29.6815
29.6909
29.7144
29.7535
29.8092
29.8825
29.974
30.0844
30.2146
30.3657
30.539
30.7368
30.9625
31.2209
31.5187
31.8634
32.2619
32.7183
33.2297
33.784
34.363
34.9494
35.5311
36.1011
36.6556
37.1928
37.7119
38.2124
38.6941
39.157
39.601
40.0263
40.4323
40.8188
41.1855
41.5315
41.8563
42.1586
42.4373
42.6906
42.9168
43.1134
43.2777
43.406
43.4941
43.537
43.5282
43.4599
43.3225
43.1035
42.7876
42.3548
41.7794
45.2172
45.4737
45.6511
45.7613
45.8136
45.8155
45.7734
45.6923
45.5765
45.4293
45.2539
45.0525
44.8272
44.5796
44.3113
44.0233
43.7165
43.3919
43.0498
42.6908
42.3152
41.9232
41.5149
41.0902
40.6489
40.191
39.7159
39.2233
38.7126
38.1832
37.6345
37.0657
36.4763
35.8657
35.2341
34.5829
33.9163
33.2441
32.5873
31.979
31.4528
31.0239
30.6818
30.4048
30.1754
29.9828
29.8204
29.6846
29.5727
29.4832
29.4148
29.3664
29.3373
29.3263
29.3325
29.3546
29.391
29.4397
29.4986
29.5645
29.6339
29.7029
29.7687
29.8308
29.8906
29.9507
30.0146
30.0855
30.1663
30.2591
30.365
30.4851
30.6199
30.7698
30.9351
31.1163
31.3137
31.5282
31.7606
32.0127
32.2866
32.5852
32.9122
33.2712
33.6649
34.0938
34.5553
35.0423
35.5456
36.0556
36.5648
37.0677
37.5611
38.0426
38.511
38.9653
39.4047
39.829
40.2375
40.6299
41.0058
41.3645
41.7054
42.0276
42.3304
42.6123
42.8722
43.1083
43.3186
43.5008
43.652
43.7686
43.8466
43.8809
43.8653
43.7922
43.6521
43.4334
43.1211
42.6961
42.134
44.926
45.1847
45.3616
45.4688
45.5161
45.5114
45.4611
45.3704
45.2435
45.0842
44.8952
44.679
44.4377
44.1728
43.8858
43.5777
43.2494
42.9014
42.5345
42.1487
41.7443
41.3214
40.8797
40.4189
39.9387
39.4385
38.9176
38.3751
37.8098
37.2207
36.6061
35.9646
35.2943
34.5933
33.86
33.0938
32.2968
31.4804
30.6781
29.9538
29.377
28.9731
28.7096
28.5351
28.4157
28.3354
28.2854
28.2613
28.2603
28.2803
28.3198
28.3773
28.4516
28.5413
28.6451
28.7613
28.8883
29.0241
29.1666
29.3131
29.4606
29.6064
29.7486
29.8873
30.0239
30.1608
30.3009
30.4467
30.6005
30.7636
30.937
31.1214
31.3171
31.5244
31.7435
31.9748
32.2186
32.4755
32.7463
33.0322
33.3344
33.6549
33.9954
34.3576
34.7423
35.1492
35.5761
36.0187
36.4721
36.9305
37.3892
37.8443
38.2929
38.733
39.1631
39.582
39.989
40.3831
40.764
41.1307
41.4828
41.8193
42.1398
42.4431
42.7283
42.9941
43.239
43.4613
43.6591
43.8299
43.9709
44.0786
44.149
44.1771
44.1569
44.081
43.9403
43.7235
43.4163
43.0006
42.453
44.591
44.8501
45.0244
45.1266
45.1668
45.1531
45.0921
44.9891
44.8485
44.6739
44.4683
44.234
43.9731
43.6871
43.3773
43.0448
42.6902
42.314
41.9168
41.4985
41.0591
40.5985
40.1162
39.6118
39.0844
38.5331
37.9568
37.3541
36.7235
36.063
35.3705
34.6434
33.8788
33.0735
32.2238
31.3269
30.3824
29.4015
28.4333
27.5845
26.9753
26.6435
26.5202
26.5085
26.5505
26.6248
26.7217
26.8368
26.968
27.1133
27.2716
27.4415
27.622
27.8119
28.01
28.2151
28.4259
28.6408
28.8583
29.0764
29.2932
29.507
29.7169
29.9231
30.127
30.3305
30.5354
30.7439
30.9574
31.1772
31.4041
31.6385
31.8809
32.1316
32.3909
32.659
32.9365
33.2236
33.5211
33.8298
34.1505
34.4841
34.8317
35.194
35.571
35.9621
36.3658
36.7793
37.1996
37.6232
38.047
38.468
38.8842
39.2937
39.6951
40.0873
40.4693
40.8403
41.1993
41.546
41.8792
42.1985
42.5028
42.791
43.0623
43.3152
43.5482
43.7596
43.9475
44.1095
44.2426
44.3436
44.4085
44.4323
44.4094
44.3325
44.1928
43.9795
43.6788
43.2735
42.7413
44.206
44.4632
44.6325
44.7272
44.7576
44.7322
44.6575
44.5392
44.3816
44.1884
43.9624
43.7061
43.4215
43.11
42.7728
42.4108
42.0247
41.6149
41.1815
40.7245
40.2438
39.7388
39.2091
38.6539
38.0722
37.4628
36.8244
36.1555
35.4541
34.7182
33.9452
33.1322
32.2759
31.3722
30.4164
29.4039
28.3334
27.2152
26.1109
25.1659
24.5505
24.3187
24.3664
24.547
24.7737
25.0186
25.2721
25.5309
25.7945
26.0617
26.3326
26.6069
26.8839
27.1635
27.445
27.7278
28.0112
28.2943
28.5762
28.8558
29.132
29.404
29.6715
29.9349
30.1951
30.4537
30.7119
30.9714
31.2334
31.4987
31.7682
32.0424
32.3217
32.6065
32.8971
33.1938
33.497
33.8071
34.1246
34.45
34.7838
35.1266
35.479
35.841
36.2125
36.593
36.9812
37.3754
37.7736
38.1735
38.5729
38.9698
39.3625
39.7494
40.1293
40.5012
40.864
41.2171
41.5595
41.8902
42.2089
42.5144
42.8059
43.0821
43.3423
43.585
43.8086
44.0115
44.1917
44.3468
44.474
44.5701
44.6311
44.6523
44.6281
44.5515
44.4141
44.2055
43.9124
43.5181
43.0018
43.7637
44.0163
44.178
44.2622
44.2798
44.2393
44.1477
44.0105
43.8321
43.6163
43.366
43.0834
42.7706
42.429
42.0596
41.6634
41.2408
40.7923
40.3178
39.8174
39.2909
38.7377
38.1574
37.5492
36.9124
36.2458
35.5484
34.8186
34.0549
33.2553
32.4175
31.5386
30.6152
29.6432
28.6179
27.5341
26.3906
25.1981
24.0217
23.0269
22.4177
22.2709
22.4665
22.8202
23.2157
23.6155
24.0099
24.3963
24.776
25.1492
25.5172
25.8806
26.2399
26.5955
26.9475
27.2959
27.6406
27.9814
28.3177
28.6494
28.9758
29.2969
29.6125
29.9233
30.23
30.5337
30.8355
31.1366
31.4379
31.7402
32.0444
32.3508
32.66
32.9723
33.2881
33.6078
33.9316
34.2599
34.5931
34.9316
35.2756
35.6256
35.9817
36.3439
36.7121
37.0857
37.4637
37.8451
38.2283
38.6119
38.9943
39.374
39.7495
40.1198
40.4836
40.8401
41.1884
41.5275
41.8568
42.1753
42.4824
42.777
43.0582
43.3252
43.5766
43.8112
44.0274
44.2237
44.3979
44.5478
44.6707
44.7633
44.8218
44.8416
44.8174
44.7423
44.6082
44.405
44.1203
43.7381
43.2378
43.2558
43.501
43.6518
43.7223
43.7237
43.6648
43.5525
43.3927
43.1899
42.9477
42.669
42.3564
42.0117
41.6363
41.2314
40.798
40.3367
39.8478
39.3318
38.7888
38.2186
37.6213
36.9966
36.344
35.6631
34.9531
34.2133
33.4425
32.6393
31.802
30.9284
30.0161
29.0615
28.0607
27.0095
25.9027
24.7401
23.5323
22.3401
21.3279
20.7151
20.6079
20.8966
21.3767
21.9045
22.4291
22.9382
23.4294
23.9046
24.3654
24.8136
25.251
25.6785
26.0973
26.5081
26.9114
27.3076
27.6968
28.0791
28.4546
28.8234
29.1856
29.5415
29.8915
30.2365
30.5773
30.9149
31.25
31.5836
31.9164
32.249
32.582
32.9158
33.2509
33.5875
33.926
34.2667
34.6099
34.956
35.3051
35.6576
36.0136
36.3732
36.7363
37.1028
37.4721
37.8436
38.2164
38.5895
38.9618
39.3321
39.6994
40.0625
40.4204
40.7722
41.1171
41.4541
41.7826
42.1017
42.4106
42.7084
42.9945
43.2678
43.5273
43.7718
44
44.2105
44.4016
44.5714
44.7175
44.8372
44.9275
44.9847
45.0042
44.9809
44.9082
44.7783
44.5814
44.3056
43.9355
43.4521
42.674
42.9086
43.0453
43.0989
43.0809
43.0003
42.8644
42.679
42.4489
42.178
41.8691
41.5251
41.1478
40.7391
40.3003
39.8326
39.337
38.8141
38.2647
37.6891
37.0877
36.4606
35.8079
35.1294
34.4249
33.6938
32.9354
32.1486
31.3323
30.4845
29.6033
28.686
27.7293
26.7293
25.6822
24.5836
23.4333
22.2419
21.0612
20.042
19.4075
19.2957
19.6253
20.1863
20.8109
21.4311
22.0305
22.6054
23.1576
23.6896
24.2035
24.7016
25.1856
25.6569
26.1168
26.566
27.0053
27.4353
27.8564
28.2691
28.6737
29.0705
29.46
29.8428
30.2196
30.5912
30.9583
31.3217
31.6821
32.0402
32.3965
32.7517
33.1061
33.46
33.814
34.1683
34.5232
34.8789
35.2358
35.594
35.9537
36.3151
36.678
37.0426
37.4085
37.7754
38.1427
38.5099
38.8761
39.2407
39.6025
39.9609
40.3149
40.6637
41.0065
41.3424
41.6708
41.991
42.3022
42.6036
42.8944
43.1737
43.4407
43.6943
43.9334
44.1568
44.3629
44.55
44.7164
44.8597
44.9774
45.0664
45.1231
45.1432
45.1216
45.052
44.9268
44.7369
44.4703
44.113
43.646
42.0115
42.2328
42.3531
42.3876
42.3484
42.2448
42.0846
41.8737
41.6174
41.3196
40.9838
40.6129
40.2092
39.7748
39.3115
38.8205
38.3032
37.7605
37.1932
36.602
35.9873
35.3493
34.6881
34.0036
33.2954
32.563
31.8054
31.0215
30.2101
29.3692
28.4966
27.59
26.646
25.6611
24.6319
23.5545
22.429
21.265
20.1042
19.0792
18.4091
18.2614
18.593
19.1995
19.8926
20.5855
21.2555
21.8971
22.5115
23.1014
23.6692
24.2174
24.7483
25.2634
25.7643
26.2521
26.7279
27.1926
27.6466
28.0908
28.5258
28.9519
29.3698
29.7802
30.1837
30.581
30.9729
31.3599
31.7427
32.1221
32.4984
32.8722
33.2439
33.614
33.9827
34.3503
34.7173
35.0837
35.4498
35.8159
36.1819
36.5481
36.9144
37.2808
37.647
38.0127
38.3776
38.7412
39.1029
39.462
39.8179
40.1699
40.5172
40.8593
41.1952
41.5245
41.8464
42.1602
42.4653
42.7607
43.0459
43.32
43.5821
43.8311
44.0659
44.2855
44.4882
44.6724
44.8364
44.9779
45.0943
45.1828
45.2398
45.2612
45.242
45.1761
45.0562
44.8736
44.6167
44.2722
43.8219
41.2682
41.4759
41.5801
41.5969
41.5387
41.4155
41.2354
41.0049
40.7295
40.4135
40.0607
39.6742
39.2565
38.81
38.3364
37.8373
37.3138
36.7671
36.1979
35.6067
34.9939
34.3596
33.7037
33.026
32.326
31.6029
30.856
30.0839
29.2853
28.4585
27.6012
26.7111
25.7854
24.8206
23.8138
22.7616
21.6639
20.5288
19.3894
18.3582
17.645
17.4412
17.7466
18.3715
19.1117
19.8601
20.5857
21.2809
21.9458
22.5833
23.1956
23.7856
24.3557
24.9076
25.4432
25.9639
26.4706
26.9648
27.447
27.9182
28.379
28.8302
29.2723
29.7061
30.1322
30.5513
30.9641
31.3711
31.7729
32.1703
32.5635
32.9533
33.3398
33.7235
34.1048
34.484
34.8613
35.237
35.6112
35.9841
36.3559
36.7265
37.0961
37.4645
37.8315
38.197
38.5606
38.922
39.2807
39.6362
39.9879
40.3353
40.6778
41.0148
41.3457
41.6699
41.9868
42.2957
42.5959
42.8868
43.1678
43.4378
43.6959
43.9414
44.173
44.3897
44.5899
44.772
44.9343
45.0747
45.1906
45.2792
45.3372
45.3604
45.344
45.2823
45.1681
44.9929
44.7462
44.4143
43.9805
40.4605
40.659
40.7528
40.7584
40.6892
40.5554
40.3656
40.1265
39.8438
39.5221
39.1652
38.7762
38.3579
37.9123
37.4412
36.9461
36.428
35.888
35.3266
34.7443
34.1412
33.5176
32.873
32.2073
31.52
30.8103
30.0773
29.3199
28.5366
27.7259
26.8856
26.0136
25.1073
24.1636
23.1796
22.1528
21.082
19.9744
18.8555
17.8187
17.0596
16.7873
17.0453
17.6672
18.4378
19.2286
19.9987
20.7376
21.4442
22.1211
22.7708
23.3959
23.9991
24.5823
25.1475
25.6961
26.2295
26.749
27.2555
27.7499
28.233
28.7057
29.1686
29.6225
30.0679
30.5056
30.9362
31.3603
31.7784
32.1912
32.599
33.0023
33.4016
33.7972
34.1894
34.5785
34.9649
35.3486
35.7299
36.1089
36.4858
36.8606
37.2334
37.6039
37.9722
38.3381
38.7012
39.0614
39.4182
39.7712
40.1201
40.4642
40.8032
41.1366
41.4637
41.7841
42.0971
42.4023
42.6989
42.9862
43.2637
43.5306
43.7858
44.0285
44.2578
44.4722
44.6705
44.8513
45.0126
45.1524
45.2683
45.3576
45.417
45.4424
45.4293
45.3721
45.264
45.0966
44.8599
44.5409
44.1235
39.6275
39.826
39.9192
39.9243
39.8549
39.7219
39.5337
39.2974
39.0185
38.7017
38.3508
37.9688
37.5583
37.1214
36.6597
36.1747
35.6673
35.1384
34.5886
34.0182
33.4275
32.8165
32.185
31.5327
30.859
30.1634
29.4448
28.7023
27.9345
27.1398
26.3164
25.4621
24.5748
23.6513
22.6892
21.6859
20.6403
19.5576
18.4581
17.417
16.6129
16.265
16.4596
17.0607
17.8478
18.671
19.477
20.2521
20.9935
21.7037
22.385
23.04
23.6715
24.2815
24.8721
25.4449
26.0014
26.5428
27.0703
27.5849
28.0874
28.5787
29.0596
29.5308
29.993
30.4467
30.8927
31.3315
31.7637
32.1897
32.6101
33.0252
33.4356
33.8414
34.2432
34.641
35.0352
35.4261
35.8137
36.1982
36.5798
36.9584
37.3342
37.707
38.0767
38.4433
38.8066
39.1662
39.5219
39.8734
40.2203
40.5623
40.8988
41.2294
41.5537
41.8712
42.1814
42.4836
42.7774
43.0622
43.337
43.6013
43.8543
44.095
44.3224
44.5353
44.7324
44.9122
45.0731
45.2128
45.3293
45.4196
45.4807
45.5088
45.4993
45.4469
45.345
45.1855
44.9588
44.6525
44.2513
38.8196
39.0283
39.1307
39.1449
39.0846
38.9607
38.7821
38.5556
38.2869
37.9806
37.6405
37.2696
36.8704
36.445
35.995
35.5219
35.0265
34.5098
33.9722
33.4143
32.8362
32.2379
31.6193
30.98
30.3197
29.6376
28.9329
28.2046
27.4514
26.672
25.8645
25.027
24.1573
23.2528
22.3109
21.3294
20.3065
19.2463
18.1646
17.1213
16.2751
15.8491
15.968
16.533
17.3243
18.1717
19.0071
19.8125
20.5836
21.3222
22.0306
22.7113
23.3673
24.0006
24.6132
25.2071
25.7837
26.3443
26.8901
27.4224
27.9418
28.4495
28.946
29.4323
29.909
30.3767
30.8361
31.2877
31.7321
32.1697
32.601
33.0265
33.4465
33.8614
34.2714
34.677
35.0782
35.4753
35.8686
36.258
36.6438
37.0261
37.4047
37.7797
38.1511
38.5187
38.8824
39.242
39.5972
39.9478
40.2935
40.6338
40.9686
41.2973
41.6195
41.9349
42.2429
42.5429
42.8346
43.1172
43.3901
43.6525
43.9039
44.143
44.3691
44.5809
44.7773
44.9566
45.1173
45.2575
45.3747
45.4665
45.5297
45.5607
45.555
45.5076
45.412
45.2606
45.044
44.7504
44.3651
38.0761
38.3019
38.4199
38.4485
38.4019
38.2913
38.1255
37.9116
37.6554
37.3613
37.0334
36.6745
36.2873
35.8739
35.4358
34.9745
34.491
33.9861
33.4604
32.9144
32.3482
31.7619
31.1554
30.5284
29.8805
29.2109
28.5192
27.8041
27.0645
26.2992
25.5065
24.6845
23.8311
22.944
22.0206
21.0588
20.0566
19.0167
17.9516
16.9081
16.0245
15.5207
15.5551
16.0703
16.8544
17.719
18.5785
19.4098
20.2065
20.9695
21.7016
22.4047
23.082
23.7357
24.3677
24.9801
25.5743
26.1518
26.7139
27.2616
27.796
28.318
28.8284
29.328
29.8174
30.2974
30.7685
31.2313
31.6864
32.1342
32.5751
33.0097
33.4382
33.861
34.2784
34.6907
35.0982
35.5009
35.8992
36.2931
36.6828
37.0684
37.4497
37.827
38.2
38.5688
38.9332
39.2931
39.6482
39.9983
40.3432
40.6826
41.0161
41.3434
41.6642
41.9779
42.2843
42.5827
42.8727
43.1538
43.4251
43.6862
43.9362
44.1743
44.3995
44.6106
44.8065
44.9858
45.1467
45.2874
45.4058
45.4993
45.5648
45.5989
45.5973
45.555
45.4659
45.3225
45.116
44.8349
44.4653
37.4129
37.6589
37.795
37.8401
37.8088
37.7126
37.5605
37.3597
37.1162
36.8345
36.5186
36.1715
35.7959
35.3939
34.9672
34.517
34.0446
33.5508
33.0362
32.5011
31.946
31.3707
30.7754
30.1596
29.5231
28.8652
28.1852
27.4823
26.7553
26.003
25.2238
24.416
23.5776
22.7065
21.7998
20.8559
19.8725
18.851
17.8015
16.76
15.844
15.2654
15.2092
15.6625
16.4286
17.3037
18.1831
19.0365
19.8556
20.6403
21.393
22.116
22.8122
23.4838
24.133
24.7618
25.3717
25.9641
26.5406
27.1021
27.6498
28.1845
28.7071
29.2184
29.7192
30.21
30.6915
31.1642
31.6287
32.0855
32.5349
32.9775
33.4135
33.8434
34.2673
34.6857
35.0987
35.5065
35.9093
36.3073
36.7005
37.0891
37.4731
37.8525
38.2272
38.5972
38.9625
39.3228
39.6781
40.0281
40.3726
40.7113
41.044
41.3703
41.69
42.0026
42.3077
42.6049
42.8938
43.1735
43.4438
43.7038
43.9529
44.1903
44.4149
44.6255
44.8213
45.0007
45.1622
45.3038
45.4235
45.5189
45.5869
45.6242
45.6268
45.5896
45.507
45.3718
45.175
44.9063
44.5519
36.8283
37.0958
37.2508
37.3129
37.2971
37.2153
37.0767
36.8888
36.6575
36.3876
36.0831
35.7471
35.3824
34.9911
34.5748
34.135
33.6728
33.1891
32.6846
32.1596
31.6145
31.0494
30.4643
29.8588
29.2327
28.5854
27.9163
27.2245
26.5091
25.7686
25.0019
24.2071
23.3825
22.5258
21.6346
20.7069
19.7407
18.736
17.701
16.6634
15.7208
15.072
14.9219
15.3026
16.04
16.919
17.8145
18.687
19.5259
20.3298
21.1011
21.8418
22.5548
23.2426
23.9071
24.5505
25.1744
25.7803
26.3696
26.9434
27.5029
28.049
28.5825
29.1043
29.6151
30.1155
30.6063
31.0878
31.5607
32.0255
32.4825
32.9322
33.3749
33.811
34.2408
34.6646
35.0825
35.4949
35.9018
36.3035
36.6999
37.0913
37.4777
37.8591
38.2355
38.6068
38.973
39.334
39.6895
40.0396
40.3839
40.7223
41.0545
41.3802
41.6991
42.0109
42.3151
42.6113
42.8992
43.1782
43.4475
43.7068
43.9553
44.1921
44.4163
44.6268
44.8227
45.0024
45.1645
45.3072
45.4285
45.5258
45.5965
45.6372
45.6439
45.612
45.5359
45.4085
45.2218
44.9651
44.6258
36.3136
36.6032
36.7774
36.8564
36.8559
36.7881
36.6626
36.4869
36.2672
36.0084
35.7145
35.3889
35.0343
34.6527
34.2461
33.8157
33.363
32.8885
32.3932
31.8775
31.3416
30.7857
30.2098
29.6138
28.9972
28.3597
27.7005
27.0189
26.314
25.5846
24.8293
24.0465
23.2344
22.3911
21.5141
20.6012
19.6506
18.6615
17.6401
16.6079
15.6443
14.9314
14.6864
14.9852
15.6833
16.5595
17.4678
18.3569
19.2135
20.0347
20.8226
21.5793
22.3075
23.0097
23.6882
24.3448
24.9813
25.5993
26.2002
26.7851
27.3552
27.9115
28.4548
28.986
29.5058
30.0149
30.5138
31.0033
31.4837
31.9556
32.4193
32.8754
33.3241
33.7659
34.2009
34.6295
35.0519
35.4684
35.879
36.284
36.6834
37.0774
37.4661
37.8494
38.2273
38.5999
38.967
39.3287
39.6847
40.035
40.3793
40.7175
41.0494
41.3746
41.693
42.0041
42.3076
42.6032
42.8905
43.1686
43.4374
43.6962
43.9442
44.1806
44.4046
44.6152
44.8112
44.9915
45.1544
45.2983
45.4212
45.5206
45.594
45.638
45.649
45.6224
45.5526
45.4332
45.2561
45.0114
44.6864
35.8584
36.1706
36.3641
36.46
36.4745
36.4203
36.3072
36.1432
35.9344
35.686
35.4021
35.0861
34.7407
34.3682
33.9704
33.5488
33.1046
32.6387
32.1518
31.6445
31.117
30.5696
30.0022
29.4148
28.807
28.1784
27.5283
26.8562
26.161
25.4417
24.6969
23.9252
23.1247
22.2937
21.4296
20.5304
19.5942
18.6195
17.611
16.5855
15.606
14.8359
14.4975
14.7067
15.3552
16.2214
17.1389
18.0425
18.9151
19.752
20.555
21.3263
22.0684
22.7839
23.4749
24.1434
24.7915
25.4205
26.0318
26.6268
27.2065
27.7721
28.3242
28.8639
29.3918
29.9087
30.4151
30.9116
31.3987
31.877
32.3468
32.8086
33.2627
33.7095
34.1492
34.5822
35.0087
35.4288
35.8428
36.2508
36.6529
37.0493
37.44
37.8251
38.2045
38.5783
38.9463
39.3087
39.6652
40.0158
40.3602
40.6984
41.03
41.355
41.6729
41.9836
42.2866
42.5816
42.8683
43.146
43.4143
43.6727
43.9203
44.1565
44.3805
44.5912
44.7876
44.9684
45.1322
45.2773
45.4018
45.5034
45.5795
45.627
45.6422
45.6208
45.5574
45.4458
45.2781
45.0449
44.7343
35.4526
35.7881
36.0011
36.1138
36.1431
36.1022
36.0012
35.8482
35.6498
35.4113
35.1367
34.8296
34.4929
34.1287
33.7391
33.3255
32.8892
32.4311
31.9519
31.4523
30.9326
30.3929
29.8334
29.2539
28.6542
28.0338
27.3922
26.7288
26.0426
25.3326
24.5976
23.8361
23.0464
22.2267
21.3747
20.4881
19.5651
18.604
17.6077
16.5897
15.5992
14.7791
14.3505
14.4644
15.0531
15.9016
16.8249
17.7411
18.6279
19.4794
20.2964
21.0811
21.8359
22.5635
23.266
23.9456
24.6042
25.2431
25.8641
26.4682
27.0567
27.6307
28.1909
28.7382
29.2735
29.7974
30.3105
30.8134
31.3066
31.7906
32.266
32.7329
33.1919
33.6432
34.0871
34.524
34.9541
35.3775
35.7945
36.2053
36.6099
37.0084
37.401
37.7877
38.1685
38.5434
38.9124
39.2754
39.6324
39.9833
40.3279
40.666
40.9976
41.3223
41.6399
41.9502
42.2528
42.5474
42.8335
43.1108
43.3787
43.6367
43.8841
44.1202
44.3442
44.5552
44.752
44.9334
45.0981
45.2445
45.3707
45.4744
45.5532
45.6041
45.6235
45.6071
45.55
45.446
45.2877
45.0657
44.769
35.0875
35.447
35.6799
35.8095
35.8535
35.8256
35.7363
35.5941
35.4056
35.1763
34.9106
34.6119
34.2832
33.9268
33.5448
33.1386
32.7096
32.2587
31.7867
31.2942
30.7817
30.2492
29.6969
29.1248
28.5325
27.9197
27.286
26.6306
25.9528
25.2515
24.5255
23.7735
22.9938
22.1846
21.3438
20.469
19.5583
18.6099
17.6254
16.6153
15.618
14.7554
14.2417
14.2562
14.7755
15.5982
16.5233
17.4501
18.35
19.215
20.0448
20.842
21.6086
22.3474
23.0607
23.7504
24.4186
25.0668
25.6965
26.3091
26.9057
27.4872
28.0548
28.6092
29.1511
29.6814
30.2006
30.7093
31.208
31.6973
32.1775
32.6491
33.1124
33.5678
34.0156
34.4561
34.8894
35.3158
35.7356
36.1488
36.5555
36.956
37.3503
37.7385
38.1205
38.4965
38.8663
39.23
39.5874
39.9386
40.2833
40.6215
40.9529
41.2774
41.5948
41.9047
42.207
42.5011
42.7869
43.0638
43.3314
43.5891
43.8362
44.0722
44.2962
44.5074
44.7045
44.8866
45.0522
45.1999
45.3277
45.4335
45.515
45.5692
45.5927
45.5813
45.5303
45.4337
45.2843
45.0735
44.7901
34.7553
35.1397
35.393
35.5398
35.5986
35.5836
35.5058
35.374
35.1952
34.9747
34.7173
34.4266
34.1055
33.7564
33.3815
32.9822
32.56
32.1158
31.6505
31.1647
30.6587
30.1329
29.5874
29.0221
28.4368
27.8311
27.2047
26.5568
25.8868
25.1936
24.476
23.7329
22.9625
22.1632
21.3328
20.469
19.5699
18.6335
17.6602
16.6585
15.6578
14.7601
14.1674
14.0806
14.5215
15.3098
16.2321
17.1678
18.0795
18.957
19.799
20.6078
21.3855
22.1347
22.8579
23.5571
24.2342
24.891
25.5288
26.1492
26.7531
27.3418
27.9161
28.4769
29.0249
29.561
30.0858
30.5997
31.1035
31.5974
32.0821
32.558
33.0252
33.4843
33.9355
34.3791
34.8154
35.2445
35.6667
36.0821
36.4909
36.8931
37.2889
37.6784
38.0615
38.4383
38.8089
39.1731
39.5309
39.8823
40.2272
40.5653
40.8966
41.221
41.538
41.8476
42.1495
42.4433
42.7286
43.0051
43.2723
43.5298
43.7767
44.0125
44.2365
44.4478
44.6453
44.828
44.9946
45.1433
45.2727
45.3806
45.4646
45.522
45.5494
45.5429
45.4978
45.4084
45.2678
45.0675
44.7973
34.4496
34.86
35.1344
35.2988
35.3725
35.3704
35.304
35.1825
35.0129
34.8011
34.5517
34.2685
33.9546
33.6125
33.2442
32.8515
32.4356
31.9977
31.5387
31.059
30.5593
30.0397
29.5005
28.9416
28.3627
27.7638
27.1442
26.5034
25.8406
25.155
24.4454
23.7106
22.949
22.1588
21.3382
20.4848
19.5964
18.6714
17.7089
16.7158
15.7146
14.7887
14.1242
13.9363
14.2908
15.0356
15.95
16.8926
17.8149
18.7042
19.5576
20.3774
21.1655
21.9246
22.6571
23.3651
24.0506
24.7153
25.3607
25.9882
26.599
27.1941
27.7746
28.3413
28.895
29.4365
29.9662
30.485
30.9933
31.4916
31.9803
32.4599
32.9308
33.3932
33.8475
34.2939
34.7328
35.1643
35.5887
36.006
36.4165
36.8203
37.2174
37.608
37.9921
38.3697
38.7409
39.1055
39.4636
39.8152
40.16
40.4981
40.8293
41.1533
41.47
41.7793
42.0807
42.374
42.6589
42.935
43.2018
43.4587
43.7055
43.9411
44.165
44.3765
44.5742
44.7575
44.9247
45.0745
45.2054
45.3152
45.4016
45.4621
45.4932
45.4914
45.4519
45.3695
45.2373
45.0474
44.7896
34.1647
34.6024
34.8988
35.0812
35.1701
35.1811
35.1261
35.0147
34.8543
34.6509
34.4092
34.1333
33.8263
33.4908
33.1289
32.7423
32.3325
31.9005
31.4473
30.9735
30.4796
29.9659
29.4326
28.8797
28.307
27.7142
27.1011
26.4669
25.811
25.1326
24.4304
23.7034
22.95
22.1686
21.3572
20.5135
19.6354
18.721
17.7691
16.7846
15.7852
14.8375
14.1091
13.822
14.0832
14.7753
15.676
16.6232
17.5552
18.4554
19.3197
20.1499
20.9479
21.7162
22.4575
23.1739
23.8672
24.5394
25.1918
25.826
26.4431
27.0443
27.6305
28.2026
28.7615
29.3078
29.8423
30.3654
30.8778
31.38
31.8724
32.3555
32.8295
33.2949
33.752
34.201
34.6422
35.0758
35.5021
35.9211
36.3331
36.7382
37.1365
37.528
37.9128
38.2911
38.6627
39.0276
39.3859
39.7375
40.0823
40.4202
40.751
41.0747
41.3911
41.6998
42.0007
42.2935
42.5779
42.8533
43.1197
43.3762
43.6224
43.8579
44.0816
44.293
44.4909
44.6745
44.8423
44.9932
45.1252
45.2368
45.3255
45.3887
45.4234
45.426
45.3919
45.3161
45.1921
45.0121
44.7665
33.8962
34.3625
34.6818
34.8829
34.9874
35.0116
34.9681
34.8668
34.7155
34.5203
34.2862
34.0174
33.717
33.3878
33.032
32.6513
32.2472
31.8209
31.3732
30.905
30.4166
29.9084
29.3807
28.8334
28.2666
27.6797
27.0726
26.4447
25.7953
25.1237
24.4285
23.7089
22.9634
22.19
21.3874
20.5529
19.6845
18.7803
17.8387
16.8628
15.8669
14.903
14.1188
13.7363
13.8989
14.5291
15.4094
16.3588
17.2991
18.2096
19.0844
19.9244
20.7319
21.5091
22.2587
22.9829
23.6836
24.3628
25.0219
25.6623
26.2853
26.8921
27.4836
28.0608
28.6244
29.1752
29.7139
30.2411
30.7573
31.263
31.7587
32.2448
32.7218
33.1898
33.6493
34.1006
34.5438
34.9793
35.4072
35.8277
36.241
36.6472
37.0463
37.4386
37.8241
38.2027
38.5746
38.9397
39.298
39.6495
39.994
40.3316
40.6621
40.9853
41.3011
41.6092
41.9095
42.2016
42.4853
42.7602
43.0257
43.2818
43.5274
43.7624
43.9857
44.1969
44.3948
44.5785
44.7469
44.8984
45.0316
45.1446
45.2353
45.3011
45.3391
45.3458
45.3169
45.2474
45.1311
44.9606
44.7267
33.64
34.1365
34.4797
34.7002
34.8207
34.8584
34.8266
34.7355
34.5932
34.4061
34.1795
33.9176
33.6237
33.3006
32.9507
32.5756
32.177
31.7561
31.3137
30.8507
30.3676
29.8647
29.3423
28.8004
28.239
27.6578
27.0565
26.4345
25.7913
25.126
24.4376
23.725
22.9868
22.2213
21.4268
20.6012
19.742
18.8475
17.9158
16.9487
15.9574
14.9824
14.1505
13.6779
13.7382
14.2974
15.1501
16.0984
17.0461
17.9661
18.8508
19.7003
20.5169
21.3025
22.0601
22.7918
23.4996
24.1853
24.8506
25.4969
26.1255
26.7375
27.3339
27.9157
28.4837
29.0387
29.5813
30.1121
30.6317
31.1406
31.6393
32.1283
32.6077
33.0781
33.5398
33.993
34.438
34.8751
35.3044
35.7261
36.1404
36.5474
36.9473
37.3401
37.726
38.1048
38.4768
38.8419
39.2
39.5512
39.8954
40.2325
40.5624
40.8849
41.2
41.5073
41.8068
42.0981
42.3809
42.6549
42.9197
43.1748
43.4199
43.6541
43.877
44.0877
44.2853
44.469
44.6375
44.7896
44.9235
45.0378
45.1302
45.1983
45.2393
45.2497
45.2255
45.1619
45.053
44.8914
44.6686
33.3928
33.9211
34.2893
34.53
34.6671
34.7187
34.6987
34.6179
34.4847
34.3058
34.0866
33.8314
33.5439
33.2268
32.8825
32.5129
32.1196
31.7038
31.2665
30.8085
30.3304
29.8326
29.3152
28.7785
28.2223
27.6464
27.0506
26.4343
25.7969
25.1377
24.4557
23.7498
23.0186
22.2605
21.4739
20.6566
19.8063
18.9211
17.999
17.0405
16.0548
15.0729
14.2012
13.6451
13.6013
14.081
14.898
15.8415
16.7952
17.7242
18.6185
19.4771
20.3023
21.0962
21.8613
22.6002
23.3146
24.0066
24.6778
25.3295
25.9633
26.5802
27.1813
27.7674
28.3395
28.8982
29.4444
29.9785
30.5012
31.013
31.5144
32.0058
32.4875
32.96
33.4235
33.8784
34.3249
34.7633
35.1937
35.6164
36.0315
36.4391
36.8395
37.2326
37.6186
37.9975
38.3693
38.7341
39.0919
39.4426
39.7862
40.1226
40.4517
40.7734
41.0875
41.3939
41.6923
41.9825
42.2643
42.5372
42.8009
43.0551
43.2991
43.5324
43.7544
43.9645
44.1615
44.3449
44.5133
44.6654
44.8
44.9151
45.0088
45.0788
45.1224
45.1362
45.1164
45.0582
44.9561
44.8031
44.5908
33.1518
33.7136
34.1081
34.3698
34.524
34.59
34.5821
34.5117
34.3877
34.2169
34.0051
33.7567
33.4753
33.1641
32.8253
32.461
32.0729
31.662
31.2297
30.7765
30.3032
29.8102
29.2977
28.7659
28.2147
27.6439
27.0533
26.4425
25.8107
25.1573
24.4814
23.7818
23.0574
22.3064
21.5272
20.718
19.8761
18.9998
18.087
17.1372
16.1576
15.1722
14.2682
13.6361
13.4882
13.8806
14.6536
15.5877
16.5461
17.4831
18.3865
19.2541
20.0877
20.8894
21.6619
22.4076
23.1284
23.8263
24.5031
25.1601
25.7988
26.4202
27.0255
27.6157
28.1915
28.7537
29.3031
29.8403
30.3658
30.8802
31.3839
31.8774
32.3611
32.8354
33.3005
33.7568
34.2045
34.6439
35.0752
35.4985
35.9142
36.3222
36.7227
37.1159
37.5018
37.8805
38.2519
38.6162
38.9734
39.3234
39.6661
40.0016
40.3297
40.6502
40.9632
41.2683
41.5655
41.8544
42.1347
42.4063
42.6687
42.9215
43.1642
43.3963
43.6172
43.8262
44.0224
44.205
44.3729
44.5248
44.6594
44.775
44.8697
44.9412
44.9869
45.0036
44.9875
44.9343
44.8384
44.6933
44.4909
32.9145
33.5116
33.9337
34.2173
34.3894
34.4701
34.4746
34.4149
34.3001
34.1376
33.9331
33.6914
33.4162
33.1107
32.7774
32.4183
32.0351
31.6291
31.2015
30.753
30.2843
29.796
29.2882
28.761
28.2146
27.6488
27.0632
26.4575
25.8311
25.1833
24.5133
23.8198
23.1018
22.3576
21.5857
20.7841
19.9504
19.0826
18.1787
17.2376
16.2646
15.2784
14.349
13.6489
13.3989
13.6972
14.4174
15.3368
16.298
17.2425
18.1547
19.0308
19.8726
20.682
21.4615
22.2138
22.9407
23.6443
24.3264
24.9883
25.6315
26.2573
26.8666
27.4604
28.0397
28.6051
29.1574
29.6973
30.2253
30.742
31.2478
31.7432
32.2286
32.7043
33.1707
33.6281
34.0767
34.5168
34.9487
35.3724
35.7883
36.1964
36.5969
36.9898
37.3754
37.7535
38.1244
38.4879
38.8442
39.1931
39.5348
39.869
40.1957
40.5149
40.8264
41.13
41.4255
41.7128
41.9915
42.2613
42.522
42.7731
43.0142
43.2447
43.4641
43.6716
43.8665
44.0479
44.2148
44.3661
44.5004
44.6159
44.711
44.7834
44.8306
44.8496
44.8368
44.7879
44.6976
44.5598
44.3665
32.6786
33.313
33.764
34.0706
34.2612
34.3572
34.3745
34.3257
34.2203
34.0661
33.869
33.634
33.365
33.0652
32.7372
32.3831
32.0048
31.6036
31.1805
30.7366
30.2724
29.7885
29.2852
28.7626
28.2208
27.6597
27.079
26.4783
25.8571
25.2146
24.5502
23.8626
23.1507
22.4131
21.648
20.8538
20.028
19.1684
18.2732
17.3407
16.3746
15.3897
14.4411
13.6814
13.3331
13.5318
14.1902
15.0888
16.0507
17.0018
17.9224
18.8069
19.6565
20.4734
21.2598
22.0184
22.7511
23.4602
24.1473
24.8139
25.4614
26.0912
26.7042
27.3014
27.8838
28.4521
29.0071
29.5494
30.0796
30.5983
31.1059
31.6028
32.0896
32.5664
33.0338
33.492
33.9413
34.3819
34.814
35.2379
35.6537
36.0616
36.4617
36.8541
37.2389
37.6163
37.9862
38.3486
38.7037
39.0513
39.3915
39.7241
40.0492
40.3667
40.6763
40.978
41.2715
41.5568
41.8334
42.1012
42.3597
42.6087
42.8476
43.0761
43.2934
43.499
43.6921
43.8719
44.0373
44.1873
44.3205
44.4355
44.5303
44.603
44.6512
44.6718
44.6615
44.6161
44.5307
44.3993
44.2142
32.4423
33.1161
33.5975
33.928
34.1379
34.2497
34.2802
34.2425
34.1468
34.001
33.8113
33.5831
33.3202
33.026
32.7033
32.3543
31.9807
31.584
31.1655
30.726
30.2661
29.7866
29.2876
28.7695
28.2322
27.6756
27.0996
26.5037
25.8874
25.2502
24.5911
23.9092
23.2033
22.472
21.7136
20.9264
20.1082
19.2565
18.3697
17.4457
16.4868
15.5047
14.5424
13.7314
13.29
13.3854
13.9731
14.8441
15.8039
16.7607
17.6891
18.5818
19.4391
20.2633
21.0563
21.821
22.5595
23.2737
23.9656
24.6366
25.2882
25.9217
26.5381
27.1385
27.7237
28.2947
28.8521
29.3965
29.9286
30.4489
30.958
31.4561
31.9439
32.4217
32.8898
33.3484
33.798
34.2387
34.6708
35.0944
35.5098
35.9172
36.3165
36.7081
37.0919
37.4681
37.8366
38.1977
38.5511
38.897
39.2354
39.5661
39.8892
40.2044
40.5118
40.8111
41.1023
41.385
41.6591
41.9243
42.1801
42.4265
42.6627
42.8885
43.1033
43.3064
43.4972
43.6746
43.8379
43.986
44.1175
44.2312
44.3251
44.3973
44.4455
44.467
44.4583
44.4156
44.3341
44.2081
44.0303
32.2038
32.9191
33.4324
33.7881
34.0181
34.1462
34.1903
34.1642
34.0782
33.9409
33.7589
33.5373
33.2805
32.992
32.6746
32.3305
31.9616
31.5695
31.1553
30.7201
30.2645
29.7892
29.2945
28.7806
28.2476
27.6954
27.1239
26.5327
25.9213
25.289
24.6352
23.9587
23.2585
22.5333
21.7813
21.0009
20.19
19.3462
18.4675
17.5519
16.6004
15.6223
14.6507
13.7967
13.2686
13.2586
13.7672
14.6029
15.5572
16.5188
17.4546
18.3552
19.22
20.0512
20.8508
21.6214
22.3653
23.0845
23.781
24.4562
25.1116
25.7485
26.3681
26.9713
27.5592
28.1325
28.6919
29.2381
29.7718
30.2935
30.8037
31.3028
31.7914
32.2697
32.738
33.1969
33.6463
34.0868
34.5185
34.9416
35.3562
35.7626
36.1609
36.5512
36.9336
37.3082
37.6751
38.0342
38.3857
38.7294
39.0655
39.3938
39.7143
40.027
40.3316
40.6281
40.9163
41.196
41.4669
41.7289
41.9816
42.2247
42.4577
42.6802
42.8917
43.0915
43.2791
43.4535
43.6139
43.7592
43.8883
43.9996
44.0917
44.1626
44.2099
44.2311
44.2231
44.182
44.1034
43.9816
43.81
31.9614
32.7206
33.2675
33.6494
33.9004
34.0455
34.1037
34.0893
34.0135
33.8849
33.7104
33.4957
33.2451
32.9622
32.6499
32.3107
31.9465
31.5588
31.1489
30.7179
30.2665
29.7953
29.3047
28.7949
28.2662
27.7183
27.1511
26.5644
25.9577
25.3303
24.6815
24.0103
23.3157
22.5964
21.8506
21.0768
20.273
19.4367
18.5659
17.6585
16.7145
15.7413
14.7642
13.875
13.2677
13.1521
13.5738
14.366
15.3106
16.2757
17.2183
18.1267
18.9989
19.8369
20.6428
21.4192
22.1684
22.8923
23.5931
24.2722
24.9312
25.5714
26.1939
26.7997
27.3898
27.9651
28.5263
29.074
29.609
30.1317
30.6427
31.1424
31.6314
32.1098
32.5781
33.0367
33.4858
33.9257
34.3565
34.7786
35.1921
35.5971
35.9939
36.3825
36.7631
37.1357
37.5003
37.8571
38.2061
38.5472
38.8804
39.2058
39.5233
39.8327
40.134
40.427
40.7116
40.9876
41.2549
41.513
41.7617
42.0007
42.2298
42.4482
42.6556
42.8513
43.0349
43.2053
43.3618
43.5035
43.629
43.7371
43.8262
43.8945
43.9398
43.9596
43.951
43.9102
43.833
43.7142
43.5473
31.7136
32.5191
33.1015
33.5109
33.7838
33.9466
34.0193
34.017
33.9514
33.8317
33.665
33.4572
33.2127
32.9354
32.6284
32.294
31.9344
31.5511
31.1454
30.7186
30.2712
29.804
29.3174
28.8117
28.287
27.7433
27.1804
26.5981
25.9959
25.3732
24.7293
24.0633
23.374
22.6604
21.9208
21.1534
20.3564
19.5274
18.6642
17.765
16.8287
15.8608
14.8813
13.964
13.2857
13.0662
13.394
14.1342
15.0642
16.0313
16.98
17.8959
18.7752
19.62
20.4321
21.214
21.9683
22.6968
23.4017
24.0845
24.7468
25.3899
26.015
26.6231
27.2153
27.7922
28.3549
28.9038
29.4397
29.963
30.4745
30.9745
31.4633
31.9416
32.4095
32.8674
33.3156
33.7545
34.184
34.6047
35.0165
35.4198
35.8145
36.2009
36.5791
36.9491
37.3111
37.665
38.0108
38.3487
38.6786
39.0004
39.3141
39.6196
39.9169
40.2058
40.4861
40.7576
41.0203
41.2737
41.5177
41.7519
41.9759
42.1894
42.3917
42.5823
42.7608
42.9261
43.0776
43.2143
43.3351
43.4387
43.5235
43.5879
43.6297
43.6467
43.6358
43.5938
43.5164
43.3988
43.2347
31.459
32.3136
32.9332
33.3715
33.6671
33.8483
33.936
33.9462
33.8912
33.7805
33.6217
33.4208
33.1826
32.911
32.6091
32.2796
31.9245
31.5455
31.144
30.7212
30.2778
29.8145
29.3319
28.8301
28.3094
27.7698
27.2111
26.633
26.0352
25.4171
24.778
24.117
23.433
22.7249
21.9911
21.2299
20.4396
19.6177
18.762
17.8707
16.9421
15.9802
15.0006
14.0617
13.3208
13.0008
13.2291
13.9085
14.818
15.7851
16.7394
17.6623
18.5488
19.4001
20.2183
21.0056
21.7647
22.4976
23.2063
23.8926
24.558
25.2037
25.8311
26.4412
27.035
27.6134
28.177
28.7268
29.2632
29.7869
30.2984
30.7981
31.2866
31.7642
32.2312
32.688
33.1349
33.5722
34.0001
34.4187
34.8284
35.2293
35.6215
36.0051
36.3803
36.7472
37.1057
37.4561
37.7982
38.1321
38.4579
38.7754
39.0846
39.3855
39.6778
39.9617
40.2368
40.503
40.7601
41.0079
41.2461
41.4744
41.6923
41.8995
42.0956
42.2799
42.452
42.6109
42.7561
42.8864
43.0009
43.0983
43.1773
43.236
43.2726
43.2849
43.27
43.2246
43.1451
43.0265
42.8632
31.1964
32.1028
32.7615
33.2301
33.5495
33.7497
33.853
33.8761
33.8319
33.7305
33.5797
33.3858
33.1539
32.8879
32.5912
32.2665
31.9159
31.5412
31.1439
30.725
30.2855
29.8261
29.3473
28.8494
28.3326
27.797
27.2423
26.6684
26.0749
25.4612
24.8268
24.1707
23.4918
22.7891
22.061
21.3059
20.5221
19.7071
18.8587
17.9751
17.0543
16.0987
15.1208
14.166
13.371
12.9556
13.0802
13.69
14.5724
15.5369
16.4961
17.4257
18.3191
19.1767
20.0008
20.7934
21.5571
22.2942
23.0066
23.6961
24.3642
25.0123
25.6417
26.2535
26.8486
27.4279
27.9923
28.5425
29.079
29.6025
30.1136
30.6127
31.1002
31.5767
32.0423
32.4975
32.9425
33.3777
33.8032
34.2194
34.6263
35.0242
35.4131
35.7933
36.1648
36.5278
36.8823
37.2283
37.5659
37.895
38.2158
38.5281
38.8319
39.1271
39.4137
39.6915
39.9603
40.2201
40.4706
40.7115
40.9426
41.1636
41.3742
41.5738
41.7622
41.9387
42.1028
42.2536
42.3907
42.5128
42.6193
42.7087
42.7796
42.8307
42.86
42.8652
42.8438
42.7928
42.7084
42.5863
42.421
30.9241
31.8854
32.5854
33.0857
33.43
33.65
33.7694
33.8058
33.7728
33.6808
33.5382
33.3514
33.1258
32.8655
32.574
32.254
31.9079
31.5375
31.1442
30.7292
30.2936
29.838
29.3629
28.8689
28.3559
27.8241
27.2734
26.7036
26.1143
25.505
24.8751
24.2237
23.5498
22.8523
22.1299
21.3807
20.6032
19.795
18.9538
18.0777
17.1646
16.2157
15.2407
14.275
13.4342
12.9296
12.9483
13.4799
14.3279
15.2867
16.2497
17.1856
18.0858
18.9496
19.7793
20.577
21.3452
22.0863
22.802
23.4944
24.165
24.8151
25.4462
26.0592
26.6552
27.2352
27.7998
28.3499
28.8862
29.409
29.9192
30.4171
30.9032
31.3779
31.8416
32.2945
32.7371
33.1695
33.5921
34.0049
34.4084
34.8025
35.1875
35.5634
35.9305
36.2887
36.6381
36.9789
37.311
37.6345
37.9492
38.2552
38.5525
38.841
39.1205
39.391
39.6524
39.9043
40.1467
40.3793
40.6019
40.8141
41.0156
41.2061
41.3849
41.5517
41.7059
41.8467
41.9735
42.0854
42.1813
42.2603
42.3209
42.3617
42.3807
42.3761
42.3453
42.2854
42.193
42.0639
41.893
30.6411
31.6604
32.4039
32.9375
33.3077
33.5484
33.6845
33.7346
33.7129
33.6306
33.4963
33.3168
33.0975
32.8429
32.5566
32.2415
31.8998
31.5335
31.1442
30.7332
30.3013
29.8494
29.3781
28.8877
28.3784
27.8505
27.3037
26.7378
26.1526
25.5476
24.9222
24.2754
23.6065
22.9141
22.1971
21.4538
20.6824
19.8809
19.0467
18.1779
17.2725
16.3305
15.3595
14.3868
13.5082
12.9219
12.8339
13.2794
14.085
15.0342
15.9999
16.9416
17.8483
18.7182
19.5534
20.356
21.1284
21.8731
22.592
23.287
23.9597
24.6115
25.2438
25.8577
26.4542
27.0343
27.5987
28.1483
28.6836
29.2054
29.714
30.2101
30.6942
31.1665
31.6275
32.0775
32.5169
32.9458
33.3645
33.7734
34.1724
34.562
34.942
35.3128
35.6744
36.0269
36.3703
36.7047
37.0302
37.3467
37.6542
37.9527
38.2422
38.5225
38.7936
39.0553
39.3075
39.55
39.7827
40.0052
40.2174
40.4189
40.6094
40.7883
40.9555
41.1103
41.2522
41.3804
41.4944
41.5932
41.6759
41.7414
41.7883
41.8154
41.8208
41.8027
41.7587
41.686
41.5814
41.441
41.2599
30.3459
31.4266
32.216
32.7845
33.1819
33.4441
33.5974
33.6616
33.6517
33.5793
33.4534
33.2812
33.0684
32.8196
32.5384
32.228
31.8907
31.5286
31.1433
30.736
30.3079
29.8597
29.3919
28.9052
28.3996
27.8754
27.3324
26.7704
26.1893
25.5885
24.9674
24.3252
23.661
22.9737
22.2622
21.5245
20.7591
19.964
19.1368
18.2752
17.3774
16.4425
15.4763
14.4998
13.5909
12.9308
12.7376
13.0899
13.8446
14.7794
15.7463
16.6932
17.6062
18.482
19.3225
20.1298
20.9062
21.6543
22.3759
23.0731
23.7476
24.4007
25.0338
25.6481
26.2446
26.8242
27.3879
27.9363
28.4702
28.9901
29.4966
29.9902
30.4714
30.9406
31.3982
31.8444
32.2797
32.7042
33.1183
33.5221
33.9158
34.2997
34.6738
35.0383
35.3932
35.7387
36.0748
36.4016
36.7191
37.0272
37.326
37.6154
37.8954
38.1659
38.4267
38.6778
38.919
39.15
39.3709
39.5811
39.7806
39.9689
40.1457
40.3108
40.4635
40.6035
40.73
40.8424
40.9402
41.0224
41.0882
41.1363
41.1657
41.1749
41.1623
41.126
41.0638
40.9731
40.8508
40.6933
40.4961
30.0371
31.183
32.0208
32.626
33.0517
33.3362
33.5075
33.5862
33.5884
33.526
33.4087
33.2439
33.0376
32.7945
32.5186
32.2129
31.88
31.522
31.1406
30.7371
30.3126
29.868
29.4038
28.9206
28.4187
27.898
27.3588
26.8007
26.2236
25.6269
25.01
24.3723
23.7129
23.0306
22.3242
21.5921
20.8327
20.0439
19.2235
18.3691
17.4788
16.551
15.5902
14.6125
13.68
12.9546
12.6592
12.9124
13.6075
14.5223
15.4887
16.4401
17.3589
18.2404
19.086
19.8977
20.6778
21.4289
22.153
22.852
23.5278
24.1817
24.8151
25.4292
26.0251
26.6038
27.166
27.7126
28.2442
28.7615
29.2651
29.7554
30.233
30.6981
31.1513
31.5928
32.0229
32.442
32.8503
33.2479
33.6351
34.012
34.3789
34.7357
35.0825
35.4196
35.7468
36.0643
36.3721
36.6701
36.9584
37.2368
37.5053
37.7638
38.0122
38.2503
38.4781
38.6952
38.9015
39.0967
39.2806
39.4528
39.6129
39.7606
39.8954
40.0167
40.1239
40.2167
40.294
40.3552
40.3992
40.4251
40.4316
40.4174
40.381
40.3204
40.2336
40.1181
39.971
39.7889
39.5675
29.7134
30.9283
31.8172
32.4609
32.9163
33.2241
33.4138
33.5076
33.5221
33.4701
33.3615
33.2042
33.0044
32.7671
32.4964
32.1954
31.8668
31.5129
31.1354
30.7355
30.3146
29.8735
29.4129
28.9332
28.4348
27.9178
27.3822
26.8279
26.2546
25.662
25.0493
24.416
23.7613
23.0838
22.3826
21.656
20.9024
20.1199
19.3062
18.4587
17.5758
16.6555
15.7004
14.7236
13.7733
12.9912
12.5983
12.748
13.3747
14.2631
15.2264
16.1816
17.1059
17.9928
18.8432
19.659
20.4425
21.1963
21.9224
22.6228
23.2993
23.9534
24.5865
25.1998
25.7944
26.3713
26.9313
27.4753
28.0039
28.5177
29.0173
29.5034
29.9762
30.4362
30.8839
31.3195
31.7433
32.1556
32.5567
32.9468
33.326
33.6944
34.0524
34.3998
34.7369
35.0636
35.3801
35.6864
35.9823
36.2681
36.5434
36.8084
37.063
37.3069
37.5401
37.7625
37.9737
38.1737
38.3622
38.5389
38.7035
38.8556
38.995
39.121
39.2332
39.3312
39.4144
39.482
39.5334
39.5677
39.584
39.5811
39.5578
39.513
39.445
39.352
39.232
39.0826
38.9011
38.684
38.4277
29.3733
30.6614
31.6042
32.2884
32.7748
33.1068
33.3157
33.425
33.4522
33.4107
33.311
33.1613
32.9681
32.7366
32.471
32.1747
31.8504
31.5005
31.1267
30.7305
30.3132
29.8755
29.4183
28.942
28.4471
27.9336
27.4016
26.851
26.2816
25.6929
25.0844
24.4555
23.8053
23.1327
22.4366
21.7154
20.9676
20.1912
19.384
18.5436
17.6679
16.755
15.8061
14.8316
13.8688
13.0384
12.5541
12.5974
13.1471
14.0019
14.9592
15.9171
16.8463
17.7385
18.5933
19.4129
20.1994
20.9553
21.683
22.3841
23.0608
23.7145
24.3465
24.9583
25.5508
26.125
26.6819
27.2222
27.7467
28.2559
28.7505
29.2311
29.6979
30.1515
30.5923
31.0205
31.4365
31.8405
32.2328
32.6135
32.9829
33.3411
33.6881
34.0241
34.3492
34.6634
34.9668
35.2592
35.5408
35.8114
36.0711
36.3196
36.557
36.783
36.9976
37.2004
37.3913
37.5701
37.7365
37.8901
38.0306
38.1577
38.2709
38.3697
38.4537
38.5222
38.5746
38.6102
38.6284
38.628
38.6081
38.5678
38.5056
38.4203
38.3105
38.1741
38.0092
37.8135
37.5843
37.3183
37.0121
29.0153
30.381
31.3807
32.1076
32.6264
32.9835
33.2124
33.3376
33.3778
33.3471
33.2564
33.1143
32.9277
32.7019
32.4415
32.1498
31.8298
31.4838
31.1137
30.7211
30.3072
29.873
29.4191
28.9462
28.4546
27.9446
27.4161
26.8692
26.3035
25.7188
25.1145
24.4898
23.8441
23.1763
22.4852
21.7694
21.0272
20.2569
19.4563
18.6227
17.7544
16.8489
15.9065
14.9355
13.9644
13.0938
12.5253
12.4612
12.9257
13.739
14.6865
15.646
16.5795
17.4765
18.3354
19.1583
19.9473
20.7049
21.4334
22.1347
22.8108
23.4632
24.0933
24.7025
25.2919
25.8624
26.415
26.9505
27.4696
27.973
28.4611
28.9347
29.394
29.8396
30.2718
30.6908
31.0971
31.4909
31.8723
32.2416
32.5989
32.9443
33.278
33.6
33.9104
34.2092
34.4963
34.7719
35.0357
35.2878
35.528
35.7562
35.9723
36.1762
36.3674
36.546
36.7115
36.8638
37.0024
37.127
37.2373
37.3327
37.4128
37.477
37.5248
37.5555
37.5684
37.5627
37.5376
37.492
37.425
37.3353
37.2217
37.0826
36.9165
36.7216
36.4956
36.2365
35.9412
35.6068
35.2297
28.6377
30.0858
31.1458
31.9173
32.4701
32.8535
33.1029
33.2446
33.2981
33.2783
33.1967
33.0623
32.8823
32.6623
32.4069
32.1198
31.804
31.4619
31.0955
30.7063
30.2958
29.8648
29.4142
28.9446
28.4563
27.9497
27.4247
26.8814
26.3194
25.7386
25.1383
24.5179
23.8767
23.2136
22.5274
21.817
21.0805
20.3161
19.522
18.6953
17.8341
16.9361
16.0006
15.0338
14.058
13.1549
12.51
12.3394
12.7114
13.4748
14.4079
15.3675
16.3045
17.2058
18.0683
18.894
19.6849
20.4435
21.1721
21.8727
22.5472
23.1973
23.8245
24.43
25.015
25.5805
26.1274
26.6566
27.1688
27.6646
28.1446
28.6093
29.0593
29.4948
29.9162
30.324
30.7182
31.0992
31.4672
31.8223
32.1647
32.4944
32.8116
33.1162
33.4084
33.688
33.9551
34.2096
34.4514
34.6804
34.8964
35.0992
35.2888
35.4647
35.6268
35.7747
35.9082
36.0268
36.1303
36.218
36.2895
36.3444
36.3819
36.4015
36.4025
36.3841
36.3454
36.2856
36.2037
36.0985
35.9687
35.8134
35.6307
35.4192
35.1771
34.9023
34.5927
34.2459
33.8593
33.4293
32.9529
28.2391
29.7744
30.898
31.7167
32.305
32.7156
32.9864
33.1449
33.212
33.2033
33.131
33.0044
32.8309
32.6167
32.3663
32.0837
31.7719
31.4336
31.0707
30.6849
30.2776
29.8499
29.4025
28.936
28.451
27.9477
27.4261
26.8863
26.328
25.7509
25.1547
24.5385
23.9017
23.2433
22.5622
21.857
21.1261
20.3678
19.5799
18.7601
17.906
17.0155
16.0871
15.1254
14.1476
13.2189
12.5061
12.2317
12.505
13.2097
14.1227
15.0806
16.0202
16.9251
17.7907
18.6185
19.4106
20.1693
20.897
21.5958
22.2676
22.9142
23.537
24.1374
24.7165
25.2753
25.8148
26.3359
26.8392
27.3254
27.795
28.2487
28.6868
29.1097
29.5178
29.9113
30.2905
30.6556
31.0068
31.3443
31.6681
31.9782
32.2748
32.5578
32.8272
33.0829
33.3249
33.553
33.767
33.9669
34.1523
34.323
34.4788
34.6193
34.7442
34.853
34.9455
35.0209
35.079
35.119
35.1403
35.1424
35.1244
35.0855
35.0248
34.9416
34.8346
34.7027
34.545
34.3598
34.1459
33.9017
33.6255
33.3155
32.9698
32.5862
32.1626
31.6964
31.1851
30.6259
30.0162
27.8175
29.4454
30.6363
31.5045
32.13
32.569
32.8617
33.0376
33.1186
33.1212
33.0581
32.9393
32.7724
32.5638
32.3184
32.0401
31.7323
31.3976
31.0381
30.6556
30.2514
29.8268
29.3825
28.9191
28.4373
27.9371
27.4189
26.8825
26.3278
25.7545
25.1622
24.5502
23.9178
23.2641
22.5879
21.8879
21.1627
20.4103
19.6289
18.8159
17.9689
17.0859
16.1649
15.2088
14.2311
13.2831
12.5111
12.1372
12.3068
12.9439
13.8305
14.784
15.7253
16.6329
17.5009
18.3299
19.1222
19.8799
20.6056
21.3012
21.9689
22.6104
23.2271
23.8204
24.3916
24.9417
25.4716
25.9822
26.4741
26.9481
27.4046
27.8443
28.2674
28.6744
29.0656
29.4413
29.8017
30.1469
30.477
30.7922
31.0926
31.3781
31.6487
31.9043
32.1449
32.3702
32.5803
32.7748
32.9535
33.1162
33.2624
33.3919
33.5043
33.5991
33.6758
33.7339
33.7728
33.7918
33.7904
33.7676
33.7227
33.6549
33.5629
33.4461
33.3032
33.1329
32.9341
32.7053
32.4451
32.1519
31.824
31.46
31.058
30.6164
30.1333
29.6072
29.0368
28.4213
27.7596
27.0523
26.2998
