29.7146
30.4107
31.0565
31.6538
32.204
32.7095
33.1722
33.5945
33.9785
34.326
34.6389
34.9192
35.1687
35.3887
35.581
35.7468
35.8876
36.0045
36.0985
36.171
36.2226
36.2544
36.2671
36.2616
36.2385
36.1985
36.1421
36.0699
35.9824
35.88
35.7632
35.6323
35.4877
35.3298
35.1586
34.9747
34.7781
34.5691
34.3477
34.1143
33.8688
33.6114
33.3422
33.0611
32.7682
32.4634
32.1468
31.8183
31.4778
31.125
30.76
30.3824
29.9921
29.5889
29.1724
28.7424
28.2983
27.84
27.3668
26.8783
26.374
25.8532
25.3152
24.7594
24.1849
23.5908
22.9762
22.3401
21.6814
20.999
20.292
19.5593
18.8005
18.0159
17.2076
16.3811
15.5496
14.7424
14.0221
13.5028
13.3257
13.5522
14.1006
14.8332
15.6475
16.4866
17.3222
18.141
18.9367
19.707
20.4512
21.1699
21.8628
22.5308
23.1747
23.7952
24.3921
24.9659
25.5169
26.0445
26.5485
27.0286
27.4834
27.912
28.3125
28.6831
29.0209
29.3229
29.5846
29.8008
29.9648
30.068
30.0992
30.0439
29.8825
29.589
29.1272
28.4465
27.4744
26.1058
24.1942
33.0627
33.6069
34.1034
34.5556
34.9662
35.3381
35.6733
35.9743
36.2429
36.4811
36.6906
36.8728
37.0295
37.1616
37.2708
37.3579
37.4241
37.4703
37.4976
37.5066
37.4981
37.4729
37.4316
37.3747
37.3029
37.2166
37.1163
37.0023
36.8752
36.7351
36.5825
36.4175
36.2406
36.0518
35.8514
35.6396
35.4166
35.1824
34.9372
34.681
34.414
34.1362
33.8475
33.548
33.2376
32.9163
32.5841
32.2407
31.8862
31.5203
31.1428
30.7536
30.3523
29.9388
29.5128
29.0737
28.6215
28.1554
27.6753
27.1804
26.6703
26.1443
25.6018
25.0419
24.4641
23.8673
23.2506
22.613
21.9535
21.271
20.5643
19.8327
19.0754
18.2925
17.4858
16.6597
15.8256
15.0087
14.2636
13.6941
13.4426
13.5946
14.0926
14.7999
15.6045
16.4422
17.2804
18.1037
18.9048
19.6807
20.431
21.1549
21.8533
22.5267
23.1761
23.8013
24.4034
24.982
25.5374
26.0699
26.5785
27.0632
27.5229
27.956
28.3617
28.7374
29.081
29.3891
29.6577
29.8816
30.0546
30.1684
30.2123
30.1725
30.0305
29.762
29.3326
28.6951
27.7816
26.4943
24.6933
35.6709
36.0945
36.4757
36.8179
37.1238
37.396
37.6365
37.8476
38.0308
38.1881
38.3206
38.4299
38.5173
38.5836
38.6303
38.658
38.6678
38.6605
38.6367
38.5972
38.5426
38.4735
38.3904
38.2938
38.1841
38.0618
37.9271
37.7804
37.6221
37.4523
37.2714
37.0795
36.8769
36.6637
36.44
36.2061
35.962
35.7077
35.4434
35.1692
34.8849
34.5907
34.2865
33.9723
33.648
33.3136
32.9689
32.6138
32.2481
31.8718
31.4845
31.0861
30.6763
30.2549
29.8214
29.3755
28.9169
28.4452
27.9598
27.4602
26.946
26.4163
25.8707
25.3084
24.7285
24.1302
23.5127
22.8747
22.2154
21.5337
20.8284
20.0985
19.3434
18.563
17.7586
16.9339
16.0985
15.2743
14.5084
13.8945
13.5722
13.6476
14.09
14.768
15.5609
16.3961
17.2365
18.064
18.8704
19.652
20.4081
21.1377
21.8417
22.5209
23.1753
23.806
24.4128
24.9966
25.5568
26.0941
26.6075
27.0969
27.5614
27.9995
28.4103
28.7916
29.1409
29.4552
29.7307
29.9625
30.1445
30.2687
30.3252
30.3005
30.1775
29.9327
29.5341
28.9374
28.0792
26.8682
25.1736
37.7083
38.044
38.3412
38.6029
38.8321
39.031
39.2016
39.346
39.4657
39.5623
39.6371
39.6914
39.7262
39.7426
39.7415
39.7237
39.6901
39.6413
39.578
39.5008
39.4101
39.3067
39.1907
39.0628
38.9232
38.7723
38.6103
38.4376
38.2544
38.0609
37.8574
37.6439
37.4207
37.1879
36.9456
36.6938
36.4327
36.1623
35.8827
35.5938
35.2957
34.9884
34.6718
34.3458
34.0103
33.6654
33.3107
32.9463
32.5719
32.1874
31.7925
31.3869
30.9705
30.5429
30.1038
29.6528
29.1896
28.7136
28.2245
27.7217
27.2047
26.6728
26.1253
25.5616
24.9808
24.3822
23.7647
23.1273
22.4691
21.7889
21.0856
20.3584
19.6062
18.8289
18.0274
17.2049
16.3695
15.5399
14.757
14.1042
13.7156
13.7133
14.0951
14.7396
15.5183
16.3498
17.1918
18.0234
18.8351
19.6226
20.3844
21.1199
21.83
22.5144
23.1746
23.8102
24.4225
25.0111
25.5766
26.1188
26.6371
27.1315
27.6009
28.0444
28.4605
28.8471
29.2024
29.5231
29.8057
30.0454
30.2363
30.3709
30.4396
30.4299
30.3251
30.1033
29.7341
29.1761
28.3701
27.2308
25.6355
39.3213
39.5938
39.8299
40.0329
40.2055
40.35
40.4686
40.5629
40.6347
40.6854
40.7161
40.7282
40.7226
40.7003
40.6622
40.6089
40.5413
40.46
40.3655
40.2585
40.1393
40.0085
39.8665
39.7134
39.5499
39.376
39.1922
38.9985
38.7952
38.5826
38.3607
38.1298
37.8899
37.6412
37.3836
37.1175
36.8426
36.5591
36.2671
35.9664
35.6572
35.3392
35.0125
34.6771
34.3328
33.9795
33.617
33.2452
32.864
32.473
32.0722
31.6612
31.2398
30.8076
30.3644
29.9097
29.4432
28.9644
28.4728
27.968
27.4493
26.9162
26.368
25.8039
25.2232
24.625
24.0085
23.3726
22.7162
22.0383
21.3378
20.6137
19.865
19.0914
18.2936
17.474
16.6396
15.8064
15.0097
14.3233
13.8734
13.7935
14.1102
14.7166
15.4783
16.3048
17.1479
17.9834
18.8003
19.5936
20.3615
21.1029
21.8189
22.5091
23.1748
23.8163
24.4336
25.0278
25.5985
26.1458
26.6692
27.1687
27.6433
28.0921
28.5136
28.9062
29.2675
29.5948
29.8845
30.1321
30.3319
30.4769
30.5577
30.5624
30.4753
30.2756
29.9348
29.4139
28.6568
27.5849
26.083
40.6159
40.8429
41.0346
41.1943
41.3249
41.4287
41.5079
41.5642
41.5994
41.6147
41.6114
41.5907
41.5536
41.501
41.4337
41.3524
41.2579
41.1507
41.0314
40.9004
40.7583
40.6055
40.4423
40.2691
40.0861
39.8936
39.6919
39.4811
39.2616
39.0333
38.7965
38.5512
38.2977
38.036
37.7661
37.4881
37.202
36.9079
36.6058
36.2955
35.9772
35.6508
35.3161
34.9731
34.6217
34.2618
33.8931
33.5157
33.1291
32.7333
32.3281
31.913
31.488
31.0526
30.6065
30.1493
29.6807
29.2002
28.7073
28.2014
27.6822
27.1489
26.6008
26.0373
25.4575
24.8607
24.2459
23.6121
22.9583
22.2833
21.5862
20.8658
20.1212
19.3519
18.5582
17.7423
16.9098
16.0746
15.2671
14.552
14.0463
13.8902
14.1376
14.7011
15.4428
16.2629
17.1062
17.9455
18.7676
19.5668
20.3408
21.0884
21.8104
22.5069
23.1781
23.8253
24.4485
25.0481
25.6242
26.1768
26.7055
27.2104
27.6904
28.1447
28.5719
28.9704
29.338
29.6721
29.969
30.2246
30.4334
30.5886
30.6814
30.7003
30.6305
30.4521
30.1382
29.6523
28.9423
27.9333
26.5191
41.6675
41.8616
42.0208
42.1485
42.2477
42.3208
42.37
42.3972
42.404
42.3918
42.3619
42.3155
42.2535
42.1769
42.0863
41.9826
41.8665
41.7384
41.599
41.4487
41.288
41.1173
40.9369
40.7471
40.5482
40.3404
40.1241
39.8993
39.6663
39.4251
39.176
38.919
38.6543
38.3819
38.1018
37.8142
37.5189
37.2161
36.9058
36.5878
36.2622
35.9289
35.5879
35.2389
34.882
34.5169
34.1436
33.7617
33.3713
32.9719
32.5635
32.1456
31.7181
31.2806
30.8327
30.3742
29.9045
29.4233
28.93
28.4242
27.9053
27.3726
26.8256
26.2634
25.6854
25.0906
24.4782
23.8473
23.1967
22.5254
21.8322
21.1161
20.3761
19.6116
18.8226
18.011
17.1814
16.3456
15.5298
14.7906
14.2348
14.0048
14.1798
14.6952
15.4137
16.2255
17.0684
17.9111
18.7385
19.5437
20.324
21.0779
21.8062
22.5089
23.1865
23.8396
24.4686
25.0739
25.6553
26.2136
26.7481
27.2586
27.7445
28.2045
28.6377
29.0423
29.4163
29.7571
30.0615
30.3253
30.5432
30.7086
30.8132
30.8461
30.793
30.6351
30.3474
29.8945
29.2286
28.2793
26.9473
42.5296
42.7004
42.8359
42.9399
43.0155
43.0652
43.0915
43.0961
43.0809
43.0472
42.9964
42.9295
42.8477
42.7517
42.6425
42.5207
42.387
42.242
42.0862
41.9201
41.7442
41.5587
41.3641
41.1606
40.9486
40.7283
40.4998
40.2634
40.0192
39.7674
39.5081
39.2414
38.9674
38.6861
38.3977
38.1021
37.7994
37.4896
37.1726
36.8484
36.517
36.1783
35.8322
35.4786
35.1174
34.7485
34.3716
33.9867
33.5934
33.1916
32.7811
32.3615
31.9326
31.494
31.0454
30.5864
30.1167
29.6356
29.1429
28.6379
28.1202
27.589
27.0438
26.4838
25.9082
25.3163
24.707
24.0796
23.4328
22.7656
22.077
21.3658
20.6309
19.8717
19.0881
18.2813
17.4554
16.6203
15.7986
15.0395
14.4394
14.1389
14.2391
14.7015
15.3929
16.1945
17.0362
17.882
18.7146
19.5259
20.3128
21.0736
21.8081
22.5172
23.2011
23.8604
24.4955
25.1068
25.6945
26.2587
26.7991
27.3157
27.8073
28.2734
28.7127
29.1238
29.5047
29.8526
30.1646
30.4366
30.6637
30.8394
30.9558
31.0024
30.9656
30.8278
30.5647
30.1439
29.5192
28.6266
27.371
43.2418
43.396
43.5145
43.601
43.6589
43.691
43.6996
43.6868
43.6543
43.6036
43.5361
43.4529
43.3551
43.2436
43.1192
42.9827
42.8347
42.6758
42.5065
42.3274
42.1388
41.9411
41.7347
41.5199
41.2969
41.066
40.8275
40.5813
40.3279
40.0672
39.7994
39.5246
39.2429
38.9544
38.6591
38.357
38.0482
37.7326
37.4103
37.0811
36.7452
36.4022
36.0523
35.6952
35.3309
34.9592
34.5799
34.1929
33.7979
33.3947
32.9831
32.5628
32.1334
31.6946
31.2462
30.7877
30.3187
29.8388
29.3474
28.8441
28.3284
27.7995
27.2568
26.6997
26.1273
25.5389
24.9336
24.3102
23.6679
23.0056
22.3221
21.6162
20.8871
20.1337
19.3559
18.5546
17.7332
16.9001
16.0745
15.2993
14.6605
14.294
14.318
14.7225
15.3828
16.172
17.0114
17.86
18.6978
19.5155
20.3089
21.0768
21.8185
22.5344
23.2249
23.8908
24.5323
25.15
25.7439
26.3143
26.8609
27.3838
27.8817
28.3542
28.8
29.218
29.6058
29.9611
30.2811
30.5615
30.798
30.984
31.1122
31.1723
31.1516
31.033
30.7938
30.4031
29.8182
28.9778
27.7943
43.8329
43.976
44.0824
44.1563
44.2011
44.2198
44.2148
44.1884
44.1424
44.0782
43.9974
43.9011
43.7904
43.6662
43.5295
43.3809
43.221
43.0506
42.8702
42.6802
42.4811
42.2732
42.057
41.8326
41.6005
41.3608
41.1137
40.8594
40.5982
40.33
40.0552
39.7737
39.4856
39.1911
38.8901
38.5827
38.2689
37.9488
37.6222
37.2892
36.9497
36.6036
36.2508
35.8913
35.5248
35.1514
34.7706
34.3825
33.9867
33.583
33.1712
32.751
32.3221
31.8841
31.4367
30.9795
30.5121
30.0341
29.545
29.0442
28.5312
28.0053
27.466
26.9126
26.3441
25.7599
25.1591
24.5406
23.9034
23.2465
22.5687
21.8689
21.146
20.399
19.6277
18.8326
18.0164
17.1863
16.3589
15.571
14.899
14.4714
14.4192
14.7612
15.3859
16.1603
16.9964
17.8474
18.6904
19.5145
20.315
21.0901
21.839
22.562
23.2596
23.9324
24.5808
25.2056
25.8062
26.3832
26.9365
27.466
27.9706
28.4499
28.9029
29.3278
29.7231
30.0861
30.4143
30.7035
30.9494
31.1459
31.2858
31.3594
31.3543
31.2544
31.0381
30.6764
30.1285
29.3375
28.2214
44.3251
44.4611
44.5594
44.6242
44.6595
44.6681
44.6529
44.6159
44.5592
44.4844
44.3929
44.286
44.1648
44.0303
43.8834
43.7247
43.5551
43.3752
43.1854
42.9863
42.7783
42.5619
42.3373
42.1049
41.865
41.6178
41.3636
41.1024
40.8346
40.5602
40.2794
39.9923
39.6989
39.3994
39.0938
38.7821
38.4644
38.1406
37.8107
37.4748
37.1327
36.7843
36.4297
36.0686
35.7009
35.3265
34.9452
34.5568
34.1611
33.7579
33.3468
32.9276
32.4999
32.0636
31.6181
31.163
30.6981
30.2228
29.7367
29.2392
28.7298
28.2078
27.6727
27.1236
26.5599
25.9807
25.3851
24.7721
24.1408
23.49
22.8186
22.1255
21.4094
20.6695
19.9052
19.1169
18.3068
17.4808
16.6532
15.8559
15.1557
14.6726
14.5454
14.8207
15.4053
16.1621
16.9935
17.8465
18.6948
19.5256
20.3335
21.1161
21.8727
22.6033
23.3085
23.989
24.6448
25.2764
25.8846
26.4687
27.0291
27.5658
28.0776
28.5643
29.0245
29.4572
29.8601
30.2314
30.5678
30.8662
31.1219
31.329
31.4806
31.5675
31.5779
31.4962
31.302
30.9675
30.4547
29.71
28.6567
44.7353
44.8674
44.9605
45.0192
45.0476
45.0489
45.0258
44.9807
44.9157
44.8324
44.7323
44.6169
44.4871
44.3441
44.1887
44.0218
43.844
43.6559
43.4583
43.2515
43.036
42.8123
42.5807
42.3415
42.095
41.8414
41.581
41.3141
41.0407
40.761
40.4752
40.1834
39.8856
39.582
39.2726
38.9575
38.6366
38.31
37.9777
37.6397
37.2958
36.9461
36.5904
36.2285
35.8605
35.486
35.105
34.7172
34.3225
33.9204
33.5109
33.0935
32.6681
32.2341
31.7914
31.3394
30.8778
30.4061
29.9239
29.4305
28.9255
28.4082
27.878
27.3342
26.776
26.2025
25.613
25.0064
24.3817
23.7378
23.0735
22.3877
21.6793
20.9471
20.1905
19.4098
18.6065
17.7858
16.9597
16.1557
15.4323
14.8995
14.6994
14.9049
15.4446
16.1806
17.006
17.8605
18.7139
19.5518
20.3674
21.1581
21.9228
22.6616
23.3753
24.0635
24.7271
25.3669
25.9826
26.5748
27.1428
27.6872
28.2067
28.7013
29.1694
29.6101
30.0214
30.4011
30.7466
31.0543
31.3198
31.5377
31.7012
31.8013
31.8267
31.7626
31.5896
31.2813
30.8016
30.1004
29.1057
45.0766
45.2072
45.2975
45.3524
45.3761
45.3721
45.3432
45.2919
45.2203
45.1303
45.0233
44.9009
44.7641
44.614
44.4516
44.2777
44.093
43.8982
43.6939
43.4805
43.2587
43.0287
42.791
42.5459
42.2937
42.0347
41.7691
41.4972
41.219
40.9349
40.6448
40.3491
40.0477
39.7407
39.4283
39.1104
38.7872
38.4585
38.1245
37.7851
37.4403
37.0899
36.7338
36.3721
36.0044
35.6308
35.2508
34.8645
34.4715
34.0715
33.6644
33.2498
32.8273
32.3967
31.9576
31.5095
31.0521
30.5849
30.1074
29.6191
29.1194
28.6077
28.0834
27.5457
26.9939
26.4272
25.8446
25.2452
24.628
23.9918
23.3355
22.6579
21.9578
21.2342
20.4862
19.7138
18.9183
18.1038
17.2808
16.4727
15.7308
15.1542
14.8847
15.0178
15.5077
16.2197
17.0374
17.8928
18.7515
19.5967
20.4206
21.22
21.9935
22.7415
23.4635
24.1607
24.833
25.4813
26.1054
26.706
27.2824
27.8351
28.363
28.8659
29.3427
29.7918
30.2118
30.6006
30.9554
31.2726
31.5483
31.7771
31.9523
32.0654
32.1055
32.0584
31.9055
31.6218
31.1731
30.5122
29.5716
45.3592
45.4903
45.5796
45.6325
45.6533
45.6456
45.6124
45.5564
45.4798
45.3844
45.2719
45.1437
45.0011
44.8452
44.6769
44.4971
44.3066
44.106
43.8959
43.6769
43.4495
43.2142
42.9712
42.721
42.4639
42.2002
41.9301
41.6538
41.3716
41.0836
40.79
40.4909
40.1865
39.8768
39.5619
39.242
38.917
38.587
38.252
37.9119
37.5667
37.2164
36.8608
36.4999
36.1334
35.7613
35.3833
34.9992
34.6088
34.2118
33.808
33.397
32.9785
32.5521
32.1175
31.6743
31.2221
30.7603
30.2885
29.8063
29.3129
28.8078
28.2903
27.7598
27.2154
26.6564
26.0817
25.4906
24.8818
24.2544
23.6071
22.9386
22.2479
21.5337
20.7952
20.0321
19.2453
18.4384
17.6199
16.8103
16.0538
15.4394
15.1049
15.1643
15.5998
16.284
17.0922
17.948
18.8121
19.6649
20.4977
21.3065
22.0899
22.8471
23.5787
24.2854
24.9674
25.6247
26.2583
26.8678
27.4536
28.0153
28.5522
29.0642
29.55
30.0083
30.4375
30.8354
31.1997
31.5269
31.8128
32.0525
32.2393
32.3651
32.4194
32.3885
32.2547
31.9939
31.5741
30.9505
30.0598
45.5913
45.7243
45.8142
45.8664
45.8856
45.8756
45.8394
45.7799
45.6994
45.5998
45.4828
45.35
45.2025
45.0417
44.8684
44.6835
44.488
44.2823
44.0673
43.8434
43.6112
43.3711
43.1235
42.8689
42.6075
42.3396
42.0655
41.7854
41.4997
41.2084
40.9117
40.6098
40.3029
39.991
39.6743
39.3529
39.0267
38.6959
38.3604
38.0203
37.6755
37.3259
36.9715
36.6121
36.2477
35.8779
35.5027
35.1217
34.7349
34.3417
33.9421
33.5357
33.1221
32.701
32.272
31.8347
31.3886
30.9334
30.4684
29.9932
29.5073
29.0099
28.5004
27.9782
27.4424
26.8922
26.3268
25.745
25.1459
24.5284
23.8912
23.2332
22.5529
21.8493
21.1214
20.3687
19.5917
18.7934
17.9812
17.1723
16.4053
15.759
15.3645
15.3501
15.7268
16.3792
17.1759
18.0315
18.901
19.7621
20.6045
21.4235
22.2174
22.9851
23.7276
24.4444
25.1367
25.8045
26.4479
27.0676
27.6633
28.2347
28.7815
29.3028
29.7981
30.2659
30.7046
31.1122
31.4861
31.8231
32.1192
32.3694
32.5675
32.7054
32.7731
32.7574
32.6413
32.4021
32.009
31.4193
30.5743
45.7791
45.9153
46.0069
46.0597
46.0784
46.067
46.0288
45.9668
45.8833
45.7803
45.6597
45.523
45.3715
45.2065
45.0289
44.8397
44.6397
44.4297
44.2103
43.982
43.7455
43.5012
43.2496
42.9909
42.7256
42.454
42.1764
41.893
41.6041
41.3099
41.0106
40.7064
40.3974
40.0838
39.7657
39.4431
39.1163
38.7852
38.4499
38.1104
37.7666
37.4184
37.0659
36.7089
36.3472
35.9806
35.6091
35.2322
34.8498
34.4615
34.0672
33.6663
33.2587
32.844
32.4216
31.9914
31.5527
31.1051
30.6482
30.1814
29.7041
29.2157
28.7156
28.203
27.6771
27.1372
26.5823
26.0114
25.4234
24.8172
24.1916
23.5453
22.877
22.1853
21.4694
20.7284
19.9627
19.1745
18.3701
17.5643
16.7903
16.1177
15.6692
15.5821
15.8961
16.5126
17.2956
18.1503
19.0254
19.8955
20.7484
21.5786
22.384
23.1633
23.9174
24.646
25.3496
26.0282
26.6829
27.3133
27.9195
28.5013
29.0582
29.5897
30.0948
30.5722
31.0205
31.4375
31.8209
32.1674
32.4732
32.7334
32.9419
33.0911
33.1711
33.1694
33.0695
32.8495
32.4806
31.9224
31.1183
45.9278
46.0682
46.1624
46.2165
46.2356
46.2237
46.1843
46.1205
46.0347
45.9291
45.8054
45.6655
45.5106
45.3419
45.1606
44.9676
44.7637
44.5497
44.3264
44.0943
43.8539
43.6057
43.3503
43.088
42.8192
42.5442
42.2634
41.977
41.6853
41.3885
41.0869
40.7806
40.4699
40.1549
39.8357
39.5126
39.1855
38.8547
38.52
38.1816
37.8395
37.4935
37.1436
36.7897
36.4317
36.0692
35.7022
35.3304
34.9535
34.5712
34.1832
33.7892
33.3888
32.9816
32.5672
32.1452
31.7152
31.2768
30.8293
30.3722
29.9051
29.4272
28.9379
28.4365
27.9222
27.3942
26.8515
26.2931
25.718
25.1249
24.5127
23.8799
23.2253
22.5474
21.8451
21.1175
20.3647
19.5883
18.7936
17.9933
17.2159
16.5225
16.026
15.8687
16.1169
16.6933
17.4602
18.3133
19.1943
20.0741
20.9386
21.7812
22.5993
23.3919
24.1582
24.8994
25.6153
26.3063
26.9726
27.6143
28.2316
28.824
29.3913
29.9328
30.4476
30.9345
31.3919
31.8179
32.2101
32.5654
32.8801
33.1493
33.3671
33.5262
33.617
33.6275
33.5417
33.339
32.9916
32.4608
31.6943
46.0414
46.1866
46.2842
46.3404
46.3604
46.3487
46.3087
46.2436
46.1561
46.0483
45.9222
45.7795
45.6215
45.4497
45.265
45.0686
44.8612
44.6436
44.4167
44.1809
43.9369
43.6852
43.4263
43.1606
42.8885
42.6104
42.3266
42.0373
41.743
41.4438
41.1401
40.832
40.5198
40.2037
39.8839
39.5605
39.2336
38.9034
38.57
38.2333
37.8934
37.5503
37.2038
36.8539
36.5004
36.143
35.7817
35.416
35.0458
34.6707
34.2903
33.9044
33.5124
33.1142
32.7092
32.2971
31.8773
31.4494
31.013
30.5674
30.1121
29.6465
29.1699
28.6816
28.1808
27.6666
27.1382
26.5944
26.0343
25.4565
24.8598
24.2428
23.6041
22.9422
22.2558
21.5438
20.8061
20.0436
19.2608
18.4684
17.6911
16.9822
16.4444
16.2204
16.4007
16.9329
17.6812
18.5318
19.4192
20.3096
21.1869
22.0434
22.8755
23.6821
24.4627
25.2173
25.9462
26.6497
27.3281
27.9814
28.6096
29.2126
29.7899
30.3409
30.8647
31.3601
31.8257
32.2598
32.6595
33.0221
33.3441
33.6206
33.846
34.0132
34.1128
34.1333
34.0594
33.8711
33.542
33.0354
32.3017
46.1229
46.2737
46.3752
46.4339
46.4554
46.4442
46.4041
46.3382
46.2493
46.1398
46.0115
45.8664
45.7057
45.531
45.3433
45.1436
44.9329
44.712
44.4816
44.2424
43.995
43.7399
43.4777
43.2087
42.9334
42.6522
42.3655
42.0735
41.7767
41.4753
41.1695
40.8598
40.5463
40.2293
39.909
39.5855
39.2592
38.9301
38.5983
38.264
37.927
37.5874
37.2452
36.9002
36.5522
36.2011
35.8465
35.4882
35.126
34.7593
34.388
34.0116
33.6298
33.2422
32.8482
32.4476
32.0398
31.6243
31.2008
30.7686
30.3272
29.8759
29.4141
28.9411
28.4561
27.9582
27.4465
26.92
26.3774
25.8177
25.2394
24.6411
24.0212
23.3782
22.7106
22.0171
21.2972
20.5514
19.7832
19.0018
18.2282
17.509
16.9365
16.6509
16.7624
17.2463
17.9732
18.8208
19.715
20.6173
21.5087
22.3802
23.2276
24.0491
24.8442
25.6128
26.355
27.071
27.7611
28.4255
29.0642
29.6767
30.2627
30.8218
31.353
31.8555
32.3275
32.7672
33.1726
33.5404
33.8674
34.149
34.3797
34.5524
34.6584
34.6863
34.6216
34.4449
34.1308
33.6451
32.9395
46.1748
46.3315
46.4373
46.499
46.5223
46.512
46.472
46.4056
46.3157
46.2046
46.0744
45.927
45.7639
45.5864
45.3958
45.193
44.9792
44.755
44.5213
44.2788
44.028
43.7695
43.5039
43.2317
42.9532
42.6689
42.3793
42.0846
41.7852
41.4815
41.1738
40.8625
40.5477
40.2299
39.9093
39.5861
39.2606
38.9329
38.6033
38.2717
37.9384
37.6032
37.266
36.9269
36.5856
36.2418
35.8953
35.5458
35.193
34.8364
34.4758
34.1107
33.7407
33.3654
32.9843
32.5972
32.2034
31.8025
31.394
30.9775
30.5523
30.1178
29.6734
29.2184
28.7519
28.2732
27.7812
27.275
26.7534
26.215
25.6586
25.0826
24.4854
23.8651
23.2202
22.549
21.8508
21.1254
20.3755
19.6086
18.8429
18.1188
17.5188
17.1773
17.2206
17.653
18.3559
19.1996
20.101
21.0161
21.9227
22.8102
23.6736
24.5103
25.3199
26.1022
26.8568
27.5841
28.2845
28.958
29.6046
30.2246
30.817
31.3816
31.9178
32.4242
32.8996
33.3425
33.7504
34.1207
34.4497
34.7335
34.9664
35.1419
35.2512
35.2836
35.2248
35.0567
34.7545
34.2854
33.6041
46.1988
46.3618
46.4721
46.537
46.5624
46.5532
46.5135
46.4467
46.3558
46.2434
46.1114
45.9619
45.7963
45.6162
45.4227
45.2169
44.9999
44.7724
44.5354
44.2894
44.0352
43.7733
43.5042
43.2286
42.9468
42.6594
42.3667
42.0691
41.7671
41.461
41.1512
40.8381
40.5221
40.2034
39.8825
39.5597
39.2352
38.9093
38.5822
38.254
37.9249
37.5949
37.2638
36.9316
36.5981
36.2631
35.9261
35.587
35.2452
34.9005
34.5524
34.2004
33.8443
33.4834
33.1175
32.746
32.3685
31.9846
31.5938
31.1955
30.7892
30.3744
29.9503
29.5164
29.0717
28.6156
28.147
27.6649
27.1681
26.6554
26.1252
25.5761
25.0061
24.4136
23.7965
23.1529
22.4815
21.7817
21.0551
20.3078
19.5553
18.8324
18.2124
17.8224
17.7998
18.178
18.8542
19.693
20.6019
21.5301
22.4523
23.3557
24.2342
25.0853
25.9075
26.7006
27.4649
28.2005
28.9081
29.5873
30.2385
30.8619
31.4568
32.023
32.5601
33.0667
33.542
33.9839
34.3908
34.7596
35.0874
35.3698
35.6016
35.7764
35.8859
35.9195
35.8636
35.7005
35.4068
34.951
34.2906
46.1962
46.3656
46.4807
46.5489
46.5765
46.5684
46.5291
46.462
46.3702
46.2563
46.1226
45.9709
45.8028
45.62
45.4235
45.2147
44.9943
44.7635
44.5229
44.2734
44.0155
43.75
43.4773
43.1981
42.9127
42.6218
42.3258
42.025
41.7201
41.4113
41.0992
40.7841
40.4666
40.1469
39.8257
39.5032
39.1798
38.8558
38.5316
38.2074
37.8832
37.5591
37.2351
36.9111
36.5868
36.2619
35.9362
35.6091
35.2803
34.9494
34.6159
34.2793
33.9391
33.5951
33.2467
32.8934
32.5349
32.1707
31.8003
31.4232
31.039
30.6471
30.2468
29.8375
29.4185
28.9889
28.5478
28.0943
27.6271
27.1449
26.6463
26.1296
25.5929
25.0343
24.4516
23.8424
23.205
22.5379
21.8419
21.1213
20.3889
19.6749
19.0441
18.6145
18.5304
18.8533
19.5
20.3325
21.248
22.1885
23.1244
24.041
24.9314
25.7924
26.6226
27.4219
28.191
28.9294
29.6381
30.3177
30.9678
31.5892
32.1813
32.7441
33.2769
33.779
34.2491
34.6859
35.0872
35.4506
35.773
36.0502
36.2773
36.448
36.5542
36.5858
36.5297
36.3687
36.0804
35.6347
34.9906
46.1676
46.3436
46.4635
46.5351
46.5648
46.5579
46.5188
46.4514
46.3586
46.2432
46.1076
45.9535
45.7829
45.5971
45.3976
45.1854
44.9615
44.727
44.4827
44.2293
43.9675
43.6979
43.4213
43.138
42.8487
42.5539
42.2541
41.9497
41.6413
41.3294
41.0145
40.697
40.3776
40.0566
39.7347
39.4124
39.0901
38.7682
38.4471
38.1272
37.8086
37.4913
37.1755
36.8609
36.5472
36.2342
35.9215
35.6085
35.2948
34.9799
34.6632
34.3444
34.0229
33.6982
33.37
33.0377
32.701
32.3595
32.0127
31.6602
31.3015
30.936
30.5633
30.1827
29.7935
29.3949
28.9861
28.5661
28.1338
27.6878
27.2268
26.749
26.2526
25.7354
25.195
24.629
24.0346
23.4099
22.7543
22.0706
21.3689
20.6747
20.0448
19.5876
19.4498
19.7183
20.3332
21.1564
22.0748
23.0229
23.9667
24.8897
25.7842
26.6469
27.4767
28.2741
29.0388
29.772
30.4744
31.1462
31.7884
32.4006
32.9835
33.5366
34.0593
34.5513
35.0113
35.4377
35.8291
36.1828
36.4957
36.7639
36.9827
37.1459
37.2457
37.2723
37.2128
37.051
36.7653
36.3267
35.6964
46.1135
46.296
46.4206
46.4955
46.5272
46.5213
46.4825
46.4144
46.3205
46.2034
46.0656
45.909
45.7355
45.5466
45.3436
45.1277
44.9
44.6615
44.4129
44.1552
43.889
43.6149
43.3337
43.0459
42.752
42.4527
42.1485
41.8398
41.5274
41.2116
40.8932
40.5726
40.2506
39.9278
39.6047
39.2821
38.9606
38.6407
38.3229
38.0076
37.6951
37.3856
37.079
36.7751
36.4738
36.1745
35.8767
35.58
35.2837
34.9873
34.6901
34.3916
34.0914
33.7889
33.4838
33.1755
32.8638
32.5482
32.2284
31.9039
31.5742
31.2391
30.8979
30.5502
30.1953
29.8325
29.461
29.0798
28.6881
28.2844
27.8675
27.4357
26.9871
26.5195
26.0305
25.5173
24.9768
24.4064
23.8042
23.1714
22.5152
21.8568
21.2452
20.7785
20.6012
20.8196
21.3993
22.2063
23.1186
24.0629
25.0018
25.9176
26.8026
27.6538
28.4709
29.2536
30.0034
30.7206
31.4068
32.062
32.6875
33.2831
33.8494
34.3861
34.8927
35.3689
35.8136
36.2253
36.6022
36.9419
37.2417
37.4976
37.7049
37.8576
37.9482
37.9671
37.9021
37.7372
37.4517
37.0181
36.3987
46.0337
46.2227
46.3519
46.4298
46.4633
46.4582
46.4193
46.3504
46.255
46.1359
45.9955
45.836
45.6592
45.4667
45.2598
45.0398
44.8077
44.5646
44.3113
44.0487
43.7774
43.4982
43.2117
42.9185
42.6193
42.3147
42.0051
41.6912
41.3737
41.0531
40.7302
40.4056
40.0801
39.7544
39.4293
39.1058
38.7844
38.466
38.1514
37.8409
37.535
37.234
36.9378
36.6462
36.3589
36.0753
35.7948
35.5167
35.2404
34.965
34.6901
34.4148
34.1388
33.8615
33.5825
33.3014
33.0178
32.7314
32.4419
32.1489
31.8521
31.5511
31.2455
30.9349
30.6187
30.2962
29.967
29.6299
29.2842
28.9288
28.5623
28.1832
27.7898
27.3799
26.9511
26.5007
26.0255
25.5223
24.9885
24.4235
23.8326
23.2327
22.6651
22.216
22.0213
22.1993
22.7399
23.5178
24.4052
25.3241
26.2361
27.1237
27.9797
28.8018
29.5896
30.3436
31.0653
31.7553
32.4144
33.044
33.6444
34.2157
34.7586
35.2729
35.758
36.2132
36.6379
37.0306
37.3894
37.712
37.9955
38.2362
38.4295
38.5694
38.6488
38.6581
38.5857
38.4158
38.1289
37.6985
37.089
45.9277
46.123
46.2565
46.3372
46.3723
46.3676
46.3281
46.258
46.1606
46.039
45.8957
45.7328
45.5522
45.3555
45.1441
44.9193
44.6822
44.4338
44.175
43.9067
43.6295
43.3442
43.0515
42.752
42.4464
42.1353
41.8192
41.4989
41.1751
40.8483
40.5195
40.1894
39.8589
39.529
39.2007
38.8749
38.5527
38.2352
37.9231
37.6173
37.3184
37.0265
36.7418
36.464
36.1926
35.927
35.6662
35.4094
35.1558
34.9045
34.6547
34.4057
34.1569
33.9078
33.658
33.4071
33.1548
32.9008
32.6449
32.3868
32.1263
31.863
31.5966
31.3269
31.0534
30.7755
30.4927
30.2043
29.9095
29.6073
29.2966
28.9759
28.6437
28.2981
27.9369
27.5577
27.1573
26.7328
26.2813
25.8018
25.2981
24.784
24.294
23.9003
23.7229
23.8789
24.3748
25.0991
25.9295
26.7909
27.6465
28.4801
29.285
30.0586
30.8008
31.5121
32.193
32.8448
33.4681
34.0636
34.6315
35.1725
35.6864
36.1732
36.6323
37.0631
37.4645
37.835
38.173
38.4761
38.7412
38.9649
39.1424
39.2682
39.3349
39.3335
39.2524
39.0769
38.7877
38.3592
37.758
45.7948
45.996
46.1336
46.2167
46.2527
46.248
46.2075
46.1356
46.0358
45.9111
45.7642
45.5972
45.4121
45.2105
44.9939
44.7636
44.5206
44.266
44.0008
43.7257
43.4415
43.1491
42.849
42.5419
42.2284
41.9093
41.5853
41.2569
40.9249
40.5902
40.2537
39.9162
39.5788
39.2427
38.9091
38.5793
38.2547
37.9365
37.6261
37.3245
37.0324
36.7504
36.4783
36.216
35.9626
35.7173
35.4789
35.2464
35.0185
34.7943
34.5728
34.3532
34.1347
33.9169
33.6993
33.4816
33.2636
33.045
32.8256
32.6054
32.3841
32.1615
31.9375
31.7118
31.4841
31.2539
31.0209
30.7844
30.5438
30.2983
30.0468
29.7882
29.5211
29.2438
28.9547
28.6514
28.3317
27.9931
27.6335
27.2525
26.8537
26.4499
26.0707
25.775
25.6584
25.8156
26.2564
26.8951
27.6317
28.402
29.1732
29.9296
30.6641
31.3736
32.057
32.7144
33.3458
33.9515
34.5319
35.0876
35.6186
36.1249
36.6064
37.0627
37.4932
37.897
38.2731
38.62
38.9358
39.218
39.4639
39.6697
39.8308
39.9416
39.9952
39.9826
39.8927
39.7111
39.4191
38.9928
38.3992
45.6339
45.8406
45.9817
46.0666
46.1032
46.0978
46.0558
45.9814
45.8784
45.7499
45.5987
45.4268
45.2364
45.029
44.8062
44.5693
44.3194
44.0575
43.7846
43.5016
43.2091
42.908
42.599
42.2826
41.9597
41.6308
41.2967
40.9581
40.6159
40.2709
39.924
39.5765
39.2295
38.8844
38.5428
38.2063
37.8767
37.5559
37.2454
36.9469
36.6613
36.3894
36.1311
35.886
35.653
35.4309
35.2181
35.0131
34.8145
34.6208
34.4309
34.2438
34.0588
33.8753
33.6928
33.5111
33.33
33.1494
32.9691
32.7892
32.6096
32.4301
32.2507
32.0711
31.8912
31.7107
31.5292
31.3463
31.1615
30.974
30.783
30.5875
30.3864
30.1784
29.962
29.7356
29.4976
29.2465
28.9814
28.7034
28.4177
28.1374
27.8885
27.7163
27.686
27.8577
28.2381
28.7734
29.3958
30.0566
30.7279
31.3946
32.0486
32.6859
33.3042
33.902
34.4793
35.0355
35.5705
36.084
36.576
37.046
37.4938
37.9186
38.3197
38.6961
39.0466
39.3696
39.663
39.9244
40.1509
40.3388
40.4837
40.58
40.6207
40.5972
40.4987
40.3112
40.0171
39.5925
39.0073
45.4435
45.6553
45.7993
45.8855
45.9219
45.9151
45.8707
45.7931
45.6861
45.553
45.3964
45.2187
45.0219
44.8078
44.5776
44.333
44.0749
43.8044
43.5224
43.2298
42.9274
42.6159
42.2961
41.9685
41.6338
41.2928
40.9462
40.5948
40.2394
39.8809
39.5206
39.1595
38.7992
38.4413
38.0879
37.7408
37.4027
37.0758
36.7626
36.4652
36.1853
35.9237
35.6804
35.4547
35.245
35.0495
34.866
34.6924
34.5269
34.3675
34.213
34.0619
33.9136
33.7674
33.6228
33.4797
33.338
33.1977
33.0587
32.921
32.7848
32.6499
32.5164
32.3842
32.253
32.1227
31.9931
31.8638
31.7344
31.6042
31.4726
31.3388
31.2019
31.0609
30.9146
30.7621
30.6024
30.4349
30.2604
30.0815
29.9051
29.7441
29.6198
29.5636
29.6141
29.8024
30.1316
30.5737
31.089
31.6447
32.2187
32.7973
33.3721
33.938
34.4917
35.0312
35.5551
36.0625
36.5527
37.0249
37.4787
37.9134
38.3283
38.7226
39.0953
39.4454
39.7711
40.071
40.3429
40.5845
40.7926
40.9637
41.0932
41.1757
41.2044
41.171
41.0647
40.8723
40.5763
40.1548
39.5777
45.2221
45.4384
45.5846
45.6713
45.7067
45.6977
45.65
45.5683
45.4563
45.3175
45.1546
44.97
44.7656
44.5433
44.3046
44.0508
43.7829
43.5022
43.2094
42.9055
42.5912
42.2672
41.9343
41.5929
41.244
40.8881
40.5259
40.1582
39.7861
39.4103
39.0322
38.6531
38.2747
37.8989
37.5282
37.1653
36.8132
36.4754
36.1553
35.856
35.5802
35.3289
35.1022
34.8987
34.7161
34.5517
34.4022
34.2649
34.1372
34.0167
33.9016
33.7905
33.6824
33.5766
33.4729
33.371
33.271
33.173
33.0771
32.9833
32.8917
32.8025
32.7156
32.6309
32.5484
32.468
32.3894
32.3123
32.2364
32.1612
32.0862
32.0106
31.9339
31.8553
31.774
31.6895
31.6015
31.5102
31.4175
31.327
31.246
31.1856
31.1618
31.1946
31.305
31.5077
31.8038
32.1793
32.6127
33.0837
33.5763
34.0791
34.5843
35.0866
35.5823
36.0687
36.544
37.0068
37.4559
37.8902
38.309
38.7112
39.0958
39.462
39.8085
40.1341
40.4371
40.7158
40.9681
41.1914
41.3828
41.5385
41.6541
41.7243
41.7424
41.7002
41.5874
41.3912
41.0946
40.6765
40.1087
44.968
45.188
45.3357
45.422
45.4556
45.4435
45.3915
45.3045
45.1865
45.0408
44.8704
44.6775
44.4642
44.2324
43.9835
43.7188
43.4396
43.1467
42.8412
42.5238
42.1953
41.8564
41.5076
41.1497
40.7833
40.409
40.0276
39.6398
39.2464
38.8485
38.4474
38.0446
37.6418
37.2414
36.8463
36.4599
36.0863
35.7303
35.397
35.0913
34.8169
34.576
34.3682
34.1912
34.0412
33.9138
33.8048
33.71
33.626
33.55
33.4794
33.4128
33.3489
33.2872
33.2274
33.1696
33.1138
33.0602
33.0091
32.9606
32.9148
32.8719
32.8319
32.7947
32.7603
32.7286
32.6994
32.6724
32.6475
32.6241
32.6018
32.5802
32.5587
32.5369
32.5143
32.4907
32.4664
32.4422
32.4203
32.4046
32.4014
32.4198
32.4706
32.5664
32.7182
32.9332
33.2114
33.5454
33.9237
34.3338
34.7649
35.2084
35.6575
36.1075
36.5547
36.9961
37.4299
37.8543
38.2676
38.6688
39.0567
39.4304
39.7883
40.1296
40.453
40.7568
41.0397
41.2997
41.5346
41.7418
41.9183
42.0605
42.1641
42.2236
42.2326
42.1832
42.0653
41.8664
41.5706
41.1575
40.5998
44.6795
44.9023
45.0507
45.1357
45.1664
45.1501
45.0928
44.9994
44.8742
44.7204
44.541
44.3384
44.1148
43.8718
43.6111
43.3338
43.0411
42.7341
42.4136
42.0803
41.7351
41.3784
41.0109
40.6331
40.2457
39.8492
39.4442
39.0315
38.6118
38.1861
37.7556
37.3219
36.887
36.4534
36.0244
35.6043
35.1986
34.814
34.458
34.1385
33.8619
33.6315
33.4467
33.3029
33.1937
33.1121
33.0521
33.008
32.9755
32.9508
32.931
32.9143
32.8995
32.8862
32.8742
32.8636
32.8549
32.8482
32.8439
32.8423
32.8434
32.8475
32.8546
32.8647
32.8777
32.8936
32.9121
32.9332
32.9564
32.9816
33.0084
33.0364
33.0653
33.0947
33.1247
33.1552
33.1868
33.2206
33.2588
33.305
33.3642
33.4431
33.5491
33.6897
33.8713
34.0973
34.3675
34.6776
35.0212
35.3904
35.7781
36.1778
36.5845
36.9937
37.4023
37.8077
38.2074
38.5998
38.9834
39.3569
39.7189
40.068
40.4034
40.7234
41.0269
41.3122
41.5778
41.8216
42.0415
42.2349
42.3988
42.5295
42.6228
42.6735
42.6752
42.6201
42.4987
42.2988
42.0049
41.5975
41.0509
44.355
44.5799
44.7279
44.8107
44.8375
44.8159
44.7521
44.6511
44.5173
44.354
44.1643
43.9506
43.715
43.4592
43.1847
42.8929
42.5849
42.2615
41.9236
41.572
41.2071
40.8298
40.4403
40.0392
39.6269
39.204
38.7708
38.328
37.8761
37.4162
36.9492
36.4766
36.0002
35.5229
35.0482
34.5813
34.1291
33.7007
33.3079
32.9633
32.6785
32.4596
32.3048
32.2053
32.1496
32.1265
32.1272
32.1446
32.1731
32.2082
32.2466
32.2864
32.3266
32.3667
32.4069
32.4476
32.4893
32.5325
32.5775
32.6246
32.6742
32.7262
32.7809
32.8382
32.8981
32.9606
33.0255
33.0926
33.1618
33.2328
33.3054
33.3793
33.4544
33.5305
33.6077
33.6863
33.767
33.8509
33.9401
34.0375
34.147
34.2733
34.4213
34.5958
34.8005
35.0372
35.3055
35.6031
35.9257
36.2687
36.6269
36.9958
37.3713
37.7501
38.1292
38.5063
38.8792
39.2463
39.6059
39.9566
40.2973
40.6264
40.9429
41.2453
41.5322
41.8019
42.0529
42.2833
42.4906
42.6725
42.8258
42.9471
43.0321
43.0757
43.0718
43.0127
42.8891
42.6895
42.3989
41.9987
41.4642
43.9933
44.2195
44.3663
44.4458
44.4676
44.4396
44.3681
44.2584
44.1147
43.9407
43.7392
43.5128
43.2635
42.9932
42.7033
42.3951
42.0696
41.7277
41.3701
40.9975
40.6105
40.2095
39.7948
39.3669
38.9259
38.4723
38.0063
37.5282
37.0385
36.5378
36.0268
35.5067
34.9791
34.4467
33.9129
33.3835
32.8666
32.3744
31.9239
31.5367
31.234
31.0282
30.9156
30.8784
30.8952
30.9482
31.0251
31.1171
31.2178
31.3223
31.4273
31.5309
31.6324
31.7316
31.8291
31.9255
32.0215
32.1177
32.2146
32.3126
32.4121
32.5132
32.616
32.7207
32.8272
32.9356
33.0456
33.1573
33.2705
33.385
33.5008
33.6176
33.7354
33.8542
33.9743
34.0961
34.2202
34.3478
34.4806
34.621
34.7718
34.9363
35.1178
35.3195
35.5436
35.791
36.0616
36.3537
36.6647
36.9914
37.3303
37.6781
38.0317
38.3882
38.7454
39.101
39.4533
39.8004
40.1412
40.4739
40.7974
41.1104
41.4115
41.6994
41.9727
42.2298
42.4688
42.6881
42.8852
43.0576
43.2024
43.3161
43.3946
43.4328
43.4248
43.3632
43.2389
43.0408
42.7547
42.3624
41.8408
43.594
43.8206
43.9653
44.0406
44.0565
44.021
43.9408
43.8211
43.6664
43.4802
43.2657
43.0253
42.761
42.4746
42.1676
41.8413
41.4965
41.134
40.7547
40.359
39.9474
39.5201
39.0775
38.6196
38.1468
37.6588
37.156
36.6382
36.1057
35.5585
34.997
34.422
33.8344
33.2363
32.6309
32.0234
31.4228
30.8437
30.3096
29.8545
29.5181
29.3272
29.2745
29.325
29.4397
29.5908
29.7617
29.9427
30.1271
30.3105
30.4899
30.6641
30.8329
30.9966
31.1561
31.3122
31.466
31.6181
31.7692
31.9199
32.0706
32.2215
32.3729
32.5249
32.6776
32.831
32.9851
33.1399
33.2953
33.4513
33.6078
33.7648
33.9224
34.0808
34.2401
34.4008
34.5637
34.7298
34.9004
35.0774
35.2629
35.4592
35.6687
35.8934
36.1345
36.3929
36.6683
36.9596
37.2651
37.5824
37.9092
38.243
38.5814
38.9221
39.2633
39.603
39.9396
40.2717
40.5976
40.9163
41.2262
41.5264
41.8153
42.0916
42.354
42.6008
42.8303
43.0405
43.2294
43.3943
43.5324
43.6403
43.7138
43.7481
43.7374
43.6746
43.551
43.3557
43.0751
42.6919
42.1839
43.1572
43.3836
43.5254
43.5957
43.6048
43.561
43.4711
43.3406
43.1738
42.9746
42.7459
42.4903
42.2098
41.9062
41.5809
41.235
40.8696
40.4852
40.0826
39.6622
39.2242
38.769
38.2965
37.8067
37.2997
36.7752
36.233
35.6728
35.0943
34.4973
33.8816
33.2472
32.5944
31.9243
31.2392
30.5436
29.846
29.1621
28.5208
27.9708
27.5802
27.4033
27.4298
27.5943
27.8315
28.1007
28.3812
28.6627
28.9397
29.2086
29.468
29.7176
29.9578
30.1896
30.4142
30.6327
30.8463
31.0561
31.2627
31.4669
31.6692
31.8699
32.0695
32.2682
32.4661
32.6634
32.8601
33.0563
33.2521
33.4475
33.6426
33.8373
34.032
34.2268
34.422
34.6181
34.8158
35.0159
35.2197
35.4285
35.6438
35.8674
36.1008
36.3455
36.6023
36.8717
37.1535
37.4469
37.7507
38.0634
38.3831
38.7081
39.0363
39.3662
39.6959
40.024
40.3489
40.6696
40.9844
41.292
41.5916
41.8817
42.161
42.4281
42.6818
42.9204
43.1423
43.3455
43.5279
43.687
43.8199
43.9233
43.9933
44.0251
44.0131
43.9503
43.8284
43.6369
43.3627
42.9892
42.4953
42.6844
42.91
43.0484
43.1131
43.1149
43.0622
42.962
42.8199
42.6405
42.4275
42.184
41.9125
41.6152
41.2936
40.9493
40.5833
40.1964
39.7895
39.363
38.9172
38.4523
37.9685
37.4656
36.9435
36.402
35.8405
35.2588
34.656
34.0317
33.3851
32.7155
32.0222
31.305
30.5639
29.8002
29.0173
28.2228
27.4326
26.6791
26.0241
25.5671
25.3985
25.5081
25.7949
26.1624
26.5562
26.9514
27.3372
27.7093
28.0659
28.4069
28.7331
29.0457
29.3465
29.6367
29.918
30.1916
30.4587
30.7204
30.9774
31.2304
31.4799
31.7264
31.9703
32.2118
32.4511
32.6885
32.9241
33.158
33.3905
33.6216
33.8515
34.0805
34.3088
34.5368
34.765
34.994
35.2245
35.4574
35.694
35.9353
36.1825
36.437
36.6994
36.9707
37.2509
37.5399
37.8373
38.1422
38.4533
38.7695
39.0892
39.411
39.7335
40.0553
40.3751
40.6917
41.0036
41.31
41.6095
41.901
42.1833
42.455
42.715
42.962
43.1942
43.4101
43.6078
43.7852
43.9399
44.069
44.1693
44.237
44.2674
44.255
44.1933
44.0741
43.8872
43.6202
43.2573
42.7779
42.1781
42.4028
42.5376
42.5965
42.5906
42.5287
42.418
42.2642
42.0719
41.845
41.5865
41.2991
40.9849
40.6454
40.2821
39.8961
39.4881
39.059
38.609
38.1384
37.6474
37.136
36.604
36.051
35.4767
34.8806
34.2618
33.6197
32.9532
32.2614
31.5433
30.7977
30.0237
29.221
28.3901
27.5336
26.6586
25.7813
24.9366
24.1959
23.6803
23.5086
23.6772
24.0624
24.542
25.0476
25.5482
26.0319
26.4943
26.9349
27.3545
27.7546
28.1374
28.5046
28.8582
29.2
29.5313
29.8536
30.1681
30.4755
30.7769
31.0727
31.3637
31.6503
31.9328
32.2117
32.4872
32.7596
33.0291
33.2959
33.5604
33.8227
34.0831
34.342
34.5998
34.8569
35.1138
35.3713
35.6301
35.8911
36.1551
36.4232
36.6962
36.9746
37.2591
37.5497
37.8464
38.1489
38.4563
38.768
39.083
39.4
39.718
40.0358
40.3523
40.6664
40.9769
41.2827
41.5828
41.8761
42.1613
42.4376
42.7037
42.9582
43.1999
43.4272
43.6385
43.8321
44.0058
44.1572
44.2836
44.3819
44.4482
44.4782
44.4666
44.4068
44.291
44.1095
43.8505
43.4983
43.0342
41.6424
41.8663
41.9976
42.0508
42.0375
41.9667
41.8457
41.6804
41.4756
41.2352
40.9624
40.6597
40.3292
39.9726
39.5914
39.1865
38.7588
38.3088
37.8371
37.3438
36.829
36.2927
35.7345
35.1542
34.5512
33.9249
33.2745
32.5992
31.8978
31.1692
30.4123
29.6258
28.8086
27.9601
27.0808
26.1732
25.2443
24.3109
23.4094
22.6149
22.0567
21.8681
22.0586
22.5018
23.0602
23.6518
24.2386
24.8054
25.3471
25.8627
26.3534
26.8212
27.2682
27.6967
28.1089
28.5065
28.8912
29.2646
29.6278
29.982
30.328
30.6667
30.9987
31.3246
31.645
31.9602
32.2707
32.5768
32.8788
33.1771
33.4719
33.7637
34.0526
34.3392
34.6237
34.9066
35.1885
35.4699
35.7515
36.034
36.3181
36.6045
36.8938
37.1866
37.4832
37.7837
38.0881
38.3961
38.7071
39.0207
39.336
39.6521
39.9681
40.2832
40.5963
40.9064
41.2126
41.514
41.8096
42.0982
42.379
42.6508
42.9125
43.1628
43.4005
43.6242
43.8321
44.0225
44.1935
44.3426
44.4674
44.5645
44.6304
44.6609
44.6506
44.5935
44.4818
44.3064
44.0556
43.715
43.2659
41.0825
41.3062
41.4347
41.4829
41.4628
41.3837
41.2533
41.0774
40.8612
40.6084
40.3223
40.0056
39.6605
39.2885
38.8912
38.4695
38.0244
37.5564
37.0659
36.5531
36.0182
35.4611
34.8814
34.2789
33.6531
33.0033
32.3288
31.6286
30.9018
30.1473
29.3639
28.5504
27.706
26.8302
25.9234
24.9885
24.0328
23.0729
22.1451
21.3226
20.7327
20.5142
20.6955
21.1606
21.765
22.4151
23.0658
23.6979
24.304
24.8825
25.434
25.9603
26.4637
26.9463
27.4103
27.8576
28.29
28.709
29.116
29.512
29.8982
30.2754
30.6443
31.0058
31.3602
31.7081
32.0501
32.3866
32.7179
33.0445
33.3666
33.6848
33.9992
34.3104
34.6187
34.9246
35.2286
35.5311
35.8328
36.1341
36.4358
36.7383
37.0422
37.3478
37.6554
37.9651
38.2769
38.5906
38.9058
39.2219
39.5386
39.8549
40.1703
40.484
40.795
41.1027
41.4061
41.7044
41.9967
42.282
42.5594
42.8278
43.0862
43.3334
43.5681
43.7891
43.9945
44.1827
44.3519
44.4996
44.6234
44.7201
44.7864
44.8179
44.8097
44.7559
44.6489
44.4801
44.238
43.9092
43.4755
40.5051
40.7297
40.8563
40.9006
40.8749
40.7889
40.6503
40.4654
40.2392
39.9757
39.6784
39.3498
38.9922
38.6074
38.1966
37.7612
37.3019
36.8193
36.314
35.7861
35.2358
34.663
34.0676
33.4493
32.8075
32.1419
31.4516
30.7359
29.9939
29.2247
28.4273
27.6007
26.7442
25.8575
24.9415
23.999
23.0372
22.072
21.1375
20.3018
19.684
19.4251
19.5752
20.0366
20.6623
21.3491
22.0445
22.7251
23.3813
24.0101
24.6114
25.1865
25.7373
26.266
26.7744
27.2646
27.7383
28.197
28.6422
29.0749
29.4964
29.9074
30.309
30.7017
31.0862
31.4632
31.8331
32.1965
32.5538
32.9055
33.2519
33.5934
33.9305
34.2635
34.5928
34.9189
35.2423
35.5633
35.8826
36.2005
36.5175
36.8343
37.1509
37.468
37.7855
38.1037
38.4225
38.7417
39.0611
39.3804
39.699
40.0164
40.332
40.6451
40.9551
41.2613
41.5629
41.8591
42.1491
42.432
42.7071
42.9731
43.2291
43.4741
43.7066
43.9256
44.1293
44.3161
44.4841
44.6311
44.7546
44.8516
44.9187
44.9519
44.9463
44.8962
44.7944
44.6324
44.3996
44.0824
43.664
39.9176
40.1445
40.2708
40.3127
40.2831
40.1918
40.047
39.855
39.621
39.3492
39.043
38.7052
38.338
37.9433
37.5225
37.0768
36.6071
36.1142
35.5985
35.0603
34.4998
33.9171
33.312
32.6844
32.0338
31.3599
30.662
29.9396
29.1919
28.418
27.6173
26.7889
25.9322
25.0473
24.1349
23.1978
22.2427
21.2843
20.3531
19.5103
18.865
18.5581
18.6622
19.1026
19.7332
20.4415
21.1676
21.8838
22.5782
23.2464
23.8875
24.5021
25.092
25.6589
26.2046
26.7309
27.2397
27.7323
28.2102
28.6745
29.1263
29.5668
29.9966
30.4165
30.8274
31.2297
31.6241
32.0112
32.3913
32.7649
33.1326
33.4947
33.8516
34.2037
34.5515
34.8954
35.2357
35.5729
35.9075
36.2399
36.5704
36.8995
37.2275
37.5546
37.8811
38.207
38.5323
38.8568
39.1805
39.5029
39.8238
40.1427
40.4591
40.7724
41.0821
41.3875
41.6881
41.983
42.2715
42.5528
42.826
43.0904
43.3448
43.5881
43.8193
44.0368
44.2394
44.4254
44.5928
44.7396
44.8633
44.9611
45.0296
45.0649
45.0624
45.0164
44.9201
44.7653
44.5418
44.2366
43.8337
39.3279
39.559
39.6869
39.7285
39.6969
39.6026
39.4538
39.257
39.0178
38.7403
38.428
38.0839
37.7104
37.3092
36.8819
36.4298
35.9539
35.4549
34.9334
34.3898
33.8243
33.237
32.628
31.9971
31.3441
30.6686
29.9701
29.2482
28.5022
27.7315
26.9353
26.1131
25.2643
24.389
23.4878
22.5633
21.6213
20.6748
19.7507
18.9029
18.2303
17.8711
17.9191
18.3259
18.9499
19.6696
20.4167
21.1592
21.8829
22.5819
23.2545
23.9011
24.5228
25.1211
25.6976
26.2542
26.7924
27.3136
27.8192
28.3104
28.7883
29.2539
29.708
30.1515
30.5851
31.0094
31.4251
31.8327
32.2326
32.6255
33.0118
33.3918
33.766
34.1349
34.4988
34.8581
35.2132
35.5646
35.9125
36.2575
36.5998
36.9397
37.2777
37.6138
37.9482
38.281
38.6122
38.9417
39.2695
39.5951
39.9185
40.2391
40.5566
40.8705
41.1804
41.4856
41.7856
42.0797
42.3673
42.6476
42.9197
43.1829
43.4362
43.6784
43.9087
44.1254
44.3274
44.5129
44.6803
44.8273
44.9517
45.0506
45.1209
45.1587
45.1596
45.1181
45.0276
44.8802
44.666
44.3728
43.9852
38.7439
38.9815
39.1132
39.1567
39.1255
39.0305
38.8802
38.6813
38.4395
38.1591
37.8438
37.4966
37.1199
36.7157
36.2855
35.8308
35.3525
34.8515
34.3285
33.7839
33.2179
32.6309
32.0229
31.3937
30.7433
30.0714
29.3777
28.6615
27.9225
27.16
26.3735
25.5622
24.7258
23.864
22.9776
22.0685
21.1418
20.2086
19.2924
18.4404
17.7411
17.3284
17.3136
17.6768
18.2852
19.0087
19.7703
20.5326
21.279
22.0025
22.7006
23.373
24.0207
24.6448
25.247
25.8287
26.3915
26.9368
27.4659
27.9799
28.48
28.967
29.4421
29.9058
30.3589
30.8023
31.2363
31.6617
32.079
32.4885
32.8909
33.2865
33.6759
34.0593
34.4372
34.81
35.178
35.5416
35.9012
36.2571
36.6097
36.9592
37.3058
37.6498
37.9912
38.3303
38.6669
39.001
39.3326
39.6614
39.9872
40.3097
40.6285
40.9433
41.2537
41.559
41.8589
42.1526
42.4398
42.7194
42.9909
43.2533
43.5059
43.7475
43.9772
44.1935
44.3952
44.5807
44.7483
44.896
45.0214
45.1218
45.1942
45.2349
45.2394
45.2026
45.1181
44.9782
44.7736
44.4924
44.12
38.1732
38.4197
38.5577
38.6054
38.5771
38.4839
38.3346
38.1363
37.8946
37.6142
37.2988
36.9514
36.5746
36.1705
35.7408
35.2868
34.8096
34.3102
33.7892
33.2472
32.6845
32.1015
31.4981
30.8744
30.2304
29.5657
28.88
28.173
27.4441
26.6928
25.9184
25.1203
24.298
23.4513
22.5804
21.6871
20.7756
19.8554
18.9467
18.0908
17.3666
16.9013
16.8195
17.1308
17.7157
18.437
19.2079
19.9854
20.7501
21.4934
22.2124
22.9061
23.5753
24.2209
24.8445
25.4473
26.0309
26.5965
27.1454
27.6788
28.1978
28.7033
29.1962
29.6773
30.1474
30.6071
31.0571
31.4979
31.9301
32.3542
32.7706
33.1798
33.5823
33.9784
34.3685
34.7529
35.1322
35.5065
35.8762
36.2417
36.6032
36.961
37.3153
37.6662
38.0139
38.3585
38.7
39.0384
39.3735
39.7052
40.0334
40.3578
40.6781
40.9939
41.305
41.6107
41.9107
42.2045
42.4913
42.7707
43.0417
43.3039
43.556
43.7973
44.0267
44.2429
44.4448
44.6306
44.7987
44.9473
45.074
45.1762
45.2509
45.2946
45.303
45.271
45.1927
45.0605
44.8654
44.5962
44.2387
37.6223
37.8802
38.0269
38.0813
38.0583
37.9694
37.8236
37.6283
37.3894
37.1115
36.7985
36.4537
36.0796
35.6784
35.2518
34.8013
34.328
33.8329
33.3168
32.7801
32.2235
31.6469
31.0508
30.435
29.7995
29.1441
28.4685
27.7723
27.055
26.316
25.5546
24.7702
23.9623
23.1304
22.2746
21.3964
20.499
19.5907
18.6888
17.8294
17.0825
16.567
16.4163
16.6688
17.2227
17.9363
18.7125
19.5017
20.2813
21.0412
21.7776
22.4892
23.1765
23.8403
24.4819
25.1026
25.7038
26.2867
26.8526
27.4027
27.9379
28.4592
28.9675
29.4636
29.9483
30.4222
30.886
31.3403
31.7854
32.2221
32.6508
33.0719
33.4858
33.8929
34.2936
34.6883
35.0773
35.4609
35.8395
36.2134
36.5827
36.9477
37.3087
37.6657
38.019
38.3685
38.7144
39.0566
39.395
39.7295
40.06
40.3862
40.708
41.0249
41.3368
41.6431
41.9434
42.2373
42.5242
42.8034
43.0744
43.3362
43.5883
43.8296
44.059
44.2753
44.4775
44.6638
44.8328
44.9825
45.1106
45.2148
45.292
45.3389
45.3513
45.3244
45.2522
45.1278
44.9421
44.6847
44.3419
37.0964
37.3683
37.5261
37.5896
37.5742
37.4918
37.3518
37.1617
36.9277
36.6546
36.3463
36.0062
35.637
35.2409
34.8196
34.3747
33.9074
33.4186
32.9092
32.3798
31.8307
31.2624
30.6749
30.0683
29.4426
28.7975
28.1327
27.4478
26.7423
26.0156
25.2671
24.496
23.7017
22.8837
22.042
21.1775
20.293
19.3955
18.4998
17.6374
16.8703
16.3079
16.0881
16.276
16.7919
17.4926
18.2704
19.0685
19.8604
20.6344
21.3856
22.1127
22.8155
23.4949
24.152
24.7881
25.4044
26.0023
26.5828
27.1472
27.6964
28.2314
28.7531
29.2623
29.7597
30.246
30.7218
31.1877
31.6442
32.092
32.5313
32.9627
33.3866
33.8033
34.2133
34.6169
35.0145
35.4062
35.7926
36.1737
36.5498
36.9212
37.2881
37.6505
38.0087
38.3626
38.7124
39.058
39.3994
39.7365
40.0691
40.3971
40.7203
41.0384
41.3511
41.658
41.9588
42.2529
42.54
42.8194
43.0902
43.3522
43.6043
43.8457
44.0753
44.2919
44.4945
44.6816
44.8515
45.0024
45.1323
45.2385
45.3184
45.3686
45.3851
45.3633
45.2974
45.1805
45.0044
44.7587
44.4304
36.5994
36.8877
37.0588
37.1335
37.1277
37.0538
36.9215
36.7386
36.5114
36.2448
35.943
35.6093
35.2466
34.8571
34.4426
34.0047
33.5447
33.0636
32.5621
32.0409
31.5005
30.941
30.3628
29.766
29.1502
28.5155
27.8614
27.1877
26.4937
25.7788
25.0423
24.2836
23.502
22.6967
21.8678
21.0157
20.1429
19.255
18.3651
17.5004
16.7155
16.1104
15.8228
15.9414
16.4125
17.0949
17.871
18.6754
19.4776
20.2637
21.0279
21.7684
22.4848
23.1778
23.8484
24.4979
25.1275
25.7383
26.3316
26.9085
27.47
28.017
28.5503
29.0709
29.5794
30.0765
30.5628
31.039
31.5055
31.9628
32.4115
32.852
33.2846
33.7099
34.128
34.5394
34.9444
35.3433
35.7363
36.1238
36.506
36.8829
37.255
37.6222
37.9847
38.3425
38.6958
39.0445
39.3886
39.728
40.0626
40.3923
40.7168
41.036
41.3495
41.6571
41.9584
42.2529
42.5403
42.8197
43.0908
43.3529
43.6052
43.8468
44.0767
44.2937
44.4969
44.6848
44.8557
45.008
45.1397
45.2482
45.3308
45.3843
45.405
45.3882
45.3285
45.2194
45.0527
44.8184
44.5042
36.1333
36.4404
36.627
36.7147
36.7203
36.6565
36.5334
36.3591
36.14
35.8813
35.5873
35.2612
34.9061
34.5242
34.1175
33.6875
33.2356
32.7626
32.2696
31.757
31.2254
30.6751
30.1063
29.519
28.913
28.2883
27.6446
26.9813
26.298
25.5941
24.8688
24.1215
23.3513
22.5576
21.7402
20.8994
20.0371
19.1581
18.2736
17.4073
16.6071
15.9634
15.6107
15.6569
16.0764
16.7352
17.506
18.3145
19.1251
19.9218
20.6975
21.4499
22.1784
22.8834
23.566
24.2273
24.8685
25.4909
26.0955
26.6833
27.2556
27.8131
28.3568
28.8874
29.4057
29.9123
30.4079
30.8931
31.3683
31.8342
32.2911
32.7396
33.1799
33.6125
34.0378
34.4561
34.8676
35.2728
35.6717
36.0648
36.4522
36.8341
37.2107
37.5821
37.9484
38.3097
38.6661
39.0175
39.364
39.7055
40.0419
40.3731
40.6989
41.0191
41.3335
41.6417
41.9435
42.2384
42.526
42.8057
43.0771
43.3394
43.5918
43.8337
44.0639
44.2816
44.4854
44.6742
44.8462
45
45.1333
45.244
45.3295
45.3865
45.4113
45.3996
45.3461
45.2445
45.087
44.864
44.5637
35.699
36.0269
36.2307
36.3331
36.3515
36.2991
36.1865
36.0219
35.812
35.562
35.2765
34.9588
34.6119
34.2383
33.8398
33.418
32.9743
32.5098
32.0253
31.5213
30.9985
30.457
29.8972
29.319
28.7223
28.1071
27.4729
26.8193
26.146
25.4521
24.737
23.9999
23.2402
22.4571
21.6501
20.8195
19.9668
19.096
18.2168
17.3495
16.5365
15.8584
15.4441
15.4159
15.7777
16.4072
17.1692
17.9796
18.7971
19.6029
20.3889
21.1519
21.8913
22.6072
23.3005
23.9725
24.6241
25.2566
25.8712
26.4689
27.0508
27.6177
28.1705
28.71
29.237
29.752
30.2558
30.749
31.232
31.7054
32.1696
32.6251
33.0722
33.5114
33.943
34.3673
34.7846
35.1952
35.5994
35.9974
36.3894
36.7756
37.1561
37.5312
37.9009
38.2652
38.6244
38.9783
39.3269
39.6703
40.0083
40.3408
40.6677
40.9889
41.304
41.6128
41.915
42.2103
42.4981
42.7781
43.0497
43.3121
43.5648
43.807
44.0376
44.2559
44.4605
44.6501
44.8233
44.9785
45.1137
45.2267
45.3148
45.3752
45.4042
45.3975
45.3501
45.2559
45.1075
44.8955
44.6088
35.2958
35.6464
35.8691
35.9875
36.0198
35.9798
35.8785
35.7243
35.5241
35.2835
35.0069
34.6979
34.3596
33.9943
33.6041
33.1907
32.7552
32.299
31.8227
31.327
30.8125
30.2795
29.7281
29.1585
28.5705
27.964
27.3386
26.694
26.0296
25.3449
24.6391
23.9115
23.1612
22.3876
21.5902
20.769
19.9251
19.0621
18.1879
17.3205
16.4967
15.7885
15.3166
15.2137
15.5121
16.1064
16.8558
17.6658
18.4887
19.3025
20.0977
20.8705
21.6197
22.3454
23.0486
23.7301
24.3911
25.0329
25.6565
26.2631
26.8535
27.4288
27.9898
28.5372
29.0719
29.5945
30.1057
30.6059
31.0958
31.5759
32.0466
32.5083
32.9614
33.4064
33.8435
34.2731
34.6955
35.1109
35.5197
35.922
36.318
36.708
37.0921
37.4704
37.843
38.2101
38.5716
38.9276
39.2781
39.6231
39.9625
40.2962
40.6241
40.9461
41.2619
41.5712
41.8738
42.1694
42.4575
42.7377
43.0094
43.2721
43.525
43.7674
43.9984
44.2172
44.4224
44.6129
44.7872
44.9439
45.0808
45.196
45.2869
45.3506
45.3836
45.3819
45.3405
45.2536
45.1139
44.9128
44.6392
34.922
35.2971
35.5399
35.6754
35.7225
35.6957
35.6062
35.4629
35.2729
35.0419
34.7744
34.4742
34.1444
33.7874
33.4054
33
32.5726
32.1242
31.6558
31.168
30.6614
30.1362
29.5927
29.031
28.451
27.8525
27.2352
26.5987
25.9426
25.2663
24.569
23.8499
23.1084
22.3436
21.555
20.7424
19.9068
19.0509
18.1818
17.3149
16.4823
15.7478
15.2232
15.0461
15.2764
15.8295
16.5622
17.3695
18.1962
19.017
19.8206
20.6022
21.3605
22.0953
22.8073
23.4976
24.1673
24.8174
25.4492
26.0638
26.662
27.2448
27.8132
28.3678
28.9095
29.4388
29.9565
30.4631
30.9592
31.4452
31.9216
32.3889
32.8474
33.2975
33.7395
34.1738
34.6007
35.0203
35.4331
35.8392
36.2388
36.632
37.0191
37.4003
37.7754
38.1448
38.5084
38.8662
39.2184
39.5648
39.9054
40.2401
40.5688
40.8915
41.2078
41.5175
41.8204
42.1162
42.4045
42.6847
42.9565
43.2194
43.4725
43.7151
43.9465
44.1657
44.3715
44.5628
44.7382
44.8962
45.0348
45.1521
45.2456
45.3126
45.3495
45.3526
45.317
45.2372
45.1062
44.9154
44.6547
34.5751
34.9762
35.2405
35.394
35.4567
35.4435
35.3662
35.234
35.0543
34.8329
34.5745
34.283
33.9615
33.6127
33.2385
32.8408
32.421
31.9801
31.5191
31.0387
30.5394
30.0215
29.4853
28.9309
28.3582
27.7671
27.1572
26.5283
25.8797
25.2111
24.5215
23.8104
23.0769
22.3202
21.5397
20.7353
19.9074
19.0584
18.1944
17.3285
16.4888
15.7317
15.1593
14.9101
15.0682
15.574
16.2856
17.0877
17.9169
18.7436
19.5547
20.3445
21.1112
21.8544
22.5747
23.273
23.9506
24.6085
25.2478
25.8696
26.4749
27.0646
27.6396
28.2007
28.7487
29.2841
29.8077
30.32
30.8216
31.3129
31.7945
32.2666
32.7299
33.1845
33.6309
34.0693
34.5001
34.9235
35.3398
35.7492
36.1519
36.548
36.9378
37.3213
37.6987
38.07
38.4354
38.7948
39.1482
39.4958
39.8374
40.1729
40.5023
40.8254
41.1421
41.4521
41.7552
42.0511
42.3394
42.6197
42.8915
43.1543
43.4075
43.6503
43.8818
44.1014
44.3077
44.4997
44.6761
44.8352
44.9755
45.0948
45.1908
45.2608
45.3015
45.3092
45.2793
45.2063
45.0836
44.903
44.6546
34.252
34.6808
34.9675
35.1399
35.2186
35.2194
35.1546
35.0336
34.8642
34.6523
34.4029
34.1199
33.8065
33.4655
33.0989
32.7085
32.2958
31.862
31.4079
30.9344
30.4418
29.9308
29.4013
28.8536
28.2876
27.7033
27.1002
26.4782
25.8367
25.1751
24.4928
23.789
23.0629
22.3138
21.5409
20.744
19.9235
19.0812
18.2222
17.3579
16.5128
15.7363
15.121
14.8027
14.8858
15.3382
16.0241
16.8182
17.6483
18.48
19.2979
20.0953
20.8697
21.6207
22.3487
23.0547
23.7395
24.4045
25.0508
25.6792
26.291
26.887
27.4681
28.0351
28.5888
29.1297
29.6586
30.1761
30.6826
31.1787
31.6648
32.1414
32.6088
33.0675
33.5177
33.9598
34.394
34.8207
35.24
35.6522
36.0576
36.4562
36.8482
37.2338
37.613
37.986
38.3528
38.7135
39.0681
39.4165
39.7589
40.095
40.4248
40.7483
41.0651
41.3752
41.6783
41.9741
42.2624
42.5425
42.8143
43.0769
43.3299
43.5727
43.8044
44.0241
44.2307
44.4234
44.6005
44.7608
44.9024
45.0235
45.1219
45.1947
45.239
45.2511
45.2265
45.1601
45.0454
44.8747
44.6383
33.9494
34.4073
34.7176
34.9095
35.0048
35.0199
34.9676
34.858
34.6988
34.4963
34.2556
33.9808
33.6753
33.3417
32.9823
32.5989
32.1929
31.7657
31.3181
30.8509
30.3647
29.8599
29.3366
28.7952
28.2355
27.6574
27.0607
26.4451
25.81
25.155
24.4794
23.7825
23.0634
22.3213
21.5557
20.7659
19.9524
19.1165
18.2625
17.4003
16.5511
15.7583
15.105
14.7214
14.7278
15.1211
15.7761
16.5593
17.3887
18.2244
19.0484
19.8527
20.6345
21.3928
22.128
22.841
23.5327
24.2043
24.857
25.4917
26.1094
26.7112
27.2979
27.8702
28.4291
28.975
29.5087
30.0308
30.5418
31.0421
31.5323
32.0128
32.484
32.9462
33.3998
33.845
34.2823
34.7118
35.1338
35.5485
35.9561
36.3567
36.7506
37.1379
37.5187
37.893
38.261
38.6227
38.9781
39.3272
39.67
40.0065
40.3366
40.6601
40.9769
41.2869
41.5899
41.8855
42.1733
42.4533
42.7246
42.987
43.2397
43.4824
43.7138
43.9336
44.1404
44.3334
44.5111
44.6722
44.8151
44.9378
45.0382
45.1137
45.1613
45.1775
45.158
45.0978
44.9908
44.8295
44.6046
33.6639
34.1525
34.4874
34.6995
34.8117
34.8414
34.8018
34.7034
34.5544
34.3612
34.129
33.8622
33.5642
33.2377
32.8851
32.5082
32.1087
31.6876
31.2461
30.7849
30.3046
29.8055
29.2881
28.7525
28.1986
27.6264
27.0356
26.4259
25.7969
25.1481
24.4788
23.7882
23.0757
22.3404
21.5815
20.7986
19.9917
19.1621
18.3132
17.4535
16.6014
15.795
15.1082
14.6639
14.5931
14.922
15.5407
16.3096
17.1365
17.9752
18.8046
19.6154
20.4041
21.1693
21.9113
22.6309
23.3291
24.0069
24.6655
25.3059
25.9292
26.5363
27.1281
27.7054
28.269
28.8195
29.3575
29.8838
30.3987
30.9029
31.3967
31.8807
32.3552
32.8205
33.277
33.7251
34.1649
34.5969
35.0211
35.4379
35.8474
36.2498
36.6452
37.0339
37.4158
37.7912
38.16
38.5224
38.8783
39.2278
39.5709
39.9075
40.2375
40.5609
40.8775
41.1872
41.4897
41.7848
42.0722
42.3515
42.6224
42.8841
43.1365
43.3785
43.6098
43.8293
44.036
44.2291
44.4072
44.5689
44.7126
44.8367
44.9389
45.0167
45.0673
45.0873
45.0725
45.0182
44.9185
44.766
44.552
33.3921
33.9129
34.2735
34.5065
34.6362
34.6806
34.6539
34.5668
34.4278
34.2437
34.0199
33.7608
33.47
33.1503
32.8042
32.4336
32.04
31.6248
31.189
30.7334
30.2586
29.765
29.2531
28.7228
28.1744
27.6076
27.0224
26.4184
25.795
25.152
24.4886
23.8042
23.0978
22.3689
21.6165
20.8401
20.0397
19.2161
18.3722
17.5154
16.6616
15.8439
15.1279
14.6279
14.4807
14.7405
15.3173
16.0683
16.8907
17.7313
18.5655
19.3823
20.1773
20.9491
21.6976
22.4235
23.1277
23.8113
24.4755
25.1213
25.7497
26.3618
26.9583
27.5401
28.108
28.6626
29.2046
29.7346
30.2532
30.7607
31.2578
31.7448
32.2222
32.6902
33.1493
33.5997
34.0418
34.4758
34.9019
35.3204
35.7314
36.1352
36.5318
36.9215
37.3043
37.6804
38.0498
38.4125
38.7687
39.1183
39.4613
39.7977
40.1275
40.4505
40.7666
41.0757
41.3775
41.6719
41.9585
42.237
42.507
42.7681
43.0196
43.261
43.4916
43.7105
43.9168
44.1097
44.2878
44.4498
44.5942
44.7192
44.8228
44.9026
44.9558
44.9791
44.9687
44.9198
44.8268
44.6828
44.4793
33.1309
33.6856
34.0729
34.3276
34.4752
34.5347
34.5209
34.4451
34.3161
34.1409
33.9253
33.6737
33.3899
33.0768
32.737
32.3723
31.9844
31.5747
31.1443
30.694
30.2244
29.736
29.2291
28.704
28.1607
27.5991
27.0191
26.4203
25.8024
25.1649
24.5072
23.8284
23.1281
22.4052
21.6589
20.8889
20.0946
19.2769
18.4382
17.5846
16.7299
15.903
15.1619
14.6112
14.3897
14.5763
15.1054
15.8345
16.6504
17.4917
18.3299
19.1523
19.9534
20.7313
21.4859
22.2178
22.9277
23.6168
24.2863
24.9371
25.5703
26.1869
26.7878
27.3738
27.9456
28.504
29.0495
29.583
30.1047
30.6153
31.1152
31.6049
32.0848
32.5552
33.0164
33.4688
33.9128
34.3484
34.776
35.1959
35.6081
36.0128
36.4103
36.8007
37.1841
37.5605
37.9301
38.293
38.6491
38.9984
39.3411
39.677
40.0062
40.3285
40.6438
40.9519
41.2528
41.5461
41.8317
42.1091
42.378
42.6379
42.8882
43.1286
43.3582
43.5763
43.7819
43.9741
44.1519
44.3137
44.4583
44.5839
44.6885
44.7698
44.8252
44.8514
44.8448
44.8008
44.7141
44.5779
44.3842
32.8772
33.4675
33.8828
34.16
34.326
34.4009
34.4002
34.3357
34.2167
34.0505
33.8429
33.5987
33.3216
33.0149
32.681
32.322
31.9396
31.5352
31.1099
30.6646
30.1999
29.7164
29.2144
28.6941
28.1557
27.599
27.0239
26.4302
25.8175
25.1852
24.5328
23.8596
23.1648
22.4477
21.7075
20.9435
20.1552
19.3433
18.5097
17.6596
16.8048
15.9706
15.208
14.6118
14.3189
14.4295
14.9051
15.6079
16.4147
17.2556
18.0972
18.9245
19.7313
20.5152
21.2756
22.0131
22.7284
23.4228
24.0972
24.7527
25.3904
26.0113
26.6162
27.2059
27.7814
28.3432
28.892
29.4284
29.953
30.4662
30.9686
31.4606
31.9427
32.415
32.8781
33.3322
33.7775
34.2145
34.6432
35.064
35.4771
35.8825
36.2805
36.6712
37.0547
37.4312
37.8007
38.1632
38.5189
38.8678
39.2098
39.5449
39.8731
40.1943
40.5084
40.8154
41.1149
41.4069
41.6909
41.9668
42.2341
42.4926
42.7415
42.9804
43.2086
43.4254
43.6299
43.821
43.9979
44.1592
44.3035
44.4291
44.5342
44.6165
44.6735
44.702
44.6987
44.659
44.5778
44.4488
44.2642
32.6283
33.2561
33.7007
34.0012
34.1862
34.2769
34.2896
34.2365
34.1275
33.9701
33.7705
33.5335
33.2631
32.9625
32.6344
32.2809
31.9038
31.5044
31.084
30.6435
30.1835
29.7046
29.2073
28.6916
28.1578
27.6058
27.0355
26.4466
25.8387
25.2114
24.5641
23.8962
23.2069
22.4954
21.7609
21.0027
20.2203
19.4141
18.5856
17.7392
16.8851
16.0452
15.2643
14.6277
14.2673
14.3001
14.7166
15.3882
16.1833
17.0223
17.8664
18.6983
19.5105
20.2999
21.0659
21.8088
22.5293
23.2286
23.9077
24.5676
25.2095
25.8343
26.4429
27.0362
27.6149
28.1798
28.7314
29.2705
29.7976
30.3132
30.8177
31.3117
31.7955
32.2694
32.7339
33.1893
33.6358
34.0737
34.5032
34.9246
35.3381
35.7438
36.1419
36.5326
36.9159
37.292
37.6611
38.023
38.3779
38.7258
39.0667
39.4006
39.7275
40.0473
40.3598
40.6651
40.9629
41.2531
41.5353
41.8092
42.0747
42.3311
42.5781
42.815
43.0413
43.2563
43.4591
43.6487
43.8242
43.9843
44.1277
44.2527
44.3577
44.4403
44.4982
44.5285
44.5276
44.4915
44.4151
44.2924
44.116
32.3818
33.0491
33.5243
33.8491
34.0537
34.1607
34.1869
34.1455
34.0465
33.898
33.7063
33.4764
33.2125
32.918
32.5955
32.2474
31.8753
31.4808
31.0651
30.6292
30.1737
29.6993
29.2063
28.6951
28.1658
27.6182
27.0524
26.4681
25.8649
25.2425
24.6002
23.9373
23.2533
22.5471
21.8182
21.0656
20.289
19.4883
18.6649
17.8224
16.9696
16.1254
15.3292
14.657
14.2336
14.188
14.54
15.1754
15.9557
16.7911
17.6371
18.4731
19.2902
20.085
20.8562
21.6043
22.3298
23.0337
23.7172
24.3813
25.0271
25.6556
26.2676
26.864
27.4457
28.0133
28.5675
29.109
29.6382
30.1557
30.6621
31.1576
31.6428
32.118
32.5836
33.0398
33.487
33.9255
34.3554
34.777
35.1906
35.5962
35.994
36.3843
36.7671
37.1424
37.5105
37.8714
38.2251
38.5716
38.911
39.2433
39.5685
39.8864
40.197
40.5001
40.7957
41.0835
41.3634
41.6349
41.8978
42.1517
42.3962
42.6306
42.8544
43.0669
43.2675
43.4549
43.6284
43.7866
43.9284
44.0523
44.1563
44.2385
44.2965
44.3276
44.3284
44.2949
44.2224
44.1052
43.936
32.1354
32.8444
33.3517
33.7018
33.9267
34.0503
34.0905
34.0609
33.9721
33.8325
33.6486
33.4258
33.1684
32.8798
32.5629
32.2199
31.8527
31.463
31.0518
30.6203
30.1692
29.6991
29.2104
28.7034
28.1783
27.6351
27.0736
26.4938
25.8951
25.2773
24.6398
23.9818
23.3028
22.6019
21.8783
21.1313
20.3602
19.565
18.7467
17.9083
17.0573
16.2101
15.4011
14.6978
14.2164
14.0932
14.3758
14.9695
15.7316
16.5618
17.4086
18.2481
19.0699
19.8697
20.6461
21.399
22.1292
22.8376
23.5253
24.1933
24.8427
25.4745
26.0897
26.689
27.2733
27.8434
28.3998
28.9433
29.4743
29.9935
30.5012
30.998
31.4843
31.9603
32.4266
32.8833
33.3309
33.7695
34.1994
34.6208
35.034
35.4391
35.8362
36.2256
36.6074
36.9816
37.3483
37.7076
38.0597
38.4044
38.7418
39.072
39.3949
39.7104
40.0184
40.319
40.6118
40.8968
41.1736
41.4422
41.702
41.9528
42.194
42.4253
42.6459
42.8553
43.0528
43.2372
43.4078
43.5634
43.7028
43.8244
43.9266
44.0075
44.0647
44.0956
44.097
44.0652
43.9955
43.8825
43.7195
31.8871
32.64
33.181
33.5575
33.8035
33.9444
33.9988
33.9812
33.9028
33.7721
33.5961
33.3804
33.1294
32.8467
32.5351
32.1972
31.8349
31.4497
31.043
30.6158
30.1689
29.7029
29.2183
28.7155
28.1945
27.6554
27.0982
26.5226
25.9283
25.315
24.6821
24.0289
23.3548
22.659
21.9406
21.199
20.4333
19.6435
18.8303
17.9961
17.1473
16.2982
15.4787
14.7484
14.2143
14.0152
14.2246
14.7708
15.5109
16.3339
17.1805
18.023
18.8491
19.6537
20.4349
21.1925
21.9272
22.6398
23.3314
24.0031
24.6559
25.2908
25.9088
26.5107
27.0973
27.6695
28.2278
28.7729
29.3054
29.8258
30.3347
30.8323
31.3192
31.7957
32.2623
32.7191
33.1666
33.6049
34.0344
34.4552
34.8676
35.2717
35.6677
36.0557
36.4359
36.8084
37.1733
37.5306
37.8804
38.2228
38.5577
38.8852
39.2053
39.5178
39.8227
40.1199
40.4094
40.6908
40.9641
41.2288
41.4848
41.7317
41.9691
42.1963
42.413
42.6183
42.8118
42.9924
43.1592
43.3112
43.447
43.5654
43.6648
43.7431
43.7984
43.8279
43.8287
43.7971
43.7289
43.6188
43.4604
31.635
32.4342
33.0106
33.4147
33.6828
33.8414
33.9105
33.9052
33.8372
33.7156
33.5476
33.339
33.0943
32.8174
32.5112
32.1783
31.8207
31.44
31.0376
30.6145
30.1717
29.7098
29.2292
28.7303
28.2133
27.6783
27.1251
26.5537
25.9637
25.3547
24.7263
24.0777
23.4084
22.7175
22.0042
21.2678
20.5075
19.723
18.9148
18.085
17.2389
16.3888
15.5608
14.8074
14.2257
13.9536
14.0866
14.5798
15.2936
16.1071
16.9524
17.7973
18.6273
19.4363
20.2221
20.9843
21.7232
22.4398
23.1351
23.8101
24.466
25.1038
25.7243
26.3285
26.9172
27.4911
28.051
28.5974
29.131
29.6523
30.1618
30.6599
31.147
31.6236
32.09
32.5465
32.9934
33.431
33.8596
34.2793
34.6903
35.0929
35.4872
35.8734
36.2516
36.6218
36.9843
37.339
37.686
38.0254
38.3571
38.6813
38.9978
39.3066
39.6077
39.901
40.1862
40.4634
40.7322
40.9924
41.2437
41.4858
41.7182
41.9406
42.1522
42.3525
42.541
42.7165
42.8783
43.0255
43.1566
43.2706
43.3657
43.4402
43.492
43.5186
43.5172
43.4844
43.416
43.307
43.1514
31.3773
32.2256
32.8392
33.2721
33.563
33.7401
33.8243
33.8317
33.7744
33.662
33.502
33.3005
33.0622
32.791
32.4901
32.1621
31.8091
31.4328
31.0346
30.6157
30.1768
29.7188
29.2421
28.7471
28.234
27.7028
27.1537
26.5863
26.0004
25.3956
24.7716
24.1275
23.4629
22.7768
22.0685
21.3372
20.5821
19.8029
18.9997
18.1743
17.3312
16.481
15.6462
14.8731
14.2491
13.9077
13.9624
14.3969
15.0798
15.8813
16.7239
17.5704
18.404
19.2172
20.0074
20.7738
21.5168
22.2371
22.9359
23.6141
24.2728
24.913
25.5358
26.142
26.7324
27.3077
27.8688
28.4161
28.9504
29.4722
29.9819
30.48
30.9669
31.4431
31.9089
32.3646
32.8104
33.2468
33.6739
34.0919
34.5011
34.9016
35.2937
35.6774
36.0528
36.4202
36.7796
37.131
37.4745
37.8102
38.1381
38.4581
38.7703
39.0747
39.3711
39.6594
39.9396
40.2115
40.4749
40.7296
40.9751
41.2114
41.4378
41.6539
41.8595
42.0535
42.2356
42.4048
42.5603
42.7011
42.8261
42.9339
43.0231
43.0921
43.1386
43.1605
43.1551
43.1189
43.0483
42.9384
42.7835
31.1125
32.0126
32.6653
33.1285
33.4432
33.6394
33.7393
33.7596
33.7132
33.6101
33.4583
33.2639
33.0319
32.7665
32.4709
32.1477
31.7993
31.4273
31.0333
30.6183
30.1833
29.7292
29.2562
28.765
28.2557
27.7284
27.183
26.6196
26.0377
25.4371
24.8173
24.1777
23.5175
22.8362
22.1328
21.4065
20.6566
19.8825
19.0843
18.2635
17.4237
16.5739
15.734
14.9442
14.2828
13.8766
13.8523
14.2226
14.8697
15.6562
16.4947
17.3421
18.1787
18.9958
19.7901
20.5606
21.3074
22.0312
22.7332
23.4142
24.0755
24.718
25.3427
25.9505
26.5422
27.1186
27.6804
28.2283
28.7629
29.2846
29.7941
30.2918
30.778
31.2533
31.7179
32.1722
32.6164
33.051
33.476
33.8917
34.2984
34.6963
35.0853
35.4659
35.8379
36.2017
36.5572
36.9045
37.2438
37.5749
37.898
38.2131
38.52
38.8189
39.1096
39.3921
39.6662
39.9317
40.1885
40.4364
40.675
40.904
41.1232
41.3318
41.5296
41.7159
41.89
42.0512
42.1986
42.3313
42.4482
42.5481
42.6293
42.6905
42.7297
42.7447
42.7327
42.6909
42.6154
42.5019
42.3449
30.839
31.7938
32.4879
32.9827
33.3223
33.5383
33.6543
33.6879
33.6527
33.5592
33.4155
33.2283
33.0027
32.743
32.4526
32.1344
31.7904
31.4227
31.0327
30.6216
30.1905
29.74
29.2708
28.7833
28.2776
27.754
27.2125
26.6529
26.075
25.4784
24.8627
24.2274
23.5717
22.895
22.1964
21.475
20.7302
19.9612
19.1681
18.3518
17.5155
16.6669
15.8231
15.0194
14.3253
13.8593
13.7562
14.0576
14.6634
15.4317
16.2645
17.1119
17.9511
18.7717
19.5699
20.3441
21.0945
21.8216
22.5265
23.2101
23.8736
24.518
25.1442
25.7533
26.3459
26.923
27.4851
28.0331
28.5675
29.0887
29.5975
30.0941
30.5792
31.0529
31.5158
31.9681
32.4101
32.8421
33.2644
33.6771
34.0806
34.4749
34.8603
35.2368
35.6047
35.964
36.3147
36.657
36.991
37.3166
37.6339
37.9429
38.2435
38.5358
38.8196
39.0949
39.3616
39.6194
39.8682
40.1079
40.338
40.5583
40.7683
40.9678
41.1561
41.3327
41.497
41.6481
41.7854
41.9078
42.0142
42.1036
42.1746
42.2255
42.2545
42.2595
42.2381
42.1874
42.1039
41.9833
41.8207
30.5552
31.5681
32.3056
32.8337
33.1992
33.4358
33.5685
33.6158
33.592
33.5082
33.3729
33.1929
32.9737
32.7198
32.4346
32.1211
31.7816
31.4181
31.0321
30.6249
30.1975
29.7507
29.2851
28.8011
28.2991
27.7792
27.2413
26.6855
26.1114
25.5188
24.9072
24.2761
23.6248
22.9526
22.2587
21.5422
20.8023
20.0384
19.2503
18.4386
17.6061
16.7592
15.9128
15.0975
14.375
13.8543
13.6742
13.9025
14.4615
15.2078
16.0329
16.8794
17.7205
18.5444
19.3461
20.1238
20.8775
21.6076
22.3151
23.001
23.6664
24.3123
24.9397
25.5496
26.1427
26.72
27.282
27.8295
28.3631
28.8834
29.3908
29.8858
30.369
30.8406
31.301
31.7505
32.1896
32.6183
33.0371
33.4461
33.8454
34.2354
34.6161
34.9877
35.3503
35.7041
36.049
36.3852
36.7128
37.0317
37.3419
37.6435
37.9365
38.2208
38.4963
38.7629
39.0205
39.269
39.5082
39.7378
39.9576
40.1672
40.3663
40.5543
40.7309
40.8956
41.0476
41.1861
41.3105
41.4198
41.513
41.589
41.6462
41.6834
41.6988
41.6903
41.6557
41.5921
41.4963
41.3643
41.1914
30.2598
31.3342
32.1175
32.6805
33.073
33.3311
33.481
33.5424
33.5304
33.4564
33.3295
33.1569
32.9442
32.696
32.416
32.1073
31.7722
31.4128
31.0307
30.6273
30.2036
29.7603
29.2983
28.8178
28.3194
27.803
27.2687
26.7166
26.1463
25.5576
24.95
24.3231
23.6761
23.0083
22.3191
21.6073
20.8724
20.1135
19.3303
18.5234
17.6948
16.8501
16.002
15.1774
14.4303
13.8604
13.6058
13.7577
14.2642
14.9844
15.7997
16.6441
17.4866
18.3133
19.1182
19.8992
20.6559
21.3886
22.0984
22.7862
23.4531
24.1001
24.7283
25.3385
25.9316
26.5085
27.0699
27.6163
28.1486
28.6671
29.1726
29.6653
30.1458
30.6145
31.0716
31.5177
31.9528
32.3775
32.7917
33.1959
33.5902
33.9747
34.3497
34.7153
35.0715
35.4185
35.7563
36.0851
36.4048
36.7156
37.0173
37.31
37.5936
37.8682
38.1336
38.3897
38.6364
38.8735
39.1009
39.3183
39.5254
39.7219
39.9073
40.0814
40.2437
40.3934
40.5301
40.6528
40.761
40.8537
40.93
40.9885
41.0282
41.0475
41.0447
41.018
40.9651
40.8835
40.7699
40.6208
40.4316
29.9513
31.0908
31.9225
32.522
32.9429
33.2232
33.3909
33.4669
33.4669
33.403
33.2847
33.1195
32.9133
32.6708
32.396
32.092
31.7613
31.406
31.0278
30.628
30.2079
29.7682
29.3096
28.8326
28.3376
27.8247
27.2941
26.7456
26.179
25.5941
24.9904
24.3676
23.7248
23.0615
22.3768
21.6698
20.9397
20.1858
19.4076
18.6054
17.7809
16.9388
16.09
15.2578
14.4898
13.8758
13.5505
13.6237
14.072
14.7617
15.5646
16.4057
17.2488
18.0778
18.8856
19.6695
20.4288
21.1639
21.8756
22.5649
23.2329
23.8805
24.5089
25.1189
25.7115
26.2874
26.8473
27.3921
27.9222
28.4384
28.941
29.4306
29.9076
30.3724
30.8254
31.2669
31.6972
32.1166
32.5253
32.9236
33.3115
33.6894
34.0573
34.4154
34.7638
35.1026
35.4318
35.7515
36.0618
36.3626
36.6539
36.9358
37.2081
37.4709
37.7239
37.9672
38.2006
38.4238
38.6368
38.8392
39.0307
39.211
39.3798
39.5366
39.6808
39.812
39.9293
40.0323
40.12
40.1916
40.2461
40.2823
40.2991
40.2949
40.2683
40.2173
40.1396
40.033
39.8945
39.7206
39.5072
29.6281
30.8367
31.7194
32.3574
32.8079
33.1114
33.2976
33.3885
33.4008
33.3472
33.2376
33.0799
32.8802
32.6435
32.3739
32.0745
31.7481
31.3968
31.0225
30.6264
30.2097
29.7735
29.3183
28.8447
28.3531
27.8437
27.3165
26.7715
26.2086
25.6275
25.0277
24.4089
23.7703
23.1113
22.4311
21.7288
21.0036
20.2546
19.4814
18.684
17.8637
17.0246
16.1758
15.3377
14.552
13.8989
13.5072
13.5007
13.8854
14.5396
15.3273
16.1636
17.0066
17.8374
18.6476
19.434
20.1956
20.9327
21.6458
22.3361
23.0046
23.6523
24.2803
24.8895
25.4808
26.055
26.6128
27.1551
27.6823
28.1951
28.6939
29.1794
29.6519
30.1118
30.5595
30.9953
31.4195
31.8324
32.2341
32.625
33.0052
33.3749
33.7342
34.0832
34.422
34.7507
35.0694
35.378
35.6767
35.9654
36.244
36.5127
36.7712
37.0195
37.2575
37.4851
37.7021
37.9083
38.1035
38.2873
38.4596
38.6199
38.7679
38.903
39.0246
39.1325
39.2257
39.3035
39.3652
39.4098
39.4365
39.4439
39.4308
39.3959
39.3375
39.2539
39.143
39.0023
38.8291
38.6201
38.3715
29.2888
30.5706
31.5073
32.1857
32.6671
32.9947
33.2
33.3064
33.3313
33.2882
33.1874
33.0373
32.8441
32.6132
32.3487
32.054
31.7318
31.3845
31.0139
30.6214
30.2082
29.7753
29.3234
28.8532
28.3649
27.8588
27.3351
26.7936
26.2343
25.6569
25.061
24.4461
23.8117
23.157
22.4813
21.7836
21.0632
20.3192
19.5509
18.7584
17.9425
17.1066
16.2586
15.4161
14.6154
13.9281
13.4748
13.3888
13.7049
14.3182
15.0875
15.9172
16.7592
17.5912
18.4034
19.1918
19.9553
20.6937
21.4078
22.0986
22.767
23.4142
24.041
24.6486
25.2378
25.8094
26.3642
26.9029
27.4262
27.9346
28.4286
28.9088
29.3755
29.8292
30.2702
30.6988
31.1154
31.5202
31.9134
32.2953
32.6659
33.0254
33.3741
33.7119
34.039
34.3553
34.6611
34.9562
35.2406
35.5145
35.7776
36.03
36.2715
36.502
36.7215
36.9297
37.1264
37.3115
37.4846
37.6454
37.7937
37.9289
38.0507
38.1586
38.2519
38.3302
38.3925
38.4383
38.4666
38.4765
38.4669
38.4366
38.3844
38.3089
38.2086
38.0813
37.9253
37.738
37.517
37.2588
36.9599
28.9317
30.2914
31.2849
32.0059
32.5196
32.8723
33.0974
33.2197
33.2575
33.2251
33.1333
32.9908
32.8042
32.579
32.3196
32.0295
31.7115
31.3681
31.0011
30.6121
30.2023
29.7727
29.3241
28.8571
28.3721
27.8693
27.349
26.8109
26.2552
25.6814
25.0893
24.4784
23.8481
23.1976
22.5264
21.8334
21.1177
20.3786
19.6154
18.8277
18.0164
17.184
16.3374
15.4917
14.6786
13.9615
13.4518
13.2876
13.5307
14.0977
14.8448
15.6661
16.5059
17.3383
18.152
18.9419
19.7067
20.446
21.1605
21.851
22.5186
23.1643
23.7892
24.3942
24.9803
25.5483
26.099
26.633
27.1511
27.6537
28.1415
28.6149
29.0743
29.5202
29.9528
30.3726
30.7797
31.1745
31.557
31.9277
32.2865
32.6336
32.9691
33.2931
33.6058
33.9069
34.1967
34.4751
34.7421
34.9975
35.2414
35.4737
35.6941
35.9026
36.0989
36.283
36.4544
36.613
36.7584
36.8903
37.0082
37.1118
37.2005
37.2737
37.3308
37.3711
37.3938
37.3981
37.383
37.3475
37.2905
37.2107
37.1068
36.9772
36.8203
36.6343
36.4168
36.1657
35.8781
35.5511
35.1809
28.5553
29.9975
31.0513
31.8169
32.3644
32.7433
32.9889
33.1275
33.1786
33.1571
33.0744
32.9395
32.7594
32.54
32.2856
32
31.6862
31.3466
30.9832
30.5976
30.1911
29.7647
29.3193
28.8554
28.3736
27.8741
27.357
26.8224
26.2701
25.7
25.1117
24.5046
23.8784
23.2322
22.5653
21.877
21.1661
20.4319
19.6737
18.891
18.0843
17.2558
16.4111
15.5633
14.7401
13.9973
13.4364
13.1965
13.3631
13.878
14.5989
15.4095
16.2459
17.078
17.8923
18.6832
19.4485
20.188
20.902
21.5914
22.2573
22.9006
23.5225
24.1239
24.7057
25.2688
25.8139
26.3418
26.8531
27.3484
27.8282
28.293
28.7432
29.1793
29.6015
30.0101
30.4054
30.7877
31.1571
31.5138
31.8579
32.1896
32.5089
32.8159
33.1105
33.3928
33.6628
33.9204
34.1655
34.3981
34.618
34.825
35.019
35.1997
35.367
35.5206
35.66
35.785
35.8953
35.9903
36.0695
36.1325
36.1785
36.2069
36.2171
36.2081
36.179
36.129
36.0569
35.9615
35.8414
35.6956
35.5222
35.3198
35.0864
34.8199
34.5183
34.179
33.7994
33.376
32.9058
28.1578
29.6875
30.805
31.6177
32.2007
32.6067
32.8735
33.029
33.0936
33.0831
33.0096
32.8823
32.7089
32.4951
32.2457
31.9646
31.6548
31.3189
30.9589
30.5766
30.1733
29.7501
29.3077
28.847
28.3683
27.8719
27.358
26.8267
26.2779
25.7114
25.1267
24.5236
23.9014
23.2595
22.597
21.9132
21.2072
20.478
19.7248
18.9471
18.1452
17.3207
16.4785
15.6297
14.7983
14.0334
13.4268
13.1145
13.2021
13.659
14.3492
15.1465
15.978
16.8087
17.623
18.414
19.1792
19.9179
20.6305
21.3178
21.9808
22.6205
23.238
23.8343
24.4103
24.9668
25.5047
26.0246
26.5272
27.0131
27.4828
27.9368
28.3754
28.7991
29.2082
29.6029
29.9835
30.3502
30.7031
31.0424
31.3682
31.6806
31.9796
32.2651
32.5372
32.7959
33.041
33.2725
33.4901
33.6938
33.8833
34.0584
34.2188
34.3643
34.4945
34.609
34.7075
34.7894
34.8543
34.9015
34.9305
34.9405
34.9309
34.9006
34.8489
34.7748
34.6771
34.5546
34.4063
34.2304
34.0257
33.7904
33.5229
33.2213
32.8835
32.5074
32.0907
31.631
31.1257
30.5719
29.967
27.7375
29.3601
30.5449
31.4072
32.0272
32.4614
32.7502
32.9229
33.0014
33.0021
32.9378
32.8183
32.6513
32.4431
32.1986
31.9218
31.6159
31.2836
30.9271
30.5479
30.1477
29.7274
29.2881
28.8303
28.3546
27.8613
27.3506
26.8226
26.2771
25.7141
25.1331
24.5338
23.9156
23.2779
22.6199
21.9407
21.2395
20.5153
19.7672
18.9946
18.1976
17.3775
16.5382
15.6893
14.8515
14.0678
13.4206
13.0401
13.0473
13.4408
14.0952
14.8762
15.701
16.5292
17.3425
18.1326
18.8966
19.6334
20.3435
21.0273
21.6859
22.3205
22.9319
23.5213
24.0895
24.6374
25.1659
25.6755
26.167
26.6409
27.0978
27.538
27.962
28.3701
28.7626
29.1397
29.5017
29.8488
30.1809
30.4983
30.8011
31.089
31.3623
31.6207
31.8644
32.093
32.3064
32.5045
32.6871
32.8537
33.0043
33.1383
33.2555
33.3554
33.4375
33.5013
33.5463
33.5718
33.5771
33.5614
33.5241
33.464
33.3801
33.2717
33.1372
32.9757
32.7856
32.5655
32.314
32.0293
31.7097
31.3537
30.9592
30.5247
30.0482
29.5281
28.9632
28.3525
27.695
26.9914
26.2419
