29.7271
30.4233
31.0691
31.6663
32.2165
32.7218
33.1845
33.6066
33.9904
34.3376
34.6503
34.9303
35.1794
35.399
35.5908
35.7561
35.8962
36.0124
36.1058
36.1774
36.2281
36.2589
36.2705
36.2639
36.2395
36.1982
36.1404
36.0666
35.9776
35.8735
35.755
35.6223
35.4758
35.3159
35.1428
34.9568
34.7581
34.5469
34.3234
34.0877
33.8399
33.5803
33.3087
33.0253
32.7301
32.4231
32.1043
31.7735
31.4308
31.076
30.7089
30.3294
29.9373
29.5324
29.1143
28.6828
28.2374
27.7779
27.3037
26.8144
26.3094
25.7881
25.2498
24.6938
24.1192
23.5252
22.9108
22.275
21.6167
20.9347
20.2279
19.4954
18.7366
17.9517
17.1428
16.3157
15.4844
14.6791
13.9627
13.446
13.2677
13.4965
14.0573
14.8083
15.6406
16.4947
17.3421
18.1701
18.9731
19.7493
20.4985
21.2214
21.918
22.5894
23.2363
23.8596
24.459
25.0352
25.5886
26.1183
26.6243
27.1062
27.5627
27.993
28.3949
28.7669
29.1059
29.4089
29.6716
29.8884
30.053
30.1564
30.1876
30.132
29.9701
29.6757
29.2126
28.5303
27.5561
26.185
24.2703
33.0765
33.6207
34.1173
34.5694
34.9801
35.3519
35.687
35.9878
36.2562
36.4941
36.7033
36.8852
37.0415
37.1732
37.2818
37.3683
37.4339
37.4794
37.5058
37.514
37.5045
37.4782
37.4357
37.3776
37.3044
37.2167
37.1148
36.9992
36.8703
36.7284
36.5739
36.407
36.2279
36.037
35.8344
35.6203
35.3949
35.1583
34.9106
34.6519
34.3824
34.102
33.8107
33.5086
33.1956
32.8718
32.537
32.1911
31.8341
31.4658
31.086
30.6945
30.2912
29.8757
29.4478
29.0071
28.5533
28.0859
27.6045
27.1087
26.5977
26.0711
25.5282
24.9682
24.3903
23.7937
23.1773
22.5402
21.8812
21.1992
20.4931
19.7619
19.0049
18.2221
17.4152
16.5889
15.7551
14.9402
14.1992
13.6334
13.3817
13.535
14.0441
14.7696
15.5932
16.447
17.2981
18.1314
18.9406
19.7231
20.479
21.2077
21.9103
22.5875
23.2404
23.8688
24.4738
25.0552
25.6132
26.1482
26.6591
27.146
27.6077
28.0428
28.4502
28.8276
29.1726
29.482
29.7518
29.9766
30.1503
30.2645
30.3086
30.2686
30.1263
29.8569
29.4263
28.7871
27.8715
26.5816
24.7773
35.6861
36.1097
36.491
36.8333
37.1391
37.4112
37.6517
37.8626
38.0456
38.2026
38.3348
38.4438
38.5307
38.5966
38.6427
38.6698
38.6789
38.6708
38.6462
38.6057
38.55
38.4797
38.3954
38.2974
38.1862
38.0623
37.9259
37.7775
37.6172
37.4455
37.2624
37.0683
36.8634
36.6478
36.4217
36.1852
35.9385
35.6815
35.4145
35.1374
34.8503
34.5531
34.246
33.9289
33.6016
33.2643
32.9166
32.5587
32.1902
31.8111
31.4212
31.0203
30.6081
30.1843
29.7487
29.3009
28.8405
28.3672
27.8804
27.3796
26.8644
26.3341
25.788
25.2255
24.6456
24.0475
23.4303
22.7929
22.1343
21.4533
20.7489
20.0198
19.2654
18.4855
17.6813
16.8569
16.0221
15.2
14.4384
13.8292
13.5079
13.5841
14.0362
14.7322
15.5448
16.3974
17.2518
18.0904
18.9057
19.6947
20.4571
21.1921
21.9008
22.5844
23.2427
23.877
24.4872
25.0742
25.6375
26.1776
26.6937
27.1857
27.6526
28.093
28.5059
28.8891
29.2403
29.5561
29.833
30.0661
30.249
30.3739
30.4307
30.4061
30.2827
30.0372
29.6375
29.0391
28.1787
26.9648
25.2669
37.7251
38.0608
38.3581
38.6199
38.8491
39.0479
39.2184
39.3627
39.4822
39.5785
39.653
39.7069
39.7413
39.7572
39.7555
39.737
39.7027
39.653
39.5887
39.5104
39.4187
39.3139
39.1966
39.0672
38.926
38.7734
38.6096
38.4349
38.2496
38.0539
37.8481
37.6322
37.4064
37.1709
36.9259
36.6713
36.4072
36.1338
35.8511
35.5591
35.2577
34.9471
34.6272
34.2978
33.9591
33.6107
33.2528
32.8851
32.5075
32.1198
31.7219
31.3134
30.8942
30.4639
30.0224
29.5691
29.1038
28.626
28.1352
27.6311
27.1129
26.5802
26.0321
25.4681
24.8873
24.2889
23.6719
23.0352
22.3779
21.6988
20.9966
20.2705
19.5194
18.7431
17.9425
17.1207
16.2863
15.459
14.6806
14.0334
13.6472
13.6457
14.0359
14.698
15.4972
16.3474
17.2046
18.0485
18.8701
19.6657
20.4346
21.1761
21.8916
22.581
23.2456
23.8854
24.5016
25.0939
25.6629
26.2084
26.7299
27.2272
27.6995
28.1457
28.5642
28.9532
29.3106
29.6333
29.9176
30.1588
30.351
30.4866
30.5559
30.5464
30.4414
30.219
29.8487
29.2891
28.4808
27.3385
25.7395
39.3397
39.6124
39.8486
40.0517
40.2243
40.3688
40.4872
40.5814
40.653
40.7034
40.7338
40.7455
40.7395
40.7166
40.6779
40.6239
40.5555
40.4732
40.3778
40.2696
40.1492
40.017
39.8734
39.7188
39.5535
39.3777
39.1919
38.9961
38.7905
38.5755
38.3511
38.1174
37.8747
37.6231
37.3625
37.0931
36.815
36.5281
36.2326
35.9284
35.6154
35.2938
34.9634
34.6242
34.276
33.9189
33.5527
33.1771
32.7922
32.3977
31.9933
31.579
31.1543
30.7191
30.273
29.8156
29.3467
28.8657
28.3723
27.8658
27.3458
26.8117
26.2628
25.6983
25.1176
24.5197
23.9037
23.2686
22.6134
21.9368
21.2378
20.5152
19.7681
18.9961
18.1996
17.3814
16.5486
15.718
14.9262
14.2462
13.8003
13.7217
14.0456
14.669
15.452
16.2984
17.1581
18.0071
18.835
19.6375
20.4132
21.1615
21.8836
22.5793
23.2502
23.8965
24.5183
25.1167
25.6914
26.2426
26.7696
27.2725
27.7505
28.2024
28.6269
29.0222
29.3861
29.7158
30.0076
30.2571
30.4585
30.6048
30.6865
30.6917
30.6047
30.4045
30.0627
29.5401
28.7806
27.7055
26.1996
40.6363
40.8634
41.0553
41.215
41.3457
41.4495
41.5286
41.5848
41.6197
41.6348
41.6312
41.6101
41.5725
41.5193
41.4513
41.3693
41.2739
41.1657
41.0452
40.9131
40.7696
40.6154
40.4505
40.2755
40.0907
39.8961
39.6922
39.4791
39.257
39.0261
38.7865
38.5383
38.2817
38.0166
37.7433
37.4618
37.1721
36.8742
36.5681
36.2539
35.9314
35.6008
35.2619
34.9146
34.5588
34.1946
33.8216
33.4399
33.0491
32.6492
32.2398
31.8209
31.3921
30.9531
30.5037
30.0435
29.572
29.0889
28.5938
28.086
27.5652
27.0307
26.4818
25.9178
25.338
24.7414
24.1272
23.4945
22.842
22.1687
21.4735
20.7551
20.0126
19.2454
18.4538
17.6399
16.8098
15.9777
15.1754
14.4675
13.9675
13.8136
14.0674
14.6472
15.4109
16.2522
17.1137
17.9678
18.8022
19.6117
20.3945
21.1498
21.8788
22.5817
23.2587
23.9114
24.5397
25.1442
25.7249
26.282
26.8149
27.3238
27.8076
28.2656
28.6963
29.0981
29.4687
29.8057
30.1053
30.3632
30.5741
30.731
30.825
30.8447
30.7752
30.5965
30.2817
29.7941
29.0816
28.0692
26.6507
41.6899
41.8843
42.0437
42.1715
42.2707
42.3438
42.393
42.42
42.4267
42.4142
42.384
42.3372
42.2746
42.1973
42.1061
42.0016
41.8845
41.7554
41.6148
41.4632
41.301
41.1287
40.9465
40.7548
40.5539
40.3439
40.1252
39.8978
39.662
39.418
39.1657
38.9055
38.6373
38.3613
38.0774
37.7858
37.4865
37.1794
36.8647
36.5422
36.2119
35.8739
35.528
35.1741
34.8123
34.4422
34.0639
33.6772
33.2818
32.8777
32.4646
32.0422
31.6104
31.1688
30.717
30.2549
29.7819
29.2976
28.8017
28.2936
27.7728
27.2386
26.6906
26.1278
25.5496
24.9552
24.3436
23.7138
23.0648
22.3954
21.7046
20.991
20.2538
19.4921
18.706
17.8973
17.0707
16.2388
15.4287
14.6976
14.1493
13.9229
14.1038
14.6349
15.3759
16.2104
17.0732
17.9323
18.7733
19.5901
20.3803
21.143
21.8792
22.5891
23.2734
23.9327
24.5676
25.1785
25.7652
26.3286
26.868
27.3831
27.8736
28.3379
28.7751
29.1836
29.5613
29.9056
30.2131
30.4798
30.7003
30.8679
30.9742
31.0082
30.9558
30.7978
30.5092
30.0547
29.3862
28.4331
27.0963
42.5544
42.7254
42.8612
42.9654
43.041
43.0909
43.1171
43.1216
43.1062
43.0722
43.021
42.9537
42.8713
42.7747
42.6647
42.5421
42.4074
42.2612
42.1042
41.9367
41.7591
41.572
41.3755
41.1699
40.9556
40.7329
40.5018
40.2625
40.0153
39.7603
39.4976
39.2273
38.9495
38.6642
38.3716
38.0715
37.7642
37.4496
37.1276
36.7983
36.4617
36.1176
35.766
35.4068
35.04
34.6654
34.2828
33.8922
33.4934
33.0861
32.6701
32.2453
31.8113
31.368
30.9148
30.4516
29.9779
29.4934
28.9975
28.4898
27.9698
27.4368
26.8903
26.3295
25.7537
25.1621
24.5537
23.9276
23.2827
22.6179
21.932
21.2239
20.4925
19.737
18.9571
18.1542
17.3324
16.5021
15.6869
14.9367
14.3458
14.0509
14.1571
14.6346
15.3489
16.1749
17.0383
17.9023
18.7501
19.5744
20.3724
21.1433
21.8867
22.604
23.2956
23.9621
24.6039
25.2216
25.8154
26.3854
26.9315
27.4535
27.9503
28.4214
28.8656
29.2812
29.6665
30.0185
30.3343
30.6099
30.8401
31.0186
31.1372
31.1854
31.1496
31.012
30.7482
30.3257
29.6983
28.8016
27.5407
43.2692
43.4238
43.5425
43.6292
43.6873
43.7195
43.7281
43.7151
43.6825
43.6315
43.5636
43.48
43.3816
43.2694
43.1442
43.0067
42.8577
42.6975
42.5269
42.3463
42.156
41.9564
41.748
41.5309
41.3055
41.072
40.8306
40.5814
40.3246
40.0604
39.7888
39.5101
39.2241
38.9311
38.6311
38.3241
38.0101
37.6891
37.3612
37.0262
36.6843
36.3352
35.979
35.6156
35.2448
34.8666
34.4808
34.0872
33.6858
33.2762
32.8583
32.4319
31.9966
31.5523
31.0985
30.6351
30.1615
29.6774
29.1823
28.6757
28.1572
27.6261
27.0819
26.5238
25.951
25.3629
24.7584
24.1366
23.4965
22.8369
22.1567
21.4547
20.7298
19.981
19.2081
18.4118
17.5957
16.7684
15.9504
15.1852
14.5574
14.1988
14.2296
14.6487
15.3325
16.1478
17.0109
17.8797
18.7346
19.5668
20.373
21.1521
21.9041
22.6293
23.3286
24.0026
24.6519
25.2769
25.8779
26.4551
27.0082
27.5373
28.0413
28.5196
28.9711
29.3945
29.7874
30.1476
30.4722
30.7569
30.9972
31.1866
31.3175
31.3798
31.3605
31.2425
31.0027
30.6103
30.0225
29.1776
27.988
43.8632
44.0067
44.1135
44.1876
44.2326
44.2514
44.2465
44.22
44.1738
44.1094
44.0282
43.9314
43.8201
43.6952
43.5576
43.408
43.247
43.0754
42.8934
42.7018
42.5009
42.291
42.0725
41.8458
41.6109
41.3683
41.1182
40.8605
40.5956
40.3236
40.0446
39.7587
39.4659
39.1664
38.8601
38.5472
38.2276
37.9014
37.5685
37.2289
36.8826
36.5296
36.1696
35.8028
35.4289
35.048
34.6597
34.264
33.8607
33.4496
33.0306
32.6032
32.1675
31.7229
31.2693
30.8063
30.3334
29.8504
29.3568
28.8521
28.3358
27.8073
27.266
26.7113
26.1423
25.5583
24.9584
24.3416
23.7069
23.0532
22.3794
21.6841
20.9664
20.2251
19.4598
18.6711
17.8617
17.0389
16.2204
15.4438
14.7848
14.3678
14.3238
14.6803
15.3293
16.1314
16.9935
17.8671
18.7292
19.5698
20.3847
21.1727
21.9332
22.667
23.3746
24.0568
24.714
25.3472
25.9559
26.5407
27.1015
27.6382
28.1498
28.6359
29.0955
29.5267
29.9281
30.2969
30.6305
30.9248
31.1753
31.376
31.5193
31.5956
31.5924
31.4933
31.2766
30.9132
30.3621
29.566
28.4431
44.3587
44.4952
44.5939
44.6591
44.6946
44.7034
44.6882
44.6512
44.5943
44.5192
44.4274
44.32
44.1982
44.0629
43.9151
43.7554
43.5845
43.4032
43.2118
43.011
42.8011
42.5824
42.3555
42.1205
41.8777
41.6274
41.3697
41.1049
40.8331
40.5544
40.269
39.977
39.6784
39.3733
39.0618
38.7439
38.4197
38.089
37.752
37.4086
37.0588
36.7025
36.3396
35.9701
35.5939
35.2109
34.8209
34.4237
34.0193
33.6074
33.1878
32.7604
32.3247
31.8806
31.4278
30.9658
30.4945
30.0133
29.5218
29.0196
28.5062
27.9809
27.4433
26.8925
26.328
25.7488
25.1542
24.5431
23.9146
23.2675
22.6008
21.9131
21.2032
20.4703
19.7135
18.9332
18.1316
17.3149
16.4978
15.7134
15.0285
14.559
14.4422
14.7327
15.3422
16.1288
16.9889
17.867
18.7368
19.5863
20.4106
21.2079
21.9778
22.7207
23.4373
24.1286
24.7945
25.4358
26.0533
26.6463
27.2153
27.7603
28.2802
28.7748
29.2426
29.6826
30.0926
30.4707
30.8136
31.118
31.3791
31.5911
31.7469
31.8371
31.8497
31.7692
31.5747
31.2384
30.722
29.9716
28.9105
44.7725
44.9052
44.9988
45.058
45.0867
45.0882
45.0652
45.0201
44.9549
44.8714
44.771
44.655
44.5246
44.3808
44.2244
44.0564
43.8773
43.6878
43.4885
43.2798
43.0622
42.8361
42.6019
42.3598
42.1102
41.8533
41.5892
41.3182
41.0404
40.7561
40.4652
40.1679
39.8643
39.5545
39.2386
38.9164
38.5882
38.2539
37.9135
37.5669
37.2142
36.8554
36.4902
36.1188
35.7408
35.3564
34.9653
34.5673
34.1624
33.7503
33.3309
32.9038
32.4689
32.0259
31.5745
31.1143
30.645
30.1663
29.6776
29.1786
28.6686
28.1473
27.614
27.068
26.5086
25.935
25.3464
24.7418
24.1202
23.4806
22.8217
22.1423
21.4414
20.7176
19.9703
19.1996
18.4069
17.5976
16.7843
15.9954
15.2898
14.7741
14.5876
14.8094
15.375
16.1432
17.0002
17.8829
18.7608
19.6199
20.4542
21.2618
22.0417
22.7946
23.5213
24.2218
24.897
25.5479
26.1742
26.7766
27.3545
27.9084
28.4373
28.9409
29.4177
29.8669
30.2864
30.6739
31.0268
31.3414
31.6133
31.8369
32.0052
32.1091
32.1372
32.0745
31.9013
31.5909
31.1072
30.3995
29.3957
45.1179
45.2492
45.3401
45.3955
45.4197
45.4159
45.3872
45.3359
45.2642
45.174
45.0667
44.9437
44.8062
44.6553
44.4919
44.3168
44.1308
43.9344
43.7283
43.5129
43.2888
43.0563
42.8158
42.5676
42.312
42.0493
41.7797
41.5033
41.2204
40.931
40.6354
40.3336
40.0257
39.7118
39.392
39.0663
38.7348
38.3974
38.0541
37.705
37.3501
36.9892
36.6223
36.2494
35.8704
35.4851
35.0934
34.6953
34.2904
33.8787
33.4599
33.0339
32.6004
32.159
31.7096
31.2518
30.7852
30.3095
29.8243
29.3291
28.8234
28.3067
27.7784
27.2379
26.6844
26.1171
25.5353
24.9381
24.3243
23.693
23.0429
22.3729
21.6817
20.9683
20.2316
19.4715
18.6892
17.889
17.0816
16.2914
15.5702
15.0148
14.763
14.9146
15.4321
16.1788
17.0316
17.9189
18.8054
19.6748
20.5202
21.3388
22.1298
22.8939
23.6309
24.3422
25.0277
25.6886
26.3248
26.937
27.5247
28.0883
28.6267
29.1399
29.6266
30.0853
30.5147
30.9123
31.2754
31.6005
31.8834
32.1186
32.2993
32.4167
32.4598
32.4142
32.2609
31.9748
31.5214
30.853
29.9019
45.4051
45.537
45.6271
45.6806
45.7019
45.6945
45.6616
45.6057
45.529
45.4334
45.3206
45.1919
45.0486
44.8918
44.7225
44.5414
44.3494
44.1471
43.9351
43.714
43.4841
43.2461
43.0001
42.7466
42.4858
42.218
41.9435
41.6624
41.3749
41.0812
40.7814
40.4756
40.164
39.8466
39.5234
39.1947
38.8603
38.5203
38.1747
37.8236
37.4668
37.1045
36.7364
36.3626
35.9829
35.5972
35.2055
34.8076
34.4034
33.9926
33.5751
33.1506
32.719
32.2799
31.8331
31.3782
30.915
30.4431
29.9619
29.4713
28.9705
28.4592
27.9367
27.4023
26.8556
26.2956
25.7215
25.1325
24.5275
23.9055
23.2653
22.6058
21.9256
21.2236
20.4988
19.7508
18.9805
18.1911
17.3919
16.6038
15.872
15.2836
14.9719
15.0533
15.5188
16.2408
17.0883
17.9802
18.8759
19.7566
20.614
21.4449
22.2484
23.024
23.7727
24.4954
25.1925
25.8642
26.5115
27.134
27.7325
28.3065
28.8552
29.3786
29.8755
30.3446
30.7841
31.1918
31.5653
31.9012
32.195
32.4416
32.6343
32.7647
32.8221
32.7926
32.6581
32.3943
31.9689
31.3365
30.4337
45.6423
45.7763
45.8671
45.9201
45.9399
45.9303
45.8945
45.8351
45.7546
45.6548
45.5375
45.4041
45.256
45.0942
44.9198
44.7337
44.5365
44.3291
44.112
43.8858
43.651
43.408
43.1572
42.8989
42.6335
42.3612
42.0823
41.797
41.5054
41.2078
40.9043
40.595
40.28
39.9595
39.6335
39.3021
38.9652
38.6231
38.2756
37.9228
37.5647
37.2012
36.8324
36.458
36.0781
35.6926
35.3014
34.9042
34.5011
34.0917
33.676
33.2536
32.8244
32.3882
31.9446
31.4934
31.0341
30.5666
30.0902
29.6048
29.1097
28.6045
28.0886
27.5614
27.0223
26.4704
25.9051
25.3253
24.7303
24.1188
23.4897
22.842
22.1742
21.4851
20.7738
20.0396
19.283
18.5067
17.7183
16.9358
16.1983
15.5837
15.2185
15.2312
15.6414
16.3357
17.1765
18.0732
18.979
19.8722
20.7429
21.5873
22.4042
23.193
23.9549
24.6898
25.3992
26.0832
26.7418
27.3761
27.9858
28.5708
29.1306
29.6644
30.1717
30.6511
31.101
31.5191
31.9029
32.2491
32.5535
32.811
33.0151
33.1576
33.2282
33.2135
33.0961
32.853
32.4531
31.8532
30.9941
45.8359
45.9733
46.0659
46.1196
46.139
46.1282
46.0905
46.0287
45.9452
45.8421
45.7212
45.584
45.4318
45.2658
45.0871
44.8965
44.6949
44.4829
44.2613
44.0306
43.7913
43.5438
43.2887
43.0261
42.7565
42.4801
42.1972
41.9081
41.6128
41.3117
41.0048
40.6923
40.3743
40.051
39.7224
39.3887
39.0497
38.7057
38.3567
38.0026
37.6434
37.2792
36.9099
36.5355
36.1558
35.7708
35.3804
34.9845
34.5829
34.1754
33.7619
33.3423
32.9161
32.4833
32.0435
31.5965
31.1419
30.6795
30.2087
29.7293
29.2407
28.7425
28.2341
27.715
27.1845
26.6419
26.0864
25.5172
24.9332
24.3336
23.7172
23.0827
22.429
21.7547
21.0588
20.3404
19.5998
18.839
18.0644
17.2911
16.5531
15.9195
15.5083
15.4554
15.808
16.4716
17.3046
18.2064
19.1235
20.0305
20.9161
21.7755
22.6071
23.4104
24.1864
24.9353
25.6579
26.3543
27.0257
27.6721
28.2934
28.8897
29.4605
30.0053
30.523
31.0126
31.4724
31.9003
32.2938
32.6496
32.9638
33.2311
33.4454
33.5988
33.6812
33.6797
33.5776
33.3525
32.9752
32.4051
31.5849
45.9911
46.1329
46.2283
46.2835
46.3035
46.2923
46.2535
46.19
46.1043
45.9986
45.8747
45.7342
45.5786
45.4089
45.2264
45.0319
44.8263
44.6103
44.3846
44.1498
43.9064
43.6549
43.3957
43.1292
42.8557
42.5755
42.289
41.9962
41.6975
41.3931
41.0831
40.7676
40.4469
40.121
39.7901
39.4542
39.1134
38.7678
38.4174
38.0623
37.7024
37.3377
36.9683
36.5941
36.215
35.8309
35.4418
35.0474
34.6479
34.2428
33.8321
33.4156
32.9931
32.5642
32.1289
31.6868
31.2376
30.781
30.3165
29.844
29.3628
28.8725
28.3727
27.8627
27.342
26.8098
26.2655
25.7082
25.1369
24.5508
23.9487
23.3294
22.6917
22.0344
21.3562
20.6562
19.9344
19.1923
18.4349
17.6752
16.9424
16.2971
15.8483
15.7348
16.029
16.6593
17.4836
18.391
19.3205
20.243
21.145
22.021
22.8689
23.6883
24.4791
25.2426
25.9791
26.6893
27.3734
28.032
28.665
29.2724
29.8538
30.4087
30.9363
31.4352
31.904
32.3407
32.7427
33.1068
33.4294
33.7051
33.928
34.0905
34.1827
34.1923
34.1029
33.8937
33.5361
32.9914
32.2066
46.112
46.2589
46.3579
46.4154
46.4365
46.4256
46.3863
46.3217
46.2344
46.1266
46.0002
45.857
45.6983
45.5255
45.3395
45.1415
44.9323
44.7126
44.4831
44.2445
43.9973
43.742
43.479
43.2087
42.9316
42.6478
42.3577
42.0615
41.7595
41.4519
41.1389
40.8206
40.4973
40.169
39.8358
39.4979
39.1554
38.8084
38.4568
38.1008
37.7404
37.3756
37.0063
36.6326
36.2543
35.8715
35.484
35.0917
34.6946
34.2924
33.885
33.4722
33.0538
32.6297
32.1995
31.7629
31.3198
30.8699
30.4126
29.9478
29.475
28.9937
28.5036
28.004
27.4943
26.974
26.4424
25.8986
25.3418
24.7711
24.1854
23.5835
22.9644
22.3266
21.669
20.9907
20.2912
19.5715
18.8358
18.0947
17.3734
16.7248
16.2479
16.0809
16.3177
16.9128
17.7275
18.6413
19.5849
20.5245
21.4447
22.3387
23.2041
24.0402
24.8472
25.6257
26.3763
27.0997
27.7962
28.4663
29.1102
29.7277
30.3186
30.8823
31.4181
31.9247
32.4008
32.8445
33.253
33.6234
33.9521
34.234
34.4633
34.6325
34.7322
34.7502
34.6711
34.4744
34.1334
33.6107
32.8565
46.2018
46.3545
46.4577
46.518
46.5408
46.5306
46.4913
46.426
46.3374
46.2279
46.0995
45.9539
45.7925
45.6167
45.4276
45.2263
45.0137
44.7905
44.5574
44.3152
44.0643
43.8053
43.5387
43.2648
42.984
42.6967
42.4031
42.1036
41.7983
41.4876
41.1716
40.8505
40.5246
40.1938
39.8585
39.5187
39.1745
38.8261
38.4735
38.1168
37.756
37.3911
37.0222
36.6492
36.2721
35.8908
35.5053
35.1155
34.7212
34.3223
33.9187
33.5102
33.0966
32.6778
32.2534
31.8232
31.3871
30.9446
30.4955
30.0395
29.5761
29.1051
28.6258
28.1379
27.6409
27.1341
26.6169
26.0885
25.5483
24.9953
24.4284
23.8468
23.2492
22.6343
22.001
21.3483
20.6755
19.9832
19.2746
18.5587
17.8564
17.2138
16.72
16.5088
16.6916
17.2507
18.0553
18.9763
19.9355
20.894
21.8336
22.7467
23.6302
24.483
25.3057
26.0985
26.8622
27.5975
28.3049
28.9848
29.6377
30.2631
30.8611
31.4312
31.9726
32.4846
32.9652
33.4128
33.8252
34.1992
34.5311
34.8164
35.0492
35.2223
35.3265
35.3502
35.2784
35.0914
34.7633
34.2595
33.5311
46.263
46.422
46.5298
46.5933
46.6182
46.6091
46.5701
46.5044
46.4149
46.304
46.1737
46.0258
45.8619
45.6834
45.4914
45.2869
45.071
44.8444
44.6078
44.362
44.1075
43.8449
43.5746
43.297
43.0126
42.7217
42.4246
42.1216
41.8131
41.4991
41.1801
40.8561
40.5274
40.1942
39.8566
39.5148
39.1689
38.8191
38.4655
38.108
37.7469
37.3821
37.0137
36.6417
36.266
35.8865
35.5033
35.1163
34.7253
34.3302
33.9309
33.5273
33.1191
32.7062
32.2884
31.8654
31.437
31.0031
30.5631
30.117
29.6644
29.2048
28.738
28.2634
27.7807
27.2892
26.7885
26.2779
25.7567
25.224
24.6791
24.121
23.5486
22.9607
22.3563
21.7343
21.0939
20.4354
19.7612
19.0784
18.4048
17.7796
17.2821
17.0389
17.1741
17.698
18.4924
19.4213
20.397
21.3749
22.3342
23.266
24.1666
25.0348
25.8711
26.6762
27.4503
28.1944
28.9094
29.5956
30.2535
30.8835
31.4849
32.0576
32.6012
33.1144
33.5959
34.0442
34.4566
34.8307
35.1625
35.4479
35.6808
35.8546
35.9602
35.9864
35.9186
35.7382
35.4201
34.9309
34.225
46.2976
46.4632
46.5759
46.6429
46.6701
46.6624
46.6239
46.558
46.4677
46.3555
46.2235
46.0735
45.9072
45.726
45.531
45.3234
45.1042
44.8742
44.6341
44.3846
44.1264
43.86
43.5859
43.3046
43.0164
42.7217
42.421
42.1144
41.8023
41.4849
41.1626
40.8355
40.5039
40.168
39.8279
39.484
39.1363
38.7849
38.4301
38.072
37.7105
37.3458
36.978
36.607
36.2328
35.8555
35.4749
35.091
34.7037
34.3129
33.9184
33.5202
33.1181
32.7119
32.3014
31.8865
31.467
31.0425
30.613
30.178
29.7375
29.2909
28.8382
28.3787
27.9123
27.4384
26.9566
26.4663
25.9671
25.4581
24.9387
24.4081
23.8653
23.3096
22.7397
22.1547
21.5541
20.9376
20.3071
19.6683
19.0357
18.4425
17.9576
17.6986
17.7962
18.2875
19.0715
20.0077
20.9992
21.9952
22.9721
23.9196
24.8336
25.7133
26.5584
27.3701
28.1494
28.8972
29.6147
30.302
30.96
31.589
32.1888
32.7592
33.3
33.8099
34.288
34.7324
35.141
35.511
35.839
36.1206
36.3503
36.5213
36.625
36.6505
36.5837
36.4066
36.0953
35.6178
34.9312
46.3069
46.4794
46.5972
46.6679
46.6976
46.6914
46.6535
46.5875
46.4964
46.3829
46.2492
46.0971
45.9283
45.7443
45.5464
45.3356
45.1129
44.8793
44.6355
44.3823
44.1202
43.8498
43.5717
43.2863
42.9941
42.6954
42.3906
42.0801
41.7641
41.443
41.117
40.7864
40.4516
40.1126
39.7698
39.4233
39.0735
38.7204
38.3642
38.0051
37.6432
37.2786
36.9113
36.5415
36.169
35.7939
35.4162
35.0357
34.6525
34.2664
33.8773
33.4852
33.0898
32.6911
32.2889
31.883
31.4733
31.0596
30.6417
30.2193
29.7924
29.3607
28.9238
28.4816
28.0338
27.58
27.1199
26.6532
26.1792
25.6978
25.2082
24.71
24.2024
23.6848
23.1565
22.6166
22.0648
21.5009
20.9264
20.3456
19.7703
19.228
18.7772
18.5235
18.5981
19.0615
19.8336
20.7738
21.7765
22.7849
23.7727
24.7284
25.648
26.5306
27.3765
28.187
28.9638
29.7075
30.4196
31.1011
31.7523
32.374
32.966
33.5285
34.0608
34.5624
35.0318
35.4678
35.868
36.2299
36.5501
36.8242
37.0471
37.212
37.3107
37.3324
37.2639
37.0874
36.7801
36.3116
35.6404
46.2918
46.4713
46.5944
46.6689
46.7011
46.6964
46.6591
46.5929
46.5011
46.3862
46.2507
46.0963
45.925
45.738
45.5369
45.3227
45.0964
44.859
44.6112
44.3538
44.0875
43.8128
43.5303
43.2405
42.9438
42.6406
42.3314
42.0164
41.696
41.3707
41.0405
40.706
40.3673
40.0248
39.6787
39.3293
38.9768
38.6215
38.2636
37.9033
37.5407
37.176
36.8092
36.4404
36.0696
35.6969
35.3223
34.9456
34.5668
34.1859
33.8028
33.4174
33.0295
32.6391
32.2461
31.8503
31.4516
31.0499
30.6451
30.237
29.8256
29.4105
28.9918
28.5693
28.1428
27.712
27.2769
26.8373
26.3929
25.9435
25.4888
25.0287
24.5628
24.0908
23.6124
23.1274
22.6356
22.1373
21.6341
21.1293
20.6326
20.1657
19.7767
19.5561
19.6279
20.0693
20.8249
21.7596
22.762
23.7701
24.7553
25.7058
26.6177
27.4905
28.3252
29.1237
29.887
30.6169
31.315
31.9818
32.6187
33.2257
33.8035
34.3517
34.8699
35.3578
35.8139
36.2366
36.6243
36.9741
37.2827
37.5459
37.7588
37.9146
38.0054
38.0208
37.9479
37.7696
37.4641
37.0021
36.3442
46.2528
46.4395
46.5679
46.6461
46.6808
46.6775
46.6407
46.5742
46.4814
46.365
46.2274
46.0706
45.8964
45.7062
45.5016
45.2836
45.0533
44.8117
44.5595
44.2976
44.0266
43.7471
43.4597
43.1649
42.8631
42.5549
42.2405
41.9205
41.5951
41.2647
40.9297
40.5904
40.2472
39.9004
39.5503
39.1972
38.8415
38.4834
38.1233
37.7612
37.3975
37.0323
36.6658
36.2979
35.9289
35.5587
35.1872
34.8146
34.4407
34.0654
33.6888
33.3108
32.9313
32.5501
32.1674
31.7828
31.3965
31.0084
30.6183
30.2263
29.8324
29.4364
29.0384
28.6383
28.2362
27.8321
27.4259
27.0177
26.6076
26.1956
25.7819
25.3666
24.95
24.5323
24.1138
23.695
23.2765
22.8593
22.4452
22.0379
21.645
21.2835
20.99
20.8365
20.9308
21.3569
22.0857
22.9963
23.9766
24.9622
25.9234
26.8488
27.7349
28.5817
29.3909
30.1635
30.902
31.6075
32.2819
32.9256
33.5402
34.1256
34.6825
35.2107
35.7096
36.1788
36.617
37.0228
37.3941
37.7282
38.0222
38.2718
38.4719
38.6163
38.697
38.7041
38.6249
38.4432
38.1378
37.6807
37.034
46.19
46.3839
46.5175
46.5994
46.6364
46.6343
46.5977
46.5308
46.4367
46.3185
46.1785
46.0189
45.8414
45.6477
45.4391
45.2169
44.9821
44.7357
44.4786
44.2116
43.9353
43.6503
43.3573
43.0568
42.7492
42.4351
42.1148
41.7888
41.4575
41.1212
40.7804
40.4354
40.0866
39.7345
39.3794
39.0217
38.6618
38.3001
37.9369
37.5724
37.207
36.8409
36.4742
36.1071
35.7397
35.3719
35.0038
34.6355
34.2668
33.8977
33.5283
33.1584
32.7881
32.4173
32.0459
31.6741
31.3017
30.9288
30.5555
30.1818
29.8078
29.4336
29.0594
28.6852
28.3113
27.9379
27.5653
27.1937
26.8237
26.4555
26.0899
25.7275
25.3691
25.0157
24.6685
24.3287
23.9979
23.6783
23.3725
23.0845
22.8209
22.5942
22.4296
22.3779
22.5217
22.9396
23.6261
24.4843
25.411
26.3438
27.2541
28.131
28.9713
29.7748
30.5431
31.2773
31.9797
32.6512
33.293
33.9065
34.492
35.0499
35.5807
36.084
36.5595
37.006
37.423
37.8085
38.1607
38.4768
38.7538
38.9876
39.1732
39.3044
39.3736
39.371
39.2844
39.0979
38.7914
38.3382
37.7023
46.1033
46.3042
46.4429
46.5282
46.5673
46.5661
46.5295
46.4616
46.366
46.2455
46.1027
45.9397
45.7585
45.5606
45.3475
45.1205
44.8806
44.6288
44.3661
44.0931
43.8107
43.5195
43.22
42.9129
42.5986
42.2775
41.9502
41.6172
41.2787
40.9353
40.5874
40.2355
39.8799
39.5212
39.1598
38.7962
38.4309
38.0644
37.697
37.3292
36.9612
36.5935
36.2262
35.8594
35.4933
35.128
34.7633
34.3995
34.0364
33.6741
33.3126
32.9518
32.5917
32.2325
31.8741
31.5166
31.16
30.8046
30.4504
30.0977
29.7467
29.3976
29.0509
28.7068
28.3658
28.0284
27.695
27.3665
27.0435
26.727
26.418
26.1179
25.8281
25.5504
25.2867
25.0394
24.8109
24.604
24.4223
24.2699
24.1521
24.0771
24.06
24.1311
24.3446
24.7616
25.3916
26.1682
27.0086
27.8589
28.6932
29.5009
30.2781
31.0243
31.74
32.4261
33.0836
33.7137
34.3172
34.8947
35.4464
35.973
36.474
36.9494
37.3984
37.8203
38.2137
38.5771
38.9084
39.205
39.4637
39.6805
39.8506
39.9678
40.0247
40.0117
39.917
39.7255
39.4177
38.9675
38.3414
45.9919
46.1997
46.3432
46.4316
46.4724
46.4717
46.4347
46.3655
46.2677
46.1444
45.9982
45.8314
45.6458
45.4431
45.2247
44.9921
44.7463
44.4883
44.219
43.9392
43.6498
43.3512
43.0442
42.7293
42.407
42.0777
41.7422
41.4006
41.0536
40.7015
40.345
39.9844
39.6203
39.2532
38.8839
38.5127
38.1403
37.7674
37.3944
37.022
36.6504
36.2802
35.9115
35.5446
35.1795
34.8165
34.4554
34.0964
33.7395
33.3846
33.0319
32.6813
32.333
31.9869
31.6433
31.3023
30.964
30.6288
30.2969
29.9686
29.6445
29.3249
29.0105
28.7019
28.3997
28.1049
27.8181
27.5406
27.2734
27.0179
26.7758
26.5489
26.3393
26.1492
25.9814
25.8382
25.7227
25.6377
25.5861
25.571
25.596
25.6651
25.7857
25.9737
26.2594
26.6812
27.2512
27.9319
28.6681
29.4192
30.1636
30.8906
31.5956
32.2769
32.9337
33.5664
34.1751
34.7603
35.3221
35.8611
36.3771
36.8702
37.34
37.7861
38.2076
38.6036
38.9728
39.3134
39.6233
39.8999
40.14
40.3396
40.4939
40.597
40.6415
40.6182
40.5157
40.3192
40.0098
39.5633
38.9466
45.855
46.0693
46.2173
46.3085
46.3506
46.3499
46.3118
46.2407
46.1402
46.0134
45.8632
45.6916
45.5009
45.2925
45.0681
44.829
44.5762
44.311
44.0341
43.7464
43.4486
43.1415
42.8256
42.5015
42.1697
41.8308
41.4852
41.1334
40.776
40.4134
40.0461
39.6748
39.3
38.9225
38.5428
38.1618
37.7802
37.3989
37.0184
36.6396
36.263
35.8891
35.5181
35.1505
34.7862
34.4254
34.0681
33.7144
33.3644
33.018
32.6753
32.3366
32.0018
31.6712
31.345
31.0234
30.7068
30.3956
30.0901
29.7911
29.499
29.2148
28.9392
28.6731
28.4175
28.1737
27.9428
27.7262
27.5254
27.3421
27.1783
27.036
26.9175
26.8251
26.761
26.7275
26.7263
26.7592
26.8276
26.9328
27.0759
27.2585
27.4837
27.7593
28.1005
28.5266
29.0452
29.6383
30.2753
30.93
31.5856
32.2325
32.8656
33.482
34.0802
34.6592
35.2191
35.7594
36.28
36.7807
37.2611
37.7211
38.1599
38.577
38.9714
39.342
39.6873
40.0056
40.2945
40.5516
40.7736
40.9565
41.0957
41.1852
41.2179
41.1848
41.075
40.874
40.564
40.1211
39.5148
45.6913
45.9118
46.0638
46.1572
46.2
46.1988
46.159
46.0852
45.9812
45.8503
45.6951
45.518
45.3211
45.1061
44.8746
44.6278
44.3671
44.0933
43.8075
43.5105
43.2031
42.8858
42.5595
42.2245
41.8815
41.5309
41.1733
40.8092
40.4391
40.0635
39.6831
39.2984
38.9102
38.5192
38.1264
37.7327
37.339
36.9465
36.5561
36.1687
35.7852
35.4062
35.032
34.663
34.2992
33.9408
33.5878
33.2403
32.8983
32.5619
32.2314
31.9068
31.5885
31.2766
30.9715
30.6737
30.3836
30.1017
29.8288
29.5655
29.3129
29.0719
28.8437
28.6295
28.4306
28.2485
28.0845
27.9402
27.8172
27.717
27.6414
27.5921
27.5706
27.5784
27.6166
27.6859
27.7868
27.9192
28.0832
28.2786
28.5053
28.7637
29.0553
29.3837
29.7562
30.1809
30.6604
31.1868
31.7448
32.3193
32.8986
33.4751
34.0436
34.601
35.1453
35.6752
36.1896
36.6881
37.1699
37.6346
38.0816
38.5104
38.9201
39.3099
39.6787
40.0254
40.3482
40.6453
40.9146
41.1534
41.3584
41.5257
41.6508
41.7278
41.7498
41.708
41.5917
41.3873
41.0772
40.6393
40.0433
45.4993
45.7256
45.8811
45.9761
46.0189
46.0164
45.9742
45.8969
45.7886
45.6524
45.4913
45.3077
45.1036
44.8808
44.6409
44.3853
44.1152
43.8315
43.5354
43.2275
42.9087
42.5796
42.2408
41.8929
41.5365
41.1721
40.8001
40.421
40.0355
39.644
39.2473
38.8459
38.4408
38.0328
37.6231
37.2128
36.8033
36.396
35.9924
35.5937
35.201
34.8152
34.4367
34.0659
33.7027
33.3473
32.9996
32.6598
32.328
32.0043
31.6889
31.3822
31.0846
30.7964
30.5183
30.2506
29.9941
29.7495
29.5176
29.2996
29.0964
28.9093
28.7398
28.5891
28.4588
28.35
28.2642
28.2025
28.1658
28.1551
28.1712
28.2147
28.2859
28.385
28.5117
28.6656
28.846
29.0521
29.2832
29.5387
29.8182
30.1217
30.45
30.8049
31.1895
31.6067
32.057
32.5362
33.037
33.5507
34.07
34.5891
35.1038
35.6111
36.109
36.5957
37.0703
37.5316
37.9788
38.4113
38.8284
39.229
39.6123
39.9773
40.3228
40.6477
40.95
41.228
41.4794
41.7015
41.8912
42.0445
42.1569
42.2228
42.2354
42.1862
42.0648
41.8581
41.5492
41.1165
40.5319
45.2773
45.5088
45.6672
45.7631
45.8052
45.8005
45.7549
45.6733
45.5596
45.4172
45.2491
45.0577
44.8452
44.6134
44.3638
44.0979
43.8168
43.5216
43.2134
42.8928
42.5607
42.2177
41.8644
41.5013
41.129
40.748
40.3587
39.9617
39.5574
39.1465
38.7295
38.3074
37.881
37.4514
37.0199
36.5881
36.1577
35.731
35.3098
34.8961
34.4915
34.0972
33.7136
33.341
32.9793
32.6285
32.2884
31.9592
31.6411
31.3343
31.0393
30.7564
30.4863
30.2295
29.9867
29.7587
29.5462
29.35
29.1712
29.0108
28.87
28.7499
28.6517
28.5767
28.5258
28.4997
28.4989
28.5238
28.5742
28.65
28.7509
28.8763
29.0257
29.1983
29.3932
29.6094
29.846
30.1021
30.377
30.67
30.9808
31.3093
31.656
32.0217
32.4076
32.8146
33.2421
33.6879
34.1478
34.617
35.0909
35.5654
36.0372
36.5038
36.9633
37.4139
37.8546
38.2843
38.7018
39.1063
39.497
39.8731
40.2331
40.5763
40.9015
41.2069
41.4911
41.7522
41.9877
42.1951
42.3712
42.5123
42.6137
42.6701
42.6747
42.6196
42.4944
42.2865
41.9798
41.5541
40.9817
45.0234
45.2595
45.42
45.516
45.5565
45.5488
45.4989
45.4118
45.2917
45.1419
44.9656
44.7652
44.5429
44.3006
44.0398
43.7619
43.4682
43.1598
42.8375
42.5022
42.1547
41.7955
41.4251
41.0443
40.6533
40.2526
39.8427
39.4241
38.9972
38.5626
38.121
37.673
37.2199
36.7627
36.3032
35.8434
35.3856
34.9329
34.4883
34.0549
33.6352
33.2308
32.8422
32.4692
32.1114
31.7685
31.4404
31.1271
30.829
30.5464
30.28
30.0303
29.7981
29.5842
29.3893
29.2143
29.0598
28.9267
28.8155
28.7271
28.6621
28.6211
28.6047
28.6133
28.6467
28.7049
28.7873
28.8932
29.0217
29.172
29.3428
29.5334
29.7428
29.9698
30.2136
30.4733
30.7481
31.0371
31.3399
31.656
31.985
32.3271
32.6823
33.051
33.4335
33.8298
34.2394
34.6606
35.0911
35.5278
35.9677
36.4081
36.8465
37.2807
37.7092
38.1305
38.5432
38.9463
39.3387
39.7198
40.0881
40.4429
40.7832
41.1076
41.415
41.7037
41.9723
42.2186
42.4405
42.6352
42.7997
42.9302
43.0224
43.0709
43.0692
43.0094
42.8819
42.6743
42.3711
41.9527
41.3934
44.7359
44.9759
45.1377
45.2329
45.2709
45.2591
45.2039
45.1102
44.9824
44.8241
44.6382
44.4275
44.1939
43.9395
43.6659
43.3744
43.0663
42.7427
42.4044
42.0522
41.6869
41.309
40.919
40.5174
40.1045
39.6809
39.2468
38.8025
38.3486
37.8854
37.4136
36.934
36.4475
35.9556
35.4602
34.9637
34.4695
33.9819
33.5058
33.0464
32.6079
32.1927
31.8009
31.4315
31.0832
30.7552
30.4472
30.1592
29.8917
29.6453
29.4206
29.2184
29.0394
28.8844
28.7539
28.6484
28.5681
28.5132
28.4834
28.4785
28.4983
28.5425
28.6105
28.7017
28.8153
28.9503
29.1056
29.28
29.4723
29.6815
29.9063
30.1459
30.3993
30.6656
30.9442
31.2342
31.535
31.8462
32.1673
32.4979
32.838
33.1875
33.5463
33.9146
34.2923
34.6792
35.0747
35.4776
35.8863
36.299
36.7136
37.128
37.5405
37.9494
38.3533
38.7508
39.1408
39.5223
39.8941
40.2553
40.6051
40.9422
41.2657
41.5742
41.8665
42.1411
42.3963
42.6301
42.8403
43.0244
43.1791
43.3009
43.3855
43.4277
43.4212
43.3583
43.2297
43.0236
42.7251
42.3153
41.7698
44.413
44.6561
44.8183
44.9119
44.9463
44.9295
44.8678
44.7664
44.6298
44.4616
44.2649
44.0423
43.7961
43.5281
43.24
42.9332
42.6089
42.268
41.9117
41.5404
41.1549
40.7557
40.3433
39.9179
39.48
39.0298
38.5675
38.0933
37.6075
37.1105
36.6026
36.0846
35.5572
35.022
34.4808
33.9368
33.3942
32.8593
32.34
31.8455
31.3839
30.959
30.5699
30.2132
29.8856
29.5853
29.3118
29.0652
28.8457
28.6539
28.4902
28.3552
28.249
28.1717
28.1231
28.1028
28.1098
28.143
28.2012
28.2832
28.3876
28.5134
28.6593
28.8242
29.0069
29.2063
29.421
29.65
29.8922
30.1467
30.4124
30.6887
30.9747
31.2699
31.5737
31.8856
32.2051
32.532
32.8658
33.2064
33.5537
33.9075
34.2679
34.6347
35.0078
35.387
35.7716
36.1607
36.5534
36.9482
37.3438
37.7385
38.1312
38.5203
38.9048
39.2834
39.6552
40.0189
40.374
40.719
41.0534
41.3758
41.6853
41.9805
42.2602
42.523
42.7669
42.9904
43.1909
43.3661
43.5128
43.6276
43.7062
43.7436
43.7336
43.669
43.5405
43.337
43.044
42.6437
42.1126
44.0533
44.2987
44.4606
44.5516
44.5816
44.5586
44.4894
44.3792
44.2326
44.0533
43.8444
43.6087
43.3484
43.0653
42.7612
42.4374
42.0951
41.7352
41.3588
40.9663
40.5584
40.1355
39.698
39.2461
38.78
38.2997
37.8054
37.2971
36.7748
36.2386
35.6886
35.1252
34.5489
33.9608
33.363
32.7584
32.1524
31.5534
30.9741
30.4311
29.9409
29.511
29.1373
28.8107
28.5241
28.2736
28.0581
27.8771
27.7304
27.6178
27.5388
27.4927
27.4784
27.4948
27.5402
27.613
27.7112
27.8328
27.9758
28.1384
28.319
28.516
28.7284
28.9547
29.194
29.4451
29.7071
29.9791
30.2603
30.5498
30.8471
31.1516
31.4627
31.78
32.1032
32.4317
32.7655
33.1042
33.4476
33.7957
34.1482
34.5051
34.8663
35.2318
35.6012
35.9744
36.3508
36.7298
37.1106
37.4921
37.8733
38.2532
38.6306
39.0044
39.3736
39.7373
40.0945
40.4442
40.7855
41.1175
41.4391
41.7496
42.0475
42.3318
42.6011
42.8541
43.0889
43.3037
43.4963
43.6643
43.8046
43.9138
43.9878
44.0218
44.0097
43.9445
43.8174
43.6175
43.3311
42.941
42.4249
43.6561
43.9031
44.0639
44.1514
44.176
44.146
44.0682
43.9482
43.7906
43.5991
43.3769
43.1269
42.8512
42.5518
42.2304
41.8882
41.5264
41.146
40.7478
40.3324
39.9002
39.4516
38.9868
38.5059
38.009
37.4959
36.9665
36.4206
35.8578
35.2779
34.6806
34.0657
33.4333
32.7839
32.1187
31.4407
30.7552
30.0728
29.4119
28.8016
28.275
27.8488
27.5123
27.2446
27.0304
26.8622
26.7367
26.6521
26.6065
26.5979
26.6241
26.6827
26.7711
26.887
27.0279
27.1913
27.375
27.5768
27.7945
28.0266
28.2715
28.528
28.7948
29.0712
29.3562
29.649
29.9489
30.2553
30.5676
30.8852
31.2077
31.5347
31.8659
32.201
32.5397
32.8818
33.2271
33.5755
33.9268
34.2809
34.6378
34.9974
35.3596
35.7242
36.0911
36.4599
36.8304
37.2019
37.5739
37.9456
38.3161
38.6847
39.0505
39.4125
39.7699
40.1218
40.4674
40.8059
41.1363
41.4576
41.7691
42.0697
42.3582
42.6335
42.8944
43.1393
43.3667
43.5745
43.7608
43.923
44.0583
44.1633
44.2341
44.2658
44.2527
44.188
44.0632
43.8679
43.5888
43.2093
42.7086
43.2213
43.4693
43.6283
43.7116
43.7301
43.6923
43.6052
43.4746
43.305
43.1005
42.8643
42.5991
42.3072
41.9905
41.6507
41.2892
40.907
40.505
40.084
39.6444
39.1868
38.7112
38.2178
37.7066
37.1774
36.6298
36.0634
35.4778
34.8723
34.2461
33.5985
32.9287
32.236
31.5201
30.7811
30.021
29.2448
28.4638
27.7026
27.0061
26.4335
26.0196
25.7467
25.5739
25.4709
25.4221
25.4199
25.4594
25.5363
25.6467
25.787
25.9537
26.1438
26.3544
26.5832
26.8278
27.0862
27.3568
27.6378
27.928
28.2263
28.5317
28.8435
29.1608
29.4833
29.8102
30.1412
30.4758
30.8137
31.1544
31.4979
31.8437
32.1917
32.5417
32.8935
33.2471
33.6023
33.959
34.3173
34.6768
35.0378
35.4
35.7634
36.1279
36.4932
36.8592
37.2255
37.5918
37.9574
38.3218
38.6845
39.0446
39.4015
39.7545
40.1027
40.4455
40.7821
41.1115
41.4331
41.746
42.0493
42.342
42.6228
42.891
43.145
43.3835
43.6048
43.8071
43.9884
44.1462
44.2777
44.3797
44.4482
44.4788
44.4657
44.4025
44.2809
44.0907
43.8196
43.4517
42.9663
42.7501
42.9986
43.1552
43.234
43.2458
43.1997
43.1028
42.961
42.7792
42.5611
42.3103
42.0295
41.721
41.3867
41.0283
40.647
40.244
39.8202
39.3761
38.9123
38.4289
37.9263
37.4042
36.8626
36.3011
35.7191
35.116
34.491
33.8432
33.1713
32.4741
31.7503
30.9983
30.2169
29.4054
28.5645
27.6982
26.8186
25.9548
25.1663
24.5409
24.1415
23.9498
23.9004
23.9396
24.0374
24.1788
24.3552
24.5605
24.7902
25.0403
25.3078
25.59
25.8847
26.1901
26.5045
26.8267
27.1554
27.4896
27.8285
28.1714
28.5177
28.8668
29.2185
29.5722
29.9278
30.285
30.6434
31.003
31.3635
31.7247
32.0867
32.4492
32.8121
33.1755
33.5392
33.9033
34.2675
34.6321
34.9968
35.3617
35.7267
36.0917
36.4567
36.8214
37.1857
37.5494
37.9119
38.2731
38.6323
38.9891
39.343
39.6933
40.0393
40.3805
40.7162
41.0456
41.3681
41.6828
41.989
42.2855
42.5719
42.8468
43.1091
43.3577
43.591
43.8076
44.0056
44.183
44.3375
44.4663
44.5662
44.6336
44.6638
44.6517
44.5907
44.473
44.2888
44.0262
43.6698
43.2006
42.2448
42.4937
42.6477
42.7216
42.7266
42.672
42.5652
42.4122
42.2179
41.9865
41.7212
41.4249
41.1
40.7484
40.3717
39.9712
39.548
39.1029
38.6366
38.1494
37.6415
37.113
36.5638
35.9935
35.4016
34.7875
34.1504
33.4892
32.8027
32.0894
31.3478
30.5759
29.772
28.9341
28.0608
27.1523
26.2122
25.2532
24.307
23.4422
22.7676
22.3765
22.2623
22.3399
22.5272
22.775
23.059
23.3669
23.6919
24.0299
24.3778
24.7336
25.0956
25.4625
25.8334
26.2073
26.5835
26.9615
27.3408
27.7209
28.1016
28.4825
28.8634
29.2442
29.6248
30.0049
30.3845
30.7635
31.1419
31.5195
31.8965
32.2726
32.6479
33.0224
33.3962
33.7691
34.1411
34.5124
34.8829
35.2525
35.6213
35.9893
36.3563
36.7223
37.0872
37.4508
37.8128
38.1731
38.5311
38.8867
39.2394
39.5886
39.9339
40.2748
40.6106
40.9408
41.2647
41.5816
41.8909
42.1917
42.4833
42.7645
43.0346
43.2924
43.5366
43.766
43.9789
44.1736
44.3481
44.5002
44.6272
44.726
44.7929
44.8237
44.8132
44.7551
44.6418
44.4642
44.2103
43.8662
43.4128
41.7091
41.9584
42.1101
42.1792
42.1776
42.1149
41.9985
41.8347
41.6285
41.3842
41.1051
40.7942
40.4538
40.0859
39.6922
39.2738
38.832
38.3675
37.8808
37.3724
36.8425
36.2909
35.7176
35.1221
34.5039
33.8622
33.1962
32.5047
31.7863
31.0395
30.2625
29.4535
28.6102
27.7309
26.8141
25.8599
24.8724
23.8645
22.8692
21.9566
21.245
20.852
20.7929
20.9743
21.2887
21.6674
22.0757
22.4976
22.9258
23.3564
23.7878
24.2186
24.6484
25.0766
25.503
25.9274
26.3497
26.7698
27.1875
27.6029
28.016
28.4267
28.835
29.2411
29.6448
30.0463
30.4455
30.8426
31.2375
31.6304
32.0212
32.41
32.7969
33.1819
33.565
33.9463
34.3258
34.7036
35.0797
35.4542
35.8269
36.198
36.5673
36.9348
37.3004
37.6639
38.0252
38.3841
38.7402
39.0933
39.443
39.789
40.1306
40.4676
40.7994
41.1254
41.4451
41.7578
42.0629
42.3595
42.6469
42.9243
43.1906
43.4447
43.6856
43.9119
44.122
44.3143
44.4867
44.6373
44.7632
44.8616
44.9288
44.9608
44.9525
44.8979
44.7896
44.6189
44.3743
44.0424
43.6051
41.148
41.3983
41.5482
41.6132
41.6056
41.5354
41.4103
41.2366
41.0197
40.7637
40.4722
40.1482
39.7941
39.4118
39.003
38.5691
38.1112
37.63
37.126
36.5998
36.0514
35.4809
34.888
34.2724
33.6335
32.9706
32.2828
31.5688
30.8275
30.0574
29.2568
28.4238
27.5566
26.6535
25.7135
24.7372
23.7291
22.7023
21.6882
20.754
20.0177
19.6124
19.5789
19.8283
20.2362
20.7164
21.2239
21.7385
22.2513
22.7588
23.2596
23.7533
24.24
24.72
25.1934
25.6609
26.1224
26.5785
27.0293
27.4752
27.9163
28.3528
28.785
29.2131
29.6372
30.0574
30.474
30.8871
31.2968
31.7032
32.1065
32.5068
32.9041
33.2985
33.6903
34.0793
34.4658
34.8498
35.2313
35.6103
35.9869
36.3612
36.7329
37.1022
37.469
37.8331
38.1943
38.5525
38.9075
39.2591
39.6068
39.9504
40.2894
40.6236
40.9523
41.2752
41.5916
41.901
42.2028
42.4962
42.7806
43.0549
43.3183
43.5697
43.808
44.032
44.24
44.4305
44.6018
44.7513
44.8769
44.9754
45.0436
45.0773
45.0717
45.021
44.9181
44.7545
44.5196
44.1998
43.7785
40.5679
40.8202
40.9691
41.031
41.0187
40.9422
40.8097
40.6278
40.4017
40.1359
39.834
39.499
39.1335
38.7394
38.3185
37.872
37.4013
36.9069
36.3897
35.8499
35.2877
34.7033
34.0964
33.4667
32.8138
32.1368
31.4351
30.7076
29.9532
29.1705
28.358
27.5143
26.6377
25.7271
24.7817
23.8026
22.7945
21.7696
20.7569
19.8179
19.0643
18.6369
18.602
18.8852
19.3538
19.9067
20.4894
21.0764
21.6569
22.2267
22.7845
23.3304
23.8647
24.3882
24.9016
25.4055
25.9008
26.3878
26.8672
27.3394
27.8049
28.264
28.7171
29.1645
29.6066
30.0435
30.4755
30.9028
31.3257
31.7443
32.1589
32.5695
32.9763
33.3795
33.7791
34.1754
34.5683
34.9581
35.3446
35.7281
36.1086
36.486
36.8603
37.2316
37.5998
37.9648
38.3265
38.6846
39.0391
39.3897
39.7362
40.0782
40.4154
40.7475
41.0741
41.3946
41.7086
42.0156
42.3149
42.6058
42.8876
43.1597
43.4208
43.6702
43.9067
44.1289
44.3355
44.525
44.6953
44.8446
44.9702
45.0695
45.139
45.1749
45.1724
45.1261
45.0289
44.8728
44.6476
44.3402
43.9347
39.9761
40.2316
40.3811
40.4414
40.4258
40.3448
40.2068
40.0185
39.7854
39.5121
39.2023
38.8591
38.4851
38.0823
37.6525
37.1971
36.7174
36.2141
35.6879
35.1392
34.5685
33.9756
33.3605
32.723
32.0627
31.3791
30.6713
29.9386
29.18
28.3943
27.5804
26.7369
25.8626
24.9565
24.0183
23.049
22.0533
21.0421
20.0411
19.1052
18.3374
17.8798
17.822
18.1115
18.614
19.2164
19.8542
20.4968
21.1307
21.7506
22.3551
22.9439
23.518
24.0781
24.6253
25.1605
25.6846
26.1983
26.7024
27.1976
27.6843
28.1632
28.6347
29.0993
29.5572
30.0089
30.4546
30.8947
31.3295
31.7591
32.1838
32.6038
33.0193
33.4305
33.8374
34.2403
34.6393
35.0344
35.4258
35.8136
36.1977
36.5783
36.9553
37.3287
37.6985
38.0647
38.4271
38.7855
39.14
39.4901
39.8359
40.1769
40.5129
40.8436
41.1685
41.4873
41.7995
42.1047
42.402
42.6912
42.9712
43.2414
43.501
43.7488
43.9839
44.205
44.4108
44.5995
44.7697
44.919
45.0452
45.1455
45.2168
45.2552
45.2562
45.2145
45.1233
44.9749
44.7592
44.4642
44.0744
39.3806
39.6411
39.7928
39.8533
39.8364
39.753
39.6116
39.4194
39.1818
38.9037
38.5888
38.2403
37.861
37.4529
37.0178
36.5574
36.0726
35.5646
35.034
34.4813
33.9068
33.3107
32.6931
32.0536
31.3921
30.7081
30.001
29.2701
28.5145
27.7333
26.9256
26.09
25.2257
24.3317
23.408
22.4553
21.4778
20.485
19.4995
18.5695
17.788
17.2946
17.1984
17.4732
17.9891
18.6229
19.3006
19.9855
20.6614
21.3217
21.9642
22.5887
23.196
23.787
24.3629
24.9248
25.4737
26.0105
26.5361
27.0513
27.5567
28.053
28.5408
29.0204
29.4925
29.9574
30.4154
30.867
31.3125
31.752
32.186
32.6145
33.0379
33.4564
33.87
34.2791
34.6836
35.0838
35.4798
35.8715
36.2592
36.6429
37.0225
37.3981
37.7697
38.1372
38.5005
38.8596
39.2143
39.5644
39.9098
40.2503
40.5855
40.9152
41.239
41.5566
41.8675
42.1712
42.4673
42.7549
43.0337
43.3026
43.561
43.8077
44.0419
44.2622
44.4675
44.656
44.8262
44.9761
45.1032
45.205
45.2783
45.3195
45.3243
45.2873
45.2023
45.0617
44.8558
44.5731
44.1989
38.7892
39.0568
39.2128
39.2757
39.2597
39.1762
39.0339
38.8402
38.6008
38.3207
38.0037
37.6531
37.2716
36.8616
36.4249
35.963
35.4772
34.9684
34.4375
33.885
33.3113
32.7167
32.1011
31.4645
30.8068
30.1274
29.4261
28.702
27.9546
27.1829
26.3861
25.5631
24.713
23.835
22.9288
21.9952
21.0376
20.0642
19.0945
18.1705
17.3755
16.8431
16.6978
16.9417
17.4551
18.1067
18.8125
19.5297
20.2389
20.9318
21.6057
22.2599
22.8951
23.5123
24.1128
24.6976
25.2679
25.8248
26.3692
26.9019
27.4237
27.9354
28.4375
28.9307
29.4153
29.892
30.3611
30.823
31.2781
31.7267
32.169
32.6053
33.036
33.4611
33.8809
34.2956
34.7054
35.1103
35.5105
35.906
36.2971
36.6837
37.0659
37.4437
37.817
38.186
38.5504
38.9103
39.2654
39.6158
39.9612
40.3014
40.6362
40.9652
41.2883
41.6051
41.915
42.2178
42.5127
42.7995
43.0771
43.3452
43.6026
43.8487
44.0824
44.3023
44.5074
44.696
44.8665
45.0171
45.1455
45.249
45.3247
45.3689
45.3776
45.3456
45.2669
45.134
44.938
44.6675
44.3085
38.2097
38.4866
38.6492
38.7168
38.7041
38.6228
38.4821
38.2895
38.0511
37.7717
37.4554
37.1056
36.7252
36.3165
35.8813
35.4212
34.9377
34.4317
33.904
33.3553
32.786
32.1963
31.5864
30.9563
30.3059
29.6347
28.9424
28.2284
27.4921
26.7327
25.9493
25.141
24.3067
23.4458
22.5578
21.6434
20.7051
19.7501
18.7951
17.8765
17.0683
16.4959
16.2946
16.4953
16.9933
17.6518
18.3767
19.1186
19.8543
20.574
21.2739
21.953
22.6119
23.2516
23.8731
24.4778
25.0668
25.6412
26.202
26.7502
27.2866
27.8119
28.3268
28.832
29.3279
29.8152
30.2942
30.7655
31.2292
31.6859
32.1359
32.5793
33.0166
33.4478
33.8733
34.2932
34.7078
35.117
35.5212
35.9203
36.3146
36.704
37.0887
37.4686
37.8438
38.2142
38.5798
38.9405
39.2964
39.6471
39.9927
40.3328
40.6674
40.9961
41.3187
41.6349
41.9442
42.2462
42.5405
42.8264
43.1035
43.3708
43.6277
43.8734
44.1067
44.3265
44.5316
44.7206
44.8918
45.0434
45.1731
45.2785
45.3567
45.4042
45.4169
45.39
45.3176
45.1926
45.0062
44.7477
44.4037
37.6488
37.9375
38.1091
38.1837
38.1766
38.0999
37.9632
37.7742
37.5391
37.263
36.9501
36.6038
36.2271
35.8222
35.3913
34.9359
34.4574
33.9567
33.435
32.8927
32.3303
31.7482
31.1465
30.5252
29.8842
29.2232
28.5419
27.8396
27.1159
26.3697
25.6005
24.8073
23.9889
23.1448
22.2743
21.3778
20.4574
19.5192
18.5774
17.6635
16.8428
16.2312
15.9701
16.1178
16.5896
17.246
17.9829
18.7434
19.5005
20.2422
20.964
21.6643
22.3436
23.0026
23.6424
24.2644
24.8697
25.4596
26.0349
26.5968
27.1461
27.6835
28.2099
28.7258
29.2319
29.7288
30.2168
30.6964
31.1681
31.6322
32.0891
32.539
32.9822
33.4191
33.8498
34.2745
34.6935
35.1068
35.5146
35.9172
36.3144
36.7065
37.0935
37.4755
37.8524
38.2242
38.5911
38.9528
39.3093
39.6605
40.0064
40.3467
40.6812
41.0098
41.3321
41.6479
41.9567
42.2583
42.552
42.8375
43.1139
43.3809
43.6375
43.8829
44.1161
44.3359
44.5413
44.7308
44.9029
45.0556
45.1869
45.2943
45.3751
45.4259
45.4428
45.421
45.355
45.2378
45.0611
44.8145
44.4852
37.1122
37.4151
37.598
37.6818
37.6825
37.6126
37.4821
37.2989
37.0694
36.7987
36.4913
36.1507
35.7798
35.381
34.9564
34.5076
34.0361
33.5429
33.0289
32.4948
31.9411
31.368
30.7758
30.1646
29.5342
28.8843
28.2145
27.5244
26.8134
26.0806
25.3254
24.5466
23.7434
22.915
22.0606
21.1805
20.2764
19.3532
18.4231
17.5134
16.6812
16.0325
15.7101
15.7974
16.2335
16.8799
17.6227
18.397
19.1714
19.9316
20.672
21.3906
22.0875
22.7633
23.4192
24.0564
24.6762
25.2796
25.8679
26.442
27.0028
27.5512
28.0878
28.6135
29.1287
29.6341
30.1302
30.6175
31.0964
31.5672
32.0304
32.4862
32.935
33.377
33.8125
34.2416
34.6646
35.0817
35.493
35.8986
36.2986
36.6932
37.0825
37.4664
37.8449
38.2182
38.5863
38.9489
39.3062
39.658
40.0042
40.3447
40.6793
41.0078
41.33
41.6455
41.9541
42.2553
42.5487
42.8337
43.1099
43.3766
43.633
43.8783
44.1115
44.3315
44.5373
44.7274
44.9004
45.0544
45.1874
45.297
45.3805
45.4347
45.4557
45.4391
45.3794
45.2699
45.1027
44.8679
44.5527
36.6038
36.9233
37.1198
37.2149
37.2254
37.1643
37.0419
36.8663
36.6441
36.3807
36.0805
35.7471
35.3836
34.9924
34.5755
34.1348
33.6716
33.1869
32.6818
32.1568
31.6125
31.0493
30.4672
29.8665
29.2468
28.608
27.9498
27.2717
26.573
25.8529
25.1108
24.3456
23.5563
22.7422
21.9026
21.0373
20.1477
19.2379
18.3183
17.4125
16.5702
15.8873
15.5042
15.5256
15.9175
16.5466
17.29
18.0741
18.8624
19.6382
20.3946
21.1291
21.8414
22.5321
23.2022
23.8529
24.4855
25.1012
25.701
26.2861
26.8572
27.4154
27.9613
28.4957
29.0192
29.5325
30.0359
30.5302
31.0155
31.4925
31.9615
32.4227
32.8765
33.3232
33.763
34.1962
34.623
35.0435
35.4579
35.8664
36.2691
36.666
37.0573
37.443
37.8232
38.1978
38.567
38.9306
39.2886
39.641
39.9876
40.3284
40.6631
40.9916
41.3137
41.6291
41.9374
42.2383
42.5315
42.8163
43.0923
43.3588
43.615
43.8603
44.0936
44.314
44.5203
44.7111
44.885
45.0403
45.175
45.2868
45.3731
45.4307
45.4559
45.4445
45.391
45.2892
45.1313
44.9078
44.6068
36.1262
36.4646
36.6766
36.7849
36.807
36.7563
36.6434
36.4769
36.2634
36.0085
35.7167
35.3917
35.0366
34.654
34.2458
33.8139
33.3596
32.884
32.3882
31.8727
31.3381
30.7848
30.2128
29.6224
29.0132
28.3853
27.7381
27.0711
26.384
25.6757
24.9457
24.1929
23.4164
22.6153
21.7889
20.937
20.0604
19.1628
18.2528
17.3506
16.4997
15.7859
15.3441
15.2959
15.636
16.2409
16.9799
17.7703
18.5697
19.3588
20.1292
20.8777
21.6036
22.3075
22.9902
23.6531
24.2972
24.9239
25.5341
26.129
26.7095
27.2766
27.8309
28.3732
28.9043
29.4246
29.9348
30.4353
30.9267
31.4093
31.8835
32.3496
32.808
33.259
33.7029
34.1398
34.57
34.9937
35.411
35.8221
36.2271
36.6262
37.0194
37.4068
37.7884
38.1644
38.5346
38.8991
39.2578
39.6107
39.9577
40.2988
40.6336
40.9622
41.2842
41.5994
41.9076
42.2083
42.5012
42.7858
43.0616
43.3279
43.5841
43.8294
44.0629
44.2837
44.4905
44.6821
44.857
45.0136
45.1501
45.2641
45.3531
45.4141
45.4435
45.4371
45.3898
45.2955
45.1468
44.9344
44.6471
35.6802
36.0398
36.2692
36.3923
36.4274
36.3883
36.2862
36.1297
35.9259
35.6804
35.3977
35.0819
34.7358
34.3621
33.963
33.5401
33.095
32.6286
32.1421
31.636
31.1109
30.5671
30.0049
29.4243
28.8251
28.2072
27.5703
26.9139
26.2373
25.5399
24.8209
24.0795
23.3145
22.5252
21.7108
20.8709
20.0062
19.1195
18.2183
17.3199
16.4619
15.7205
15.2233
15.1035
15.3851
15.9591
16.689
17.4823
18.2905
19.0909
19.8734
20.6343
21.3725
22.0882
22.7824
23.4562
24.1107
24.7473
25.367
25.9709
26.5599
27.135
27.6969
28.2465
28.7844
29.3112
29.8275
30.3339
30.8306
31.3183
31.7973
32.268
32.7306
33.1856
33.6331
34.0734
34.5067
34.9333
35.3532
35.7667
36.174
36.575
36.9699
37.3589
37.7419
38.1189
38.4901
38.8554
39.2148
39.5682
39.9155
40.2568
40.5918
40.9203
41.2423
41.5574
41.8654
42.1659
42.4586
42.743
43.0186
43.2847
43.5409
43.7862
44.0198
44.241
44.4482
44.6406
44.8165
44.9746
45.1127
45.2288
45.3206
45.3848
45.4183
45.4168
45.3756
45.2886
45.1488
44.9473
44.6732
35.2655
35.6482
35.8966
36.0359
36.0851
36.0587
35.9682
35.8225
35.6289
35.3932
35.1202
34.8137
34.4769
34.1123
33.7222
33.3084
32.8722
32.4149
31.9373
31.4403
30.9242
30.3896
29.8364
29.265
28.6751
28.0665
27.4391
26.7922
26.1253
25.4379
24.729
23.9978
23.2434
22.4648
21.6613
20.8324
19.9785
19.1019
18.2089
17.3142
16.4506
15.6852
15.1364
14.9446
15.1619
15.6983
16.4143
17.2074
18.0222
18.8322
19.6255
20.3976
21.1468
21.8733
22.5778
23.2615
23.9256
24.5712
25.1995
25.8115
26.4083
26.9908
27.5598
28.116
28.6601
29.1928
29.7147
30.2263
30.7281
31.2204
31.7039
32.1786
32.6451
33.1037
33.5545
33.9979
34.4341
34.8632
35.2856
35.7013
36.1105
36.5133
36.9098
37.3001
37.6843
38.0624
38.4344
38.8004
39.1603
39.5141
39.8617
40.2031
40.5382
40.8667
41.1886
41.5035
41.8113
42.1115
42.4039
42.688
42.9634
43.2295
43.4855
43.7308
43.9645
44.1859
44.3937
44.5867
44.7637
44.9229
45.0626
45.1809
45.2752
45.3427
45.3801
45.3835
45.348
45.2682
45.1371
44.9461
44.685
34.8805
35.2881
35.557
35.7137
35.7779
35.7648
35.6865
35.5521
35.3691
35.1434
34.8801
34.5829
34.2552
33.8997
33.5184
33.1133
32.6858
32.2371
31.7681
31.2795
30.7719
30.2457
29.701
29.1381
28.5567
27.9568
27.338
26.6999
26.0419
25.3635
24.6638
23.942
23.1972
22.4285
21.635
20.8161
19.9721
19.1049
18.2196
17.3289
16.461
15.6749
15.079
14.8161
14.9644
15.4567
16.1539
16.9437
17.7631
18.5811
19.384
20.1661
20.9253
21.6617
22.3757
23.0685
23.7413
24.3952
25.0314
25.651
26.2549
26.8441
27.4195
27.9817
28.5316
29.0698
29.5968
30.1132
30.6196
31.1162
31.6036
32.0821
32.5521
33.0139
33.4678
33.914
34.3527
34.7843
35.2088
35.6264
36.0374
36.4418
36.8396
37.2311
37.6164
37.9953
38.3681
38.7346
39.0949
39.449
39.7968
40.1383
40.4733
40.8017
41.1234
41.4381
41.7455
42.0455
42.3376
42.6214
42.8964
43.1621
43.4181
43.6633
43.8971
44.1186
44.3267
44.5204
44.6981
44.8585
44.9998
45.12
45.2168
45.2873
45.3285
45.3365
45.3067
45.2338
45.111
44.9303
44.6816
34.5226
34.9569
35.2477
35.4226
35.5026
35.5035
35.4376
35.3147
35.1424
34.9268
34.6731
34.3851
34.0664
33.7195
33.3467
32.9499
32.5306
32.0899
31.6289
31.1483
30.6485
30.1302
29.5934
29.0382
28.4647
27.8726
27.2618
26.6317
25.9819
25.3118
24.6206
23.9074
23.1714
22.4118
21.6274
20.8179
19.9832
19.1246
18.2467
17.3601
16.4892
15.6855
15.0471
14.7155
14.791
15.2329
15.9062
16.6896
17.5115
18.3362
19.1476
19.9388
20.7072
21.4526
22.1754
22.8767
23.5575
24.2191
24.8625
25.489
26.0995
26.695
27.2762
27.8441
28.3993
28.9424
29.4741
29.995
30.5054
31.006
31.4971
31.979
32.4522
32.9169
33.3735
33.8222
34.2633
34.697
35.1234
35.5427
35.9552
36.361
36.76
37.1526
37.5386
37.9183
38.2916
38.6585
39.0191
39.3734
39.7213
40.0627
40.3975
40.7257
41.047
41.3613
41.6684
41.9679
42.2595
42.5429
42.8176
43.0829
43.3384
43.5835
43.8172
44.0388
44.2471
44.4412
44.6196
44.7811
44.9237
45.0457
45.1447
45.2181
45.2628
45.2752
45.2509
45.1845
45.0698
44.899
44.6623
34.1888
34.6515
34.9653
35.1594
35.2558
35.271
35.2179
35.1065
34.9448
34.7393
34.4949
34.2159
33.9058
33.5672
33.2025
32.8136
32.4019
31.9688
31.5152
31.0419
30.5495
30.0383
29.5087
28.9608
28.3945
27.8097
27.2062
26.5835
25.9412
25.2787
24.5953
23.8901
23.1624
22.411
21.6352
20.8343
20.0082
19.1579
18.287
17.4047
16.5319
15.7135
15.0374
14.6404
14.6406
15.026
15.6702
16.4439
17.2662
18.0964
18.9152
19.7147
20.4917
21.2455
21.9764
22.6855
23.3737
24.0424
24.6927
25.3256
25.9422
26.5434
27.1301
27.7031
28.2631
28.8108
29.3469
29.8718
30.386
30.8901
31.3845
31.8695
32.3456
32.813
33.2721
33.723
34.1661
34.6016
35.0297
35.4506
35.8644
36.2713
36.6713
37.0647
37.4514
37.8316
38.2052
38.5724
38.9331
39.2874
39.6351
39.9764
40.3109
40.6387
40.9596
41.2733
41.5798
41.8788
42.1698
42.4526
42.7266
42.9915
43.2465
43.4912
43.7246
43.9461
44.1544
44.3488
44.5278
44.6899
44.8337
44.9573
45.0583
45.1343
45.1823
45.1988
45.1796
45.1195
45.0125
44.8511
44.626
33.8757
34.3684
34.7064
34.9206
35.0338
35.0636
35.0234
34.9237
34.7726
34.5768
34.3416
34.0713
33.7693
33.4387
33.0816
32.7
32.2956
31.8695
31.4229
30.9564
30.4707
29.9662
29.4433
28.902
28.3424
27.7643
27.1675
26.5517
25.9164
25.261
24.5848
23.8871
23.1669
22.4234
21.6556
20.8628
20.0448
19.2023
18.3382
17.4604
16.5867
15.756
15.0469
14.5886
14.5124
14.8357
15.4452
16.2056
17.0264
17.8606
18.6861
19.4931
20.278
21.0395
21.7781
22.4945
23.1897
23.8651
24.5216
25.1605
25.7827
26.3892
26.981
27.5587
28.1233
28.6752
29.2152
29.7438
30.2615
30.7688
31.2662
31.754
32.2327
32.7024
33.1637
33.6166
34.0615
34.4986
34.9281
35.3502
35.7651
36.1729
36.5737
36.9677
37.3549
37.7353
38.1092
38.4764
38.8371
39.1912
39.5386
39.8794
40.2134
40.5406
40.8609
41.174
41.4797
41.7778
42.0681
42.35
42.6234
42.8874
43.1419
43.3858
43.6188
43.8399
44.0481
44.2424
44.4216
44.5844
44.729
44.8538
44.9566
45.0349
45.0859
45.1062
45.0917
45.0375
44.9378
44.7853
44.5712
33.5797
34.1043
34.4676
34.7025
34.8332
34.8779
34.8508
34.7626
34.622
34.4358
34.2095
33.9475
33.6534
33.3302
32.9804
32.6058
32.2081
31.7886
31.3484
30.8883
30.4089
29.9106
29.3938
28.8588
28.3053
27.7335
27.143
26.5336
25.9047
25.2559
24.5865
23.8957
23.1826
22.4465
21.6862
20.9011
20.0907
19.2556
18.3982
17.5249
16.6512
15.8108
15.0728
14.558
14.4056
14.6616
15.2308
15.9741
16.7911
17.6281
18.4593
19.2733
20.0655
20.8344
21.5801
22.3033
23.0051
23.6866
24.3491
24.9935
25.621
26.2325
26.8289
27.4111
27.9797
28.5355
29.0791
29.6111
30.1319
30.6422
31.1423
31.6326
32.1135
32.5854
33.0485
33.5031
33.9496
34.388
34.8187
35.2418
35.6575
36.066
36.4673
36.8617
37.2491
37.6296
38.0034
38.3705
38.7309
39.0845
39.4315
39.7716
40.1049
40.4314
40.7507
41.0629
41.3677
41.6648
41.954
42.2349
42.5071
42.7703
43.0238
43.2669
43.4991
43.7195
43.9272
44.1212
44.3004
44.4633
44.6085
44.7342
44.8384
44.9187
44.9723
44.9959
44.9858
44.937
44.8441
44.7
44.4965
33.2976
33.8556
34.2455
34.5019
34.6505
34.7105
34.6964
34.6198
34.4896
34.3128
34.0952
33.8412
33.5547
33.2387
32.8957
32.5277
32.1364
31.7231
31.2889
30.8347
30.3611
29.8687
29.3577
28.8283
28.2807
27.7147
27.1301
26.5266
25.9038
25.2613
24.5982
23.9139
23.2076
22.4783
21.7251
20.9473
20.1442
19.3163
18.4653
17.5967
16.7238
15.8755
15.1128
14.5465
14.3194
14.5037
15.0269
15.7489
16.5599
17.3983
18.2344
19.0547
19.8537
20.6294
21.3819
22.1116
22.8195
23.5069
24.1749
24.8245
25.4569
26.0731
26.6738
27.26
27.8324
28.3918
28.9386
29.4737
29.9974
30.5103
31.0128
31.5053
31.9882
32.4619
32.9266
33.3827
33.8304
34.2699
34.7015
35.1254
35.5416
35.9505
36.3521
36.7466
37.1339
37.5144
37.8879
38.2545
38.6143
38.9673
39.3135
39.6528
39.9851
40.3105
40.6287
40.9397
41.2432
41.539
41.8269
42.1065
42.3774
42.6393
42.8914
43.1334
43.3645
43.5839
43.7907
43.9841
44.1628
44.3255
44.4709
44.5971
44.7023
44.784
44.8398
44.8664
44.86
44.8161
44.7294
44.5933
44.3996
33.0258
33.6192
34.0368
34.3157
34.4827
34.5582
34.5574
34.4925
34.3725
34.205
33.9958
33.7497
33.4705
33.1613
32.8248
32.4631
32.0777
31.6703
31.2418
30.7931
30.3251
29.8381
29.3325
28.8085
28.2663
27.7058
27.1267
26.5289
25.9118
25.2751
24.6181
23.94
23.24
22.5173
21.7709
20.9999
20.2038
19.3827
18.538
17.6743
16.8028
15.9486
15.1648
14.5522
14.2529
14.3623
14.8335
15.5299
16.3322
17.1706
18.0107
18.8367
19.6421
20.4243
21.1831
21.9189
22.6327
23.3256
23.9988
24.6533
25.2903
25.9107
26.5155
27.1054
27.6813
28.2439
28.7938
29.3316
29.8578
30.3731
30.8776
31.3721
31.8567
32.3319
32.7979
33.2552
33.7038
34.1441
34.5763
35.0007
35.4173
35.8263
36.2279
36.6222
37.0093
37.3892
37.7622
38.1281
38.4871
38.8391
39.1842
39.5223
39.8534
40.1774
40.4942
40.8037
41.1056
41.3998
41.686
41.9639
42.2331
42.4933
42.7439
42.9843
43.2138
43.4319
43.6375
43.8296
44.0074
44.1695
44.3146
44.4408
44.5464
44.6291
44.6864
44.7153
44.7121
44.6726
44.5915
44.4625
44.2779
32.7614
33.392
33.8388
34.1409
34.3269
34.4183
34.4311
34.3778
34.2681
34.1098
33.9089
33.6704
33.3982
33.0957
32.7654
32.4096
32.03
31.6281
31.2049
30.7616
30.2987
29.8168
29.3164
28.7975
28.2604
27.7051
27.1312
26.5387
25.9271
25.296
24.6446
23.9724
23.2785
22.562
21.822
21.0576
20.2683
19.4538
18.6152
17.7565
16.887
16.0283
15.2269
14.5732
14.2051
14.2373
14.6509
15.317
16.1077
16.9445
17.7877
18.6189
19.4302
20.2186
20.9834
21.7251
22.4444
23.1425
23.8206
24.4797
25.121
25.7454
26.3538
26.9472
27.5263
28.0918
28.6444
29.1847
29.7131
30.2304
30.7368
31.2328
31.7189
32.1953
32.6623
33.1204
33.5698
34.0106
34.4431
34.8676
35.2842
35.6931
36.0944
36.4882
36.8747
37.2539
37.6259
37.9908
38.3487
38.6994
39.0431
39.3797
39.7092
40.0315
40.3465
40.654
40.954
41.2462
41.5303
41.8061
42.0733
42.3313
42.5798
42.8181
43.0457
43.2618
43.4656
43.6562
43.8325
43.9934
44.1374
44.263
44.3684
44.4515
44.5098
44.5403
44.5396
44.5036
44.4274
44.3048
44.1283
32.5016
33.1715
33.6487
33.9751
34.1808
34.2884
34.3149
34.2734
34.1741
34.0249
33.8322
33.6011
33.3359
33.0397
32.7155
32.3654
31.9913
31.5946
31.1766
30.7382
30.2803
29.8033
29.3077
28.7937
28.2615
27.711
27.1422
26.5547
25.9483
25.3224
24.6765
24.0099
23.3218
22.6112
21.8774
21.1194
20.3365
19.5283
18.6959
17.8421
16.9751
16.1134
15.2974
14.6074
14.1751
14.129
14.4795
15.1101
15.8862
16.7198
17.5651
18.4009
19.2177
20.0119
20.7824
21.5296
22.2542
22.9572
23.6399
24.3033
24.9486
25.5767
26.1886
26.7851
27.3671
27.9353
28.4903
29.0327
29.5631
30.082
30.59
31.0873
31.5745
32.0518
32.5196
32.9782
33.4279
33.8689
34.3015
34.7258
35.142
35.5504
35.951
36.3441
36.7296
37.1077
37.4785
37.842
38.1983
38.5474
38.8893
39.224
39.5515
39.8716
40.1844
40.4896
40.7872
41.0769
41.3585
41.6317
41.8961
42.1515
42.3973
42.633
42.858
43.0716
43.2731
43.4614
43.6356
43.7946
43.937
44.0614
44.1658
44.2484
44.3068
44.3381
44.3391
44.3058
44.2334
44.1163
43.9471
32.2437
32.9551
33.4643
33.8159
34.042
34.1664
34.2069
34.1774
34.0884
33.9483
33.7638
33.5401
33.2815
32.9917
32.6733
32.3287
31.9598
31.5682
31.1551
30.7216
30.2683
29.796
29.305
28.7956
28.2681
27.7223
27.1582
26.5756
25.9741
25.3533
24.7126
24.0513
23.3688
22.664
21.9361
21.1842
20.4075
19.6056
18.779
17.9304
17.0663
16.2028
15.3747
14.6533
14.1614
14.0372
14.3198
14.9095
15.6676
16.496
17.3425
18.1822
19.0041
19.8037
20.5798
21.3322
22.0617
22.7695
23.4565
24.124
24.773
25.4045
26.0195
26.619
27.2036
27.774
28.3311
28.8754
29.4075
29.9278
30.437
30.9353
31.4232
31.9011
32.3693
32.8281
33.2778
33.7186
34.1509
34.5747
34.9902
35.3977
35.7974
36.1892
36.5734
36.95
37.3191
37.6808
38.0352
38.3822
38.7219
39.0542
39.3792
39.6967
40.0067
40.3091
40.6037
40.8904
41.1688
41.4389
41.7001
41.9523
42.1948
42.4272
42.6489
42.8592
43.0576
43.2428
43.4141
43.5704
43.7104
43.8325
43.9351
44.0164
44.0739
44.105
44.1066
44.0749
44.0054
43.8924
43.7294
31.9855
32.7407
33.2835
33.6615
33.9087
34.0503
34.1053
34.0879
34.0094
33.8785
33.702
33.4856
33.2337
32.9499
32.6372
32.298
31.9342
31.5475
31.1392
30.7102
30.2615
29.7936
29.3071
28.8022
28.2791
27.7378
27.1782
26.6003
26.0035
25.3876
24.7519
24.0958
23.4186
22.7193
21.9971
21.2511
20.4804
19.6846
18.8639
18.0203
17.1596
16.2952
15.4574
14.7089
14.1629
13.9619
14.1722
14.7156
15.4518
16.273
17.1195
17.9625
18.7891
19.5939
20.3751
21.1325
21.8668
22.5789
23.2701
23.9414
24.5938
25.2285
25.8464
26.4484
27.0353
27.6078
28.1667
28.7125
29.2459
29.7673
30.2773
30.7763
31.2647
31.7428
32.211
32.6696
33.119
33.5593
33.9907
34.4136
34.8281
35.2343
35.6325
36.0227
36.4051
36.7797
37.1468
37.5062
37.8581
38.2025
38.5394
38.8688
39.1907
39.5051
39.8117
40.1107
40.4017
40.6847
40.9594
41.2256
41.4829
41.7309
41.9695
42.1978
42.4154
42.6217
42.816
42.9973
43.1647
43.3174
43.4537
43.5726
43.6723
43.751
43.8065
43.8363
43.8373
43.8059
43.7377
43.6277
43.4693
31.7248
32.5262
33.1044
33.51
33.7792
33.9386
34.0083
34.0034
33.9355
33.8138
33.6454
33.4363
33.191
32.9132
32.6061
32.2721
31.9133
31.5313
31.1276
30.7031
30.2587
29.7951
29.3129
28.8122
28.2934
27.7564
27.2013
26.6278
26.0356
25.4244
24.7935
24.1424
23.4703
22.7764
22.0597
21.3194
20.5546
19.7647
18.9497
18.1113
17.2542
16.3899
15.5444
14.7728
14.1779
13.9026
14.0373
14.5287
15.2389
16.0505
16.8958
17.7415
18.5723
19.3819
20.168
20.9302
21.669
22.3854
23.0804
23.7551
24.4108
25.0484
25.6688
26.2731
26.862
27.4362
27.9966
28.5436
29.078
29.6001
30.1106
30.6099
31.0983
31.5762
32.0441
32.5021
32.9507
33.39
33.8203
34.2418
34.6547
35.0592
35.4554
35.8435
36.2236
36.5958
36.9601
37.3167
37.6656
38.0068
38.3403
38.6662
38.9844
39.2949
39.5976
39.8923
40.1791
40.4576
40.7277
40.9892
41.2417
41.4849
41.7183
41.9417
42.1542
42.3554
42.5446
42.7208
42.8832
43.0309
43.1626
43.277
43.3724
43.4472
43.4993
43.5261
43.5249
43.4922
43.4239
43.315
43.1595
31.4598
32.3101
32.9254
33.3598
33.6519
33.8298
33.9147
33.9224
33.8653
33.7529
33.5928
33.3909
33.1521
32.8803
32.5787
32.2498
31.8959
31.5185
31.1192
30.699
30.2588
29.7994
29.3213
28.8248
28.3101
27.7773
27.2264
26.6572
26.0695
25.4627
24.8366
24.1903
23.5232
22.8344
22.1232
21.3884
20.6293
19.8451
19.0358
18.2026
17.3493
16.4859
15.6346
14.8434
14.205
13.859
13.9156
14.3495
15.029
15.8285
16.6712
17.5187
18.3534
19.1675
19.9583
20.725
21.468
22.1883
22.8869
23.5649
24.2235
24.8637
25.4864
26.0926
26.6832
27.2588
27.8203
28.3682
28.9031
29.4256
29.9362
30.4353
30.9233
31.4007
31.8677
32.3248
32.7721
33.2099
33.6385
34.0582
34.469
34.8712
35.2649
35.6503
36.0275
36.3965
36.7576
37.1107
37.4559
37.7932
38.1226
38.4442
38.758
39.0638
39.3616
39.6514
39.9329
40.2061
40.4707
40.7265
40.9731
41.2104
41.4378
41.6548
41.8612
42.0559
42.2387
42.4085
42.5647
42.7059
42.8314
42.9395
43.0291
43.0983
43.1451
43.1673
43.162
43.126
43.0554
42.9456
42.7907
31.1885
32.0905
32.745
33.2096
33.5255
33.7225
33.8231
33.8439
33.7978
33.6948
33.5429
33.3483
33.116
32.8501
32.5539
32.2301
31.8809
31.5081
31.1131
30.6971
30.261
29.8057
29.3315
28.839
28.3283
27.7996
27.2528
26.6878
26.1043
25.502
24.8803
24.2387
23.5765
22.8928
22.1867
21.4574
20.7038
19.9253
19.1216
18.2935
17.4444
16.5824
15.7268
14.9193
14.2426
13.83
13.8074
14.1783
14.8225
15.6068
16.4454
17.294
18.1319
18.9502
19.7454
20.5163
21.2634
21.9874
22.6893
23.3703
24.0315
24.674
25.2986
25.9065
26.4983
27.075
27.6372
28.1855
28.7206
29.2431
29.7533
30.2518
30.739
31.2153
31.681
32.1365
32.582
33.0179
33.4442
33.8614
34.2695
34.6688
35.0594
35.4414
35.815
36.1802
36.5372
36.8861
37.2268
37.5594
37.8839
38.2003
38.5087
38.8089
39.1009
39.3846
39.6599
39.9266
40.1845
40.4334
40.673
40.9029
41.123
41.3324
41.531
41.7179
41.8928
42.0545
42.2025
42.3356
42.4529
42.5531
42.6347
42.6962
42.7356
42.7507
42.7389
42.6972
42.6218
42.5084
42.3514
30.9093
31.8661
32.5618
33.058
33.3987
33.6157
33.7324
33.7665
33.7317
33.6383
33.4947
33.3074
33.0817
32.8217
32.5308
32.212
31.8675
31.499
31.1083
30.6964
30.2643
29.8129
29.3426
28.854
28.3472
27.8224
27.2796
26.7187
26.1393
25.5413
24.9241
24.287
23.6295
22.9507
22.2497
21.5256
20.7775
20.0046
19.2064
18.3835
17.5387
16.6787
15.8202
14.9992
14.289
13.8149
13.713
14.016
14.6195
15.3854
16.2181
17.0668
17.9076
18.7297
19.5289
20.3039
21.0547
21.7821
22.4871
23.1708
23.8343
24.4787
25.1049
25.7141
26.3068
26.8841
27.4466
27.9949
28.5298
29.0516
29.561
30.0584
30.5443
31.0189
31.4827
31.9361
32.3792
32.8123
33.2358
33.6498
34.0545
34.4502
34.8368
35.2147
35.5839
35.9445
36.2966
36.6402
36.9755
37.3024
37.621
37.9312
38.2331
38.5266
38.8116
39.088
39.3557
39.6146
39.8645
40.105
40.3361
40.5572
40.7681
40.9683
41.1572
41.3345
41.4994
41.651
41.7888
41.9116
42.0184
42.1082
42.1794
42.2305
42.2597
42.2649
42.2437
42.1931
42.1096
41.9891
41.8265
30.6206
31.6354
32.3745
32.904
33.2706
33.5082
33.6415
33.6895
33.6661
33.5825
33.4474
33.2674
33.0482
32.794
32.5085
32.1946
31.8547
31.4906
31.104
30.696
30.2679
29.8203
29.3538
28.8689
28.3659
27.845
27.3061
26.7491
26.1738
25.58
24.967
24.3344
23.6815
23.0075
22.3115
21.5926
20.8498
20.0823
19.2896
18.472
17.6315
16.7741
15.9138
15.0818
14.3428
13.8123
13.6323
13.863
14.4205
15.1644
15.9892
16.837
17.6799
18.5055
19.3084
20.0871
20.8414
21.572
22.2797
22.9658
23.6312
24.2772
24.9047
25.5146
26.1079
26.6853
27.2477
27.7955
28.3295
28.8503
29.3582
29.8539
30.3378
30.8101
31.2714
31.7219
32.1619
32.5916
33.0114
33.4215
33.822
34.2131
34.5949
34.9677
35.3315
35.6864
36.0326
36.37
36.6987
37.0188
37.3302
37.6329
37.927
38.2123
38.4889
38.7565
39.0152
39.2646
39.5047
39.7351
39.9557
40.1661
40.3659
40.5546
40.7319
40.8972
41.0497
41.1887
41.3135
41.4233
41.5168
41.593
41.6505
41.6879
41.7035
41.6952
41.6607
41.5972
41.5014
41.3696
41.1967
30.3209
31.397
32.1819
32.7463
33.14
33.399
33.5496
33.6117
33.6001
33.5265
33.3998
33.2273
33.0146
32.7663
32.4861
32.1771
31.8417
31.4818
31.0992
30.6953
30.2709
29.827
29.3642
28.8831
28.3838
27.8665
27.3314
26.7783
26.207
25.6172
25.0085
24.3803
23.7319
23.0625
22.3715
21.6576
20.92
20.1579
19.3706
18.5582
17.7223
16.8678
16.0068
15.166
14.4022
13.8208
13.565
13.7199
14.2258
14.9437
15.7584
16.6041
17.4485
18.277
19.0835
19.8656
20.6231
21.3564
22.0665
22.7546
23.4216
24.0688
24.697
25.3073
25.9006
26.4777
27.0393
27.586
28.1186
28.6376
29.1435
29.6368
30.1179
30.5873
31.0452
31.492
31.928
32.3535
32.7687
33.1738
33.5691
33.9546
34.3306
34.6972
35.0545
35.4025
35.7415
36.0713
36.3921
36.7038
37.0066
37.3003
37.5849
37.8605
38.1268
38.3838
38.6315
38.8694
39.0976
39.3158
39.5237
39.7208
39.9069
40.0817
40.2445
40.3948
40.5319
40.6551
40.7637
40.8568
40.9333
40.9921
41.0321
41.0516
41.049
41.0224
40.9696
40.8881
40.7746
40.6255
40.4364
30.0084
31.1497
31.9829
32.5839
33.0059
33.2871
33.4557
33.5323
33.5328
33.4693
33.3513
33.1862
32.9801
32.7376
32.4627
32.1585
31.8276
31.4719
31.0933
30.6932
30.2726
29.8323
29.3731
28.8955
28.3999
27.8863
27.3549
26.8056
26.2381
25.6523
25.0477
24.4238
23.7798
23.1151
22.4288
21.7199
20.9875
20.2307
19.4487
18.6415
17.8103
16.9592
16.0982
15.2506
14.4658
13.839
13.5107
13.5872
14.0359
14.7233
15.5254
16.3677
17.2128
18.0439
18.8534
19.6386
20.3989
21.1347
21.8469
22.5365
23.2047
23.8525
24.481
25.0911
25.6838
26.2599
26.8201
27.3651
27.8956
28.412
28.9151
29.4052
29.8827
30.3481
30.8018
31.244
31.675
32.0952
32.5047
32.9037
33.2926
33.6713
34.0402
34.3992
34.7485
35.0882
35.4183
35.739
36.0502
36.3519
36.6442
36.9269
37.2002
37.4638
37.7177
37.9619
38.196
38.4201
38.6338
38.8368
39.0291
39.21
39.3794
39.5368
39.6815
39.8132
39.9309
40.0343
40.1224
40.1944
40.2491
40.2856
40.3026
40.2986
40.2721
40.2212
40.1437
40.0372
39.8987
39.7249
39.5115
29.6818
30.8921
31.7763
32.4157
32.8673
33.1718
33.3588
33.4504
33.4633
33.4101
33.3009
33.1434
32.9438
32.7072
32.4375
32.1381
31.8115
31.46
31.0854
30.689
30.2719
29.8353
29.3796
28.9055
28.4134
27.9034
27.3756
26.83
26.2663
25.6845
25.0839
24.4641
23.8246
23.1644
22.4828
21.7788
21.0515
20.2999
19.5233
18.7213
17.8949
17.0474
16.1873
15.3345
14.5321
13.8651
13.4686
13.4652
13.8513
14.5035
15.2901
16.1274
16.9725
17.8054
18.6176
19.4054
20.1682
20.9061
21.6198
22.3105
22.9793
23.6272
24.2554
24.8647
25.4562
26.0305
26.5886
27.131
27.6585
28.1716
28.6709
29.1568
29.6297
30.0901
30.5384
30.9748
31.3996
31.8131
32.2156
32.6072
32.9882
33.3586
33.7187
34.0685
34.4081
34.7377
35.0572
35.3667
35.6662
35.9557
36.2352
36.5046
36.7639
37.013
37.2518
37.4802
37.6979
37.9048
38.1007
38.2852
38.4581
38.619
38.7675
38.9031
39.0252
39.1335
39.2271
39.3053
39.3673
39.4123
39.4392
39.4468
39.4339
39.3991
39.3409
39.2574
39.1466
39.006
38.8329
38.624
38.3754
29.3393
30.6229
31.5611
32.2408
32.7233
33.0519
33.2581
33.3652
33.3907
33.3481
33.2477
33.0978
32.9049
32.6741
32.4096
32.1149
31.7927
31.4452
31.0744
30.6817
30.2682
29.835
29.3828
28.9121
28.4234
27.9169
27.3927
26.8507
26.2908
25.7128
25.1162
24.5006
23.8653
23.2095
22.5326
21.8335
21.1113
20.3649
19.5935
18.7968
17.9753
17.1316
16.2731
15.4166
14.5996
13.8974
13.4374
13.3538
13.6723
14.2842
15.0521
15.8826
16.7266
17.5609
18.3752
19.1653
19.9301
20.6695
21.3843
22.0755
22.7443
23.3917
24.0188
24.6265
25.2159
25.7877
26.3427
26.8816
27.4051
27.9137
28.4081
28.8886
29.3557
29.8098
30.2513
30.6805
31.0976
31.503
31.8968
32.2793
32.6506
33.0109
33.3602
33.6987
34.0265
34.3436
34.6501
34.946
35.2312
35.5057
35.7696
36.0227
36.2649
36.4962
36.7163
36.9252
37.1226
37.3083
37.482
37.6434
37.7922
37.928
38.0503
38.1587
38.2524
38.3311
38.3938
38.4399
38.4686
38.4787
38.4693
38.4393
38.3872
38.3119
38.2116
38.0845
37.9285
37.7414
37.5203
37.2622
36.9634
28.9794
30.3408
31.3359
32.0582
32.573
32.9267
33.1527
33.2757
33.3142
33.2823
33.1909
33.0487
32.8624
32.6374
32.3781
32.088
31.7701
31.4266
31.0595
30.6703
30.2604
29.8305
29.3817
28.9144
28.429
27.9259
27.4052
26.8667
26.3105
25.7363
25.1436
24.5321
23.901
23.2497
22.5774
21.8831
21.1658
20.4246
19.6586
18.8671
18.0506
17.2111
16.3546
15.4958
14.6668
13.9342
13.4159
13.2531
13.4994
14.0655
14.8111
15.6329
16.4747
17.3096
18.1254
18.9173
19.6834
20.4238
21.1391
21.8302
22.4982
23.1442
23.7693
24.3746
24.9609
25.529
26.0798
26.6141
27.1323
27.6352
28.1232
28.597
29.0567
29.503
29.936
30.3562
30.7638
31.1591
31.5422
31.9134
32.2728
32.6205
32.9566
33.2813
33.5945
33.8964
34.1868
34.4659
34.7335
34.9896
35.2342
35.467
35.6881
35.8972
36.0942
36.2789
36.4509
36.61
36.756
36.8884
37.0069
37.1109
37.2
37.2737
37.3312
37.3719
37.3949
37.3995
37.3847
37.3495
37.2927
37.213
37.1093
36.9799
36.823
36.6371
36.4197
36.1687
35.8811
35.5541
35.184
28.6004
30.0444
31.0996
31.8666
32.4153
32.7952
33.0417
33.1811
33.2328
33.2118
33.1296
32.995
32.8153
32.5961
32.3419
32.0564
31.7427
31.4031
31.0396
30.654
30.2473
29.8208
29.3752
28.9112
28.4291
27.9293
27.4119
26.877
26.3244
25.7539
25.1651
24.5576
23.9307
23.2838
22.6161
21.9266
21.2143
20.4782
19.7174
18.9313
18.1199
17.2847
16.4309
15.5708
14.7321
13.9733
13.4024
13.1623
13.3327
13.8475
14.5668
15.3776
16.2158
17.0505
17.8671
18.66
19.427
20.1676
20.8825
21.5726
22.239
22.8827
23.5048
24.1064
24.6884
25.2516
25.7969
26.3249
26.8364
27.3319
27.812
28.277
28.7276
29.1639
29.5865
29.9955
30.3912
30.774
31.1438
31.501
31.8457
32.1779
32.4977
32.8052
33.1004
33.3833
33.6538
33.912
34.1578
34.3909
34.6114
34.8189
35.0135
35.1949
35.3627
35.5168
35.6568
35.7823
35.8931
35.9885
36.0682
36.1316
36.1781
36.2068
36.2174
36.2087
36.18
36.1302
36.0584
35.9631
35.8433
35.6976
35.5244
35.3221
35.0888
34.8224
34.5209
34.1816
33.8021
33.3788
32.9085
28.2006
29.7321
30.8511
31.6651
32.2493
32.6563
32.924
33.0802
33.1455
33.1356
33.0626
32.9358
32.7626
32.5491
32.3
32.019
31.7093
31.3735
31.0136
30.6313
30.2279
29.8046
29.3621
28.9012
28.4224
27.9258
27.4118
26.8803
26.3312
25.7643
25.1794
24.5758
23.9531
23.3106
22.6474
21.9627
21.2554
20.5245
19.769
18.9882
18.1819
17.3513
16.5006
15.6403
14.794
14.013
13.3947
13.0807
13.1722
13.63
14.3186
15.1158
15.949
16.7823
17.5991
18.3922
19.1591
19.8991
20.6127
21.3008
21.9643
22.6044
23.2222
23.8187
24.3949
24.9516
25.4896
26.0097
26.5125
26.9986
27.4685
27.9226
28.3616
28.7855
29.1949
29.5899
29.9709
30.3379
30.6913
31.031
31.3573
31.6701
31.9695
32.2555
32.5282
32.7873
33.033
33.2649
33.4831
33.6872
33.8773
34.0529
34.2138
34.3598
34.4905
34.6055
34.7045
34.7868
34.8522
34.8998
34.9292
34.9397
34.9304
34.9005
34.8491
34.7753
34.6779
34.5556
34.4075
34.2318
34.0273
33.7922
33.5248
33.2233
32.8856
32.5095
32.093
31.6333
31.1281
30.5743
29.9694
27.7782
29.4025
30.5889
31.4524
32.0737
32.509
32.7987
32.9722
33.0513
33.0526
32.9888
32.8697
32.7032
32.4953
32.251
31.9744
31.6687
31.3365
30.98
30.601
30.2007
29.7805
29.3411
28.8832
28.4075
27.9141
27.4032
26.8751
26.3295
25.7662
25.185
24.5854
23.9668
23.3286
22.67
21.99
21.2877
20.562
19.8118
19.0364
18.2354
17.4096
16.5625
15.7027
14.8508
14.051
13.3909
13.0067
13.0177
13.413
14.066
14.8465
15.6729
16.5036
17.3195
18.1119
18.8777
19.616
20.3271
21.0118
21.6711
22.306
22.9178
23.5075
24.0759
24.624
25.1526
25.6624
26.154
26.6281
27.0851
27.5255
27.9497
28.358
28.7507
29.1282
29.4905
29.8379
30.1704
30.4881
30.7912
31.0796
31.3533
31.6122
31.8562
32.0852
32.2992
32.4977
32.6807
32.8478
32.9988
33.1333
33.251
33.3513
33.4338
33.4981
33.5435
33.5694
33.5751
33.5598
33.5228
33.4631
33.3796
33.2714
33.1373
32.976
32.7862
32.5663
32.315
32.0304
31.711
31.3551
30.9608
30.5264
30.05
29.53
28.9652
28.3545
27.6971
26.9934
26.244
