29.7298
30.4263
31.0723
31.6698
32.2203
32.7259
33.1889
33.6114
33.9956
34.3433
34.6565
34.937
35.1867
35.407
35.5996
35.7656
35.9065
36.0236
36.1179
36.1905
36.2422
36.274
36.2867
36.2811
36.2578
36.2175
36.1608
36.088
36
35.897
35.7793
35.6476
35.5021
35.3431
35.1708
34.9857
34.7878
34.5775
34.3548
34.12
33.8731
33.6143
33.3436
33.0611
32.7667
32.4606
32.1426
31.8128
31.471
31.1171
30.751
30.3725
29.9814
29.5775
29.1605
28.73
28.2858
27.8275
27.3545
26.8664
26.3627
25.8428
25.3059
24.7514
24.1785
23.5862
22.9736
22.3396
21.6832
21.0032
20.2986
19.5682
18.8113
18.0282
17.2204
16.3931
15.5589
14.7465
14.0171
13.4835
13.2922
13.5185
14.0834
14.8384
15.6725
16.5266
17.3731
18.1997
19.0012
19.7758
20.5235
21.245
21.9402
22.6103
23.256
23.8782
24.4767
25.0519
25.6043
26.1332
26.6384
27.1196
27.5753
28.0049
28.4062
28.7776
29.1159
29.4184
29.6805
29.8968
30.0608
30.1637
30.1944
30.1383
29.976
29.6811
29.2177
28.5349
27.5602
26.1887
24.2736
33.0793
33.6237
34.1206
34.573
34.9839
35.356
35.6915
35.9928
36.2616
36.5
36.7097
36.8922
37.0491
37.1815
37.2908
37.3781
37.4446
37.4909
37.5183
37.5275
37.519
37.4938
37.4524
37.3953
37.3233
37.2366
37.1358
37.0213
36.8934
36.7525
36.599
36.433
36.2549
36.0649
35.8632
35.65
35.4255
35.1898
34.9429
34.6851
34.4164
34.1369
33.8465
33.5452
33.2331
32.9102
32.5763
32.2313
31.8753
31.5079
31.1291
30.7386
30.3363
29.9218
29.495
29.0553
28.6027
28.1365
27.6563
27.1617
26.6521
26.1268
25.5854
25.0268
24.4505
23.8555
23.2408
22.6055
21.9484
21.2684
20.5644
19.8353
19.0803
18.2992
17.4935
16.6672
15.8313
15.0101
14.2573
13.6748
13.4085
13.5573
14.0698
14.7996
15.6253
16.4794
17.3297
18.1616
18.9692
19.7502
20.5045
21.2317
21.9329
22.6088
23.2604
23.8876
24.4916
25.072
25.6291
26.1632
26.6732
27.1593
27.6203
28.0547
28.4614
28.838
29.1825
29.4913
29.7604
29.9847
30.1578
30.2715
30.3151
30.2746
30.1318
29.8619
29.4309
28.7913
27.8752
26.5849
24.7802
35.689
36.1128
36.4944
36.8369
37.1431
37.4155
37.6563
37.8677
38.0511
38.2086
38.3414
38.4509
38.5385
38.6051
38.652
38.6799
38.6898
38.6826
38.659
38.6195
38.5649
38.4957
38.4125
38.3156
38.2056
38.0827
37.9474
37.8001
37.6409
37.4702
37.2881
37.0951
36.8911
36.6764
36.4513
36.2157
35.9698
35.7138
35.4476
35.1714
34.8852
34.5889
34.2827
33.9664
33.6401
33.3036
32.9569
32.5999
32.2324
31.8542
31.4653
31.0654
30.6542
30.2314
29.7969
29.3502
28.8909
28.4188
27.9332
27.4337
26.9198
26.3908
25.8461
25.285
24.7066
24.1102
23.4947
22.8591
22.2023
21.5233
20.8208
20.0938
19.3414
18.5633
17.7604
16.9362
16.0998
15.2723
14.4999
13.8746
13.5375
13.607
14.0615
14.7621
15.5772
16.4302
17.2839
18.1211
18.9349
19.7223
20.483
21.2164
21.9237
22.6059
23.2629
23.8961
24.5052
25.0911
25.6534
26.1926
26.7078
27.199
27.6651
28.1047
28.5169
28.8994
29.2498
29.565
29.8413
30.0737
30.2561
30.3804
30.4367
30.4116
30.2877
30.0417
29.6415
29.0427
28.1818
26.9676
25.2692
37.728
38.064
38.3615
38.6236
38.8531
39.0523
39.2232
39.3678
39.4878
39.5846
39.6597
39.7142
39.7492
39.7658
39.7649
39.7473
39.7138
39.6651
39.6018
39.5246
39.4339
39.3303
39.2141
39.0858
38.9457
38.7942
38.6316
38.458
38.2738
38.0792
37.8744
37.6595
37.4348
37.2002
36.9561
36.7025
36.4393
36.1669
35.885
35.5939
35.2935
34.9838
34.6647
34.3363
33.9984
33.651
33.2941
32.9273
32.5507
32.164
31.767
31.3595
30.9413
30.5121
30.0716
29.6195
29.1553
28.6786
28.1891
27.6862
27.1693
26.6379
26.0912
25.5287
24.9494
24.3525
23.7372
23.1023
22.4467
21.7695
21.0694
20.3452
19.5961
18.8216
18.0224
17.2011
16.3654
15.5335
14.7454
14.0828
13.68
13.6696
14.0609
14.7276
15.5297
16.3806
17.2372
18.0798
18.8998
19.6938
20.4609
21.2009
21.9148
22.6028
23.2661
23.9047
24.5197
25.1109
25.6789
26.2234
26.7439
27.2404
27.7118
28.1572
28.5749
28.9632
29.3199
29.6419
29.9255
30.1661
30.3576
30.4926
30.5613
30.5512
30.4458
30.2229
29.8521
29.292
28.4833
27.3406
25.7412
39.3427
39.6156
39.8521
40.0554
40.2284
40.3732
40.492
40.5867
40.6587
40.7096
40.7406
40.7529
40.7476
40.7255
40.6875
40.6344
40.5669
40.4856
40.3911
40.284
40.1647
40.0336
39.8912
39.7378
39.5736
39.399
39.2143
39.0196
38.8152
38.6013
38.3779
38.1454
37.9037
37.653
37.3934
37.125
36.8478
36.5619
36.2673
35.964
35.652
35.3313
35.0018
34.6635
34.3164
33.9602
33.5949
33.2203
32.8364
32.4428
32.0395
31.6262
31.2026
30.7684
30.3234
29.8672
29.3994
28.9195
28.4273
27.9221
27.4033
26.8706
26.323
25.76
25.1808
24.5844
23.97
23.3367
22.6832
22.0085
21.3114
20.5908
19.8457
19.0754
18.2804
17.4628
16.6291
15.7946
14.9942
14.2996
13.8366
13.747
14.0705
14.6982
15.4845
16.332
17.1912
18.0389
18.8653
19.666
20.44
21.1866
21.9071
22.6014
23.2709
23.9159
24.5365
25.1337
25.7073
26.2574
26.7835
27.2855
27.7626
28.2136
28.6373
29.0318
29.395
29.7239
30.015
30.2638
30.4645
30.6101
30.6912
30.6959
30.6082
30.4075
30.0652
29.5421
28.7822
27.7068
26.2005
40.6393
40.8667
41.0588
41.2188
41.3498
41.454
41.5335
41.5901
41.6255
41.6411
41.6381
41.6176
41.5807
41.5283
41.4611
41.3799
41.2854
41.1782
41.0588
40.9277
40.7854
40.6323
40.4686
40.2948
40.1111
39.9178
39.7151
39.5032
39.2822
39.0524
38.8139
38.5668
38.3112
38.0473
37.775
37.4944
37.2057
36.9087
36.6036
36.2904
35.9689
35.6392
35.3012
34.9549
34.6001
34.2368
33.8649
33.4841
33.0944
32.6954
32.2872
31.8693
31.4415
31.0037
30.5553
30.0962
29.6259
29.144
28.6501
28.1436
27.624
27.0908
26.5433
25.9807
25.4023
24.8073
24.1947
23.5636
22.9129
22.2414
21.548
20.8316
20.091
19.3257
18.5355
17.7224
16.8916
16.0563
15.2464
14.5249
14.0077
13.8408
14.0924
14.6762
15.4435
16.2862
17.1473
18.0003
18.833
19.6407
20.4217
21.1753
21.9026
22.6039
23.2795
23.9308
24.5579
25.1611
25.7407
26.2967
26.8286
27.3365
27.8194
28.2765
28.7063
29.1072
29.477
29.8132
30.112
30.3692
30.5793
30.7355
30.8289
30.848
30.7778
30.5986
30.2832
29.7951
29.0822
28.0695
26.6506
41.6929
41.8876
42.0472
42.1753
42.2749
42.3484
42.3979
42.4254
42.4325
42.4206
42.391
42.3448
42.283
42.2064
42.116
42.0124
41.8962
41.7681
41.6286
41.4781
41.317
41.1459
40.9649
40.7744
40.5747
40.366
40.1484
39.9223
39.6877
39.4448
39.1937
38.9346
38.6675
38.3925
38.1097
37.8191
37.5208
37.2148
36.901
36.5795
36.2503
35.9132
35.5683
35.2155
34.8546
34.4856
34.1083
33.7226
33.3283
32.9252
32.5132
32.0919
31.6611
31.2206
30.77
30.309
29.8371
29.3541
28.8594
28.3526
27.833
27.3002
26.7535
26.1921
25.6154
25.0225
24.4124
23.7843
23.137
22.4693
21.7803
21.0686
20.3332
19.5733
18.7887
17.9809
17.154
16.3194
15.5026
14.7589
14.1934
13.9526
14.1291
14.6635
15.4084
16.2447
17.1073
17.9652
18.8046
19.6195
20.4079
21.1687
21.9032
22.6115
23.2943
23.9522
24.5857
25.1953
25.7809
26.3431
26.8814
27.3955
27.8849
28.3482
28.7845
29.1921
29.5689
29.9123
30.219
30.4849
30.7046
30.8714
30.977
31.0104
30.9573
30.7987
30.5095
30.0545
29.3855
28.4321
27.0951
42.5574
42.7287
42.8647
42.9692
43.0452
43.0954
43.1221
43.127
43.1121
43.0787
43.0281
42.9614
42.8797
42.7839
42.6747
42.553
42.4192
42.2741
42.1181
41.9517
41.7754
41.5894
41.3941
41.1898
40.9768
40.7553
40.5254
40.2875
40.0415
39.7877
39.5261
39.257
38.9803
38.6961
38.4046
38.1057
37.7994
37.4858
37.1649
36.8366
36.501
36.1579
35.8074
35.4492
35.0834
34.7099
34.3284
33.9389
33.5411
33.1349
32.7201
32.2963
31.8635
31.4213
30.9693
30.5072
30.0348
29.5514
29.0568
28.5504
28.0316
27.5
26.9548
26.3954
25.8211
25.2309
24.624
23.9996
23.3563
22.6932
22.0091
21.3028
20.5732
19.8194
19.041
18.2391
17.4171
16.5846
15.7635
15.0018
14.3942
14.0834
14.183
14.6629
15.3813
16.2093
17.0728
17.9357
18.7818
19.6042
20.4003
21.1693
21.9109
22.6266
23.3165
23.9815
24.6219
25.2383
25.8308
26.3996
26.9445
27.4654
27.9611
28.4312
28.8743
29.289
29.6733
30.0244
30.3393
30.6139
30.8433
31.021
31.1388
31.1862
31.1497
31.0114
30.747
30.3241
29.6962
28.7992
27.538
43.2722
43.427
43.546
43.6331
43.6915
43.7241
43.7331
43.7206
43.6884
43.638
43.5707
43.4878
43.3901
43.2787
43.1543
43.0178
42.8697
42.7106
42.5411
42.3615
42.1724
41.9741
41.7669
41.5512
41.327
41.0948
40.8546
40.6067
40.3512
40.0883
39.8179
39.5404
39.2556
38.9638
38.6649
38.359
38.0461
37.7262
37.3994
37.0655
36.7246
36.3767
36.0216
35.6592
35.2895
34.9124
34.5277
34.1352
33.7349
33.3265
32.9097
32.4845
32.0504
31.6072
31.1547
30.6924
30.2201
29.7372
29.2433
28.7381
28.2209
27.6911
27.1482
26.5915
26.0202
25.4335
24.8306
24.2103
23.5718
22.9139
22.2354
21.5351
20.8119
20.0648
19.2933
18.4981
17.682
16.8529
16.0297
15.2541
14.6102
14.2346
14.2566
14.6768
15.3647
16.1824
17.0458
17.9136
18.7667
19.597
20.4012
21.1784
21.9284
22.6519
23.3495
24.0219
24.6697
25.2933
25.8929
26.4688
27.0206
27.5486
28.0514
28.5286
28.979
29.4013
29.7932
30.1524
30.476
30.7597
30.9991
31.1876
31.3176
31.3791
31.359
31.2402
30.9999
30.6069
30.0186
29.1734
27.9837
43.8662
44.01
44.117
44.1915
44.2368
44.256
44.2516
44.2255
44.1798
44.116
44.0354
43.9393
43.8287
43.7046
43.5679
43.4192
43.2592
43.0885
42.9078
42.7173
42.5176
42.3089
42.0917
41.8663
41.6328
41.3915
41.1427
40.8864
40.6228
40.3521
40.0743
39.7896
39.4981
39.1998
38.8947
38.583
38.2645
37.9395
37.6077
37.2693
36.9241
36.5722
36.2134
35.8477
35.475
35.0952
34.708
34.3135
33.9114
33.5015
33.0837
32.6576
32.223
31.7797
31.3273
30.8655
30.394
29.9123
29.42
28.9166
28.4016
27.8744
27.3345
26.7812
26.2136
25.631
25.0326
24.4173
23.7842
23.1321
22.4599
21.7663
21.0502
20.3106
19.5467
18.759
17.9497
17.1255
16.3023
15.5163
14.8419
14.4073
14.3523
14.7084
15.3612
16.1661
17.0287
17.9012
18.7617
19.6003
20.4131
21.199
21.9575
22.6894
23.3953
24.0757
24.7314
25.3631
25.9704
26.5538
27.1132
27.6487
28.1591
28.6439
29.1024
29.5324
29.9327
30.3004
30.6329
30.9261
31.1757
31.3753
31.5177
31.593
31.589
31.4892
31.2718
30.9079
30.3562
29.5599
28.4368
44.3616
44.4984
44.5974
44.6629
44.6988
44.708
44.6932
44.6567
44.6004
44.5259
44.4346
44.3279
44.2069
44.0724
43.9254
43.7667
43.5968
43.4166
43.2263
43.0266
42.818
42.6006
42.375
42.1413
41.8999
41.6509
41.3947
41.1312
40.8608
40.5835
40.2994
40.0087
39.7114
39.4076
39.0973
38.7806
38.4576
38.1281
37.7923
37.4501
37.1015
36.7464
36.3847
36.0164
35.6415
35.2596
34.8709
34.475
34.0718
33.6612
33.2429
32.8167
32.3823
31.9395
31.488
31.0273
30.5573
30.0774
29.5873
29.0865
28.5744
28.0505
27.5142
26.9649
26.4018
25.824
25.2309
24.6213
23.9943
23.3488
22.6836
21.9974
21.2892
20.5577
19.8023
19.023
18.2216
17.4035
16.5825
15.7895
15.0901
14.6026
14.4728
14.7608
15.3738
16.1633
17.0242
17.9014
18.7695
19.617
20.439
21.2342
22.002
22.7429
23.4576
24.1471
24.8113
25.4511
26.067
26.6586
27.2262
27.7698
28.2884
28.7817
29.2482
29.687
30.0958
30.4727
30.8144
31.1176
31.3776
31.5885
31.7433
31.8325
31.8442
31.7629
31.5677
31.2308
30.7139
29.9633
28.902
44.7754
44.9084
45.0023
45.0618
45.0909
45.0928
45.0703
45.0257
44.961
44.8781
44.7783
44.663
44.5333
44.3903
44.2349
44.0678
43.8897
43.7013
43.5031
43.2957
43.0794
42.8546
42.6217
42.381
42.1328
41.8773
41.6146
41.345
41.0687
40.7857
40.4962
40.2003
39.8981
39.5896
39.275
38.9541
38.6272
38.2941
37.955
37.6097
37.2583
36.9007
36.5369
36.1667
35.7901
35.4069
35.0171
34.6205
34.2169
33.8062
33.3881
32.9624
32.5288
32.0872
31.6371
31.1784
30.7105
30.2331
29.7459
29.2482
28.7397
28.2198
27.6879
27.1433
26.5853
26.0132
25.426
24.8229
24.2027
23.5646
22.9072
22.2293
21.5298
20.8074
20.0613
19.2914
18.499
17.6885
16.8717
16.075
15.3558
14.8221
14.6206
14.8378
15.4062
16.1775
17.0355
17.9174
18.7936
19.6505
20.4826
21.2878
22.0655
22.8163
23.541
24.2396
24.9131
25.5623
26.1869
26.7878
27.3642
27.9167
28.4441
28.9463
29.4218
29.8696
30.2879
30.674
31.0257
31.3391
31.6097
31.8322
31.9993
32.1022
32.1294
32.0658
31.8919
31.5809
31.0967
30.3887
29.3849
45.1207
45.2523
45.3435
45.3993
45.4238
45.4205
45.3922
45.3415
45.2703
45.1807
45.074
44.9517
44.8151
44.665
44.5025
44.3284
44.1433
43.9481
43.7431
43.529
43.3062
43.075
42.8359
42.5892
42.3351
42.0738
41.8056
41.5307
41.2493
40.9614
40.6672
40.3668
40.0604
39.7479
39.4295
39.1051
38.7749
38.4389
38.097
37.7493
37.3957
37.0362
36.6707
36.2992
35.9215
35.5376
35.1474
34.7506
34.3472
33.937
33.5196
33.0951
32.663
32.2231
31.7752
31.3188
30.8537
30.3795
29.8958
29.4021
28.8978
28.3826
27.8558
27.3167
26.7646
26.1989
25.6185
25.0227
24.4103
23.7804
23.1317
22.4631
21.7732
21.0609
20.3253
19.5659
18.7838
17.9825
17.1718
16.3745
15.6406
15.0673
14.7989
14.9436
15.4628
16.2127
17.0667
17.9533
18.838
19.7052
20.5481
21.3643
22.153
22.9149
23.6497
24.359
25.0427
25.7019
26.3363
26.9469
27.533
28.095
28.632
29.1437
29.629
30.0862
30.5142
30.9105
31.2722
31.596
31.8776
32.1116
32.2911
32.4074
32.4495
32.4029
32.2489
31.9622
31.5083
30.8397
29.8887
45.4079
45.54
45.6304
45.6843
45.706
45.6991
45.6666
45.6112
45.5351
45.4401
45.3279
45.2
45.0575
44.9016
44.7331
44.5531
44.3621
44.161
43.9502
43.7303
43.5018
43.2651
43.0206
42.7686
42.5093
42.243
41.97
41.6905
41.4045
41.1123
40.8141
40.5098
40.1997
39.8837
39.5621
39.2347
38.9018
38.5633
38.2192
37.8695
37.5142
37.1533
36.7867
36.4144
36.0362
35.6521
35.2619
34.8655
34.4628
34.0536
33.6377
33.2148
32.7847
32.3472
31.902
31.4488
30.9871
30.5168
30.0372
29.5481
29.0489
28.5391
28.0181
27.4853
26.9401
26.3815
25.8089
25.2213
24.6176
23.997
23.3581
22.6998
22.0207
21.3198
20.5958
19.8484
19.078
18.2875
17.4853
16.6906
15.9467
15.3407
15.0111
15.0831
15.5488
16.274
17.1228
18.0141
18.908
19.7863
20.6412
21.4696
22.2706
23.0439
23.7904
24.511
25.2061
25.8759
26.5214
27.1422
27.7391
28.3114
28.8586
29.3805
29.8759
30.3434
30.7815
31.1878
31.5599
31.8943
32.1868
32.4321
32.6236
32.7528
32.8092
32.7788
32.6435
32.3791
31.9533
31.3208
30.418
45.6449
45.7792
45.8703
45.9237
45.9439
45.9348
45.8994
45.8406
45.7607
45.6615
45.5449
45.4123
45.2649
45.1041
44.9306
44.7455
44.5494
44.3432
44.1274
43.9025
43.669
43.4274
43.1781
42.9213
42.6575
42.3868
42.1095
41.8258
41.5358
41.2398
40.9379
40.6302
40.3169
39.9979
39.6734
39.3436
39.0083
38.6677
38.3218
37.9706
37.6141
37.2522
36.8849
36.5122
36.134
35.7501
35.3605
34.965
34.5636
34.1559
33.7419
33.3213
32.8938
32.4593
32.0175
31.568
31.1104
30.6446
30.17
29.6862
29.1929
28.6893
28.175
27.6494
27.1118
26.5615
25.9976
25.4193
24.8255
24.2153
23.5874
22.9407
22.2739
21.5856
20.8749
20.141
19.384
18.6064
17.8149
17.0261
16.2773
15.6454
15.2612
15.262
15.6706
16.3677
17.21
18.1062
19.0102
19.9009
20.769
21.6107
22.425
23.2113
23.9709
24.7037
25.411
26.093
26.7498
27.3823
27.9903
28.5736
29.1318
29.664
30.1699
30.6478
31.0961
31.5128
31.8952
32.2399
32.5429
32.7991
33.0019
33.1433
33.2128
33.1971
33.079
32.8353
32.4351
31.8351
30.9762
45.8384
45.9761
46.0691
46.1231
46.143
46.1326
46.0954
46.0342
45.9513
45.8488
45.7286
45.5921
45.4408
45.2757
45.098
44.9084
44.708
44.4972
44.2769
44.0475
43.8097
43.5637
43.31
43.0491
42.7811
42.5064
42.2252
41.9377
41.6442
41.3447
41.0395
40.7287
40.4124
40.0908
39.7639
39.4318
39.0945
38.7522
38.4049
38.0525
37.695
37.3326
36.965
36.5924
36.2145
35.8313
35.4428
35.0487
34.649
34.2434
33.8318
33.414
32.9898
32.5589
32.121
31.6759
31.2233
30.7627
30.2938
29.8162
29.3295
28.833
28.3264
27.809
27.2802
26.7391
26.1852
25.6174
25.0348
24.4364
23.821
23.1874
22.5344
21.8606
21.1649
20.4464
19.7051
18.9427
18.1647
17.3852
16.6363
15.9858
15.5546
15.4872
15.8361
16.5018
17.3364
18.2377
19.153
20.0574
20.9402
21.7968
22.6258
23.4265
24.2002
24.9469
25.6674
26.3618
27.0314
27.676
28.2956
28.8902
29.4594
30.0027
30.5189
31.007
31.4653
31.8917
32.2838
32.6382
32.9509
33.217
33.43
33.5823
33.6636
33.6612
33.5583
33.3327
32.9551
32.3849
31.565
45.9935
46.1356
46.2314
46.287
46.3073
46.2966
46.2583
46.1954
46.1103
46.0053
45.8821
45.7424
45.5876
45.4189
45.2374
45.044
44.8396
44.6249
44.4005
44.1671
43.9252
43.6752
43.4176
43.1528
42.881
42.6026
42.3177
42.0268
41.7299
41.4272
41.119
40.8054
40.4865
40.1624
39.8332
39.4992
39.1602
38.8164
38.4679
38.1146
37.7566
37.3938
37.0264
36.6541
36.277
35.8949
35.5079
35.1156
34.7181
34.3151
33.9066
33.4922
33.0718
32.6451
32.2119
31.772
31.3249
30.8703
30.408
29.9375
29.4583
28.97
28.4721
27.9641
27.4451
26.9147
26.3719
25.8161
25.2462
24.6612
24.06
23.4415
22.8042
22.147
21.4686
20.768
20.0449
19.3005
18.5393
17.7732
17.0296
16.3676
15.898
15.7675
16.0554
16.6868
17.5125
18.4196
19.3473
20.2672
21.1665
22.0396
22.8848
23.7016
24.49
25.2513
25.9858
26.694
27.3764
28.0333
28.6647
29.2705
29.8504
30.4039
30.93
31.4275
31.8949
32.3301
32.7307
33.0935
33.4147
33.6891
33.9108
34.0722
34.1633
34.172
34.082
33.8722
33.5144
32.9697
32.1853
46.1142
46.2615
46.3608
46.4187
46.4403
46.4298
46.391
46.327
46.2403
46.1332
46.0076
45.8652
45.7075
45.5356
45.3507
45.1538
44.9458
44.7274
44.4993
44.2622
44.0165
43.7628
43.5015
43.233
42.9576
42.6756
42.3874
42.0931
41.793
41.4874
41.1763
40.8599
40.5385
40.2121
39.8809
39.545
39.2045
38.8594
38.5099
38.1559
37.7976
37.4349
37.0678
36.6962
36.3202
35.9397
35.5545
35.1645
34.7697
34.3699
33.9649
33.5545
33.1386
32.7168
32.289
31.8549
31.4142
30.9666
30.5118
30.0493
29.5788
29.0998
28.6117
28.1143
27.6066
27.0882
26.5583
26.0161
25.4607
24.8911
24.3062
23.7049
23.0859
22.4478
21.7895
21.1098
20.4082
19.6854
18.945
18.1969
17.4644
16.7988
16.3003
16.1137
16.3413
16.9361
17.7521
18.6657
19.6077
20.5448
21.4622
22.3535
23.2163
24.0499
24.8547
25.6311
26.3798
27.1014
27.7964
28.465
29.1074
29.7235
30.313
30.8755
31.4099
31.9153
32.39
32.8324
33.2396
33.6088
33.9362
34.2168
34.4449
34.6131
34.7117
34.7289
34.6492
34.452
34.1107
33.5881
32.8342
46.2038
46.3568
46.4604
46.5211
46.5443
46.5347
46.4959
46.4312
46.3433
46.2345
46.1069
45.9621
45.8017
45.6269
45.4389
45.2388
45.0274
44.8056
44.574
44.3333
44.0841
43.8268
43.5619
43.2898
43.0109
42.7255
42.4339
42.1364
41.8332
41.5245
41.2106
40.8916
40.5677
40.239
39.9058
39.5682
39.2262
38.8799
38.5296
38.1751
37.8166
37.4541
37.0876
36.7171
36.3425
35.9638
35.5809
35.1937
34.8021
34.406
34.0051
33.5993
33.1885
32.7724
32.3508
31.9234
31.49
31.0503
30.6039
30.1505
29.6898
29.2213
28.7446
28.2592
27.7644
27.2598
26.7445
26.218
25.6792
25.1274
24.5613
23.98
23.3822
22.7665
22.1318
21.4767
20.8007
20.1041
19.3895
18.6651
17.9507
17.2905
16.7737
16.5403
16.7106
17.2676
18.0734
18.9946
19.9524
20.9087
21.8459
22.7566
23.6377
24.4885
25.3092
26.1002
26.8624
27.5962
28.3023
28.981
29.6328
30.2571
30.854
31.423
31.9633
32.4742
32.9536
33.4001
33.8113
34.1841
34.5148
34.7989
35.0306
35.2026
35.3059
35.3288
35.2563
35.0689
34.7406
34.2368
33.5088
46.2648
46.4241
46.5323
46.5962
46.6215
46.613
46.5745
46.5095
46.4207
46.3105
46.181
46.0341
45.8712
45.6937
45.5028
45.2996
45.085
44.8598
44.6248
44.3806
44.1278
43.867
43.5985
43.3229
43.0405
42.7516
42.4566
42.1558
41.8494
41.5377
41.2208
40.8991
40.5727
40.2417
39.9065
39.567
39.2235
38.8762
38.525
38.1701
37.8116
37.4495
37.0838
36.7145
36.3417
35.9651
35.5849
35.2009
34.813
34.421
34.0249
33.6244
33.2194
32.8097
32.3951
31.9754
31.5502
31.1194
30.6827
30.2397
29.7901
29.3336
28.8697
28.398
27.9181
27.4292
26.9308
26.4223
25.9028
25.3714
24.8273
24.2694
23.6964
23.1071
22.5004
21.8748
21.2297
20.565
19.8827
19.1894
18.5016
17.8571
17.3347
17.0663
17.1853
17.705
18.5007
19.4305
20.4057
21.3823
22.3399
23.2699
24.1688
25.0355
25.8704
26.6743
27.4473
28.1906
28.9047
29.5902
30.2473
30.8766
31.4772
32.0491
32.5918
33.104
33.5845
34.0318
34.4432
34.8162
35.1469
35.4311
35.663
35.8358
35.9404
35.9658
35.8974
35.7165
35.3982
34.909
34.2034
46.2991
46.465
46.5781
46.6456
46.6733
46.6661
46.6282
46.563
46.4734
46.3619
46.2308
46.0818
45.9165
45.7364
45.5426
45.3363
45.1185
44.89
44.6515
44.4038
44.1474
43.8829
43.6107
43.3315
43.0454
42.7529
42.4544
42.1501
41.8403
41.5253
41.2054
40.8808
40.5516
40.2182
39.8807
39.5393
39.1943
38.8456
38.4936
38.1383
37.7798
37.4181
37.0534
36.6856
36.3147
35.9407
35.5635
35.1831
34.7994
34.4122
34.0214
33.6269
33.2286
32.8261
32.4194
32.0082
31.5924
31.1718
30.7459
30.3147
29.8778
29.4349
28.9857
28.5298
28.0667
27.5959
27.117
26.6293
26.1322
25.6248
25.1063
24.5758
24.0322
23.4744
22.9011
22.3112
21.7038
21.0785
20.437
19.7842
19.1338
18.518
18.0051
17.7171
17.7945
18.2797
19.0655
20.0044
20.9972
21.9934
22.9699
23.9168
24.8302
25.7093
26.554
27.3653
28.1443
28.8918
29.6091
30.2962
30.9538
31.5825
32.1818
32.7517
33.2919
33.801
34.2783
34.7217
35.1294
35.4983
35.8253
36.1058
36.3344
36.5044
36.6071
36.6318
36.5643
36.3867
36.0751
35.5976
34.9111
46.308
46.4809
46.5991
46.6703
46.7004
46.6948
46.6575
46.5922
46.5019
46.3892
46.2564
46.1053
45.9376
45.7548
45.5581
45.3487
45.1276
44.8956
44.6535
44.402
44.1418
43.8735
43.5975
43.3143
43.0243
42.728
42.4256
42.1175
41.8041
41.4855
41.1622
40.8343
40.5021
40.1658
39.8258
39.4823
39.1353
38.7852
38.4322
38.0763
37.7177
37.3565
36.9928
36.6266
36.2579
35.8867
35.513
35.1366
34.7576
34.3757
33.991
33.6032
33.2122
32.8179
32.4201
32.0187
31.6135
31.2042
30.7908
30.3729
29.9504
29.5231
29.0906
28.6527
28.209
27.7591
27.3027
26.8392
26.3681
25.8888
25.4005
24.9025
24.3938
23.8735
23.3406
22.794
22.2328
21.6567
21.0668
20.467
19.8684
19.2977
18.8135
18.5257
18.5761
19.0322
19.8082
20.7544
21.7616
22.7729
23.7624
24.7193
25.6397
26.5231
27.3697
28.1808
28.9582
29.7024
30.4149
31.0967
31.748
32.3697
32.9615
33.5238
34.0555
34.5565
35.0251
35.4603
35.8594
36.2203
36.5394
36.8124
37.0342
37.198
37.2957
37.3165
37.2472
37.0701
36.7625
36.2938
35.6226
46.2925
46.4724
46.596
46.6709
46.7036
46.6994
46.6628
46.5974
46.5063
46.3924
46.2577
46.1045
45.9342
45.7486
45.5488
45.336
45.1113
44.8756
44.6297
44.3742
44.1099
43.8374
43.5572
43.2697
42.9754
42.6748
42.3681
42.0558
41.7382
41.4156
41.0883
40.7566
40.4209
40.0814
39.7384
39.3921
39.0429
38.691
38.3366
37.9799
37.6211
37.2603
36.8976
36.533
36.1666
35.7985
35.4285
35.0566
34.6828
34.3069
33.9289
33.5486
33.1659
32.7808
32.393
32.0025
31.6092
31.2128
30.8134
30.4106
30.0046
29.5949
29.1816
28.7644
28.343
27.9173
27.487
27.0517
26.611
26.1646
25.7119
25.2523
24.7853
24.31
23.8258
23.332
22.8277
22.3129
21.7885
21.2576
20.7293
20.2252
19.7944
19.5328
19.5765
20.0114
20.7758
21.7222
22.7338
23.7484
24.7382
25.6922
26.6069
27.482
28.3186
29.1188
29.8835
30.6145
31.3136
31.9811
32.6185
33.2256
33.8034
34.3514
34.8692
35.3563
35.8116
36.2335
36.6201
36.9687
37.2761
37.5382
37.7498
37.9045
37.9941
38.0085
37.9347
37.7557
37.4496
36.9873
36.3293
46.2531
46.4401
46.569
46.6477
46.6829
46.6801
46.644
46.5783
46.4864
46.3709
46.2343
46.0786
45.9056
45.7168
45.5136
45.2972
45.0686
44.8288
44.5786
44.3187
44.0499
43.7727
43.4877
43.1954
42.8963
42.5908
42.2792
41.962
41.6396
41.3122
40.9803
40.6442
40.3042
39.9607
39.614
39.2644
38.9124
38.5581
38.2018
37.8439
37.4845
37.1238
36.7619
36.399
36.0351
35.6702
35.3042
34.9372
34.5691
34.1999
33.8293
33.4574
33.084
32.7091
32.3326
31.9544
31.5744
31.1927
30.8091
30.4235
30.0361
29.6466
29.2552
28.8618
28.4662
28.0684
27.6684
27.2659
26.8609
26.4531
26.0423
25.6283
25.2107
24.7894
24.3639
23.9339
23.4993
23.0604
22.6182
22.1758
21.7405
21.33
20.9836
20.781
20.8443
21.2676
22.013
22.943
23.9382
24.9345
25.9035
26.8348
27.7256
28.5761
29.3882
30.1633
30.9038
31.6109
32.2864
32.9311
33.5462
34.1318
34.6887
35.2165
35.7147
36.1831
36.6204
37.0251
37.3951
37.728
38.0205
38.2687
38.4675
38.6105
38.69
38.6959
38.6157
38.4331
38.1269
37.6694
37.0223
46.1898
46.384
46.518
46.6004
46.638
46.6364
46.6006
46.5344
46.4413
46.324
46.1851
46.0267
45.8505
45.6582
45.4512
45.2306
44.9977
44.7532
44.4982
44.2334
43.9594
43.6769
43.3865
43.0887
42.784
42.4728
42.1556
41.8327
41.5045
41.1715
40.834
40.4925
40.1473
39.7988
39.4474
39.0936
38.7377
38.3802
38.0214
37.6616
37.3011
36.9402
36.5789
36.2175
35.856
35.4945
35.1329
34.7712
34.4094
34.0474
33.6851
33.3225
32.9596
32.5962
32.2323
31.8679
31.5031
31.1378
30.7721
30.4061
30.0399
29.6736
29.3073
28.9412
28.5754
28.21
27.8451
27.481
27.1175
26.755
26.3935
26.0332
25.6743
25.3169
24.9614
24.6079
24.2572
23.9101
23.5685
23.2358
22.9187
22.6313
22.4037
22.297
22.4096
22.8294
23.5399
24.4242
25.3706
26.3175
27.238
28.1226
28.9687
29.7768
30.5485
31.2855
31.99
32.6632
33.3061
33.9203
34.5061
35.064
35.5944
36.0971
36.5716
37.0171
37.4328
37.8169
38.1676
38.4822
38.7575
38.9897
39.1737
39.3034
39.3711
39.3672
39.2793
39.0917
38.7844
38.3304
37.694
46.1023
46.3036
46.4427
46.5285
46.5682
46.5676
46.5318
46.4648
46.37
46.2506
46.1089
45.9472
45.7674
45.5711
45.3596
45.1344
44.8964
44.6467
44.3862
44.1156
43.8357
43.5472
43.2505
42.9462
42.635
42.3171
41.9931
41.6634
41.3284
40.9885
40.6442
40.296
39.9442
39.5895
39.2322
38.8728
38.512
38.1501
37.7877
37.4251
37.0628
36.701
36.3399
35.9798
35.6207
35.2626
34.9056
34.5497
34.1948
33.8408
33.4878
33.1356
32.7843
32.4338
32.0842
31.7355
31.3877
31.0412
30.6959
30.3522
30.0103
29.6705
29.3332
28.9987
28.6673
28.3395
28.0156
27.6961
27.3814
27.0718
26.7681
26.4707
26.1804
25.8979
25.6242
25.3603
25.1075
24.8676
24.6433
24.4385
24.2598
24.1185
24.0362
24.054
24.2392
24.6597
25.3143
26.1179
26.9788
27.844
28.6891
29.5047
30.2879
31.0385
31.7574
32.446
33.1052
33.7365
34.3407
34.9183
35.4699
35.9958
36.4961
36.9703
37.418
37.8384
38.2301
38.5918
38.9212
39.216
39.4728
39.6878
39.856
39.9715
40.0267
40.0122
39.916
39.7233
39.4144
38.9632
38.3364
45.9901
46.1983
46.3422
46.4312
46.4726
46.4726
46.4363
46.3679
46.2711
46.149
46.004
45.8385
45.6543
45.4532
45.2367
45.006
44.7622
44.5064
44.2395
43.9623
43.6755
43.3798
43.0758
42.764
42.445
42.1191
41.787
41.4491
41.1058
40.7575
40.4048
40.0482
39.6882
39.3255
38.9605
38.5939
38.2264
37.8586
37.4912
37.1246
36.7593
36.3958
36.0344
35.6751
35.3183
34.9639
34.6118
34.2622
33.9149
33.57
33.2273
32.8869
32.5488
32.213
31.8796
31.5487
31.2206
30.8956
30.5738
30.2557
29.9419
29.6328
29.329
29.0312
28.74
28.456
28.18
27.9127
27.6547
27.407
27.1703
26.9458
26.7346
26.5379
26.3572
26.194
26.05
25.9276
25.8295
25.7597
25.7241
25.731
25.7943
25.9382
26.2005
26.6223
27.2089
27.9097
28.6622
29.4255
30.1788
30.9123
31.6221
32.3066
32.9657
33.5999
34.2094
34.7949
35.3565
35.895
36.4101
36.902
37.3704
37.8147
38.2344
38.6284
38.9955
39.3339
39.6417
39.9161
40.1541
40.3516
40.5039
40.605
40.6477
40.6226
40.5185
40.3206
40.0099
39.5624
38.9447
45.8523
46.067
46.2154
46.3071
46.3498
46.3498
46.3125
46.2423
46.1428
46.0172
45.8682
45.6981
45.5089
45.3022
45.0797
44.8426
44.5921
44.3292
44.0548
43.7698
43.475
43.1708
42.8581
42.5374
42.2091
41.8737
41.5319
41.1839
40.8304
40.4718
40.1087
39.7416
39.3712
38.9981
38.6232
38.2471
37.8707
37.4949
37.1205
36.7482
36.3786
36.0123
35.6497
35.2909
34.9362
34.5855
34.2389
33.8963
33.5577
33.223
32.8922
32.5654
32.2426
31.9239
31.6094
31.2994
30.9942
30.6941
30.3998
30.1118
29.8308
29.5577
29.2933
29.0386
28.7946
28.5621
28.3423
28.1359
27.944
27.7677
27.6079
27.4659
27.3431
27.2408
27.1603
27.1032
27.0709
27.0651
27.0881
27.1426
27.2327
27.3637
27.5437
27.7853
28.1068
28.5279
29.0521
29.655
30.3012
30.9631
31.6241
32.2749
32.9105
33.5284
34.1274
34.7065
35.266
35.8055
36.325
36.8242
37.303
37.761
38.1977
38.6126
39.0046
39.3727
39.7155
40.0313
40.3178
40.5724
40.792
40.9726
41.1095
41.1969
41.2277
41.1927
41.0811
40.8786
40.5672
40.1231
39.5157
45.6874
45.9083
46.0608
46.1547
46.1981
46.1975
46.1586
46.0857
45.9828
45.853
45.6992
45.5236
45.3284
45.1152
44.8856
44.641
44.3826
44.1113
43.8282
43.5341
43.2297
42.9156
42.5926
42.2612
41.9218
41.575
41.2214
40.8613
40.4953
40.1239
39.7477
39.3674
38.9837
38.5974
38.2095
37.8209
37.4326
37.046
36.662
36.2817
35.9059
35.5355
35.1708
34.812
34.4594
34.1129
33.7724
33.438
33.1096
32.787
32.4704
32.1598
31.8553
31.557
31.2652
30.9802
30.7025
30.4325
30.1712
29.9192
29.6775
29.4474
29.2301
29.0267
28.8385
28.6668
28.5125
28.3768
28.2606
28.1647
28.0901
28.0375
28.008
28.0022
28.0209
28.0649
28.1346
28.2308
28.3545
28.5071
28.6909
28.9089
29.1654
29.467
29.8217
30.2372
30.7144
31.2421
31.8025
32.3791
32.96
33.5372
34.1058
34.6628
35.2062
35.7347
36.2476
36.7441
37.2239
37.6863
38.1309
38.557
38.964
39.351
39.717
40.0608
40.3808
40.6751
40.9417
41.1778
41.3802
41.5451
41.6678
41.7426
41.7624
41.7187
41.6006
41.3946
41.0829
40.6437
40.0465
45.4941
45.7207
45.8766
45.9721
46.0155
46.0137
45.9723
45.896
45.7888
45.6539
45.4942
45.3121
45.1097
44.8888
44.651
44.3976
44.1299
43.8489
43.5555
43.2507
42.935
42.6093
42.274
41.9298
41.5772
41.2167
40.8487
40.4738
40.0925
39.7052
39.3128
38.9159
38.5152
38.1119
37.707
37.3018
36.8978
36.4965
36.0995
35.7082
35.324
34.9477
34.5799
34.2209
33.8707
33.5293
33.1966
32.8723
32.5564
32.249
31.9501
31.6596
31.3779
31.1051
30.8416
30.5878
30.3442
30.1116
29.891
29.6834
29.49
29.3123
29.1517
29.0097
28.8875
28.7865
28.7074
28.6508
28.6173
28.607
28.62
28.6565
28.7163
28.7993
28.9055
29.0345
29.1863
29.3608
29.5581
29.7789
30.0244
30.2962
30.5969
30.9294
31.2974
31.7035
32.1469
32.6222
33.1205
33.6324
34.15
34.6673
35.18
35.6852
36.1807
36.6649
37.1367
37.5952
38.0396
38.4691
38.883
39.2805
39.6606
40.0224
40.3648
40.6866
40.9858
41.2607
41.5093
41.7285
41.9155
42.0662
42.1762
42.2398
42.2502
42.1991
42.0758
41.8674
41.5569
41.1228
40.537
45.2705
45.5023
45.661
45.7574
45.8
45.7961
45.7513
45.6706
45.558
45.417
45.2503
45.0605
44.8498
44.6198
44.3724
44.1088
43.8302
43.5378
43.2324
42.915
42.5861
42.2466
41.8968
41.5375
41.1691
40.792
40.4068
40.0139
39.6137
39.207
38.7943
38.3764
37.9543
37.529
37.1021
36.675
36.2499
35.8288
35.414
35.0079
34.6121
34.2282
33.8566
33.4977
33.1512
32.8169
32.4945
32.1838
31.8847
31.5972
31.3214
31.0574
30.8054
30.5658
30.339
30.1254
29.9257
29.7409
29.5718
29.4198
29.2861
29.1723
29.0797
29.0096
28.963
28.9404
28.9421
28.9678
29.0171
29.0893
29.1835
29.2991
29.4351
29.591
29.766
29.9596
30.1712
30.4005
30.6476
30.9127
31.1964
31.4998
31.824
32.1707
32.5414
32.9365
33.3552
33.7943
34.249
34.7139
35.184
35.6548
36.1231
36.5863
37.0423
37.4895
37.9266
38.3529
38.7668
39.1678
39.555
39.9275
40.2841
40.6239
40.9456
41.2477
41.5287
41.7867
42.0192
42.2237
42.3971
42.5355
42.6345
42.6886
42.6911
42.6339
42.5068
42.2972
41.989
41.5618
40.9882
45.0148
45.2511
45.4119
45.5083
45.5493
45.5423
45.4932
45.407
45.288
45.1395
44.9646
44.7658
44.5453
44.305
44.0463
43.7708
43.4797
43.1741
42.8547
42.5226
42.1783
41.8225
41.4558
41.0786
40.6915
40.2947
39.8887
39.4741
39.0511
38.6204
38.1826
37.7385
37.2892
36.8358
36.3801
35.9242
35.4707
35.0227
34.5838
34.1575
33.7467
33.3533
32.978
32.6208
32.281
31.9579
31.651
31.3598
31.0844
30.8246
30.5806
30.3527
30.1411
29.9461
29.7681
29.6075
29.465
29.3412
29.2372
29.1538
29.0922
29.0533
29.0379
29.0468
29.0799
29.137
29.2173
29.3199
29.4434
29.5867
29.7485
29.9277
30.1232
30.3341
30.5597
30.7995
31.0529
31.3196
31.5997
31.8931
32.2004
32.522
32.8587
33.2111
33.5798
33.9647
34.3649
34.7784
35.2023
35.6333
36.0681
36.5038
36.9378
37.3678
37.7921
38.2093
38.618
39.0172
39.4057
39.7829
40.1475
40.4986
40.8352
41.1561
41.46
41.7453
42.0107
42.2538
42.4727
42.6645
42.8263
42.9543
43.044
43.0903
43.0864
43.0247
42.8954
42.686
42.3814
41.9616
41.401
44.7251
44.9652
45.1272
45.2228
45.2612
45.2501
45.1955
45.1028
44.9761
44.819
44.6345
44.4253
44.1936
43.9412
43.6697
43.3806
43.0751
42.7542
42.4188
42.0697
41.7076
41.333
40.9465
40.5485
40.1393
39.7193
39.2888
38.8482
38.3977
37.938
37.4695
36.9929
36.5094
36.0202
35.5272
35.0332
34.5416
34.057
33.5848
33.131
32.7006
32.2966
31.9198
31.5688
31.2421
30.9381
30.6558
30.3946
30.1542
29.9346
29.736
29.5585
29.4023
29.2675
29.1541
29.0621
28.9918
28.9433
28.9169
28.9129
28.9316
28.9732
29.0377
29.1247
29.2336
29.3634
29.5128
29.6805
29.8651
30.0653
30.2797
30.5073
30.7473
30.9987
31.2611
31.5338
31.8166
32.1092
32.4116
32.7238
33.0461
33.3787
33.7221
34.0764
34.4419
34.8181
35.2044
35.5994
36.0012
36.4077
36.8166
37.2258
37.6335
38.0377
38.4371
38.8303
39.216
39.5933
39.9611
40.3184
40.6643
40.9976
41.3174
41.6223
41.9112
42.1824
42.4344
42.6652
42.8724
43.0537
43.2058
43.3251
43.4074
43.4474
43.4388
43.374
43.2436
43.0359
42.7359
42.3248
41.7781
44.3997
44.6427
44.8051
44.899
44.9338
44.9175
44.8564
44.7559
44.6203
44.4532
44.2579
44.0368
43.7923
43.5263
43.2403
42.9358
42.6139
42.2757
41.9222
41.5538
41.1714
40.7754
40.3663
39.9442
39.5096
39.0627
38.6035
38.1324
37.6495
37.1551
36.6496
36.1336
35.6078
35.0737
34.5332
33.9893
33.4466
32.9116
32.3928
31.9008
31.4453
31.0315
30.6591
30.3245
30.0235
29.7532
29.5115
29.2972
29.1099
28.9491
28.8149
28.7069
28.6248
28.5677
28.5351
28.5261
28.5399
28.5759
28.6335
28.7122
28.8115
28.9309
29.0696
29.2269
29.4017
29.5929
29.7993
30.0195
30.2524
30.4968
30.7517
31.0163
31.2897
31.5715
31.8611
32.1581
32.4624
32.7737
33.092
33.4174
33.75
34.0899
34.4372
34.7921
35.1545
35.524
35.9001
36.2816
36.6674
37.056
37.4458
37.8353
38.2229
38.6073
38.9872
39.3613
39.7289
40.0885
40.4395
40.7806
41.1112
41.4298
41.7357
42.0274
42.3038
42.5633
42.8042
43.0246
43.2224
43.3949
43.5391
43.6514
43.7278
43.7631
43.7512
43.6848
43.5547
43.3495
43.0552
42.6535
42.1212
44.0372
44.2824
44.4444
44.5355
44.5657
44.5432
44.4745
44.365
44.2193
44.0411
43.8335
43.5992
43.3405
43.0593
42.7571
42.4355
42.0956
41.7382
41.3643
40.9746
40.5696
40.1496
39.715
39.266
38.8027
38.3252
37.8335
37.3275
36.8073
36.2727
35.7239
35.1611
34.5847
33.9959
33.3962
32.7889
32.179
31.5751
30.9909
30.4449
29.9567
29.537
29.1827
28.884
28.6316
28.4193
28.2435
28.1016
27.9921
27.914
27.8662
27.8474
27.8561
27.8906
27.9491
28.0299
28.1313
28.2522
28.3913
28.5477
28.7205
28.9089
29.1119
29.3288
29.5585
29.8002
30.0527
30.315
30.5864
30.8658
31.1526
31.446
31.7457
32.051
32.3618
32.6777
32.9985
33.3242
33.6548
33.9902
34.3304
34.6757
35.0259
35.3812
35.7413
36.1059
36.4745
36.8464
37.2207
37.5963
37.972
38.3467
38.7192
39.0883
39.4531
39.8125
40.1655
40.5112
40.8485
41.1767
41.4947
41.8015
42.096
42.3769
42.643
42.8929
43.1248
43.3367
43.5267
43.6921
43.8301
43.9371
44.009
44.0409
44.027
43.9601
43.8314
43.6301
43.3424
42.951
42.4338
43.6369
43.8836
44.0442
44.1317
44.1564
44.1268
44.0494
43.93
43.7731
43.5825
43.3616
43.1128
42.8387
42.541
42.2213
41.8811
41.5215
41.1434
40.7475
40.3345
39.9048
39.4588
38.9965
38.5181
38.0235
37.5125
36.9849
36.4405
35.8788
35.2995
34.7021
34.0863
33.4522
32.7998
32.1303
31.4462
30.7525
30.0595
29.3864
28.765
28.2341
27.8163
27.5034
27.2724
27.1033
26.9839
26.9069
26.8675
26.8624
26.8891
26.9453
27.0286
27.1366
27.2667
27.4167
27.5846
27.7687
27.9674
28.1796
28.4042
28.6405
28.8876
29.1448
29.4113
29.6866
29.9698
30.2601
30.557
30.8598
31.1678
31.4805
31.7976
32.1186
32.4432
32.7712
33.1025
33.4369
33.7743
34.1149
34.4584
34.8051
35.1549
35.5078
35.8637
36.2224
36.5838
36.9473
37.3124
37.6784
38.0445
38.4099
38.7736
39.1347
39.4923
39.8455
40.1933
40.5349
40.8695
41.1962
41.5139
41.8219
42.119
42.4043
42.6765
42.9343
43.1763
43.4009
43.6061
43.7899
43.9497
44.0828
44.1857
44.2545
44.2843
44.2696
44.2033
44.077
43.8803
43.6
43.2193
42.7175
43.1988
43.4463
43.6049
43.6881
43.7066
43.6689
43.5821
43.4519
43.283
43.0793
42.844
42.58
42.2894
41.9743
41.6361
41.2764
40.8961
40.4961
40.0771
39.6397
39.1842
38.7108
38.2194
37.7101
37.1826
36.6364
36.0713
35.4864
34.881
34.2545
33.6057
32.9338
32.2378
31.5172
30.7718
30.0029
29.2149
28.4184
27.638
26.9216
26.3367
25.9292
25.6861
25.5614
25.5156
25.5253
25.5775
25.6646
25.7816
25.9247
26.0911
26.278
26.483
26.7038
26.9383
27.1849
27.4421
27.7088
27.984
28.2669
28.557
28.8537
29.1564
29.4647
29.7781
30.0962
30.4183
30.7442
31.0734
31.4055
31.7402
32.0772
32.4162
32.7572
33.0999
33.4443
33.7903
34.1379
34.4871
34.8379
35.1902
35.5442
35.8997
36.2567
36.6151
36.9745
37.3347
37.6952
38.0554
38.4148
38.7727
39.1283
39.4809
39.8297
40.174
40.5129
40.8458
41.1715
41.4897
41.7992
42.0992
42.3886
42.6664
42.9316
43.1828
43.4185
43.6372
43.8371
44.016
44.1716
44.3011
44.4011
44.4678
44.4966
44.482
44.4173
44.2943
44.1028
43.8306
43.4616
42.9752
42.7242
42.972
43.1281
43.2065
43.2182
43.172
43.0753
42.9338
42.7523
42.535
42.285
42.0052
41.6978
41.3648
41.0079
40.6282
40.2269
39.8047
39.3624
38.9004
38.4189
37.9179
37.3975
36.8573
36.297
35.7159
35.1134
34.4885
33.8402
33.1672
32.4681
31.7413
30.9852
30.1983
29.3794
28.5288
27.6494
26.7524
25.8661
25.0526
24.4097
24.016
23.8601
23.8677
23.9709
24.1302
24.3256
24.5468
24.7881
25.0457
25.3172
25.6004
25.8937
26.1956
26.5046
26.8198
27.1403
27.4653
27.7943
28.127
28.4628
28.8015
29.1429
29.4867
29.8326
30.1804
30.5298
30.8806
31.2325
31.5854
31.9391
32.2934
32.6483
33.0035
33.3592
33.7151
34.0714
34.428
34.785
35.1423
35.5
35.858
36.2164
36.575
36.9337
37.2923
37.6505
38.008
38.3643
38.719
39.0715
39.4212
39.7676
40.1098
40.4473
40.7794
41.1054
41.4245
41.736
42.0389
42.3324
42.6158
42.8878
43.1474
43.3933
43.6241
43.8382
44.0339
44.2092
44.3617
44.4885
44.5866
44.6523
44.681
44.6673
44.605
44.486
44.3006
44.0369
43.6795
43.2094
42.2154
42.4635
42.6169
42.6902
42.6949
42.6401
42.5332
42.3804
42.1864
41.9554
41.6908
41.3954
41.0715
40.721
40.3456
39.9465
39.5247
39.0812
38.6164
38.1307
37.6243
37.0972
36.5492
35.98
35.389
34.7755
34.1385
33.4771
32.7898
32.0751
31.3313
30.5565
29.7485
28.9053
28.0253
27.1079
26.1562
25.1816
24.2153
23.3273
22.6364
22.253
22.1773
22.3121
22.5602
22.8638
23.195
23.5411
23.896
24.2569
24.622
24.9902
25.3608
25.7331
26.1066
26.4809
26.8556
27.2306
27.6057
27.9808
28.3557
28.7305
29.105
29.4793
29.8532
30.2268
30.5998
30.9724
31.3442
31.7154
32.0859
32.4555
32.8243
33.1924
33.5595
33.9259
34.2915
34.6563
35.0205
35.3839
35.7466
36.1087
36.4701
36.8306
37.1903
37.5489
37.9063
38.262
38.6158
38.9673
39.3161
39.6616
40.0033
40.3406
40.6731
41
41.3207
41.6345
41.9408
42.2387
42.5273
42.8058
43.0733
43.3284
43.5702
43.7972
44.0079
44.2004
44.3729
44.5231
44.6483
44.7454
44.8108
44.8401
44.8282
44.7688
44.6543
44.4756
44.2208
43.8757
43.4214
41.6764
41.9248
42.0756
42.1441
42.142
42.0789
41.9623
41.7985
41.5926
41.3486
41.0701
40.7599
40.4204
40.0535
39.6609
39.2438
38.8033
38.3401
37.8548
37.3477
36.819
36.2687
35.6964
35.1018
34.4843
33.8431
33.1772
32.4854
31.7663
31.0183
30.2396
29.4281
28.5818
27.6984
26.7765
25.8159
24.82
23.8011
22.7913
21.8623
21.1404
20.7582
20.7354
20.9668
21.3319
21.7557
22.2016
22.6538
23.1058
23.5547
23.9997
24.4405
24.8772
25.3097
25.7383
26.1632
26.5844
27.0022
27.4168
27.8283
28.2369
28.6427
29.0459
29.4467
29.845
30.2411
30.6349
31.0265
31.416
31.8034
32.1888
32.5721
32.9535
33.333
33.7106
34.0864
34.4605
34.8329
35.2037
35.5729
35.9405
36.3066
36.671
37.0339
37.395
37.7543
38.1114
38.4664
38.8187
39.1682
39.5144
39.8569
40.1953
40.5291
40.8578
41.1808
41.4976
41.8074
42.1097
42.4036
42.6884
42.9631
43.2269
43.4787
43.7173
43.9414
44.1494
44.3396
44.5103
44.659
44.7833
44.8801
44.9459
44.9765
44.9669
44.9111
44.8017
44.6299
44.3845
44.0517
43.6135
41.1125
41.3617
41.5105
41.5747
41.5666
41.4959
41.3705
41.1968
40.98
40.7243
40.4333
40.1099
39.7566
39.3752
38.9675
38.5348
38.078
37.5981
37.0954
36.5704
36.0233
35.4539
34.8621
34.2474
33.6092
32.9469
32.2593
31.5454
30.8038
30.0331
29.2315
28.3971
27.5281
26.6228
25.68
24.7002
23.6875
22.6544
21.6321
20.6886
19.9478
19.5543
19.5526
19.8433
20.2913
20.8059
21.3419
21.8795
22.4104
22.932
23.4435
23.9451
24.4374
24.9209
25.3963
25.8642
26.3251
26.7796
27.2281
27.671
28.1086
28.5414
28.9695
29.3933
29.813
30.2288
30.641
31.0495
31.4547
31.8565
32.2553
32.6509
33.0436
33.4335
33.8206
34.205
34.5869
34.9663
35.3433
35.7179
36.0902
36.4602
36.8278
37.1931
37.556
37.9163
38.274
38.6287
38.9804
39.3286
39.6732
40.0138
40.3499
40.6811
41.007
41.3271
41.6409
41.9476
42.2468
42.5377
42.8196
43.0915
43.3526
43.6018
43.8379
44.0599
44.266
44.4546
44.6241
44.772
44.896
44.9931
45.0599
45.0923
45.0855
45.0337
44.9298
44.7652
44.5294
44.2088
43.7867
40.53
40.781
40.9289
40.9899
40.9769
40.8999
40.7671
40.5851
40.3591
40.0935
39.7921
39.4578
39.093
38.6998
38.2799
37.8347
37.3651
36.872
36.356
35.8175
35.2567
34.6735
34.0678
33.4391
32.7871
32.111
31.41
30.683
29.9289
29.1464
28.3339
27.49
26.6131
25.702
24.7559
23.7759
22.7663
21.7392
20.7231
19.7797
19.0248
18.6082
18.5999
18.9174
19.4181
19.9976
20.6015
21.2056
21.7995
22.3799
22.9459
23.4978
24.0365
24.5628
25.0778
25.5823
26.0771
26.563
27.0406
27.5106
27.9734
28.4295
28.8794
29.3234
29.7619
30.1951
30.6235
31.0471
31.4662
31.881
32.2916
32.6984
33.1013
33.5006
33.8964
34.2887
34.6778
35.0636
35.4464
35.8261
36.2028
36.5766
36.9474
37.3153
37.6801
38.0418
38.4003
38.7554
39.1069
39.4546
39.7982
40.1375
40.472
40.8015
41.1254
41.4434
41.7549
42.0595
42.3564
42.6449
42.9245
43.1943
43.4533
43.7006
43.9351
44.1554
44.3601
44.5479
44.7166
44.8643
44.9885
45.0864
45.1546
45.1893
45.1857
45.1383
45.0402
44.8832
44.6571
44.349
43.9428
39.9365
40.1907
40.3391
40.3985
40.3822
40.3007
40.1623
39.9739
39.741
39.468
39.1587
38.8161
38.4429
38.0411
37.6124
37.1582
36.6798
36.1778
35.653
35.1058
34.5364
33.9449
33.3312
32.6951
32.036
31.3536
30.6469
29.9153
29.1577
28.373
27.5599
26.7173
25.844
24.9389
24.0016
23.0334
22.0385
21.0276
20.0261
19.0885
18.3205
17.8713
17.8355
18.1543
18.6839
19.3076
19.9618
20.617
21.2608
21.8885
22.4989
23.0923
23.6696
24.2319
24.7803
25.3159
25.8397
26.3525
26.8552
27.3486
27.8332
28.3097
28.7786
29.2404
29.6954
30.1441
30.5867
31.0237
31.4553
31.8817
32.3032
32.7199
33.1321
33.5399
33.9436
34.3432
34.7388
35.1306
35.5188
35.9033
36.2842
36.6617
37.0356
37.406
37.7729
38.1362
38.4958
38.8515
39.2033
39.5509
39.8941
40.2326
40.5661
40.8944
41.217
41.5334
41.8433
42.1462
42.4413
42.7283
43.0062
43.2742
43.5318
43.7777
44.0109
44.2302
44.4342
44.6214
44.7899
44.9378
45.0626
45.1617
45.2318
45.269
45.269
45.2262
45.1342
44.9849
44.7685
44.4727
44.0823
39.34
39.5992
39.7498
39.8095
39.7919
39.708
39.5664
39.3741
39.1367
38.8589
38.5446
38.1969
37.8185
37.4114
36.9776
36.5184
36.0351
35.5286
34.9994
34.4483
33.8754
33.281
32.6649
32.0271
31.3672
30.6847
29.9792
29.2499
28.4959
27.7163
26.9102
26.0764
25.2139
24.3219
23.4002
22.4498
21.4744
20.4835
19.4989
18.5685
17.7867
17.299
17.2207
17.5211
18.0611
18.7133
19.4043
20.0989
20.7821
21.4479
22.0947
22.7224
23.332
23.9245
24.5012
25.0633
25.6118
26.1479
26.6723
27.186
27.6897
28.184
28.6696
29.1469
29.6166
30.079
30.5344
30.9834
31.4261
31.8629
32.2941
32.7198
33.1404
33.556
33.9668
34.373
34.7747
35.1721
35.5652
35.9542
36.3391
36.72
37.097
37.4699
37.8389
38.2039
38.5647
38.9214
39.2737
39.6215
39.9646
40.3028
40.6358
40.9632
41.2849
41.6003
41.9091
42.2106
42.5047
42.7902
43.067
43.3339
43.5904
43.8353
44.0677
44.2863
44.49
44.6769
44.8457
44.9941
45.1199
45.2205
45.2927
45.3329
45.3366
45.2987
45.2129
45.0714
44.8648
44.5815
44.2065
38.7486
39.0149
39.1699
39.232
39.2154
39.1315
38.989
38.7954
38.5563
38.2766
37.9603
37.6106
37.2302
36.8214
36.3859
35.9255
35.4412
34.934
34.4048
33.854
33.2821
32.6893
32.0755
31.4408
30.7849
30.1075
29.408
28.6859
27.9405
27.1709
26.3762
25.5555
24.7078
23.8323
22.9289
21.9982
21.0433
20.0725
19.1044
18.1805
17.3848
16.8556
16.7243
16.9911
17.5269
18.1953
18.9126
19.6376
20.3523
21.0492
21.726
22.3823
23.019
23.6371
24.2379
24.8227
25.3926
25.9487
26.4921
27.0235
27.5438
28.0538
28.5541
29.0452
29.5278
30.0024
30.4693
30.9289
31.3816
31.8278
32.2677
32.7017
33.1299
33.5525
33.9699
34.3821
34.7894
35.1918
35.5895
35.9827
36.3713
36.7555
37.1354
37.5108
37.8819
38.2485
38.6108
38.9684
39.3215
39.6697
40.013
40.3511
40.6838
41.0109
41.3319
41.6467
41.9546
42.2554
42.5484
42.8332
43.109
43.3752
43.6308
43.8751
44.1071
44.3254
44.5289
44.7161
44.8852
45.0345
45.1616
45.2639
45.3385
45.3818
45.3895
45.3566
45.2771
45.1435
44.9467
44.6756
44.316
38.1699
38.4456
38.6073
38.6742
38.661
38.5794
38.4387
38.2463
38.0082
37.7294
37.4139
37.0652
36.6859
36.2785
35.8447
35.3862
34.9043
34.4001
33.8742
33.3273
32.7599
32.1722
31.5643
30.9362
30.2878
29.6187
28.9286
28.2168
27.4827
26.7257
25.9447
25.1389
24.3073
23.4493
22.5642
21.6529
20.7177
19.7655
18.8124
17.8941
17.0847
16.5134
16.3227
16.5438
17.0632
17.7379
18.4734
19.2219
19.9619
20.6844
21.3862
22.0667
22.7264
23.3664
23.988
24.5924
25.1808
25.7544
26.3142
26.8612
27.3962
27.92
28.4333
28.9367
29.4309
29.9163
30.3934
30.8626
31.3243
31.779
32.2268
32.6682
33.1032
33.5323
33.9557
34.3734
34.7858
35.1928
35.5948
35.9919
36.384
36.7713
37.1538
37.5317
37.9048
38.2732
38.6368
38.9956
39.3494
39.6982
40.0419
40.3801
40.7128
41.0396
41.3604
41.6746
41.9821
42.2822
42.5747
42.8588
43.134
43.3996
43.6548
43.8988
44.1305
44.3487
44.5524
44.74
44.9099
45.0601
45.1886
45.2929
45.3701
45.4166
45.4284
45.4007
45.3275
45.2018
45.0147
44.7556
44.411
37.6106
37.8983
38.0691
38.143
38.1356
38.0588
37.9222
37.7335
37.4989
37.2235
36.9115
36.5663
36.1908
35.7874
35.358
34.9042
34.4274
33.9286
33.4087
32.8684
32.308
31.728
31.1283
30.5091
29.8703
29.2115
28.5323
27.8324
27.1109
26.3673
25.6006
24.8099
23.9944
23.1531
22.2857
21.3923
20.475
19.5396
18.5998
17.6863
16.8641
16.252
15.9984
16.164
16.6566
17.3291
18.0762
18.8428
19.6034
20.3472
21.0702
21.7712
22.4507
23.1096
23.7492
24.3707
24.9753
25.5642
26.1386
26.6993
27.2472
27.7833
28.3082
28.8226
29.3271
29.8222
30.3085
30.7863
31.2562
31.7185
32.1735
32.6215
33.0629
33.4978
33.9266
34.3494
34.7664
35.1778
35.5837
35.9843
36.3796
36.7698
37.155
37.5351
37.9101
38.2802
38.6452
39.0051
39.3598
39.7093
40.0534
40.3919
40.7247
41.0515
41.372
41.686
41.9931
42.2929
42.5849
42.8687
43.1434
43.4087
43.6637
43.9074
44.1391
44.3574
44.5614
44.7496
44.9203
45.0718
45.2019
45.3083
45.3881
45.438
45.454
45.4315
45.3647
45.2467
45.0694
44.8222
44.4924
37.0763
37.3782
37.5605
37.6438
37.6443
37.5745
37.4442
37.2614
37.0325
36.7627
36.4563
36.1169
35.7473
35.3499
34.9269
34.4798
34.0101
33.5187
33.0066
32.4744
31.9227
31.3517
30.7616
30.1525
29.5242
28.8765
28.2089
27.5212
26.8125
26.0821
25.3293
24.5532
23.7528
22.9271
22.0757
21.1986
20.2975
19.377
18.4489
17.5396
16.7059
16.0556
15.7379
15.8408
16.2969
16.9597
17.7129
18.4931
19.2705
20.0323
20.7734
21.4921
22.1888
22.8642
23.5195
24.156
24.775
25.3775
25.9647
26.5376
27.0971
27.6441
28.1794
28.7036
29.2173
29.7212
30.2158
30.7015
31.1787
31.6479
32.1094
32.5635
33.0105
33.4508
33.8846
34.312
34.7333
35.1486
35.5581
35.962
36.3603
36.7532
37.1408
37.523
37.8999
38.2715
38.6379
38.9989
39.3545
39.7047
40.0493
40.3881
40.7211
41.0479
41.3684
41.6823
41.9892
42.2887
42.5805
42.8638
43.1384
43.4035
43.6583
43.9021
44.1338
44.3524
44.5568
44.7456
44.9173
45.0701
45.2021
45.3106
45.3932
45.4465
45.4667
45.4493
45.3888
45.2787
45.1109
44.8754
44.5598
36.5707
36.8895
37.0854
37.1802
37.1906
37.1297
37.0076
36.8325
36.611
36.3485
36.0494
35.7173
35.3551
34.9654
34.5501
34.1111
33.6496
33.1668
32.6635
32.1404
31.5981
31.0368
30.4569
29.8581
29.2405
28.6039
27.9479
27.2719
26.5754
25.8578
25.118
24.3553
23.5687
22.7573
21.9204
21.058
20.1713
19.2641
18.3465
17.4412
16.5973
15.9119
15.5313
15.5657
15.977
16.6229
17.3771
18.1672
18.9583
19.7354
20.4921
21.2264
21.9382
22.6281
23.2974
23.9472
24.5788
25.1935
25.7922
26.376
26.9459
27.5028
28.0474
28.5804
29.1025
29.6143
30.1163
30.6091
31.0929
31.5684
32.0358
32.4955
32.9478
33.3929
33.8312
34.2628
34.688
35.1069
35.5197
35.9267
36.3277
36.7231
37.1129
37.497
37.8757
38.2488
38.6164
38.9785
39.335
39.6859
40.0309
40.3702
40.7034
41.0303
41.3508
41.6646
41.9714
42.2707
42.5623
42.8456
43.12
43.3849
43.6396
43.8834
44.1153
44.3343
44.5392
44.7288
44.9015
45.0557
45.1893
45.3001
45.3854
45.4422
45.4666
45.4544
45.4002
45.2978
45.1393
44.9152
44.6137
36.0962
36.4341
36.6457
36.7539
36.776
36.7255
36.6131
36.4471
36.2344
35.9805
35.6898
35.3661
35.0123
34.6311
34.2245
33.7942
33.3416
32.8678
32.3738
31.8601
31.3274
30.776
30.2059
29.6174
29.0102
28.3843
27.7391
27.0743
26.3893
25.6832
24.9555
24.2051
23.4311
22.6325
21.8088
20.9596
20.0857
19.1906
18.2824
17.3809
16.5286
15.8118
15.3705
15.3328
15.6914
16.3136
17.0641
17.8606
18.663
19.4531
20.2235
20.9715
21.6966
22.3996
23.0813
23.7431
24.3861
25.0116
25.6206
26.2143
26.7936
27.3593
27.9124
28.4534
28.9831
29.5021
30.0109
30.51
31
31.4811
31.9539
32.4187
32.8757
33.3252
33.7676
34.2031
34.6318
35.0541
35.4699
35.8796
36.2832
36.6808
37.0726
37.4586
37.8388
38.2133
38.5821
38.9452
39.3025
39.654
39.9996
40.3392
40.6726
40.9997
41.3202
41.634
41.9406
42.2398
42.5312
42.8142
43.0885
43.3533
43.6081
43.8519
44.084
44.3035
44.509
44.6993
44.8731
45.0287
45.1641
45.2771
45.3652
45.4253
45.4539
45.4468
45.3988
45.3039
45.1546
44.9417
44.6539
35.6537
36.0128
36.242
36.365
36.4002
36.3615
36.2599
36.104
35.901
35.6565
35.375
35.0603
34.7155
34.3433
33.9456
33.5243
33.0807
32.6161
32.1312
31.6269
31.1035
30.5615
30.0011
29.4223
28.825
28.209
27.5739
26.9194
26.2449
25.5496
24.8327
24.0935
23.3309
22.544
21.7321
20.8948
20.0326
19.1484
18.249
17.3512
16.492
15.7475
15.2491
15.1374
15.4362
16.0279
16.7701
17.5701
18.3814
19.1827
19.9652
20.7254
21.4626
22.1772
22.8702
23.5427
24.196
24.8313
25.4497
26.0524
26.6401
27.2139
27.7746
28.3229
28.8595
29.385
29.9
30.405
30.9005
31.3868
31.8645
32.3338
32.7952
33.2487
33.6949
34.1339
34.5659
34.9911
35.4097
35.8219
36.2278
36.6275
37.0211
37.4087
37.7904
38.1662
38.536
38.9
39.258
39.6101
39.9561
40.296
40.6296
40.9568
41.2773
41.591
41.8975
42.1966
42.4878
42.7708
43.0449
43.3096
43.5643
43.8082
44.0405
44.2604
44.4664
44.6575
44.8323
44.9893
45.1264
45.2415
45.3324
45.3958
45.4285
45.4263
45.3844
45.2969
45.1564
44.9545
44.6799
35.2424
35.6248
35.8731
36.0124
36.0618
36.0358
35.9458
35.8008
35.6081
35.3733
35.1013
34.796
34.4604
34.0972
33.7085
33.2961
32.8614
32.4056
31.9297
31.4342
30.9198
30.3867
29.8353
29.2655
28.6773
28.0705
27.4448
26.7997
26.1348
25.4492
24.7423
24.0132
23.261
22.4847
21.6836
20.8571
20.0057
19.1314
18.2401
17.3463
16.4816
15.7131
15.1619
14.9758
15.2089
15.7633
16.4924
17.2929
18.111
18.922
19.7152
20.4863
21.2344
21.9596
22.6628
23.3452
24.0079
24.6522
25.2791
25.8899
26.4854
27.0666
27.6342
28.1892
28.7321
29.2635
29.7842
30.2945
30.795
31.2861
31.7682
32.2418
32.707
33.1643
33.6138
34.056
34.4909
34.9188
35.34
35.7544
36.1624
36.5639
36.9592
37.3483
37.7312
38.1081
38.4788
38.8436
39.2022
39.5548
39.9011
40.2413
40.575
40.9022
41.2227
41.5363
41.8427
42.1415
42.4325
42.7152
42.9891
43.2539
43.5085
43.7524
43.9849
44.205
44.4115
44.6033
44.7792
44.9373
45.0761
45.1934
45.2868
45.3535
45.3901
45.3928
45.3567
45.2763
45.1446
44.9531
44.6916
34.8607
35.2681
35.537
35.6938
35.7582
35.7457
35.6678
35.5341
35.3519
35.1272
34.8648
34.5688
34.2422
33.8879
33.508
33.1042
32.678
32.2307
31.7631
31.276
30.7699
30.2452
29.7021
29.1407
28.5609
27.9626
27.3455
26.709
26.0528
25.3762
24.6784
23.9585
23.2158
22.4492
21.6579
20.8414
19.9997
19.1347
18.2512
17.3614
16.4927
15.7035
15.1044
14.845
15.0072
15.5176
16.2289
17.0269
17.85
18.6692
19.4719
20.253
21.011
21.7459
22.4585
23.1498
23.8212
24.4737
25.1085
25.7267
26.3293
26.9172
27.4913
28.0523
28.6009
29.1379
29.6637
30.1789
30.6839
31.1794
31.6656
32.1429
32.6117
33.0723
33.525
33.97
34.4076
34.838
35.2613
35.6778
36.0876
36.4908
36.8875
37.2778
37.6619
38.0397
38.4113
38.7766
39.1357
39.4887
39.8353
40.1755
40.5093
40.8364
41.1568
41.4701
41.7763
42.0749
42.3656
42.6481
42.9217
43.1861
43.4407
43.6846
43.917
44.1373
44.3442
44.5367
44.7134
44.8727
45.013
45.1323
45.2282
45.2979
45.3384
45.3456
45.3153
45.2417
45.1184
44.9372
44.688
34.506
34.9402
35.231
35.4061
35.4864
35.4877
35.4224
35.3001
35.1286
34.9139
34.6611
34.3742
34.0565
33.7107
33.3391
32.9436
32.5255
32.0861
31.6264
31.1471
30.6487
30.1317
29.5963
29.0426
28.4705
27.88
27.2706
26.6421
25.994
25.3255
24.6361
23.9247
23.1907
22.433
21.6508
20.8435
20.011
19.1545
18.2784
17.3928
16.5213
15.7148
15.0727
14.7425
14.83
15.2897
15.978
16.7705
17.5966
18.4227
19.2339
20.0242
20.7913
21.5351
22.2564
22.9561
23.6353
24.2954
24.9375
25.5626
26.1717
26.7658
27.3458
27.9124
28.4663
29.0082
29.5388
30.0584
30.5677
31.0671
31.557
32.0378
32.5098
32.9734
33.4289
33.8765
34.3164
34.749
35.1743
35.5925
36.0039
36.4086
36.8065
37.198
37.5829
37.9615
38.3336
38.6995
39.059
39.4121
39.7588
40.099
40.4327
40.7596
41.0797
41.3928
41.6986
41.9968
42.2871
42.5691
42.8425
43.1065
43.3607
43.6045
43.8369
44.0572
44.2644
44.4573
44.6346
44.7951
44.9367
45.0578
45.1559
45.2285
45.2726
45.2843
45.2593
45.1924
45.0771
44.9058
44.6687
34.1751
34.6378
34.9517
35.146
35.2427
35.2583
35.2058
35.095
34.9341
34.7293
34.4858
34.2078
33.8986
33.561
33.1974
32.8096
32.3991
31.9671
31.5147
31.0426
30.5515
30.0416
29.5132
28.9666
28.4017
27.8182
27.2161
26.5949
25.9541
25.2933
24.6115
23.908
23.1821
22.4326
21.6589
20.8601
20.0361
19.1878
18.3187
17.4375
16.5643
15.7434
15.0633
14.666
14.676
15.0788
15.7388
16.5225
17.3497
18.1815
19.0003
19.7988
20.5744
21.3266
22.0559
22.7633
23.4499
24.1171
24.7658
25.3973
26.0125
26.6123
27.1978
27.7695
28.3283
28.8748
29.4096
29.9333
30.4464
30.9494
31.4427
31.9266
32.4015
32.8678
33.3258
33.7757
34.2177
34.6522
35.0792
35.499
35.9118
36.3176
36.7166
37.1089
37.4946
37.8737
38.2463
38.6124
38.9721
39.3253
39.6719
40.012
40.3454
40.672
40.9917
41.3042
41.6095
41.9071
42.1969
42.4784
42.7511
43.0147
43.2685
43.5119
43.744
43.9643
44.1714
44.3647
44.5426
44.7037
44.8466
44.9692
45.0693
45.1446
45.1919
45.2078
45.1879
45.1273
45.0197
44.8578
44.6323
33.8646
34.3574
34.6955
34.9099
35.0235
35.0538
35.0141
34.9149
34.7645
34.5694
34.335
34.0655
33.7645
33.4347
33.0786
32.6981
32.2947
31.8697
31.4241
30.9587
30.4742
29.9709
29.4491
28.909
28.3506
27.7738
27.1784
26.5639
25.93
25.2761
24.6015
23.9054
23.1869
22.4452
21.6793
20.8886
20.0726
19.2321
18.3698
17.493
16.6192
15.7865
15.0732
14.6132
14.5446
14.8843
15.5104
16.2818
17.1082
17.9445
18.77
19.5761
20.3596
21.1195
21.8563
22.5709
23.2646
23.9383
24.5933
25.2307
25.8515
26.4566
27.047
27.6235
28.1868
28.7375
29.2763
29.8037
30.3203
30.8265
31.3228
31.8096
32.2871
32.7558
33.216
33.6679
34.1118
34.5479
34.9764
35.3975
35.8114
36.2181
36.618
37.0109
37.3971
37.7766
38.1494
38.5156
38.8752
39.2283
39.5746
39.9143
40.2473
40.5734
40.8924
41.2043
41.5089
41.8058
42.0948
42.3754
42.6475
42.9103
43.1635
43.4062
43.638
43.8579
44.0649
44.2581
44.4363
44.598
44.7416
44.8656
44.9675
45.0451
45.0954
45.115
45.0999
45.0451
44.9449
44.7919
44.5774
33.571
34.0956
34.4592
34.6943
34.8253
34.8705
34.8438
34.7561
34.6162
34.4306
34.205
33.9438
33.6506
33.3282
32.9793
32.6056
32.2088
31.7903
31.3511
30.892
30.4136
29.9164
29.4007
28.8668
28.3145
27.7438
27.1546
26.5464
25.9189
25.2715
24.6036
23.9143
23.2029
22.4684
21.71
20.9268
20.1184
19.2852
18.4295
17.5575
16.6838
15.8416
15.0997
14.582
14.435
14.7062
15.2925
16.0479
16.8714
17.7108
18.5423
19.3554
20.1461
20.9133
21.6573
22.3787
23.0788
23.7586
24.4195
25.0624
25.6884
26.2986
26.8936
27.4744
28.0418
28.5964
29.1388
29.6697
30.1894
30.6986
31.1976
31.6868
32.1667
32.6375
33.0996
33.5532
33.9987
34.4361
34.8659
35.288
35.7028
36.1102
36.5106
36.904
37.2904
37.67
38.0429
38.409
38.7683
39.1209
39.4669
39.806
40.1382
40.4636
40.7818
41.0928
41.3964
41.6923
41.9803
42.26
42.531
42.7929
43.0452
43.287
43.5181
43.7373
43.9438
44.1367
44.3148
44.4768
44.6211
44.7459
44.8492
44.9287
44.9816
45.0046
44.9938
44.9445
44.8511
44.7066
44.5026
33.2909
33.849
34.2391
34.4958
34.6447
34.7051
34.6915
34.6154
34.4858
34.3096
34.0926
33.8394
33.5536
33.2384
32.8961
32.529
32.1385
31.7261
31.2928
30.8395
30.3669
29.8754
29.3654
28.8371
28.2905
27.7256
27.1422
26.5399
25.9184
25.2772
24.6155
23.9327
23.228
22.5003
21.7489
20.9729
20.1717
19.3456
18.4963
17.629
16.7564
15.9067
15.1403
14.5703
14.3464
14.5445
15.085
15.8202
16.6385
17.4799
18.3165
19.136
19.9336
20.7076
21.4582
22.1861
22.8923
23.5779
24.2443
24.8923
25.5232
26.1379
26.7373
27.3222
27.8934
28.4515
28.9972
29.5311
30.0537
30.5655
31.0669
31.5584
32.0402
32.5129
32.9766
33.4317
33.8784
34.317
34.7477
35.1706
35.5859
35.9939
36.3945
36.7881
37.1745
37.554
37.9266
38.2923
38.6511
39.0031
39.3483
39.6866
40.0179
40.3422
40.6593
40.9692
41.2716
41.5662
41.8529
42.1313
42.4011
42.6617
42.9126
43.1534
43.3833
43.6015
43.8072
43.9995
44.1771
44.3389
44.4833
44.6086
44.713
44.794
44.849
44.8749
44.868
44.8236
44.7364
44.5997
44.4056
33.0209
33.6144
34.0323
34.3114
34.4787
34.5546
34.5543
34.4898
34.3704
34.2034
33.9948
33.7493
33.4708
33.1624
32.8266
32.4656
32.081
31.6744
31.2467
30.7989
30.3317
29.8456
29.341
28.818
28.2768
27.7173
27.1393
26.5426
25.9268
25.2913
24.6356
23.9589
23.2604
22.5392
21.7945
21.0253
20.231
19.4118
18.5687
17.7064
16.8353
15.98
15.1929
14.5761
14.278
14.3993
14.8879
15.5985
16.4091
17.2511
18.0919
18.9173
19.7213
20.5018
21.2588
21.9927
22.7047
23.3958
24.0673
24.7202
25.3557
25.9746
26.578
27.1666
27.7412
28.3026
28.8513
29.388
29.9131
30.4272
30.9307
31.4241
31.9078
32.3819
32.847
33.3033
33.751
34.1904
34.6217
35.0451
35.4608
35.8689
36.2696
36.663
37.0491
37.4282
37.8002
38.1653
38.5233
38.8744
39.2185
39.5557
39.8858
40.2087
40.5245
40.8328
41.1337
41.4267
41.7118
41.9885
42.2565
42.5155
42.7648
43.0041
43.2325
43.4493
43.6538
43.8449
44.0216
44.1827
44.3269
44.4522
44.557
44.639
44.6956
44.7238
44.72
44.6799
44.5983
44.4689
44.2839
32.758
33.3888
33.8358
34.1381
34.3245
34.4162
34.4294
34.3765
34.2674
34.1096
33.9092
33.6713
33.3998
33.0979
32.7683
32.4131
32.0343
31.6331
31.2107
30.7681
30.3061
29.825
29.3255
28.8075
28.2714
27.717
27.1442
26.5527
25.9423
25.3123
24.6622
23.9913
23.2988
22.5838
21.8455
21.0828
20.2952
19.4825
18.6456
17.7882
16.9193
16.0599
15.2555
14.5973
14.2288
14.2709
14.7015
15.3827
16.1828
17.0239
17.8682
18.6989
19.5089
20.2955
21.0585
21.7982
22.5156
23.2119
23.8883
24.5458
25.1855
25.8084
26.4155
27.0075
27.5853
28.1496
28.701
29.2401
29.7675
30.2836
30.789
31.284
31.769
32.2444
32.7106
33.1677
33.6161
34.056
34.4877
34.9113
35.327
35.735
36.1354
36.5283
36.9139
37.2922
37.6634
38.0274
38.3844
38.7342
39.0769
39.4126
39.7411
40.0624
40.3763
40.6828
40.9817
41.2728
41.5558
41.8305
42.0964
42.3533
42.6006
42.8377
43.0641
43.2791
43.4818
43.6713
43.8466
44.0065
44.1496
44.2743
44.3789
44.4612
44.5188
44.5487
44.5474
44.5109
44.4341
44.3111
44.1342
32.4994
33.1695
33.647
33.9736
34.1796
34.2876
34.3145
34.2734
34.1745
34.0258
33.8336
33.6031
33.3384
33.0429
32.7192
32.3698
31.9963
31.6003
31.1831
30.7454
30.2882
29.812
29.3173
28.8041
28.2728
27.7233
27.1554
26.569
25.9636
25.3389
24.6942
24.0288
23.3421
22.633
21.9007
21.1443
20.3631
19.5567
18.7259
17.8735
17.0073
16.1451
15.3264
14.632
14.1978
14.1594
14.5262
15.1728
15.9593
16.7979
17.6449
18.4804
19.2959
20.0884
20.857
21.6022
22.3249
23.0261
23.707
24.3688
25.0124
25.639
26.2495
26.8447
27.4253
27.9923
28.546
29.0873
29.6166
30.1345
30.6414
31.1377
31.6238
32.1002
32.5671
33.0247
33.4735
33.9136
34.3453
34.7687
35.1841
35.5916
35.9914
36.3836
36.7683
37.1455
37.5154
37.8781
38.2335
38.5817
38.9227
39.2565
39.583
39.9022
40.2139
40.5181
40.8146
41.1032
41.3837
41.6558
41.9191
42.1733
42.4179
42.6525
42.8763
43.0888
43.2892
43.4764
43.6496
43.8076
43.9491
44.0726
44.1762
44.2581
44.3157
44.3465
44.3468
44.313
44.2401
44.1225
43.9529
32.2426
32.9542
33.4637
33.8156
34.042
34.1667
34.2076
34.1785
34.0899
33.9503
33.7662
33.543
33.285
32.9956
32.6778
32.3338
31.9656
31.5746
31.1622
30.7293
30.2768
29.8052
29.315
28.8064
28.2797
27.7348
27.1716
26.59
25.9895
25.3698
24.7303
24.0702
23.389
22.6856
21.9591
21.2088
20.4337
19.6336
18.8087
17.9614
17.0983
16.2345
15.4042
14.6784
14.1836
14.0649
14.3627
14.9691
15.7386
16.5729
17.4215
18.2612
19.0819
19.8799
20.654
21.4044
22.132
22.8379
23.5231
24.1889
24.8362
25.4663
26.0798
26.6778
27.2611
27.8303
28.3862
28.9293
29.4603
29.9796
30.4876
30.9849
31.4719
31.9488
32.4161
32.874
33.3228
33.7627
34.194
34.617
35.0317
35.4384
35.8371
36.2282
36.6115
36.9873
37.3556
37.7164
38.0699
38.416
38.7548
39.0863
39.4103
39.7269
40.0359
40.3373
40.6309
40.9165
41.1939
41.4628
41.7229
41.9739
42.2152
42.4465
42.6671
42.8763
43.0736
43.2578
43.428
43.5833
43.7224
43.8436
43.9454
44.0259
44.0827
44.1133
44.1143
44.082
44.012
43.8986
43.7351
31.9853
32.7407
33.2838
33.6621
33.9096
34.0515
34.1068
34.0898
34.0117
33.8812
33.7052
33.4893
33.2379
32.9546
32.6424
32.3038
31.9406
31.5545
31.1468
30.7184
30.2704
29.8032
29.3174
28.8133
28.2909
27.7505
27.1918
26.6148
26.019
25.4041
24.7695
24.1146
23.4386
22.7407
22.02
21.2755
20.5064
19.7122
18.8932
18.051
17.1913
16.3269
15.4873
14.7347
14.1849
13.9872
14.2114
14.7718
15.5206
16.3486
17.1978
18.041
18.8666
19.6697
20.449
21.2044
21.9367
22.6469
23.3363
24.0058
24.6566
25.2897
25.9061
26.5067
27.0923
27.6635
28.2212
28.7658
29.2981
29.8184
30.3274
30.8253
31.3127
31.7899
32.2572
32.7149
33.1633
33.6027
34.0334
34.4554
34.869
35.2744
35.6717
36.0612
36.4427
36.8165
37.1827
37.5413
37.8924
38.2359
38.572
38.9005
39.2215
39.5349
39.8406
40.1386
40.4286
40.7106
40.9842
41.2493
41.5055
41.7524
41.9898
42.217
42.4335
42.6386
42.8319
43.0121
43.1785
43.3302
43.4656
43.5836
43.6826
43.7605
43.8153
43.8444
43.8448
43.8129
43.7443
43.6338
43.475
31.7254
32.527
33.1055
33.5113
33.7808
33.9406
34.0106
34.0061
33.9385
33.8172
33.6493
33.4406
33.1957
32.9185
32.6119
32.2784
31.9201
31.5387
31.1355
30.7116
30.2679
29.805
29.3234
28.8235
28.3054
27.7693
27.215
26.6424
26.0511
25.4409
24.8111
24.1611
23.4902
22.7976
22.0823
21.3435
20.5802
19.7919
18.9785
18.1416
17.2856
16.4215
15.5746
14.7992
14.2
13.9261
14.0729
14.5814
15.3053
16.1247
16.9733
17.8195
18.6494
19.4575
20.2417
21.0018
21.7386
22.453
23.1461
23.8191
24.4731
25.1091
25.7281
26.3309
26.9184
27.4914
28.0505
28.5964
29.1296
29.6506
30.1601
30.6583
31.1457
31.6227
32.0896
32.5468
32.9945
33.4329
33.8623
34.283
34.6951
35.0988
35.4942
35.8815
36.2607
36.6321
36.9956
37.3514
37.6994
38.0398
38.3725
38.6975
39.0149
39.3244
39.6262
39.92
40.2057
40.4832
40.7523
41.0127
41.2641
41.5062
41.7385
41.9608
42.1722
42.3722
42.5603
42.7355
42.8969
43.0437
43.1744
43.2879
43.3825
43.4566
43.508
43.5342
43.5324
43.4991
43.4303
43.321
43.165
31.461
32.3116
32.9272
33.3618
33.6542
33.8324
33.9176
33.9257
33.869
33.757
33.5972
33.3958
33.1574
32.8861
32.5849
32.2565
31.9031
31.5263
31.1275
30.7079
30.2683
29.8096
29.3321
28.8362
28.3223
27.7903
27.2402
26.6718
26.085
25.4792
24.854
24.2089
23.5429
22.8554
22.1455
21.4122
20.6545
19.8719
19.0643
18.2325
17.3804
16.5174
15.665
14.8704
14.2275
13.8811
13.9479
14.3986
15.0929
15.9012
16.7478
17.5963
18.4302
19.2429
20.0317
20.7964
21.5374
22.2557
22.9524
23.6286
24.2855
24.924
25.5452
26.15
26.7392
27.3135
27.8737
28.4204
28.9542
29.4756
29.9851
30.4832
30.9703
31.4467
31.9128
32.3689
32.8153
33.2523
33.6801
34.0989
34.5089
34.9103
35.3032
35.6878
36.0642
36.4324
36.7927
37.145
37.4894
37.8258
38.1545
38.4752
38.7881
39.093
39.3899
39.6787
39.9593
40.2314
40.495
40.7497
40.9953
41.2315
41.4578
41.6737
41.879
42.0726
42.2544
42.4231
42.5783
42.7185
42.8431
42.9504
43.0392
43.1077
43.1537
43.1752
43.1694
43.1328
43.0618
42.9515
42.7962
31.1903
32.0926
32.7473
33.2122
33.5283
33.7257
33.8266
33.8477
33.8019
33.6994
33.5478
33.3536
33.1217
32.8563
32.5605
32.2372
31.8885
31.5161
31.1217
30.7062
30.2707
29.816
29.3425
28.8506
28.3406
27.8126
27.2666
26.7024
26.1198
25.5184
24.8977
24.2572
23.596
22.9136
22.2088
21.4808
20.7287
19.9517
19.1496
18.3231
17.4751
16.6137
15.7573
14.9469
14.2656
13.8512
13.8366
14.2238
14.8835
15.6778
16.5211
17.371
18.2085
19.0254
19.8186
20.5876
21.3326
22.0545
22.7545
23.4337
24.0932
24.7339
25.3571
25.9635
26.5539
27.1292
27.6902
28.2373
28.7712
29.2926
29.8017
30.2992
30.7854
31.2608
31.7256
32.1801
32.6248
33.0598
33.4853
33.9016
34.3089
34.7074
35.0972
35.4784
35.8512
36.2157
36.5719
36.92
37.2599
37.5917
37.9154
38.231
38.5385
38.8378
39.1289
39.4117
39.686
39.9517
40.2086
40.4565
40.695
40.9239
41.1428
41.3512
41.5487
41.7345
41.9083
42.0689
42.216
42.3481
42.4645
42.5639
42.6446
42.7054
42.7441
42.7586
42.7462
42.704
42.6281
42.5142
42.3569
30.9115
31.8686
32.5646
33.0611
33.4021
33.6193
33.7363
33.7708
33.7363
33.6433
33.5001
33.3131
33.0878
32.8282
32.5378
32.2194
31.8753
31.5074
31.1171
30.7057
30.2742
29.8233
29.3537
28.8657
28.3596
27.8355
27.2934
26.7332
26.1548
25.5576
24.9413
24.3053
23.6489
22.9712
22.2715
21.5488
20.8021
20.0306
19.234
18.4126
17.569
16.7098
15.8508
15.0273
14.3126
13.8355
13.7394
14.0577
14.6776
15.4546
16.2928
17.1434
17.9838
18.8046
19.602
20.375
21.1237
21.849
22.5521
23.2339
23.8956
24.5383
25.163
25.7707
26.362
26.938
27.4992
28.0463
28.58
29.1007
29.609
30.1054
30.5902
31.0639
31.5268
31.9792
32.4215
32.8538
33.2764
33.6896
34.0935
34.4884
34.8742
35.2513
35.6197
35.9795
36.3308
36.6737
37.0082
37.3343
37.6521
37.9615
38.2626
38.5552
38.8393
39.1148
39.3816
39.6395
39.8883
40.1279
40.3579
40.5779
40.7877
40.9869
41.1748
41.351
41.5148
41.6654
41.8022
41.9241
42.0299
42.1188
42.1892
42.2396
42.2681
42.2727
42.2509
42.1998
42.1158
41.9949
41.8319
30.6232
31.6383
32.3777
32.9074
33.2743
33.5122
33.6459
33.6941
33.6711
33.5878
33.453
33.2734
33.0546
32.8008
32.5157
32.2023
31.8627
31.4991
31.113
30.7056
30.2779
29.8309
29.365
28.8807
28.3783
27.8581
27.3199
26.7637
26.1892
25.5962
24.9842
24.3525
23.7007
23.0278
22.333
21.6154
20.874
20.108
19.3168
18.5006
17.6615
16.8049
15.9444
15.1103
14.367
13.8327
13.6564
13.9011
14.4754
15.2315
16.0628
16.9129
17.7559
18.5802
19.3814
20.1581
20.9103
21.6388
22.3445
23.0287
23.6923
24.3366
24.9625
25.5709
26.1627
26.7388
27.2998
27.8464
28.3793
28.8989
29.4058
29.9004
30.3833
30.8547
31.315
31.7646
32.2037
32.6326
33.0516
33.4608
33.8605
34.2508
34.6319
35.0039
35.3669
35.7211
36.0665
36.4031
36.731
37.0503
37.3609
37.6628
37.9561
38.2406
38.5163
38.783
39.0407
39.2892
39.5283
39.7578
39.9773
40.1866
40.3854
40.573
40.7493
40.9135
41.0649
41.2029
41.3268
41.4356
41.5282
41.6036
41.6603
41.697
41.7118
41.7029
41.6678
41.6038
41.5076
41.3752
41.202
30.3237
31.4002
32.1854
32.75
33.144
33.4033
33.5543
33.6166
33.6054
33.5321
33.4058
33.2336
33.0212
32.7733
32.4935
32.1849
31.8499
31.4905
31.1084
30.7049
30.2811
29.8377
29.3755
28.8949
28.3962
27.8796
27.3452
26.7928
26.2223
25.6333
25.0255
24.3982
23.7508
23.0826
22.3927
21.6801
20.9439
20.1832
19.3974
18.5864
17.7519
16.8984
16.0373
15.1949
14.4271
13.8414
13.5873
13.7545
14.2773
15.0086
15.8307
16.6794
17.5242
18.3516
19.1564
19.9364
20.6918
21.4231
22.1312
22.8173
23.4825
24.1279
24.7545
25.3633
25.9551
26.5308
27.0911
27.6366
28.168
28.6858
29.1906
29.6829
30.163
30.6314
31.0883
31.5343
31.9694
32.394
32.8084
33.2127
33.6071
33.9919
34.3671
34.7329
35.0895
35.4367
35.7749
36.1039
36.424
36.7349
37.0369
37.3298
37.6137
37.8884
38.1539
38.41
38.6567
38.8937
39.121
39.3382
39.545
39.7411
39.9262
40.0999
40.2617
40.4109
40.547
40.6692
40.7768
40.8689
40.9446
41.0026
41.0417
41.0604
41.0572
41.03
40.9766
40.8946
40.7806
40.6311
40.4416
30.0115
31.1532
31.9867
32.5879
33.0102
33.2918
33.4606
33.5375
33.5383
33.4751
33.3575
33.1927
32.987
32.7449
32.4703
32.1665
31.836
31.4808
31.1026
30.7029
30.2828
29.8431
29.3844
28.9074
28.4123
27.8993
27.3686
26.82
26.2533
25.6683
25.0645
24.4415
23.7985
23.1349
22.4497
21.7421
21.011
20.2556
19.4751
18.6693
17.8395
16.9894
16.1286
15.2797
14.4914
13.8599
13.5315
13.6184
14.084
14.7858
15.5964
16.4422
17.2881
18.1183
18.9262
19.7094
20.4676
21.2013
21.9114
22.599
23.2654
23.9114
24.5382
25.1468
25.738
26.3127
26.8715
27.4153
27.9445
28.4599
28.9618
29.4509
29.9274
30.3918
30.8445
31.2858
31.7159
32.1352
32.5439
32.9422
33.3302
33.7081
34.0762
34.4345
34.783
35.122
35.4513
35.7712
36.0816
36.3826
36.6741
36.9561
37.2285
37.4913
37.7444
37.9877
38.2209
38.444
38.6568
38.8589
39.0501
39.2301
39.3984
39.5547
39.6985
39.8291
39.9458
40.0482
40.1353
40.2064
40.2602
40.2959
40.3121
40.3073
40.2802
40.2287
40.1506
40.0435
39.9046
39.7303
39.5165
29.6851
30.8958
31.7803
32.42
32.8719
33.1766
33.364
33.4559
33.469
33.4162
33.3072
33.1501
32.9509
32.7146
32.4453
32.1462
31.8201
31.469
31.0947
30.6988
30.2822
29.846
29.3909
28.9174
28.4258
27.9164
27.3892
26.8443
26.2814
25.7003
25.1005
24.4817
23.8431
23.1839
22.5034
21.8006
21.0746
20.3244
19.5492
18.7487
17.9237
17.0772
16.2176
15.3638
14.5583
13.8865
13.4884
13.4933
13.8958
14.5633
15.3595
16.2011
17.0473
17.8797
18.6902
19.4761
20.2368
20.9725
21.6842
22.3729
23.0398
23.6859
24.3124
24.9201
25.51
26.083
26.6397
27.1808
27.7071
28.219
28.7172
29.202
29.6739
30.1333
30.5807
31.0161
31.4401
31.8527
32.2544
32.6452
33.0253
33.395
33.7543
34.1033
34.4422
34.771
35.0897
35.3985
35.6972
35.9859
36.2647
36.5333
36.7919
37.0401
37.2781
37.5056
37.7224
37.9284
38.1233
38.3069
38.4788
38.6387
38.7862
38.9209
39.0419
39.1492
39.2418
39.319
39.3801
39.4241
39.4501
39.4569
39.4432
39.4077
39.3488
39.2647
39.1534
39.0123
38.8387
38.6293
38.3804
29.3428
30.6268
31.5652
32.2453
32.7281
33.057
33.2635
33.3708
33.3966
33.3543
33.2543
33.1047
32.9121
32.6816
32.4175
32.1232
31.8013
31.4543
31.0838
30.6915
30.2785
29.8458
29.3941
28.924
28.4358
27.9299
27.4062
26.8649
26.3057
25.7284
25.1327
24.5179
23.8835
23.2288
22.553
21.855
21.134
20.389
19.619
18.8238
18.0036
17.1611
16.3031
15.446
14.6263
13.9195
13.4566
13.3792
13.7132
14.3411
15.1197
15.9554
16.8011
17.6349
18.4477
19.2359
19.9986
20.7358
21.4485
22.1377
22.8046
23.4502
24.0755
24.6816
25.2694
25.8398
26.3934
26.931
27.4533
27.9607
28.4539
28.9334
29.3994
29.8526
30.2931
30.7214
31.1376
31.5421
31.9351
32.3167
32.6872
33.0467
33.3952
33.733
34.06
34.3764
34.6821
34.9772
35.2617
35.5355
35.7986
36.0509
36.2924
36.5228
36.7421
36.9502
37.1467
37.3315
37.5043
37.6648
37.8126
37.9474
38.0687
38.1761
38.2688
38.3465
38.4082
38.4533
38.481
38.4903
38.48
38.4492
38.3964
38.3203
38.2194
38.0916
37.9351
37.7475
37.526
37.2674
36.9683
28.9831
30.3448
31.3402
32.0628
32.5779
32.9319
33.1582
33.2815
33.3203
33.2887
33.1976
33.0557
32.8697
32.645
32.3861
32.0964
31.7788
31.4357
31.069
30.6802
30.2707
29.8413
29.393
28.9262
28.4413
27.9388
27.4186
26.8808
26.3253
25.7518
25.1599
24.5492
23.919
23.2687
22.5974
21.9043
21.1882
20.4483
19.6837
18.8936
18.0785
17.2402
16.3844
15.5252
14.6939
13.9568
13.4348
13.2761
13.5366
14.1193
14.8768
15.7047
16.5486
17.3833
18.1978
18.9878
19.7518
20.49
21.2032
21.8922
22.5582
23.2024
23.8258
24.4294
25.0141
25.5808
26.1302
26.6631
27.1801
27.6818
28.1687
28.6413
29.1
29.5452
29.9773
30.3966
30.8033
31.1977
31.5799
31.9503
32.3089
32.6558
32.9912
33.315
33.6275
33.9286
34.2183
34.4966
34.7635
35.0189
35.2626
35.4948
35.715
35.9234
36.1195
36.3033
36.4745
36.6328
36.7778
36.9093
37.0268
37.1299
37.2181
37.2907
37.3472
37.3869
37.409
37.4126
37.3969
37.3608
37.3031
37.2227
37.1182
36.9881
36.8306
36.6441
36.4261
36.1746
35.8866
35.5592
35.1887
28.6042
30.0485
31.1041
31.8714
32.4204
32.8005
33.0473
33.187
33.239
33.2183
33.1363
33.0021
32.8227
32.6038
32.3499
32.0648
31.7514
31.4122
31.0491
30.6639
30.2576
29.8316
29.3864
28.9229
28.4413
27.9421
27.4253
26.891
26.339
25.7692
25.1812
24.5745
23.9485
23.3026
22.6358
21.9474
21.2363
20.5015
19.7421
18.9574
18.1473
17.3134
16.4604
15.6001
14.7596
13.9967
13.4213
13.1833
13.3663
13.898
14.6303
15.4481
16.2891
17.1239
17.9394
18.7304
19.4952
20.2337
20.9464
21.6344
22.2988
22.9406
23.561
24.1608
24.7412
25.303
25.8468
26.3735
26.8837
27.378
27.8569
28.3209
28.7703
29.2057
29.6272
30.0353
30.4302
30.812
31.181
31.5374
31.8812
32.2126
32.5316
32.8384
33.1328
33.4149
33.6847
33.9421
34.1871
34.4195
34.6392
34.8461
35.0399
35.2204
35.3875
35.5407
35.6798
35.8045
35.9144
36.0089
36.0877
36.1502
36.1956
36.2234
36.2331
36.2234
36.1937
36.143
36.0703
35.9741
35.8535
35.707
35.533
35.3301
35.0961
34.8292
34.5271
34.1874
33.8074
33.3837
32.9131
28.2045
29.7363
30.8556
31.67
32.2544
32.6617
32.9297
33.0862
33.1518
33.1422
33.0694
32.9429
32.7701
32.5569
32.308
32.0274
31.7181
31.3826
31.0231
30.6412
30.2382
29.8153
29.3733
28.9129
28.4345
27.9385
27.4251
26.8941
26.3457
25.7795
25.1953
24.5925
23.9707
23.3291
22.6669
21.9832
21.2771
20.5474
19.7932
19.0138
18.2089
17.3796
16.5298
15.6695
14.8218
14.037
13.414
13.1001
13.2025
13.6771
14.3797
15.1849
16.0215
16.8553
17.6711
18.4624
19.2272
19.9651
20.6764
21.3624
22.0238
22.662
23.278
23.8728
24.4474
25.0025
25.5391
26.0578
26.5593
27.0441
27.5128
27.9659
28.4037
28.8267
29.2351
29.6291
30.0092
30.3753
30.7278
31.0667
31.3921
31.7041
32.0028
32.288
32.5599
32.8183
33.0631
33.2943
33.5117
33.7152
33.9044
34.0793
34.2395
34.3847
34.5146
34.6288
34.7269
34.8084
34.8728
34.9196
34.9481
34.9576
34.9474
34.9165
34.8642
34.7895
34.6911
34.568
34.419
34.2425
34.0371
33.8012
33.5331
33.2309
32.8926
32.516
32.099
31.6389
31.1332
30.579
29.9738
27.7821
29.4068
30.5935
31.4574
32.0789
32.5145
32.8044
32.9782
33.0577
33.0593
32.9957
32.877
32.7107
32.5031
32.2592
31.9829
31.6775
31.3457
30.9895
30.6108
30.211
29.7911
29.3522
28.8948
28.4195
27.9266
27.4164
26.8888
26.3438
25.7812
25.2007
24.6019
23.9841
23.3468
22.6891
22.0102
21.309
20.5845
19.8356
19.0616
18.262
17.4375
16.5913
15.7318
14.8787
14.0756
13.4105
13.025
13.0447
13.4564
14.1244
14.914
15.7445
16.5762
17.3912
18.1819
18.9457
19.6818
20.3906
21.0731
21.7303
22.3633
22.9732
23.5611
24.1279
24.6744
25.2015
25.7099
26.2002
26.673
27.1288
27.5681
27.9912
28.3985
28.7902
29.1667
29.5281
29.8745
30.2062
30.5231
30.8253
31.1129
31.3858
31.6438
31.8871
32.1154
32.3285
32.5263
32.7086
32.875
33.0252
33.1589
33.2758
33.3754
33.4571
33.5206
33.5652
33.5902
33.5951
33.5789
33.541
33.4804
33.3959
33.2869
33.1518
32.9896
32.7989
32.5781
32.3259
32.0406
31.7204
31.3638
30.9688
30.5337
30.0568
29.5362
28.9709
28.3598
27.702
26.998
26.2482
