41.3216
43.5043
45.2566
46.6783
47.8423
48.8022
49.5978
50.2594
50.8106
51.2696
51.6509
51.9662
52.2251
52.4351
52.6027
52.7333
52.8312
52.9003
52.9437
52.9642
52.9641
52.9453
52.9098
52.8588
52.7939
52.716
52.6263
52.5256
52.4147
52.2942
52.1648
52.0271
51.8815
51.7284
51.5683
51.4014
51.2281
51.0488
50.8635
50.6726
50.4762
50.2746
50.068
49.8564
49.64
49.419
49.1935
48.9636
48.7295
48.4911
48.2486
48.0021
47.7517
47.4975
47.2394
46.9776
46.7122
46.4432
46.1706
45.8945
45.615
45.3321
45.0458
44.7562
44.4633
44.1671
43.8677
43.5651
43.2592
42.9502
42.638
42.3226
42.004
41.6823
41.3574
41.0293
40.6981
40.3636
40.0258
39.6848
39.3405
38.9928
38.6418
38.2873
37.9293
37.5678
37.2027
36.8338
36.4611
36.0846
35.7042
35.3196
34.9309
34.5379
34.1405
33.7386
33.3319
32.9204
32.5038
32.0821
31.6551
31.2225
30.7841
30.3396
29.8887
29.4317
28.9678
28.4969
28.0186
27.5325
27.0385
26.5362
26.0251
25.5047
24.9749
24.4352
23.8848
23.3236
22.751
22.1669
21.5705
20.9621
20.341
19.7079
19.0628
18.4076
17.7437
17.0756
16.4079
15.7504
15.1205
14.5484
14.0822
13.7793
13.6859
13.8125
14.1267
14.5666
15.0696
15.5901
16.1032
16.5998
17.0774
17.5343
17.968
18.3758
18.7566
19.1083
19.43
19.7209
19.9792
41.7259
43.816
45.498
46.8655
47.9872
48.9137
49.6827
50.3231
50.857
51.302
51.6721
51.9783
52.2298
52.4339
52.5969
52.7239
52.8192
52.8863
52.9284
52.9481
52.9477
52.9291
52.8941
52.8439
52.78
52.7034
52.6152
52.5161
52.407
52.2884
52.1611
52.0254
51.882
51.7311
51.5733
51.4087
51.2378
51.0607
50.8778
50.6892
50.4952
50.2959
50.0916
49.8823
49.6682
49.4494
49.2262
48.9984
48.7664
48.5301
48.2897
48.0453
47.7969
47.5446
47.2885
47.0286
46.765
46.4978
46.227
45.9527
45.6749
45.3936
45.109
44.821
44.5297
44.235
43.9371
43.636
43.3316
43.024
42.7132
42.3992
42.082
41.7616
41.4381
41.1113
40.7813
40.448
40.1115
39.7716
39.4285
39.0819
38.732
38.3785
38.0215
37.661
37.2968
36.9288
36.557
36.1813
35.8016
35.4177
35.0298
34.6374
34.2405
33.839
33.4327
33.0215
32.6052
32.1837
31.7566
31.324
30.8855
30.4406
29.9896
29.532
29.0675
28.5959
28.1167
27.6295
27.1344
26.6308
26.1182
25.5962
25.0646
24.5228
23.9702
23.4068
22.8319
22.2448
21.6458
21.0341
20.4104
19.774
19.1265
18.4685
17.8032
17.134
16.4676
15.8138
15.1925
14.638
14.2004
13.9373
13.8907
14.0624
14.413
14.879
15.3995
15.9333
16.4591
16.9695
17.4625
17.9363
18.388
18.8156
19.2172
19.5916
19.9377
20.2547
20.5404
42.1005
44.1027
45.7174
47.033
48.1141
49.0084
49.7518
50.3714
50.8887
51.3202
51.6793
51.9766
52.2209
52.4194
52.5779
52.7014
52.794
52.8593
52.9002
52.9192
52.9186
52.9002
52.8656
52.8163
52.7535
52.6783
52.5915
52.4941
52.3868
52.2702
52.1449
52.0114
51.8702
51.7216
51.566
51.4038
51.2352
51.0605
50.8799
50.6937
50.5021
50.3051
50.1031
49.8961
49.6842
49.4677
49.2466
49.0211
48.7912
48.557
48.3186
48.0762
47.8298
47.5794
47.3251
47.0671
46.8053
46.5398
46.2707
45.9981
45.7219
45.4423
45.1592
44.8727
44.5829
44.2897
43.9932
43.6935
43.3905
43.0842
42.7747
42.462
42.1461
41.8269
41.5045
41.1789
40.85
40.5178
40.1824
39.8436
39.5014
39.1559
38.8068
38.4543
38.0982
37.7385
37.375
37.0078
36.6367
36.2617
35.8826
35.4993
35.1117
34.7196
34.3231
33.9218
33.5157
33.1046
32.6884
32.2667
31.8396
31.4066
30.9677
30.5226
30.071
29.6127
29.1473
28.6747
28.1944
27.706
27.2095
26.7043
26.1901
25.6663
25.1325
24.5885
24.0337
23.4675
22.8899
22.3003
21.698
21.0836
20.4564
19.8174
19.1668
18.5069
17.8397
17.1703
16.5049
15.8559
15.2445
14.7086
14.3017
14.0798
14.079
14.2933
14.6766
15.1644
15.6986
16.2421
16.7767
17.2972
17.8012
18.2869
18.7514
19.1927
19.609
19.9993
20.3623
20.697
21.0015
42.4461
44.3645
45.9149
47.1809
48.223
49.0863
49.8048
50.4045
50.9055
51.3239
51.6723
51.9611
52.1985
52.3914
52.5456
52.6657
52.7558
52.8193
52.8591
52.8775
52.8767
52.8585
52.8246
52.7762
52.7145
52.6407
52.5555
52.4599
52.3545
52.2399
52.1167
51.9854
51.8464
51.7001
51.5469
51.387
51.2209
51.0486
50.8704
50.6866
50.4973
50.3028
50.1031
49.8984
49.6889
49.4746
49.2557
49.0323
48.8045
48.5724
48.3361
48.0957
47.8511
47.6026
47.3502
47.094
46.834
46.5702
46.3028
46.0318
45.7572
45.4791
45.1975
44.9125
44.6241
44.3323
44.0372
43.7388
43.4371
43.1321
42.8238
42.5123
42.1975
41.8795
41.5582
41.2337
40.9058
40.5747
40.2402
39.9024
39.5611
39.2165
38.8683
38.5165
38.1612
37.8022
37.4394
37.0728
36.7023
36.3278
35.9491
35.5662
35.1791
34.7874
34.391
33.9899
33.5838
33.1727
32.7563
32.3345
31.907
31.4736
31.0342
30.5884
30.1361
29.6769
29.2105
28.7368
28.2553
27.7656
27.2674
26.7604
26.2443
25.7185
25.1827
24.6361
24.0789
23.5102
22.9295
22.3369
21.732
21.1142
20.4843
19.842
19.189
18.5265
17.8583
17.1884
16.525
15.8809
15.2812
14.7659
14.3911
14.2114
14.2557
14.5102
14.9227
15.4287
15.9737
16.5242
17.0653
17.5927
18.1046
18.5985
19.0718
19.5226
19.9491
20.3504
20.725
21.0718
21.389
42.7632
44.6016
46.0908
47.309
48.3136
49.147
49.8416
50.4219
50.9073
51.313
51.6511
51.9315
52.1622
52.3498
52.4997
52.6167
52.7044
52.7663
52.8049
52.8229
52.822
52.8042
52.771
52.7236
52.6632
52.5908
52.5073
52.4135
52.3101
52.1976
52.0766
51.9476
51.8109
51.667
51.5163
51.3589
51.1952
51.0254
50.8497
50.6684
50.4815
50.2894
50.0921
49.8898
49.6825
49.4706
49.2539
49.0327
48.8071
48.5771
48.3428
48.1043
47.8618
47.6152
47.3646
47.1102
46.8519
46.5898
46.3241
46.0546
45.7816
45.505
45.2249
44.9414
44.6543
44.3639
44.0701
43.773
43.4725
43.1687
42.8617
42.5513
42.2376
41.9207
41.6004
41.2769
40.9501
40.6199
40.2863
39.9494
39.609
39.2651
38.9177
38.5667
38.2121
37.8537
37.4916
37.1255
36.7555
36.3815
36.0033
35.6207
35.2337
34.8421
34.4459
34.0448
33.6389
33.2277
32.8111
32.3889
31.961
31.5271
31.0871
30.6406
30.1874
29.7272
29.2598
28.7848
28.3019
27.8107
27.3107
26.802
26.2839
25.756
25.2179
24.6691
24.109
23.5377
22.9544
22.3585
21.7505
21.13
20.4967
19.8519
19.196
18.5318
17.8625
17.1926
16.5314
15.8933
15.3062
14.8136
14.4729
14.3359
14.4245
14.7164
15.155
15.6763
16.2295
16.7851
17.3306
17.863
18.3802
18.8798
19.3591
19.8162
20.2495
20.6581
21.0401
21.3949
21.7205
43.0522
44.8144
46.245
47.4175
48.3859
49.1906
49.862
50.4236
50.8939
51.2872
51.6153
51.8876
52.1118
52.2943
52.4402
52.5541
52.6396
52.6999
52.7377
52.7552
52.7545
52.7371
52.7047
52.6584
52.5994
52.5286
52.4469
52.3551
52.2537
52.1434
52.0248
51.8981
51.7639
51.6226
51.4743
51.3195
51.1584
50.9911
50.818
50.6392
50.4549
50.2653
50.0705
49.8706
49.6657
49.4561
49.2417
49.0228
48.7993
48.5714
48.3392
48.1028
47.8622
47.6175
47.3688
47.1161
46.8596
46.5993
46.3351
46.0673
45.7959
45.5208
45.2421
44.96
44.6743
44.3853
44.0928
43.7969
43.4976
43.195
42.8891
42.5798
42.2673
41.9514
41.6322
41.3096
40.9837
40.6545
40.3218
39.9857
39.6461
39.3031
38.9564
38.6061
38.2522
37.8944
37.5329
37.1673
36.7978
36.4242
36.0462
35.6639
35.2773
34.886
34.4898
34.0887
33.6825
33.2711
32.8544
32.4319
32.0036
31.5691
31.1284
30.6811
30.227
29.7658
29.2971
28.8208
28.3365
27.8438
27.3423
26.8314
26.3113
25.7812
25.2408
24.6895
24.127
23.5526
22.9664
22.368
21.7566
21.133
20.4971
19.8491
19.1911
18.5251
17.8543
17.1853
16.5265
15.8957
15.3225
14.8547
14.5498
14.4562
14.5876
14.9145
15.3762
15.9103
16.4696
17.0285
17.5773
18.113
18.6337
19.1369
19.6198
20.0809
20.5186
20.9317
21.3188
21.6785
22.0087
43.3135
45.003
46.3774
47.506
48.4397
49.2166
49.8657
50.4092
50.8648
51.2462
51.5646
51.8291
52.0471
52.2246
52.3667
52.4777
52.5612
52.6201
52.6571
52.6744
52.6739
52.6571
52.6256
52.5806
52.523
52.454
52.3742
52.2845
52.1853
52.0774
51.9612
51.8371
51.7055
51.5667
51.4212
51.269
51.1106
50.946
50.7756
50.5995
50.4178
50.2308
50.0385
49.8411
49.6387
49.4315
49.2195
49.0028
48.7816
48.5559
48.3258
48.0915
47.8529
47.6101
47.3633
47.1125
46.8577
46.5991
46.3366
46.0704
45.8005
45.5269
45.2497
44.969
44.6847
44.397
44.1058
43.8112
43.5131
43.2117
42.9069
42.5988
42.2873
41.9724
41.6542
41.3327
41.0077
40.6794
40.3476
40.0124
39.6736
39.3313
38.9854
38.6358
38.2825
37.9254
37.5644
37.1994
36.8303
36.4571
36.0797
35.6976
35.3111
34.9198
34.5239
34.1228
33.7165
33.3049
32.8878
32.4649
32.0363
31.6012
31.1598
30.7117
30.2566
29.7943
29.3245
28.8468
28.361
27.8667
27.3634
26.8509
26.3287
25.7961
25.2533
24.6996
24.1344
23.5575
22.9682
22.3667
21.7527
21.1261
20.4869
19.8365
19.1762
18.508
17.8369
17.1683
16.5132
15.8904
15.3331
14.8918
14.6242
14.5743
14.7474
15.1065
15.5885
16.133
16.697
17.2581
17.8088
18.3466
18.8695
19.3745
19.8597
20.3231
20.7632
21.1788
21.5685
21.9307
22.2633
43.5472
45.1673
46.4879
47.5743
48.4746
49.2247
49.8522
50.3783
50.8196
51.1895
51.4986
51.7556
51.9676
52.1404
52.2789
52.3872
52.4687
52.5265
52.5628
52.58
52.5799
52.5639
52.5335
52.4898
52.434
52.3668
52.2891
52.2016
52.1049
51.9995
51.8858
51.7644
51.6355
51.4996
51.3568
51.2075
51.0519
50.8902
50.7225
50.5492
50.3703
50.1859
49.9963
49.8016
49.6017
49.397
49.1875
48.9732
48.7543
48.5308
48.303
48.0707
47.8342
47.5934
47.3485
47.0996
46.8466
46.5897
46.3289
46.0644
45.796
45.524
45.2483
44.969
44.6861
44.3997
44.1098
43.8164
43.5196
43.2194
42.9157
42.6087
42.2983
41.9845
41.6674
41.3468
41.0228
40.6954
40.3645
40.0301
39.6922
39.3507
39.0056
38.6567
38.3041
37.9476
37.5872
37.2227
36.8542
36.4814
36.1042
35.7225
35.3363
34.9452
34.5492
34.1481
33.742
33.3302
32.9128
32.4895
32.0602
31.6246
31.1826
30.7337
30.2777
29.8143
29.3433
28.8643
28.377
27.881
27.376
26.8615
26.3372
25.8027
25.2575
24.701
24.1332
23.5535
22.9616
22.3572
21.7398
21.1102
20.4685
19.8155
19.1525
18.4832
17.8116
17.1441
16.493
15.879
15.3395
14.9267
14.6982
14.6919
14.905
15.2937
15.7935
16.3464
16.9136
17.476
18.0278
18.5667
19.0903
19.5965
20.0825
20.5467
20.9878
21.4041
21.7947
22.1575
22.4905
43.7536
45.3073
46.5763
47.6222
48.4903
49.2146
49.8212
50.3303
50.758
51.1167
51.4168
51.6666
51.8728
52.0411
52.1762
52.282
52.3618
52.4185
52.4545
52.4718
52.4721
52.4571
52.4279
52.3859
52.3318
52.2668
52.1913
52.1062
52.0121
51.9094
51.7985
51.6799
51.554
51.421
51.2812
51.1349
50.9822
50.8235
50.6588
50.4884
50.3124
50.1309
49.9441
49.7521
49.5549
49.3528
49.1458
48.934
48.7175
48.4964
48.2708
48.0407
47.8063
47.5676
47.3247
47.0777
46.8266
46.5715
46.3124
46.0495
45.7828
45.5123
45.2381
44.9603
44.6788
44.3938
44.1052
43.8131
43.5175
43.2185
42.9161
42.6102
42.3009
41.9882
41.6721
41.3525
41.0295
40.7031
40.3732
40.0397
39.7026
39.3619
39.0176
38.6695
38.3176
37.9618
37.602
37.2381
36.8701
36.4977
36.1209
35.7397
35.3537
34.9628
34.5671
34.166
33.7597
33.348
32.9303
32.5067
32.0769
31.6408
31.1979
30.7484
30.2915
29.8271
29.3548
28.8745
28.3857
27.8881
27.3813
26.8649
26.3385
25.8018
25.2542
24.6955
24.125
23.5423
22.9475
22.3401
21.7201
21.0876
20.4427
19.7871
19.1224
18.4517
17.7795
17.1138
16.4674
15.8639
15.3437
14.9615
14.7732
14.8104
15.0616
15.4773
15.9924
16.552
17.1213
17.6842
18.2364
18.7753
19.2993
19.8054
20.2913
20.755
21.1957
21.612
22.0021
22.3643
22.6961
43.9325
45.4227
46.6424
47.6493
48.4863
49.1856
49.7721
50.2649
50.6793
51.0273
51.3187
51.5615
51.7622
51.9263
52.0581
52.1617
52.24
52.2958
52.3316
52.3491
52.3502
52.3363
52.3086
52.2683
52.2163
52.1535
52.0805
51.9981
51.9067
51.8068
51.699
51.5835
51.4606
51.3308
51.1942
51.051
50.9016
50.746
50.5845
50.4171
50.2442
50.0657
49.8818
49.6926
49.4983
49.2989
49.0946
48.8854
48.6714
48.4527
48.2295
48.0017
47.7695
47.5329
47.2921
47.047
46.7978
46.5446
46.2873
46.0261
45.7611
45.4922
45.2195
44.9432
44.6632
44.3795
44.0923
43.8016
43.5073
43.2095
42.9083
42.6036
42.2955
41.9839
41.6688
41.3504
41.0284
40.703
40.374
40.0415
39.7053
39.3655
39.022
38.6748
38.3236
37.9686
37.6095
37.2463
36.8788
36.5071
36.1308
35.7498
35.3643
34.9737
34.578
34.1773
33.7709
33.3589
32.9413
32.5174
32.0873
31.6506
31.2071
30.7569
30.299
29.8336
29.3602
28.8786
28.3883
27.8891
27.3805
26.8622
26.3338
25.7948
25.2449
24.6836
24.1105
23.5253
22.9277
22.3174
21.6941
21.0587
20.4114
19.7533
19.0866
18.4144
17.7425
17.0788
16.4375
15.8461
15.3473
14.9976
14.8506
14.9306
15.2179
15.6581
16.1862
16.7509
17.321
17.8843
18.4362
18.9748
19.4982
20.0034
20.488
20.9509
21.3904
21.8054
22.194
22.554
22.8836
44.0839
45.5134
46.6857
47.6551
48.4621
49.1374
49.7044
50.1814
50.5829
50.9206
51.2036
51.4398
51.6353
51.7953
51.9242
52.0256
52.1026
52.1578
52.1935
52.2115
52.2135
52.201
52.175
52.1367
52.0869
52.0266
51.9563
51.8767
51.7883
51.6916
51.5869
51.4747
51.3552
51.2287
51.0955
50.9557
50.8097
50.6574
50.4992
50.3352
50.1655
49.9901
49.8094
49.6232
49.4319
49.2354
49.0338
48.8274
48.616
48.3999
48.1791
47.9537
47.7238
47.4894
47.2507
47.0077
46.7605
46.5092
46.2538
45.9943
45.731
45.4638
45.1927
44.9179
44.6394
44.3573
44.0714
43.7821
43.4891
43.1926
42.8927
42.5892
42.2823
41.9719
41.658
41.3406
41.0198
40.6954
40.3675
40.0359
39.7008
39.362
39.0194
38.673
38.3228
37.9685
37.6102
37.2477
36.881
36.5098
36.134
35.7538
35.3685
34.9785
34.5831
34.1823
33.7763
33.3643
32.9464
32.5225
32.0921
31.6549
31.2109
30.7597
30.3013
29.8349
29.3604
28.8775
28.3858
27.885
27.3747
26.8545
26.324
25.7829
25.2306
24.6668
24.0911
23.5031
22.9026
22.2894
21.6635
21.0252
20.3752
19.7143
19.0458
18.3729
17.7013
17.0396
16.4052
15.827
15.3513
15.0362
14.9313
15.0532
15.3745
15.8366
16.3756
16.9442
17.5148
18.0774
18.6284
19.1664
19.6886
20.192
20.6752
21.1362
21.5739
21.9864
22.3726
22.7301
23.0564
44.208
45.5792
46.7059
47.6392
48.4173
49.0693
49.6174
50.0792
50.4683
50.7959
51.071
51.3007
51.4912
51.6474
51.7736
51.8731
51.9491
52.0039
52.0397
52.0584
52.0616
52.0506
52.0265
51.9904
51.9432
51.8855
51.8182
51.7417
51.6565
51.5632
51.4619
51.3532
51.2373
51.1144
50.9848
50.8487
50.7062
50.5576
50.4029
50.2424
50.0761
49.9041
49.7266
49.5437
49.3555
49.162
48.9634
48.7598
48.5512
48.3378
48.1196
47.8967
47.6691
47.4371
47.2006
46.9598
46.7146
46.4653
46.2118
45.9542
45.6927
45.4272
45.1578
44.8846
44.6077
44.327
44.0427
43.7547
43.4631
43.168
42.8694
42.5672
42.2616
41.9524
41.6397
41.3236
41.0039
40.6806
40.3538
40.0234
39.6894
39.3516
39.0101
38.6647
38.3154
37.962
37.6046
37.243
36.877
36.5065
36.1316
35.7518
35.3672
34.9775
34.5827
34.1822
33.7762
33.3646
32.9467
32.5225
32.092
31.6546
31.2101
30.7583
30.2991
29.8318
29.3562
28.8721
28.379
27.8767
27.365
26.8429
26.3104
25.7671
25.2125
24.6462
24.0678
23.4771
22.8738
22.2577
21.6286
20.9874
20.3347
19.6719
19.0016
18.3279
17.6565
16.9981
16.371
15.8078
15.3574
15.0784
15.0162
15.1789
15.5319
16.0134
16.5615
17.1326
17.7031
18.2648
18.8147
19.3514
19.8715
20.3732
20.8541
21.3125
21.7476
22.1576
22.5407
22.8944
23.2166
44.3042
45.6196
46.7025
47.6009
48.3512
48.9807
49.5106
49.9575
50.3347
50.6527
50.92
51.1436
51.3294
51.4821
51.6057
51.7036
51.7786
51.8333
51.8695
51.8891
51.8937
51.8844
51.8625
51.8289
51.7844
51.7298
51.6656
51.5925
51.5108
51.4211
51.3236
51.2187
51.1066
50.9876
50.8618
50.7296
50.591
50.4462
50.2953
50.1384
49.9758
49.8074
49.6334
49.4539
49.269
49.0787
48.8832
48.6826
48.477
48.2663
48.0508
47.8305
47.6055
47.3759
47.1418
46.9032
46.6602
46.4129
46.1614
45.9058
45.6461
45.3824
45.1148
44.8433
44.5679
44.2888
44.006
43.7196
43.4295
43.1358
42.8385
42.5377
42.2334
41.9256
41.6142
41.2993
40.9809
40.6589
40.3333
40.0041
39.6712
39.3346
38.9942
38.6499
38.3017
37.9494
37.593
37.2323
36.8672
36.4978
36.1235
35.7446
35.3606
34.9716
34.5771
34.1774
33.7717
33.3601
32.9425
32.5184
32.0878
31.6501
31.2053
30.753
30.2931
29.825
29.3484
28.8632
28.3688
27.8652
27.3516
26.8277
26.2932
25.7477
25.1908
24.622
24.041
23.4476
22.8414
22.2224
21.5908
20.9468
20.2914
19.6264
18.9545
18.2798
17.6096
16.9548
16.3362
15.7892
15.3665
15.1253
15.1058
15.3081
15.6902
16.1889
16.7443
17.3171
17.8869
18.4471
18.9958
19.5307
20.0487
20.5479
21.0258
21.4816
21.9136
22.32
22.6994
23.0492
23.3666
44.3724
45.6343
46.675
47.5398
48.2631
48.8708
49.3831
49.8158
50.1814
50.49
50.7499
50.9677
51.149
51.2984
51.4197
51.5161
51.5906
51.6452
51.6821
51.7029
51.7091
51.7018
51.6823
51.6514
51.61
51.5586
51.4979
51.4284
51.3505
51.2647
51.1713
51.0704
50.9625
50.8476
50.7261
50.598
50.4635
50.3228
50.1759
50.023
49.8642
49.6997
49.5294
49.3535
49.172
48.9852
48.793
48.5956
48.393
48.1853
47.9726
47.7551
47.5328
47.3057
47.074
46.8377
46.597
46.3519
46.1025
45.8489
45.5911
45.3293
45.0635
44.7937
44.5201
44.2427
43.9615
43.6766
43.3881
43.0959
42.8001
42.5008
42.1979
41.8914
41.5815
41.268
40.9509
40.6303
40.306
39.9781
39.6465
39.3112
38.972
38.629
38.282
37.9309
37.5757
37.2161
36.8522
36.4836
36.1104
35.7323
35.3493
34.9609
34.5673
34.168
33.763
33.3518
32.9346
32.5106
32.0798
31.6423
31.1972
30.7445
30.2841
29.8152
29.3378
28.8515
28.3561
27.8509
27.3356
26.81
26.2735
25.7259
25.1666
24.5957
24.0121
23.4159
22.8069
22.185
21.5505
20.9037
20.2454
19.5782
18.9048
18.23
17.561
16.9105
16.3015
15.7729
15.3796
15.1776
15.2009
15.441
15.8499
16.3634
16.9245
17.4978
18.0668
18.6255
19.1725
19.705
20.2207
20.7167
21.1918
21.6443
22.0726
22.4754
22.8506
23.1955
23.5076
44.4124
45.6228
46.6228
47.4553
48.1525
48.7391
49.2343
49.6531
50.0075
50.3072
50.5599
50.7721
50.9492
51.0955
51.2147
51.31
51.384
51.4389
51.4767
51.4989
51.5069
51.502
51.4852
51.4573
51.4191
51.3713
51.3144
51.2489
51.1751
51.0935
51.0044
50.908
50.8045
50.6941
50.577
50.4533
50.3233
50.1869
50.0443
49.8957
49.741
49.5805
49.4141
49.2421
49.0644
48.8811
48.6924
48.4983
48.299
48.0944
47.8848
47.6701
47.4505
47.2261
46.997
46.7632
46.5249
46.2821
46.0349
45.7834
45.5276
45.2678
45.0039
44.7359
44.4641
44.1884
43.9089
43.6257
43.3388
43.0482
42.754
42.4562
42.1548
41.8499
41.5414
41.2294
40.9138
40.5947
40.2719
39.9454
39.6153
39.2814
38.9437
38.602
38.2564
37.9067
37.5527
37.1945
36.8317
36.4645
36.0925
35.7155
35.3335
34.9461
34.5534
34.1548
33.7506
33.34
32.923
32.4996
32.0691
31.6316
31.1864
30.7334
30.2726
29.8031
29.3249
28.8379
28.3411
27.8345
27.3177
26.7903
26.2523
25.7025
25.1409
24.5672
23.981
23.3821
22.7703
22.1455
21.5081
20.8585
20.198
19.5287
18.854
18.1789
17.5115
16.8659
16.2677
15.7596
15.3977
15.2361
15.3017
15.5778
16.011
16.5369
17.1027
17.6761
18.2437
18.8006
19.3456
19.8755
20.3884
20.8812
21.3529
21.8015
22.2261
22.6245
22.9951
23.335
23.6411
44.4236
45.5847
46.5454
47.3466
48.0185
48.5847
49.0634
49.4688
49.8123
50.1033
50.3492
50.5561
50.7291
50.8726
50.99
51.0843
51.1581
51.2135
51.2524
51.2762
51.2864
51.2841
51.2703
51.2457
51.2111
51.1672
51.1144
51.0531
50.9838
50.9068
50.8223
50.7306
50.6319
50.5263
50.414
50.2952
50.1698
50.0381
49.9001
49.756
49.6057
49.4495
49.2873
49.1193
48.9455
48.7661
48.5811
48.3905
48.1946
47.9934
47.7869
47.5753
47.3586
47.137
46.9105
46.6793
46.4435
46.2031
45.9582
45.7089
45.4553
45.1975
44.9356
44.6696
44.3996
44.1258
43.8481
43.5666
43.2814
42.9925
42.7
42.4038
42.1041
41.8008
41.494
41.1836
40.8696
40.552
40.2309
39.906
39.5775
39.2452
38.909
38.569
38.2249
37.8767
37.5243
37.1676
36.8063
36.4403
36.0698
35.6942
35.3133
34.9273
34.5355
34.1382
33.7346
33.325
32.9087
32.4858
32.0557
31.6185
31.1734
30.7203
30.2593
29.7893
29.3105
28.8226
28.3248
27.8169
27.2986
26.7698
26.2296
25.6777
25.1139
24.5377
23.9489
23.3475
22.7329
22.1052
21.4649
20.8125
20.1495
19.4782
18.8022
18.1271
17.4613
16.8216
16.2361
15.7502
15.4217
15.3014
15.4086
15.7186
16.1737
16.7102
17.2792
17.8521
18.4177
18.9729
19.5153
20.0428
20.5522
21.0418
21.5095
21.9545
22.3746
22.7687
23.1342
23.4684
23.7685
44.4059
45.5192
46.4422
47.213
47.8605
48.407
48.8695
49.2619
49.595
49.8776
50.1168
50.3187
50.488
50.6288
50.7446
50.8381
50.912
50.9681
51.0083
51.0341
51.0467
51.0473
51.0367
51.0157
50.9851
50.9454
50.897
50.8404
50.7759
50.7038
50.6244
50.5378
50.4442
50.3438
50.2366
50.1228
50.0025
49.8758
49.7427
49.6034
49.4578
49.3062
49.1484
48.9847
48.8151
48.6397
48.4585
48.2718
48.0794
47.8816
47.6785
47.4701
47.2565
47.0378
46.8142
46.5857
46.3524
46.1145
45.872
45.625
45.3737
45.118
44.8582
44.5943
44.3263
44.0544
43.7785
43.4989
43.2156
42.9285
42.6377
42.3434
42.0454
41.7439
41.4388
41.1302
40.818
40.5022
40.1827
39.8597
39.5329
39.2024
38.868
38.5297
38.1874
37.841
37.4903
37.1353
36.7757
36.4116
36.0426
35.6684
35.2892
34.9044
34.5142
34.1182
33.7158
33.3072
32.8918
32.4698
32.0403
31.6035
31.1587
30.7058
30.2446
29.7744
29.2951
28.8064
28.3077
27.7986
27.2792
26.7485
26.2064
25.6525
25.0867
24.5081
23.9167
23.3122
22.6947
22.0641
21.4208
20.7657
20.1002
19.4269
18.7499
18.075
17.412
16.779
16.2074
15.7458
15.4523
15.374
15.5219
15.8636
16.3381
16.8835
17.4545
18.0264
18.5901
19.1431
19.6829
20.2071
20.7133
21.1989
21.6629
22.1034
22.5193
22.9082
23.2684
23.5969
23.8902
44.3586
45.426
46.3124
47.0539
47.6777
48.2049
48.6519
49.0317
49.3546
49.629
49.862
50.059
50.2247
50.3631
50.4775
50.5705
50.6446
50.7018
50.7436
50.7716
50.7869
50.7906
50.7836
50.7666
50.7402
50.7051
50.6615
50.6099
50.5506
50.4838
50.4098
50.3287
50.2406
50.1457
50.0441
49.9358
49.8209
49.6995
49.5716
49.4374
49.2968
49.15
48.9969
48.8378
48.6726
48.5014
48.3244
48.1415
47.953
47.7588
47.5591
47.3541
47.1437
46.9281
46.7074
46.4817
46.2512
46.0159
45.7759
45.5314
45.2823
45.029
44.7713
44.5095
44.2436
43.9737
43.6999
43.4223
43.1408
42.8557
42.5668
42.2744
41.9783
41.6787
41.3755
41.0688
40.7585
40.4447
40.1272
39.8061
39.4814
39.1528
38.8204
38.4842
38.1439
37.7995
37.4508
37.0977
36.7402
36.3778
36.0107
35.6386
35.261
34.8781
34.4896
34.0949
33.6942
33.2868
32.8728
32.4516
32.0232
31.587
31.1429
30.6903
30.2293
29.759
29.2795
28.7901
28.2905
27.7807
27.2597
26.7274
26.1838
25.6279
25.0595
24.4785
23.8844
23.2775
22.657
22.0235
21.3773
20.7194
20.0515
19.3763
18.6983
18.0238
17.3639
16.7386
16.1826
15.7472
15.4905
15.4543
15.6414
16.0126
16.5044
17.0568
17.6287
18.1995
18.761
19.3113
19.8486
20.3696
20.8718
21.3537
21.8133
22.2495
22.6604
23.0444
23.3987
23.721
24.0074
44.2811
45.3043
46.1554
46.8685
47.4693
47.9779
48.4097
48.7772
49.0902
49.3568
49.5836
49.776
49.9384
50.0746
50.1878
50.2805
50.3551
50.4135
50.4572
50.4876
50.5059
50.5131
50.51
50.4973
50.4756
50.4454
50.407
50.3608
50.3071
50.2461
50.1779
50.1027
50.0205
49.9316
49.8358
49.7334
49.6242
49.5085
49.3862
49.2574
49.1221
48.9804
48.8323
48.678
48.5174
48.3507
48.178
47.9993
47.8147
47.6243
47.4283
47.2267
47.0197
46.8073
46.5897
46.367
46.1393
45.9067
45.6693
45.4273
45.1807
44.9297
44.6743
44.4148
44.1511
43.8833
43.6116
43.336
43.0566
42.7735
42.4867
42.1963
41.9023
41.6047
41.3037
40.999
40.6909
40.3791
40.0639
39.745
39.4224
39.0961
38.766
38.4319
38.0939
37.7518
37.4054
37.0547
36.6993
36.3393
35.9745
35.6043
35.2291
34.8483
34.4615
34.0689
33.67
33.2643
32.8519
32.4321
32.0049
31.5697
31.1265
30.6745
30.2138
29.7436
29.264
28.7742
28.2742
27.7631
27.241
26.7075
26.1618
25.6039
25.0333
24.4501
23.8534
23.2434
22.62
21.9835
21.3346
20.6739
20.0035
19.3266
18.6477
17.9739
17.3176
16.7011
16.1624
15.7554
15.5368
15.5429
15.7678
16.1659
16.6726
17.2306
17.8028
18.3715
18.931
19.4787
20.0127
20.5304
21.0288
21.5062
21.9616
22.3929
22.799
23.1773
23.5259
23.8414
24.1205
44.1731
45.1535
45.9704
46.6559
47.2344
47.7248
48.1419
48.4975
48.8009
49.06
49.2809
49.4688
49.6281
49.7623
49.8744
49.9671
50.0424
50.1022
50.1481
50.1812
50.2029
50.2139
50.215
50.207
50.1903
50.1655
50.1327
50.0924
50.0447
49.9899
49.928
49.8591
49.7833
49.7007
49.6113
49.515
49.4121
49.3024
49.186
49.0629
48.9332
48.7969
48.6541
48.5048
48.3491
48.1871
48.0188
47.8444
47.664
47.4776
47.2854
47.0874
46.8838
46.6748
46.4604
46.2407
46.0159
45.7861
45.5515
45.3121
45.068
44.8195
44.5665
44.3093
44.0478
43.7823
43.5128
43.2394
42.9622
42.6813
42.3967
42.1085
41.8167
41.5213
41.2225
40.9202
40.6143
40.305
39.9921
39.6756
39.3555
39.0317
38.7041
38.3726
38.0372
37.6976
37.3539
37.0057
36.6531
36.2957
35.9333
35.5659
35.1932
34.8146
34.4305
34.0402
33.6433
33.2398
32.8294
32.4113
31.9858
31.5519
31.1099
30.6588
30.1988
29.729
29.2495
28.7594
28.259
27.7471
27.2241
26.689
26.1416
25.582
25.0092
24.4232
23.8238
23.2113
22.5849
21.9453
21.2931
20.6296
19.9571
19.2784
18.5987
17.926
17.274
16.6675
16.1479
15.7711
15.592
15.6399
15.9009
16.3235
16.8429
17.4051
17.9769
18.5435
19.1003
19.6455
20.1762
20.6899
21.1844
21.6575
22.108
22.5347
22.9352
23.3081
23.6503
23.9591
24.2302
44.0337
44.9728
45.7566
46.4154
46.9722
47.4449
47.8476
48.1916
48.4857
48.7374
48.9526
49.1363
49.2927
49.4251
49.5364
49.6292
49.7055
49.767
49.8152
49.8515
49.8767
49.8919
49.8977
49.8947
49.8835
49.8644
49.8378
49.8038
49.7626
49.7145
49.6593
49.5972
49.5283
49.4525
49.3698
49.2803
49.1839
49.0806
48.9705
48.8535
48.7297
48.5991
48.4618
48.3178
48.1672
48.0101
47.8465
47.6766
47.5004
47.3181
47.1298
46.9356
46.7356
46.53
46.3188
46.1023
45.8805
45.6536
45.4217
45.185
44.9436
44.6975
44.447
44.1922
43.9331
43.67
43.4028
43.1317
42.8568
42.5782
42.2959
42.01
41.7206
41.4276
41.1312
40.8314
40.5281
40.2213
39.9111
39.5973
39.2799
38.9589
38.6342
38.3056
37.9731
37.6365
37.2958
36.9507
36.6009
36.2466
35.8873
35.5229
35.153
34.7776
34.3962
34.0087
33.6145
33.2136
32.8056
32.3897
31.9662
31.5342
31.0937
30.6441
30.1849
29.716
29.2366
28.7469
28.2458
27.7334
27.2094
26.673
26.1243
25.5625
24.9874
24.3993
23.7971
23.1813
22.5519
21.9095
21.2543
20.5878
19.9126
19.2321
18.5522
17.8809
17.2338
16.6387
16.14
15.7953
15.6566
15.7458
16.0408
16.4852
17.0152
17.5806
18.1514
18.7158
19.2699
19.8118
20.3393
20.849
21.339
21.8078
22.2534
22.6747
23.0701
23.4368
23.7726
24.0741
24.3374
43.8623
44.7615
45.5132
46.146
46.6816
47.1371
47.5259
47.8585
48.1436
48.3881
48.5978
48.7775
48.9311
49.0618
49.1726
49.2657
49.3432
49.4067
49.4576
49.4972
49.5264
49.5461
49.557
49.5595
49.5543
49.5415
49.5214
49.4943
49.4602
49.4192
49.3713
49.3166
49.255
49.1865
49.1111
49.0287
48.9392
48.8428
48.7393
48.6287
48.5112
48.3866
48.255
48.1165
47.9712
47.8192
47.6605
47.4952
47.3234
47.1453
46.961
46.7706
46.5743
46.3721
46.1643
45.951
45.7322
45.5083
45.2792
45.0452
44.8064
44.563
44.315
44.0626
43.806
43.5452
43.2804
43.0117
42.7393
42.463
42.1832
41.8998
41.6129
41.3226
41.0289
40.7317
40.4312
40.1273
39.82
39.5092
39.1949
38.8771
38.5555
38.2302
37.901
37.5678
37.2304
36.8888
36.5426
36.1918
35.836
35.4749
35.1086
34.7367
34.3588
33.9744
33.5836
33.1858
32.7805
32.3676
31.9466
31.5169
31.0784
30.6306
30.1727
29.7049
29.2262
28.7368
28.2357
27.7231
27.198
26.6607
26.1102
25.5464
24.9695
24.3785
23.7736
23.1551
22.5225
21.8766
21.2185
20.5492
19.8714
19.1892
18.5085
17.8389
17.1978
16.6155
16.1398
15.8289
15.7313
15.8608
16.1876
16.6517
17.1905
17.7573
18.327
18.8888
19.44
19.9787
20.5023
21.0078
21.4935
21.9573
22.398
22.8142
23.2036
23.5641
23.8932
24.1872
24.4422
43.658
44.5186
45.2391
45.8466
46.3617
46.8005
47.1755
47.4971
47.7733
48.0109
48.2153
48.3911
48.5421
48.6714
48.7818
48.8755
48.9544
49.0201
49.074
49.1173
49.1509
49.1755
49.1919
49.2005
49.2016
49.1956
49.1827
49.163
49.1366
49.1034
49.0634
49.0167
48.963
48.9024
48.8347
48.7599
48.6779
48.5887
48.4922
48.3885
48.2774
48.1591
48.0336
47.9008
47.761
47.6142
47.4604
47.2999
47.1326
46.9588
46.7785
46.592
46.3993
46.2007
45.9962
45.786
45.5704
45.3493
45.1231
44.8919
44.6557
44.4148
44.1694
43.9195
43.6653
43.407
43.1447
42.8784
42.6084
42.3348
42.0575
41.7768
41.4926
41.205
40.9142
40.62
40.3225
40.0217
39.7176
39.4102
39.0993
38.785
38.467
38.1454
37.82
37.4906
37.1572
36.8193
36.4771
36.1303
35.7786
35.4218
35.0596
34.6917
34.3176
33.9374
33.5505
33.1564
32.7547
32.3452
31.9274
31.5005
31.0647
30.6191
30.1631
29.6968
29.2192
28.7304
28.2295
27.7167
27.191
26.6526
26.1006
25.5353
24.9558
24.3625
23.7548
23.1329
22.4974
21.8481
21.1864
20.5144
19.8341
19.1502
18.4692
17.8016
17.1669
16.5991
16.1483
15.8728
15.8167
15.9853
16.3415
16.8228
17.3686
17.9362
18.5036
19.0627
19.6113
20.1465
20.6661
21.1673
21.6481
22.1071
22.5426
22.953
23.3365
23.6908
24.0127
24.2991
24.5452
43.4201
44.2431
44.9334
45.5162
46.0113
46.4336
46.7954
47.1061
47.3737
47.6046
47.8038
47.9759
48.1244
48.2525
48.3627
48.4571
48.5377
48.606
48.6632
48.7106
48.7489
48.779
48.8014
48.8165
48.8247
48.8261
48.821
48.8095
48.7913
48.7666
48.7352
48.697
48.6519
48.5998
48.5405
48.4738
48.3998
48.3183
48.2293
48.1326
48.0284
47.9167
47.7974
47.6706
47.5365
47.395
47.2463
47.0905
46.9278
46.7583
46.5821
46.3994
46.2104
46.0152
45.814
45.6069
45.3943
45.1761
44.9526
44.724
44.4905
44.2521
44.0091
43.7617
43.51
43.2541
42.9942
42.7305
42.463
42.1919
41.9174
41.6394
41.358
41.0734
40.7856
40.4946
40.2005
39.9031
39.6026
39.2988
38.9918
38.6813
38.3674
38.05
37.7288
37.4038
37.0747
36.7415
36.4039
36.0618
35.7148
35.3627
35.0051
34.642
34.2729
33.8974
33.5151
33.1256
32.7282
32.3228
31.9089
31.4857
31.053
30.6103
30.1568
29.6925
29.2167
28.7287
28.2287
27.7156
27.1898
26.6501
26.097
25.5296
24.9482
24.352
23.7416
23.1165
22.4773
21.8249
21.1597
20.4842
19.8016
19.116
18.4348
17.7697
17.1425
16.5906
16.1665
15.9279
15.9132
16.1194
16.5026
16.9989
17.55
18.1176
18.6826
19.2388
19.7838
20.3154
20.8309
21.3277
21.8036
22.2573
22.6874
23.0923
23.4695
23.8169
24.1317
24.4099
24.6469
43.1473
43.934
44.5948
45.1537
45.6291
46.0354
46.384
46.6843
46.9434
47.1676
47.3619
47.5304
47.6766
47.8036
47.9138
48.0092
48.0918
48.1629
48.2238
48.2757
48.3192
48.3552
48.3842
48.4065
48.4224
48.432
48.4355
48.4328
48.4238
48.4083
48.3863
48.3575
48.3217
48.2787
48.2284
48.1705
48.105
48.0317
47.9505
47.8615
47.7645
47.6595
47.5467
47.4261
47.2977
47.1617
47.0181
46.8672
46.709
46.5437
46.3716
46.1926
46.0071
45.8153
45.6172
45.4132
45.2034
44.9879
44.767
44.541
44.3098
44.0739
43.8333
43.5882
43.3388
43.0853
42.8278
42.5665
42.3016
42.0331
41.7612
41.486
41.2077
40.9262
40.6416
40.354
40.0634
39.7698
39.4732
39.1734
38.8706
38.5646
38.2552
37.9424
37.626
37.3059
36.982
36.654
36.3215
35.9847
35.6432
35.2966
34.9448
34.5873
34.2238
33.8539
33.4771
33.0929
32.7009
32.3007
31.8915
31.4728
31.0442
30.6051
30.155
29.6931
29.2194
28.733
28.2339
27.7215
27.1951
26.6551
26.1004
25.5314
24.9474
24.3488
23.7351
23.1069
22.4641
21.8077
21.1393
20.4604
19.7748
19.0877
18.4063
17.7442
17.1256
16.5912
16.1956
15.9952
16.0216
16.2635
16.6712
17.1801
17.7352
18.3019
18.8643
19.4173
19.9589
20.4866
20.9976
21.4894
21.9602
22.4089
22.8333
23.2319
23.6028
23.9432
24.2505
24.5202
24.7479
42.8386
43.5899
44.222
44.7575
45.2137
45.6043
45.9401
46.2299
46.4808
46.6985
46.8879
47.053
47.1971
47.3231
47.4335
47.5302
47.6149
47.6892
47.7542
47.811
47.8603
47.9028
47.939
47.9692
47.9936
48.0123
48.0252
48.0323
48.0333
48.0281
48.0163
47.9978
47.9722
47.9392
47.8986
47.8503
47.7939
47.7294
47.6566
47.5755
47.486
47.3882
47.2821
47.1678
47.0453
46.9148
46.7764
46.6302
46.4765
46.3154
46.1471
45.9718
45.7896
45.6009
45.4058
45.2046
44.9973
44.7843
44.5658
44.342
44.1131
43.8793
43.6408
43.3979
43.1506
42.8993
42.644
42.3851
42.1225
41.8566
41.5874
41.3151
41.0397
40.7613
40.4802
40.1962
39.9094
39.6197
39.3273
39.0321
38.7339
38.4327
38.1283
37.8208
37.5098
37.1953
36.877
36.5549
36.2286
35.898
35.5627
35.2226
34.8773
34.5264
34.1696
33.8064
33.436
33.0585
32.673
32.2789
31.8756
31.4623
31.0388
30.6043
30.1582
29.6998
29.2288
28.7448
28.2469
27.7353
27.2093
26.6684
26.1128
25.5418
24.9558
24.3541
23.7374
23.1053
22.4591
21.7987
21.1261
20.444
19.7554
19.0662
18.3851
17.7264
17.1175
16.6022
16.237
16.0755
16.1424
16.418
16.8476
17.3671
17.9247
18.4895
19.0489
19.5986
20.1365
20.6604
21.1667
21.6535
22.1191
22.5619
22.9804
23.3729
23.7372
24.0705
24.3696
24.6307
24.8485
42.4929
43.2097
43.8138
44.3262
44.7636
45.1387
45.4619
45.7415
45.9841
46.1955
46.3801
46.5418
46.6839
46.8091
46.9198
47.018
47.1052
47.183
47.2525
47.3147
47.3704
47.4201
47.4643
47.5033
47.5371
47.5658
47.5892
47.6072
47.6193
47.6255
47.6251
47.6179
47.6035
47.5815
47.5516
47.5135
47.467
47.4119
47.3481
47.2755
47.194
47.1036
47.0045
46.8966
46.7801
46.6551
46.5219
46.3804
46.2311
46.074
45.9093
45.7373
45.5583
45.3724
45.18
44.9811
44.7761
44.5653
44.3487
44.1268
43.8997
43.6677
43.431
43.1898
42.9444
42.6949
42.4417
42.1847
41.9244
41.6608
41.3941
41.1245
40.8521
40.577
40.2992
40.0189
39.7361
39.4507
39.1628
38.8724
38.5792
38.2834
37.9846
37.6829
37.3779
37.0697
36.758
36.4425
36.1231
35.7996
35.4716
35.1389
34.8012
34.4581
34.1089
33.7536
33.3914
33.0217
32.644
32.2574
31.8613
31.455
31.0376
30.6089
30.1678
29.714
29.2464
28.7652
28.2696
27.759
27.2335
26.6925
26.1356
25.5632
24.9745
24.3702
23.7497
23.1142
22.4635
21.7992
21.1224
20.4365
19.7448
19.0535
18.3725
17.7178
17.1196
16.6251
16.2918
16.17
16.2762
16.5833
17.0321
17.56
18.1188
18.6818
19.238
19.7841
20.3181
20.8372
21.3386
21.8202
22.2802
22.7173
23.1299
23.5159
23.8731
24.1988
24.4898
24.7418
24.9493
42.1088
42.792
43.3686
43.8584
44.2772
44.637
44.9476
45.2169
45.4515
45.6564
45.8362
45.9946
46.1348
46.2594
46.3706
46.4704
46.5604
46.6421
46.7165
46.7847
46.8474
46.9051
46.9582
47.0068
47.0512
47.091
47.1262
47.1564
47.1811
47.1999
47.2123
47.2178
47.2158
47.206
47.1878
47.161
47.1253
47.0804
47.0262
46.9626
46.8895
46.807
46.7151
46.6138
46.5034
46.3841
46.2559
46.119
45.9738
45.8205
45.6592
45.4903
45.314
45.1305
44.9403
44.7434
44.5402
44.3309
44.1159
43.8954
43.6696
43.4388
43.2034
42.9635
42.7194
42.4713
42.2195
41.9643
41.7057
41.4442
41.1797
40.9126
40.6429
40.3708
40.0965
39.8199
39.5411
39.2601
38.977
38.6916
38.404
38.1139
37.8213
37.5259
37.2277
36.9265
36.622
36.314
36.0024
35.687
35.3673
35.0432
34.7144
34.3803
34.0406
33.6946
33.3419
32.9817
32.6133
32.2359
31.8487
31.4508
31.0412
30.6196
30.185
29.7366
29.274
28.7963
28.3035
27.795
27.2701
26.7291
26.1717
25.5972
25.0064
24.3987
23.775
23.135
22.4801
21.8109
21.1299
20.4394
19.7446
19.051
18.3701
17.7198
17.1336
16.6615
16.3615
16.2796
16.424
16.7598
17.2257
17.7601
18.3191
18.8793
19.432
19.9743
20.504
21.0184
21.5147
21.9907
22.445
22.876
23.2821
23.6612
24.0112
24.3291
24.6116
24.854
25.0508
41.6853
42.3354
42.8849
43.3524
43.7527
44.0972
44.3952
44.6543
44.8806
45.0791
45.2541
45.4092
45.5473
45.6712
45.783
45.8847
45.9777
46.0636
46.1435
46.2183
46.2886
46.3551
46.4181
46.4777
46.5339
46.5863
46.6348
46.6788
46.7176
46.7508
46.7775
46.7973
46.8093
46.813
46.8079
46.7937
46.7698
46.7361
46.6923
46.6384
46.5743
46.5
46.4156
46.3213
46.2171
46.1033
45.9802
45.8478
45.7065
45.5567
45.3984
45.2322
45.0581
44.8766
44.688
44.4925
44.2904
44.0822
43.868
43.6481
43.423
43.1928
42.9579
42.7186
42.4751
42.2278
41.9769
41.7226
41.4653
41.2052
40.9425
40.6774
40.4101
40.1408
39.8696
39.5966
39.3218
39.0453
38.767
38.487
38.2051
37.9212
37.6352
37.3468
37.056
36.7624
36.4662
36.1666
35.8638
35.5575
35.2473
34.9331
34.6145
34.2909
33.9621
33.6273
33.2859
32.9371
32.58
32.2138
31.8374
31.4499
31.0502
30.6373
30.2108
29.7695
29.3129
28.8403
28.351
27.845
27.3219
26.7811
26.223
25.6473
25.0537
24.443
23.8154
23.1709
22.5111
21.8368
21.1507
20.4555
19.7568
19.0607
18.3795
17.7345
17.1614
16.7134
16.4479
16.4057
16.5865
16.9486
17.4289
17.9681
18.5262
19.0832
19.6317
20.1698
20.695
21.2043
21.6951
22.1654
22.6137
23.0384
23.4378
23.8099
24.1523
24.4622
24.7355
24.968
25.1536
41.2213
41.8389
42.3615
42.8067
43.1884
43.5175
43.8028
44.0514
44.2692
44.4611
44.631
44.7825
44.9186
45.0418
45.1542
45.2577
45.354
45.4444
45.5301
45.612
45.6909
45.7673
45.8413
45.9131
45.9825
46.0493
46.1128
46.1725
46.2275
46.277
46.3202
46.3561
46.3839
46.403
46.4127
46.4124
46.4017
46.3803
46.348
46.3047
46.2502
46.1848
46.1084
46.0212
45.9235
45.8153
45.6971
45.5691
45.4315
45.2848
45.1292
44.9651
44.7928
44.6126
44.4249
44.2301
44.0285
43.8204
43.6062
43.3862
43.1608
42.9304
42.6951
42.4555
42.2117
41.9643
41.7133
41.4592
41.2024
40.9429
40.6812
40.4175
40.152
39.8849
39.6164
39.3466
39.0756
38.8034
38.53
38.2553
37.9794
37.702
37.4229
37.1421
36.8592
36.5741
36.2865
35.9963
35.7032
35.4073
35.1078
34.8048
34.4979
34.1866
33.8705
33.5488
33.2209
32.8858
32.5425
32.1899
31.8268
31.4521
31.0646
30.6631
30.2464
29.8141
29.3651
28.8988
28.4147
27.9121
27.3912
26.8516
26.2933
25.7158
25.12
24.506
23.8737
23.2246
22.5591
21.8794
21.1873
20.4871
19.7835
19.0848
18.4036
17.7641
17.2053
16.7828
16.5527
16.5496
16.7647
17.1506
17.6428
18.185
18.7409
19.2942
19.8388
20.3724
20.8927
21.3966
21.8817
22.3459
22.7878
23.2058
23.5982
23.9629
24.2973
24.5984
24.8624
25.0845
25.2583
40.7163
41.3015
41.7972
42.22
42.5829
42.8962
43.1684
43.4061
43.615
43.7997
43.9642
44.1118
44.2454
44.3676
44.4804
44.5858
44.6853
44.7805
44.8724
44.9621
45.0503
45.1374
45.2237
45.3093
45.3938
45.4768
45.5576
45.6353
45.7089
45.7772
45.8391
45.8936
45.9396
45.9762
46.0026
46.0181
46.0222
46.0146
45.9951
45.9634
45.9196
45.8637
45.7959
45.7163
45.6252
45.5229
45.4096
45.2858
45.1518
45.0078
44.8544
44.692
44.5208
44.3412
44.1538
43.9589
43.7568
43.5479
43.3327
43.1116
42.8849
42.653
42.4163
42.1752
41.9301
41.6813
41.4292
41.1742
40.9166
40.6568
40.3951
40.1318
39.8673
39.6016
39.335
39.0678
38.8
38.5317
38.2629
37.9935
37.7235
37.4527
37.1808
36.9078
36.6333
36.3571
36.0792
35.7991
35.5166
35.2318
34.9442
34.6538
34.3603
34.0631
33.7617
33.4555
33.1436
32.8249
32.4983
32.1623
31.8156
31.4567
31.0842
30.6967
30.2929
29.8717
29.4325
28.9744
28.4968
27.9994
27.4818
26.9436
26.3854
25.8071
25.2089
24.5908
23.9543
23.2994
22.6282
21.9421
21.2435
20.5373
19.8285
19.1263
18.4448
17.8113
17.2678
16.872
16.6779
16.713
16.9603
17.367
17.8687
18.4119
18.9654
19.5144
20.0544
20.5829
21.0979
21.596
22.0749
22.5327
22.9679
23.3789
23.764
24.1208
24.4469
24.739
24.9931
25.2042
25.3657
40.1701
40.7229
41.1914
41.5913
41.9349
42.2318
42.4901
42.7162
42.9155
43.0924
43.2507
43.3938
43.5244
43.645
43.7578
43.8647
43.9674
44.0673
44.1657
44.2636
44.3617
44.4607
44.5606
44.6616
44.7632
44.8648
44.9654
45.0639
45.1589
45.249
45.3327
45.4088
45.4757
45.5324
45.5779
45.6115
45.6325
45.6405
45.6353
45.6167
45.5847
45.5393
45.4809
45.4095
45.3255
45.2293
45.1212
45.0015
44.8708
44.7294
44.5778
44.4164
44.2457
44.0661
43.8781
43.682
43.4785
43.2678
43.0505
42.827
42.5977
42.3632
42.1237
41.8798
41.6319
41.3804
41.1257
40.8684
40.6087
40.3472
40.0841
39.82
39.555
39.2896
39.024
38.7584
38.493
38.2279
37.9631
37.6986
37.4342
37.1698
36.9052
36.6401
36.3742
36.1074
35.8393
35.5698
35.2989
35.0262
34.7516
34.475
34.1963
33.9149
33.6306
33.3424
33.0493
32.7502
32.4437
32.1279
31.8013
31.462
31.1081
30.7381
30.3504
29.9438
29.5171
29.0696
28.6003
28.1094
27.5965
27.0613
26.5041
25.9247
25.3241
24.7027
24.0612
23.4004
22.7224
22.0286
21.3231
20.6099
19.8949
19.1884
18.5065
17.8792
17.352
16.9839
16.826
16.8977
17.1747
17.5994
18.1078
18.6512
19.2009
19.7452
20.2799
20.8034
21.3125
21.8044
22.2767
22.7274
23.1555
23.5592
23.9364
24.285
24.6023
24.8848
25.1286
25.3281
25.4768
39.5835
40.1036
40.5443
40.9206
41.2438
41.5235
41.7669
41.9803
42.1688
42.3367
42.4879
42.6253
42.7519
42.8701
42.9822
43.09
43.1953
43.2996
43.4044
43.5107
43.6194
43.7311
43.846
43.9642
44.085
44.2078
44.3312
44.4537
44.5737
44.6892
44.7984
44.8994
44.9907
45.0708
45.1385
45.1929
45.2333
45.2592
45.2703
45.2665
45.2478
45.2143
45.1663
45.104
45.0278
44.9382
44.8355
44.7202
44.5928
44.4537
44.3036
44.1428
43.972
43.7916
43.602
43.404
43.1979
42.9842
42.7635
42.5363
42.303
42.0643
41.8204
41.5721
41.3198
41.0639
40.805
40.5435
40.2801
40.0151
39.749
39.4823
39.2155
38.9488
38.6827
38.4174
38.1533
37.8903
37.6286
37.3682
37.1088
36.8504
36.5927
36.3353
36.078
35.8204
35.5626
35.304
35.0447
34.7846
34.5239
34.2622
33.9996
33.7358
33.4705
33.2029
32.9319
32.656
32.3735
32.0824
31.7804
31.4652
31.1345
30.7864
30.4188
30.0303
29.6196
29.1857
28.7279
28.2459
27.7391
27.2082
26.653
26.0739
25.4714
24.846
24.1993
23.5323
22.8467
22.1448
21.4309
20.7094
19.9871
19.2755
18.5926
17.9717
17.4616
17.1219
16.9997
17.1064
17.41
17.8494
18.3628
18.9045
19.4494
19.9884
20.5178
21.0354
21.5379
22.0231
22.4883
22.932
23.3525
23.7483
24.1172
24.4568
24.7647
25.0372
25.27
25.4574
25.5922
38.9584
39.445
39.8571
40.2085
40.5103
40.7711
40.9982
41.1974
41.3736
41.5311
41.6734
41.8037
41.9248
42.0392
42.1492
42.2566
42.3635
42.4716
42.5822
42.6968
42.8163
42.9414
43.0725
43.2096
43.352
43.4988
43.6484
43.7989
43.948
44.0932
44.2321
44.3625
44.4822
44.5896
44.6832
44.7617
44.8245
44.8711
44.901
44.9142
44.9108
44.8909
44.8548
44.8029
44.7356
44.6534
44.5567
44.4461
44.3223
44.1856
44.0367
43.8763
43.7048
43.5228
43.331
43.1299
42.9202
42.7023
42.4768
42.2444
42.0055
41.7609
41.5109
41.2563
40.9976
40.7354
40.4703
40.2027
39.9334
39.6629
39.3917
39.1205
38.8497
38.5799
38.3115
38.0449
37.7803
37.5181
37.2582
37.0008
36.7455
36.4923
36.2408
35.9906
35.7415
35.4928
35.2446
34.9968
34.749
34.5016
34.2546
34.0085
33.7629
33.5181
33.2738
33.0294
32.7835
32.5347
32.2809
32.0194
31.7474
31.4619
31.1599
30.839
30.4967
30.1311
29.7406
29.3242
28.8812
28.411
27.9135
27.3889
26.8373
26.2593
25.6554
25.027
24.375
23.7011
23.0069
22.2962
21.5725
20.8412
20.1106
19.3926
18.7079
18.0934
17.601
17.2898
17.2025
17.3419
17.669
18.1202
18.636
19.1742
19.714
20.2469
20.7699
21.281
21.7768
22.2546
22.712
23.1478
23.5602
23.9475
24.3076
24.638
24.9359
25.1976
25.4187
25.5931
25.7133
38.2981
38.7502
39.1323
39.4574
39.736
39.9763
40.185
40.368
40.5298
40.6747
40.806
40.9271
41.0405
41.149
41.2548
41.3601
41.4669
41.5772
41.6925
41.8145
41.9444
42.0832
42.2313
42.3889
42.5553
42.7292
42.9088
43.0916
43.2746
43.4547
43.6286
43.7935
43.9466
44.0859
44.2095
44.3163
44.4052
44.4758
44.5276
44.5606
44.575
44.5709
44.5488
44.5089
44.4519
44.3784
44.2887
44.1837
44.0639
43.9299
43.7825
43.6222
43.4498
43.2659
43.0711
42.8661
42.6516
42.4281
42.1965
41.9573
41.7112
41.4588
41.2009
40.9379
40.6707
40.3999
40.1262
39.8502
39.5726
39.2942
39.0155
38.7373
38.4603
38.185
37.912
37.6419
37.375
37.1117
36.8521
36.5961
36.3438
36.0946
35.8483
35.6044
35.3624
35.1218
34.8825
34.6443
34.4073
34.1717
33.938
33.7067
33.4785
33.2533
33.0313
32.8122
32.5948
32.3771
32.1568
31.9307
31.6949
31.4457
31.1791
30.8921
30.5812
30.2443
29.8796
29.4856
29.0617
28.6072
28.122
27.6065
27.0609
26.4859
25.8824
25.2515
24.5946
23.9133
23.2107
22.4897
21.7551
21.0126
20.2717
19.5459
18.8586
18.2501
17.7753
17.4926
17.4385
17.6079
17.9546
18.4148
18.9307
19.4642
19.9975
20.5233
21.0396
21.5434
22.0313
22.501
22.9503
23.3776
23.7809
24.1591
24.5096
24.83
25.1172
25.3675
25.576
25.7367
25.8414
37.6072
38.0236
38.3742
38.6712
38.9245
39.142
39.3301
39.4942
39.639
39.7685
39.886
39.9948
40.0977
40.1974
40.2961
40.3964
40.5005
40.6104
40.7283
40.856
40.9951
41.147
41.3124
41.4916
41.6841
41.8884
42.1021
42.3222
42.5448
42.7657
42.9807
43.186
43.3783
43.555
43.7138
43.8534
43.9728
44.0714
44.1488
44.205
44.2403
44.2549
44.2492
44.2238
44.1792
44.116
44.035
43.9368
43.8222
43.6918
43.5463
43.3865
43.2132
43.0271
42.8289
42.6193
42.3992
42.1692
41.9301
41.6826
41.4274
41.1654
40.8973
40.6238
40.3457
40.0638
39.7789
39.4917
39.2031
38.9139
38.6249
38.3369
38.0508
37.7673
37.4872
37.2111
36.9395
36.673
36.4116
36.1555
35.9045
35.6582
35.4159
35.1771
34.9411
34.7072
34.4752
34.2451
34.0168
33.7913
33.569
33.351
33.1387
32.9325
32.7333
32.5409
32.3546
32.1721
31.9906
31.8059
31.6135
31.4083
31.1849
30.9392
30.6671
30.3659
30.0334
29.6679
29.2686
28.8349
28.3667
27.8643
27.3282
26.759
26.1578
25.5257
24.8649
24.1772
23.4655
22.7336
21.9864
21.2316
20.4785
19.7431
19.0518
18.4487
17.9914
17.736
17.713
17.9089
18.2718
18.7374
19.2506
19.7781
20.3035
20.8219
21.3302
21.8255
22.305
22.7655
23.2057
23.6236
24.0176
24.3856
24.7257
25.0353
25.311
25.5489
25.744
25.8899
25.9781
36.8924
37.2716
37.5889
37.8558
38.0815
38.2735
38.4381
38.5805
38.705
38.8157
38.9159
39.0089
39.0974
39.1843
39.2721
39.3634
39.4608
39.5667
39.6835
39.8137
39.9593
40.1223
40.3041
40.5053
40.7256
40.9634
41.2158
41.4788
41.7473
42.016
42.2792
42.532
42.7701
42.9903
43.1902
43.3681
43.523
43.6542
43.7615
43.8451
43.905
43.9417
43.9557
43.9477
43.9183
43.8681
43.798
43.7086
43.6008
43.4753
43.333
43.1747
43.0011
42.8131
42.6115
42.3972
42.1708
41.9334
41.6857
41.4285
41.1627
40.8892
40.6088
40.3224
40.0309
39.7351
39.436
39.1346
38.8318
38.5286
38.226
37.9249
37.6264
37.3315
37.0411
36.7561
36.4772
36.205
35.9399
35.6818
35.4307
35.1858
34.9465
34.7117
34.4804
34.2519
34.0253
33.8007
33.5786
33.3596
33.1453
32.9372
32.7374
32.5478
32.3698
32.2041
32.0505
31.9066
31.7691
31.6328
31.4916
31.3387
31.1674
30.9719
30.7473
30.49
30.1973
29.8675
29.4995
29.0928
28.6472
28.1631
27.6409
27.0816
26.4862
25.8561
25.1934
24.5003
23.7801
23.037
22.2767
21.5076
20.7405
19.9935
19.2966
18.6978
18.2567
18.0272
18.0324
18.2507
18.6258
19.093
19.6017
20.1207
20.6374
21.1465
21.6457
22.1318
22.6013
23.0521
23.4821
23.8894
24.2728
24.6301
24.9589
25.2564
25.5196
25.7442
25.9248
26.0548
26.1253
36.1615
36.5022
36.7844
37.0189
37.2145
37.3784
37.5164
37.6337
37.7344
37.8224
37.9012
37.9739
38.0435
38.1128
38.1846
38.2618
38.3471
38.4436
38.5541
38.6816
38.8291
38.9994
39.1947
39.4165
39.665
39.9388
40.2344
40.5466
40.8686
41.193
41.5126
41.8209
42.1124
42.3833
42.6308
42.8531
43.0491
43.2184
43.3606
43.4761
43.5652
43.6282
43.666
43.6791
43.6683
43.6344
43.5782
43.5004
43.402
43.2838
43.1466
42.9914
42.8189
42.6301
42.4258
42.207
41.9746
41.7294
41.4724
41.2046
40.9268
40.6401
40.3454
40.0437
39.7361
39.4236
39.1073
38.7884
38.4678
38.1469
37.8268
37.5088
37.1941
36.8839
36.5796
36.2822
35.9928
35.7123
35.441
35.1793
34.9267
34.6825
34.4455
34.2142
33.987
33.7623
33.5394
33.3178
33.0981
32.8813
32.6697
32.4659
32.2729
32.0942
31.9327
31.7907
31.6691
31.5659
31.4772
31.3963
31.315
31.2241
31.1148
30.9795
30.812
30.6078
30.3638
30.078
29.7493
29.3771
28.9612
28.502
27.9999
27.456
26.8713
26.2473
25.5861
24.8902
24.1632
23.4094
22.6362
21.8518
21.0689
20.3083
19.604
19.008
18.5813
18.3752
18.4049
18.641
19.0237
19.489
19.99
20.4988
21.0045
21.5033
21.9919
22.4668
22.9254
23.3647
23.7832
24.1792
24.5505
24.8957
25.212
25.4964
25.746
25.956
26.121
26.2338
26.2851
35.4239
35.7248
35.9702
36.1703
36.3335
36.4664
36.5748
36.6635
36.7366
36.7979
36.8508
36.8984
36.9438
36.9899
37.0398
37.0964
37.163
37.243
37.3399
37.4575
37.5997
37.7704
37.9734
38.2114
38.4862
38.7969
39.1397
39.5079
39.892
40.2819
40.6676
41.0405
41.394
41.7234
42.0257
42.299
42.5424
42.7555
42.9383
43.0911
43.2144
43.3088
43.375
43.4138
43.426
43.4124
43.374
43.3116
43.226
43.1182
42.9891
42.8396
42.6705
42.4829
42.2776
42.0556
41.818
41.5655
41.2994
41.0205
40.73
40.4289
40.1183
39.7994
39.4732
39.1412
38.8044
38.4643
38.1221
37.7793
37.4374
37.0979
36.7624
36.4324
36.1097
35.7958
35.4921
35.1999
34.92
34.6528
34.398
34.1544
33.9202
33.6931
33.4703
33.2497
33.0293
32.8086
32.5876
32.3682
32.1527
31.9452
31.7501
31.5729
31.4191
31.2933
31.1989
31.1354
31.0986
31.08
31.0679
31.0498
31.0137
30.9494
30.8494
30.7082
30.5224
30.2898
30.0092
29.6801
29.3022
28.8762
28.402
27.8807
27.3134
26.7017
26.0475
25.353
24.6226
23.8612
23.0758
22.2761
21.4765
20.7007
19.9871
19.3919
18.9774
18.7911
18.8406
19.0891
19.474
19.9335
20.4232
20.9197
21.4126
21.8987
22.3745
22.8369
23.2823
23.7088
24.1141
24.497
24.8552
25.1866
25.489
25.7592
25.9935
26.1876
26.3354
26.4295
26.4601
34.6897
34.9499
35.1571
35.3211
35.4496
35.5492
35.6251
35.682
35.7239
35.7544
35.7769
35.7945
35.8103
35.8272
35.8486
35.8775
35.9176
35.9728
36.0471
36.1452
36.2722
36.4335
36.6345
36.8805
37.1754
37.5206
37.9128
38.3435
38.7996
39.2663
39.7294
40.1774
40.6022
40.9984
41.363
41.6943
41.9917
42.255
42.4844
42.6803
42.8435
42.9747
43.0747
43.1444
43.1848
43.1966
43.1808
43.1383
43.0701
42.9769
42.8599
42.7198
42.5576
42.3743
42.1708
41.9481
41.7073
41.4492
41.175
40.8859
40.5828
40.2669
39.9396
39.602
39.2554
38.9013
38.5411
38.1762
37.8084
37.4393
37.0707
36.7044
36.3426
35.9873
35.6406
35.3048
34.9819
34.6739
34.3822
34.1077
33.8501
33.6079
33.3786
33.1582
32.9429
32.7284
32.512
32.2915
32.0672
31.8402
31.6143
31.3939
31.1858
30.9972
30.8372
30.7142
30.6359
30.6057
30.6203
30.6692
30.736
30.8023
30.8512
30.8693
30.8472
30.779
30.661
30.4911
30.2682
29.9916
29.6612
29.2771
28.84
28.3503
27.8092
27.218
26.5783
25.8928
25.1651
24.4005
23.6063
22.7931
21.9772
21.1855
20.4615
19.8647
19.4594
19.2886
19.3518
19.6067
19.9881
20.4366
20.9118
21.3922
21.8698
22.3404
22.8011
23.2484
23.6787
24.0901
24.4807
24.8483
25.1915
25.5075
25.7943
26.0485
26.266
26.4425
26.5715
26.6452
26.6531
33.969
34.188
34.3563
34.483
34.5754
34.6396
34.6807
34.7031
34.7106
34.7068
34.6949
34.6779
34.6589
34.641
34.6273
34.6213
34.6269
34.6481
34.6897
34.7574
34.8572
34.9962
35.1821
35.4231
35.7272
36.0997
36.5399
37.038
37.5761
38.132
38.6849
39.219
39.7243
40.1955
40.6298
41.0262
41.3842
41.7041
41.9864
42.2316
42.4407
42.6147
42.7545
42.861
42.9352
42.9781
42.9905
42.9735
42.928
42.8548
42.7549
42.6292
42.4786
42.304
42.1065
41.8869
41.6462
41.3856
41.106
40.8086
40.4945
40.1649
39.8212
39.4647
39.0967
38.7189
38.3329
37.9403
37.543
37.1431
36.7427
36.344
35.9497
35.5623
35.1848
34.8202
34.4714
34.1416
33.8332
33.5483
33.2871
33.0481
32.8274
32.6193
32.4171
32.2147
32.0065
31.7895
31.5624
31.3261
31.0847
30.8434
30.6106
30.3961
30.2124
30.0733
29.9932
29.9825
30.042
30.1599
30.3132
30.4746
30.6194
30.7299
30.7949
30.8085
30.7671
30.669
30.5128
30.2982
30.0251
29.6933
29.3033
28.8557
28.3511
27.7907
27.1757
26.5086
25.7925
25.0325
24.236
23.414
22.5846
21.7783
21.0432
20.4434
20.044
19.8832
19.9537
20.2072
20.5788
21.0108
21.4664
21.9273
22.3856
22.8377
23.2804
23.7093
24.122
24.5156
24.8887
25.239
25.5649
25.8638
26.1327
26.3689
26.5679
26.7247
26.8329
26.8842
26.8674
33.2716
33.4496
33.5788
33.6676
33.7229
33.7506
33.7554
33.7414
33.7124
33.6716
33.6221
33.5668
33.5088
33.451
33.3967
33.3493
33.3127
33.2915
33.2907
33.3167
33.3767
33.4793
33.6345
33.8543
34.1521
34.5398
35.0218
35.5885
36.216
36.8719
37.5257
38.1557
38.7498
39.3032
39.814
40.2818
40.7068
41.0895
41.4307
41.7314
41.9926
42.2154
42.4011
42.5505
42.6648
42.7449
42.7919
42.8066
42.79
42.7429
42.6663
42.5609
42.4278
42.2677
42.0816
41.8704
41.6349
41.3763
41.0956
40.7937
40.4719
40.1314
39.7734
39.3993
39.0107
38.6091
38.1962
37.774
37.3445
36.91
36.473
36.0362
35.6026
35.1757
34.7591
34.357
33.9735
33.6132
33.2807
32.9798
32.7127
32.4781
32.2711
32.0832
31.904
31.7233
31.5329
31.3267
31.1019
30.8592
30.6014
30.3353
30.0695
29.816
29.5912
29.4148
29.3104
29.2989
29.3893
29.5704
29.8115
30.0734
30.3208
30.53
30.688
30.7893
30.8311
30.8119
30.7305
30.5864
30.3794
30.1096
29.7771
29.3826
28.926
28.4083
27.8302
27.1936
26.5012
25.7574
24.969
24.1471
23.311
22.4942
21.7498
21.1466
20.7493
20.5926
20.6624
20.9065
21.2601
21.6694
22.1001
22.5361
22.971
23.4004
23.8207
24.2282
24.6194
24.9926
25.3451
25.6756
25.9814
26.2605
26.5094
26.7252
26.9034
27.0384
27.1237
27.1502
27.1064
32.6058
32.7437
32.8343
32.8855
32.9038
32.8947
32.8626
32.8114
32.7445
32.6652
32.5762
32.4803
32.3804
32.2793
32.1802
32.0865
32.0021
31.9315
31.8801
31.8548
31.8637
31.9166
32.0259
32.2079
32.4825
32.8702
33.3829
34.0134
34.7313
35.4922
36.2534
36.9854
37.6738
38.3142
38.9064
39.4507
39.9479
40.3987
40.8043
41.1658
41.4848
41.7624
41.9998
42.1983
42.3589
42.4827
42.5706
42.6237
42.6427
42.6285
42.582
42.5039
42.3951
42.2564
42.0885
41.8923
41.6686
41.4184
41.1425
40.8419
40.5177
40.171
39.803
39.4151
39.0087
38.5853
38.1468
37.6952
37.2325
36.7613
36.2843
35.8045
35.3255
34.8515
34.3869
33.9371
33.5078
33.1053
32.7372
32.4108
32.1317
31.9009
31.7125
31.5545
31.411
31.2662
31.1069
30.9239
30.7126
30.472
30.2044
29.9159
29.6155
29.3171
29.0392
28.8081
28.658
28.6228
28.7232
28.9517
29.2709
29.628
29.9755
30.2821
30.5331
30.7233
30.8506
30.914
30.9123
30.8447
30.711
30.5113
30.2457
29.9142
29.5169
29.0543
28.5264
27.9344
27.2802
26.5675
25.8019
24.9939
24.163
23.3451
22.597
21.9914
21.5939
21.4346
21.4951
21.7204
22.0474
22.4256
22.825
23.2305
23.6361
24.0377
24.4314
24.8127
25.1791
25.5276
25.8565
26.1638
26.4468
26.7032
26.9295
27.1224
27.2772
27.3879
27.4477
27.447
27.3734
31.9784
32.0777
32.1309
32.1455
32.1276
32.0822
32.0136
31.9254
31.8208
31.7027
31.5737
31.4364
31.2934
31.1475
31.0015
30.8588
30.7232
30.599
30.4919
30.4089
30.3587
30.3522
30.4042
30.5349
30.7716
31.1442
31.6738
32.3567
33.1569
34.0179
34.8841
35.7175
36.5007
37.2294
37.9046
38.5279
39.1003
39.6228
40.0966
40.5234
40.9047
41.2419
41.5364
41.7895
42.0022
42.1756
42.3109
42.4087
42.4701
42.4958
42.4866
42.4431
42.3662
42.2564
42.1145
41.9412
41.7371
41.503
41.2397
40.948
40.6287
40.2829
39.9116
39.516
39.0973
38.6571
38.1971
37.719
37.2251
36.7178
36.2
35.6749
35.1464
34.619
34.0984
33.5907
33.1031
32.6441
32.2249
31.8583
31.5561
31.3239
31.1563
31.0373
30.9434
30.8504
30.7387
30.5956
30.4135
30.1897
29.9258
29.6265
29.3004
28.9613
28.6298
28.3374
28.1281
28.05
28.1372
28.3885
28.7621
29.1946
29.6263
30.0186
30.3539
30.6266
30.8356
30.9797
31.0576
31.0683
31.0114
30.8869
30.6945
30.4342
30.1058
29.709
29.244
28.7108
28.1107
27.4462
26.7217
25.9462
25.1386
24.335
23.5947
22.9921
22.5932
22.425
22.4664
22.6626
22.9529
23.2915
23.6511
24.0192
24.3898
24.7579
25.1193
25.4702
25.8068
26.127
26.4288
26.7093
26.9664
27.1969
27.3977
27.5648
27.6933
27.7772
27.8087
27.7779
27.6716
31.3941
31.4567
31.4743
31.4539
31.4014
31.3212
31.2175
31.0935
30.9523
30.7963
30.6282
30.4502
30.2648
30.0744
29.8817
29.6898
29.5023
29.3235
29.1591
29.016
28.9034
28.8332
28.8219
28.894
29.0837
29.4304
29.9635
30.6829
31.5484
32.4934
33.4514
34.3766
35.2479
36.0606
36.8163
37.5173
38.1646
38.7593
39.303
39.7972
40.2436
40.6438
40.9992
41.311
41.5805
41.8087
41.9967
42.1453
42.2552
42.3274
42.3624
42.3608
42.3233
42.2505
42.1427
42.0007
41.8248
41.6157
41.374
41.1002
40.795
40.4591
40.0934
39.6988
39.2764
38.8274
38.3531
37.8552
37.3358
36.797
36.2415
35.6726
35.0942
34.511
33.9292
33.3557
32.7985
32.2683
31.7803
31.3546
31.0123
30.767
30.6171
30.5418
30.508
30.4811
30.4335
30.3473
30.2125
30.0248
29.784
29.4936
29.1605
28.7978
28.4264
28.081
27.8135
27.6838
27.7386
27.984
28.3785
28.8524
29.3384
29.7922
30.1923
30.5327
30.8114
31.0274
31.1786
31.2635
31.2816
31.2322
31.1152
30.9301
30.6765
30.3536
29.9612
29.4992
28.9677
28.3684
27.7045
26.9833
26.2217
25.4546
24.7401
24.1515
23.7536
23.5714
23.5838
23.739
23.9821
24.2717
24.5842
24.9077
25.2364
25.5651
25.8894
26.2044
26.5072
26.7952
27.0655
27.3159
27.5435
27.7452
27.9174
28.0558
28.1553
28.2094
28.2098
28.146
28.0039
30.8553
30.8835
30.8678
30.8147
30.7296
30.6168
30.48
30.3223
30.1464
29.9548
29.7496
29.533
29.3072
29.0743
28.837
28.598
28.3606
28.1292
27.9091
27.7076
27.5338
27.4006
27.3264
27.3394
27.4801
27.7956
28.3218
29.0609
29.9695
30.9744
32.0019
33.0005
33.946
34.8322
35.6604
36.433
37.151
37.8152
38.4269
38.9878
39.4995
39.9637
40.3815
40.7545
41.0836
41.37
41.6147
41.8185
41.9821
42.1062
42.1914
42.2383
42.2472
42.2186
42.153
42.0505
41.9117
41.7368
41.5262
41.2803
40.9994
40.6841
40.3348
39.9521
39.5368
39.0897
38.6118
38.1045
37.5693
37.0081
36.4231
35.8172
35.194
34.5582
33.916
33.2741
32.641
32.0284
31.4559
30.9516
30.5487
30.273
30.1291
30.0938
30.1228
30.1692
30.196
30.18
30.1087
29.9758
29.7796
29.5217
29.2079
28.8488
28.4641
28.0896
27.7806
27.6045
27.6168
27.831
28.21
28.6844
29.186
29.667
30.1042
30.4886
30.8179
31.0896
31.3008
31.4496
31.5344
31.5547
31.5096
31.3984
31.2203
30.9745
30.6602
30.2769
29.8247
29.3043
28.7181
28.0721
27.381
26.6758
26.0101
25.4521
25.0614
24.8627
24.838
24.9429
25.1295
25.3623
25.6205
25.8934
26.1748
26.4592
26.7411
27.0161
27.2809
27.5326
27.7683
27.9851
28.1802
28.3498
28.4905
28.5974
28.6651
28.6865
28.6529
28.5531
28.372
30.3623
30.3589
30.3124
30.2291
30.1139
29.971
29.8037
29.6149
29.4071
29.1826
28.9432
28.6911
28.428
28.1561
27.8776
27.5952
27.312
27.032
26.7607
26.5053
26.2752
26.0839
25.9517
25.9104
26.0055
26.2898
26.8031
27.5475
28.4774
29.5156
30.5857
31.6339
32.6338
33.5776
34.4657
35.2995
36.0797
36.8066
37.4812
38.1047
38.6789
39.2049
39.6842
40.118
40.5073
40.8531
41.1564
41.418
41.6384
41.8182
41.9581
42.0583
42.1193
42.1413
42.1245
42.0692
41.9755
41.8435
41.6734
41.4652
41.2192
40.9354
40.6141
40.2554
39.8598
39.4277
38.9596
38.4563
37.9188
37.3486
36.7472
36.1169
35.4605
34.7825
34.0882
33.3838
32.6767
31.9794
31.3145
30.7185
30.2377
29.9124
29.7566
29.7459
29.827
29.9409
30.0411
30.099
30.0993
30.034
29.8999
29.6969
29.4289
29.1043
28.7404
28.3707
28.0492
27.8448
27.8167
27.984
28.3173
28.7543
29.2319
29.7036
30.145
30.5458
30.901
31.2067
31.4595
31.656
31.7944
31.873
31.8908
31.8466
31.7392
31.5677
31.3311
31.0286
30.6602
30.2264
29.7291
29.1738
28.5727
27.9524
27.3583
26.849
26.4762
26.2635
26.1991
26.2489
26.3746
26.5467
26.7471
26.9659
27.1963
27.4325
27.6687
27.9005
28.1244
28.3368
28.5348
28.7154
28.8751
29.0102
29.1167
29.1895
29.2227
29.2088
29.1385
28.9997
28.7765
29.914
29.8815
29.807
29.6961
29.5535
29.3832
29.1883
28.9713
28.7347
28.4805
28.2104
27.9262
27.6298
27.3229
27.0077
26.6865
26.3624
26.0394
25.7228
25.4199
25.1403
24.8982
24.7156
24.6276
24.684
24.941
25.4394
26.1789
27.1116
28.1593
29.2463
30.3193
31.3516
32.3342
33.2661
34.1476
34.9781
35.7576
36.4864
37.1654
37.7959
38.3791
38.916
39.4076
39.855
40.2589
40.6202
40.9396
41.2176
41.4548
41.6515
41.808
41.9246
42.0015
42.0387
42.0362
41.9942
41.9124
41.7908
41.6293
41.4278
41.186
40.904
40.5816
40.2187
39.8153
39.3715
38.8876
38.364
37.8015
37.2009
36.5636
35.8918
35.189
34.4595
33.7079
32.9403
32.1684
31.4169
30.7292
30.1635
29.7744
29.5856
29.575
29.6834
29.8432
30.0007
30.1225
30.1904
30.1946
30.1303
29.9959
29.7935
29.5295
29.2182
28.8886
28.5891
28.383
28.327
28.4439
28.7133
29.0862
29.5085
29.9398
30.3559
30.7453
31.1011
31.4182
31.6913
31.9168
32.0915
32.2135
32.2809
32.2922
32.2459
32.1407
31.9756
31.7499
31.4634
31.1165
30.7115
30.2532
29.7523
29.2308
28.7241
28.2786
27.9361
27.718
27.6195
27.6177
27.6849
27.7976
27.941
28.1056
28.2844
28.4712
28.6607
28.8478
29.0288
29.2003
29.3589
29.5015
29.6239
29.7225
29.7929
29.8295
29.8261
29.7746
29.6651
29.4847
29.2164
29.5075
29.4487
29.3487
29.2129
29.0457
28.8508
28.631
28.389
28.1267
27.8461
27.5488
27.2364
26.9106
26.573
26.2257
25.8708
25.5113
25.1512
24.7957
24.4522
24.1305
23.8456
23.6212
23.4955
23.5215
23.757
24.2414
24.9703
25.8929
26.932
28.0147
29.0908
30.1347
31.1372
32.0958
33.0094
33.8766
34.6963
35.4683
36.1932
36.8717
37.5045
38.0925
38.6365
39.1372
39.5954
40.0116
40.3865
40.7206
41.0141
41.2675
41.4808
41.6543
41.788
41.8818
41.9357
41.9495
41.923
41.8559
41.7479
41.5986
41.4077
41.1748
40.8994
40.5811
40.2196
39.8144
39.3655
38.8726
38.3358
37.7552
37.1316
36.4662
35.7613
35.0202
34.2456
33.4417
32.6187
31.802
31.0393
30.397
29.9404
29.7016
29.6628
29.7645
29.9366
30.122
30.2841
30.4022
30.4649
30.4654
30.4007
30.2714
30.0822
29.8445
29.5819
29.334
29.1531
29.0879
29.1618
29.3645
29.6617
30.012
30.3825
30.7523
31.1086
31.4439
31.7513
32.025
32.2606
32.4542
32.603
32.7048
32.7576
32.7596
32.7093
32.6055
32.4476
32.2354
31.9694
31.6522
31.2883
30.8873
30.4661
30.0518
29.6781
29.3764
29.1651
29.0449
29.0029
29.0208
29.0817
29.1735
29.2876
29.4174
29.5567
29.7001
29.8431
29.9816
30.1121
30.2312
30.3348
30.4193
30.4804
30.5134
30.5125
30.4709
30.3801
30.2294
30.005
29.6888
29.1393
29.0567
28.9337
28.7756
28.5863
28.3695
28.1277
27.8634
27.5785
27.2747
26.9536
26.6166
26.2654
25.9013
25.5263
25.1425
24.7529
24.3614
23.9732
23.5957
23.2391
22.9191
22.6614
22.5067
22.511
22.7319
23.2053
23.9214
24.8265
25.845
26.9084
27.9709
29.0093
30.0148
30.984
31.9146
32.8041
33.6508
34.454
35.2136
35.9299
36.6033
37.2341
37.823
38.3704
38.8769
39.3429
39.7688
40.155
40.5018
40.8092
41.0775
41.3066
41.4966
41.6472
41.7583
41.8296
41.8608
41.8514
41.8011
41.7092
41.5752
41.3986
41.1785
40.9145
40.6056
40.2514
39.851
39.4041
38.91
38.3684
37.7792
37.1429
36.461
35.7351
34.967
34.1587
33.3188
32.4716
31.6654
30.9694
30.4537
30.1566
30.0656
30.1271
30.2744
30.452
30.6228
30.7646
30.864
30.9129
30.9068
30.8446
30.7297
30.5711
30.3869
30.2072
30.0706
30.0145
30.0604
30.2059
30.4307
30.7073
31.0106
31.3233
31.6341
31.9342
32.2167
32.4756
32.7052
32.902
33.0624
33.1839
33.2639
33.3006
33.2922
33.2374
33.1357
32.9867
32.7913
32.5519
32.2729
31.9626
31.6341
31.3071
31.0049
30.75
30.557
30.4298
30.3626
30.3447
30.3648
30.4138
30.4844
30.5706
30.6667
30.7677
30.8693
30.9675
31.0586
31.1387
31.2043
31.2511
31.2748
31.2702
31.2312
31.1506
31.0193
30.826
30.5558
30.1894
28.8054
28.7013
28.5576
28.3794
28.1705
27.9341
27.6729
27.389
27.0843
26.7603
26.4185
26.0602
25.687
25.3002
24.9016
24.4934
24.0784
23.6604
23.245
22.8395
22.4544
22.1064
21.8231
21.648
21.6389
21.8524
22.319
23.023
23.9073
24.8986
25.9335
26.9711
27.9915
28.9867
29.9529
30.8869
31.7855
32.6466
33.4688
34.2517
34.995
35.6988
36.3631
36.9882
37.5743
38.1217
38.6307
39.1014
39.5342
39.929
40.2861
40.6054
40.8869
41.1303
41.3355
41.5023
41.6302
41.7189
41.7678
41.7764
41.744
41.67
41.5536
41.394
41.1903
40.9417
40.6472
40.3059
39.9169
39.4794
38.9926
38.4559
37.8692
37.2332
36.5488
35.8166
35.0379
34.2196
33.3831
32.5735
31.8569
31.3017
30.9487
30.7922
30.7887
30.8805
31.0179
31.166
31.3024
31.4126
31.4871
31.52
31.5091
31.456
31.3677
31.2576
31.1464
31.0606
31.0259
31.0595
31.1645
31.331
31.5429
31.7835
32.0396
32.3007
32.5594
32.8085
33.042
33.2549
33.4429
33.6028
33.7313
33.826
33.8846
33.9055
33.8873
33.8292
33.7312
33.594
33.4198
33.2128
32.9797
32.7307
32.4796
32.2425
32.0347
31.8675
31.7456
31.6673
31.6275
31.6191
31.6357
31.6714
31.7213
31.7804
31.8443
31.9087
31.9699
32.0242
32.068
32.0973
32.1078
32.095
32.0534
31.9766
31.857
31.6848
31.448
31.1307
30.7122
28.5014
28.3778
28.2156
28.0194
27.7929
27.5393
27.2609
26.9597
26.6376
26.296
25.9362
25.5596
25.1674
24.7612
24.3426
23.9137
23.4773
23.0374
22.5994
22.1709
21.7629
21.393
21.0912
20.9034
20.889
21.102
21.5667
22.2606
23.1237
24.0851
25.0868
26.0933
27.0876
28.0631
29.016
29.9425
30.8392
31.7034
32.5336
33.329
34.0889
34.8131
35.5013
36.1535
36.7695
37.3496
37.8938
38.4021
38.8746
39.3113
39.7122
40.077
40.4058
40.6982
40.954
41.1729
41.3544
41.4981
41.6033
41.6696
41.6961
41.6822
41.6269
41.5295
41.3889
41.2042
40.9743
40.6982
40.3748
40.0032
39.5823
39.1113
38.5897
38.0178
37.396
36.7248
36.0051
35.2429
34.4564
33.684
32.9833
32.4154
32.02
31.7984
31.7196
31.7385
31.8142
31.9159
32.0227
32.1198
32.1968
32.247
32.2668
32.2567
32.221
32.1692
32.1148
32.0744
32.0647
32.0978
32.1788
32.3049
32.4674
32.6563
32.8621
33.0771
33.2942
33.5073
33.7114
33.9013
34.0733
34.2241
34.3504
34.4498
34.52
34.5594
34.5665
34.5406
34.4815
34.39
34.2681
34.1191
33.9485
33.764
33.5754
33.3936
33.2291
33.09
32.9808
32.9022
32.8518
32.8258
32.8198
32.8296
32.8509
32.8797
32.9121
32.9445
32.9732
32.9947
33.0052
33.0009
32.9774
32.9299
32.8528
32.7391
32.581
32.3681
32.0874
31.7223
31.2504
28.2232
28.082
27.903
27.6907
27.4486
27.1795
26.8859
26.5695
26.2321
25.8751
25.4997
25.1072
24.6988
24.2759
23.8401
23.3937
22.9393
22.481
22.0244
21.5772
21.1509
20.7646
20.4505
20.2573
20.2448
20.464
20.9313
21.618
22.461
23.3926
24.3599
25.3325
26.2967
27.2469
28.1795
29.0907
29.9767
30.8351
31.664
32.4625
33.2297
33.9651
34.668
35.3383
35.9757
36.5802
37.1515
37.6897
38.1946
38.666
39.1038
39.5079
39.8779
40.2136
40.5147
40.7807
41.0112
41.2057
41.3635
41.4841
41.5666
41.6104
41.6146
41.5782
41.5002
41.3798
41.2157
41.007
40.7525
40.4512
40.1021
39.7042
39.2572
38.7608
38.2156
37.6222
36.9822
36.301
35.5937
34.891
34.2389
33.6871
33.271
32.9978
32.8493
32.794
32.8008
32.8448
32.9073
32.9746
33.0361
33.0846
33.1158
33.1287
33.1257
33.1124
33.0972
33.0905
33.1022
33.1404
33.2096
33.3101
33.4381
33.5882
33.7538
33.9292
34.109
34.2886
34.463
34.6283
34.7811
34.9179
35.0362
35.1335
35.2075
35.2569
35.2801
35.2765
35.2458
35.1887
35.1067
35.0027
34.8808
34.7467
34.6075
34.4704
34.3428
34.2305
34.1372
34.0644
34.0113
33.9758
33.9553
33.9465
33.9463
33.9513
33.9583
33.9638
33.9647
33.9573
33.9383
33.9035
33.8487
33.7687
33.6578
33.5089
33.3133
33.0602
32.7359
32.3224
31.796
27.9669
27.8096
27.6154
27.3886
27.1324
26.8496
26.5424
26.2126
25.8618
25.4913
25.1022
24.6958
24.2733
23.836
23.3856
22.9241
22.4545
21.9808
21.5089
21.0464
20.6059
20.2079
19.8872
19.695
19.6912
19.9222
20.3966
21.0787
21.9039
22.8071
23.7411
24.6798
25.6125
26.5347
27.4431
28.3338
29.2034
30.0493
30.8698
31.6639
32.4306
33.1691
33.8787
34.5591
35.2098
35.8307
36.4215
36.9818
37.5115
38.0105
38.4782
38.9146
39.3194
39.692
40.0322
40.3395
40.6134
40.8534
41.0587
41.2289
41.3631
41.4605
41.5204
41.5417
41.5236
41.4651
41.3651
41.2226
41.0366
40.806
40.53
40.2077
39.8387
39.4229
38.9609
38.4539
37.904
37.3167
36.7046
36.0908
35.5098
34.9988
34.5873
34.2855
34.0857
33.969
33.9137
33.9011
33.9158
33.9459
33.9815
34.0157
34.0437
34.0635
34.0756
34.083
34.0905
34.1041
34.13
34.1732
34.2368
34.3217
34.4265
34.5484
34.6833
34.8273
34.9762
35.1263
35.2739
35.4159
35.5488
35.6702
35.7776
35.8686
35.9416
35.9948
36.0272
36.0381
36.0271
35.9948
35.9424
35.8721
35.7869
35.691
35.5895
35.4874
35.3897
35.3006
35.2232
35.1586
35.1071
35.0676
35.0381
35.0167
35.0006
34.9872
34.9737
34.9572
34.9345
34.9024
34.8573
34.7953
34.7119
34.602
34.4595
34.2769
34.0451
33.7529
33.3854
32.9233
32.3416
27.7288
27.5569
27.3489
27.109
26.8401
26.545
26.2257
25.8839
25.5212
25.1386
24.7375
24.319
23.8842
23.4344
22.9713
22.4969
22.0144
21.5277
21.0429
20.5683
20.1169
19.7113
19.3891
19.2039
19.2145
19.4623
19.9474
20.6275
21.4372
22.3145
23.2173
24.1239
25.0258
25.9195
26.8021
27.6696
28.5191
29.3482
30.1554
30.9395
31.6996
32.4348
33.1445
33.8281
34.4853
35.1155
35.7185
36.294
36.8415
37.3609
37.8518
38.3137
38.7464
39.1494
39.5223
39.8646
40.1758
40.4553
40.7025
40.9166
41.0971
41.243
41.3537
41.4281
41.4655
41.4648
41.4251
41.3454
41.2248
41.0624
40.8574
40.6091
40.3173
39.982
39.604
39.1848
38.7272
38.2367
37.7236
37.2054
36.7065
36.2536
35.869
35.5641
35.3379
35.1808
35.0797
35.0214
34.9945
34.989
34.9965
35.0109
35.0275
35.0437
35.0588
35.0738
35.0913
35.1147
35.1474
35.1924
35.2518
35.3261
35.415
35.5165
35.6284
35.7478
35.8719
35.9979
36.1227
36.2437
36.3585
36.4649
36.5604
36.6434
36.7124
36.7657
36.8025
36.8221
36.8242
36.8092
36.778
36.7321
36.6738
36.6063
36.5329
36.4572
36.3829
36.3127
36.2491
36.193
36.1448
36.1039
36.0692
36.0389
36.0112
35.9836
35.9537
35.9189
35.8764
35.8229
35.755
35.6687
35.5595
35.422
35.2499
35.0354
34.7689
34.4384
34.0282
33.5179
32.8802
27.5056
27.3204
27.0999
26.848
26.5677
26.2614
25.9312
25.5787
25.2053
24.8121
24.4004
23.9711
23.5254
23.0647
22.5904
22.1049
21.6112
21.1136
20.6182
20.1338
19.6746
19.2652
18.9462
18.7732
18.8034
19.0719
19.5705
20.2509
21.0472
21.9013
22.7759
23.6528
24.5259
25.3921
26.2488
27.0924
27.9201
28.73
29.5207
30.291
31.0403
31.7676
32.4722
33.1536
33.8114
34.445
35.0542
35.6385
36.1976
36.7311
37.2386
37.7197
38.174
38.601
39.0003
39.3714
39.7137
40.0265
40.3094
40.5617
40.7825
40.9713
41.1271
41.2492
41.3366
41.3886
41.4042
41.3825
41.3227
41.224
41.0858
40.9076
40.6893
40.431
40.1339
39.7994
39.4309
39.0335
38.6158
38.191
37.776
37.3896
37.048
36.7616
36.5331
36.359
36.2321
36.1444
36.0877
36.0545
36.0383
36.0338
36.0369
36.045
36.0567
36.0719
36.0916
36.1176
36.1516
36.1954
36.25
36.3158
36.3924
36.4786
36.573
36.6736
36.7781
36.8845
36.9905
37.094
37.1931
37.2856
37.3701
37.4447
37.5084
37.5597
37.5978
37.6222
37.6326
37.6293
37.6127
37.5843
37.5454
37.4984
37.4455
37.3894
37.3326
37.2771
37.2246
37.1758
37.131
37.0901
37.0518
37.0152
36.9784
36.9395
36.8963
36.8464
36.7869
36.7149
36.6268
36.5187
36.3859
36.223
36.0232
35.7784
35.4785
35.1105
34.6581
34.0993
33.4048
27.2946
27.097
26.8651
26.6022
26.3115
25.9952
25.6551
25.293
24.9099
24.5072
24.086
23.6471
23.1918
22.7214
22.2374
21.7421
21.2388
20.732
20.2278
19.7357
19.2713
18.8617
18.5501
18.394
18.4481
18.7404
19.2545
19.9367
20.7218
21.5554
22.4047
23.2551
24.1017
24.9424
25.7742
26.5943
27.4
28.1897
28.9623
29.7169
30.4525
31.1686
31.8645
32.5397
33.1937
33.8261
34.4365
35.0245
35.5897
36.1318
36.6503
37.1448
37.6149
38.06
38.4798
38.8737
39.2411
39.5815
39.8942
40.1786
40.4339
40.6596
40.8548
41.0187
41.1505
41.2494
41.3146
41.3453
41.3408
41.3004
41.2236
41.1101
40.9599
40.7734
40.5516
40.2963
40.0107
39.6996
39.3701
39.0319
38.6973
38.3791
38.0894
37.8366
37.6247
37.4536
37.3202
37.2199
37.1474
37.0977
37.0658
37.0475
37.0397
37.0399
37.0466
37.0592
37.0776
37.1026
37.1351
37.1758
37.2253
37.2836
37.3503
37.4247
37.5055
37.5913
37.6804
37.7713
37.8622
37.9515
38.0372
38.1181
38.1926
38.2596
38.3177
38.3659
38.4037
38.4305
38.4459
38.4502
38.4437
38.4273
38.4021
38.3697
38.3317
38.2898
38.2459
38.2013
38.1571
38.114
38.072
38.0311
37.9903
37.9486
37.9044
37.8561
37.8016
37.7386
37.6645
37.576
37.4699
37.342
37.1876
37.0008
36.7749
36.5011
36.1689
35.7644
35.2702
34.6624
33.9103
27.0931
26.8842
26.6417
26.3689
26.0686
25.7431
25.3941
25.0232
24.6315
24.2202
23.7904
23.3429
22.879
22.3999
21.9073
21.4035
20.8919
20.3771
19.8658
19.368
18.9008
18.4941
18.194
18.059
18.1407
18.4591
18.9899
19.6751
20.4505
21.266
22.093
22.9199
23.7429
24.5602
25.369
26.1667
26.951
27.7208
28.4749
29.2126
29.9333
30.6363
31.3212
31.9873
32.6344
33.2621
33.87
34.4576
35.0247
35.5708
36.0955
36.5985
37.0793
37.5374
37.9724
38.3837
38.7707
39.133
39.4699
39.7809
40.0651
40.3219
40.5507
40.7507
40.9211
41.0612
41.1702
41.2475
41.2924
41.3044
41.2831
41.2282
41.1399
41.0188
40.8658
40.6829
40.4729
40.2399
39.9899
39.7303
39.4699
39.218
38.9832
38.7723
38.5895
38.4362
38.3115
38.2131
38.1382
38.0832
38.045
38.0202
38.0067
38.0023
38.0057
38.0159
38.0328
38.0563
38.0866
38.1242
38.1691
38.2213
38.2803
38.3454
38.4158
38.4903
38.5677
38.6465
38.7255
38.8032
38.8783
38.9496
39.0158
39.076
39.1291
39.1742
39.2108
39.2384
39.2568
39.266
39.2663
39.2583
39.2427
39.2206
39.1931
39.1613
39.1266
39.0898
39.0517
39.0126
38.9726
38.9314
38.8882
38.8421
38.7916
38.7351
38.6707
38.5962
38.5089
38.4056
38.283
38.1369
37.9622
37.7531
37.5022
37.2004
36.8365
36.396
35.8599
35.2034
34.3928
26.8989
26.6795
26.4272
26.1453
25.8363
25.5024
25.1453
24.7663
24.3668
23.9478
23.5101
23.0549
22.5832
22.0964
21.5961
21.0848
20.566
20.0445
19.5274
19.0256
18.558
18.1572
17.8724
17.7623
17.8745
18.2205
18.7685
19.4573
20.2244
21.024
21.8315
22.6377
23.4397
24.236
25.0238
25.8008
26.5651
27.3156
28.0517
28.7726
29.4779
30.167
30.8394
31.4949
32.1331
32.7536
33.3562
33.9404
34.5061
35.0527
35.5799
36.0874
36.5746
37.0413
37.4869
37.9109
38.3128
38.6921
39.0482
39.3804
39.6883
39.971
40.228
40.4585
40.662
40.8376
40.9848
41.1029
41.1913
41.2497
41.2778
41.2753
41.2426
41.1803
41.0892
40.9713
40.8291
40.6661
40.487
40.2976
40.1046
39.9147
39.7343
39.5689
39.422
39.2956
39.1902
39.1049
39.0381
38.9878
38.9519
38.9282
38.9149
38.9106
38.9141
38.9245
38.9415
38.9648
38.9943
39.0302
39.0722
39.1202
39.1737
39.2323
39.2952
39.3614
39.4299
39.4997
39.5696
39.6386
39.7055
39.7692
39.829
39.8837
39.9325
39.9748
40.0101
40.038
40.0581
40.0706
40.0756
40.0733
40.0644
40.0495
40.0294
40.0049
39.9766
39.9454
39.9114
39.8751
39.8361
39.7941
39.7485
39.6982
39.642
39.5782
39.5049
39.4199
39.3205
39.2036
39.0657
38.9024
38.7086
38.478
38.203
37.874
37.479
37.0026
36.4246
35.7184
34.8479
26.7098
26.4808
26.2195
25.9292
25.6122
25.2706
24.906
24.5199
24.1132
23.687
23.2423
22.7801
22.3014
21.8076
21.3005
20.7825
20.2574
19.7303
19.2088
18.7046
18.2388
17.8469
17.5809
17.499
17.6438
18.0184
18.5836
19.2762
20.036
20.8216
21.612
22.4001
23.1837
23.9612
24.7302
25.4882
26.234
26.9666
27.6856
28.3903
29.0803
29.7553
30.4149
31.0589
31.687
32.299
32.8944
33.4732
34.035
34.5795
35.1063
35.6151
36.1056
36.5772
37.0297
37.4625
37.8751
38.2672
38.638
38.987
39.3138
39.6176
39.8979
40.154
40.3853
40.5912
40.7711
40.9245
41.051
41.15
41.2215
41.2654
41.282
41.2718
41.2358
41.1757
41.0936
40.9926
40.8764
40.7495
40.617
40.484
40.3555
40.2355
40.1274
40.033
39.9533
39.8882
39.8372
39.7991
39.7725
39.7562
39.7489
39.7495
39.7572
39.7711
39.791
39.8166
39.8476
39.8839
39.9253
39.9715
40.0222
40.0769
40.1351
40.1959
40.2585
40.322
40.3857
40.4484
40.5094
40.5678
40.6227
40.6734
40.7191
40.7593
40.7936
40.8216
40.843
40.8578
40.866
40.868
40.8639
40.8541
40.8394
40.8199
40.7963
40.7688
40.7377
40.703
40.6643
40.6213
40.5732
40.5189
40.4573
40.3867
40.3051
40.2103
40.0997
39.9701
39.8178
39.6382
39.4261
39.1748
38.8762
38.5204
38.0946
37.5825
36.9623
36.2057
35.2735
26.5239
26.286
26.0165
25.7184
25.3941
25.0455
24.6742
24.2814
23.8682
23.4356
22.9845
22.5159
22.0309
21.5308
21.0175
20.4936
19.9631
19.4315
18.9065
18.4015
17.9397
17.5596
17.3157
17.265
17.4441
17.8474
18.4294
19.1258
19.8791
20.6522
21.4277
22.2
22.9675
23.7283
24.4803
25.2213
25.9502
26.6663
27.3693
28.0588
28.7343
29.3955
30.0425
30.6748
31.2923
31.8949
32.4823
33.0543
33.6107
34.1512
34.6755
35.1833
35.6744
36.1483
36.6047
37.0431
37.4631
37.8643
38.2462
38.6082
38.9498
39.2705
39.5697
39.8468
40.1014
40.3328
40.5406
40.7243
40.8834
41.0177
41.1271
41.2115
41.2713
41.307
41.3196
41.3104
41.2814
41.2349
41.1741
41.1025
41.0241
40.9427
40.8623
40.7861
40.7167
40.656
40.6052
40.5646
40.5341
40.5132
40.5012
40.4972
40.5005
40.5103
40.5259
40.5467
40.5726
40.6032
40.6382
40.6774
40.7208
40.768
40.8186
40.8723
40.9285
40.9867
41.0461
41.1062
41.1661
41.225
41.2824
41.3373
41.3892
41.4373
41.4812
41.5203
41.5541
41.5826
41.6052
41.622
41.6329
41.638
41.6376
41.6318
41.6208
41.6052
41.5849
41.5601
41.5309
41.4971
41.4582
41.4139
41.3632
41.3052
41.2384
41.1614
41.072
40.9682
40.847
40.7053
40.5392
40.344
40.1141
39.8426
39.5211
39.1388
38.6822
38.1338
37.4708
36.6627
35.6679
26.3396
26.0934
25.8163
25.5112
25.1802
24.8252
24.4477
24.0488
23.6297
23.1912
22.7343
22.2599
21.7692
21.2634
20.7446
20.2157
19.6806
19.1452
18.618
18.1137
17.658
17.2926
17.0739
17.0569
17.2713
17.7031
18.3011
19.0009
19.7482
20.5103
21.2727
22.0312
22.7844
23.5305
24.2673
24.9931
25.7067
26.4079
27.0963
27.7715
28.4334
29.0817
29.7164
30.3372
30.9442
31.5372
32.116
32.6806
33.2306
33.766
34.2864
34.7917
35.2816
35.7557
36.2136
36.6552
37.08
37.4875
37.8773
38.249
38.6021
38.9361
39.2505
39.5449
39.8187
40.0714
40.3026
40.5119
40.699
40.8637
41.0058
41.1254
41.2229
41.2986
41.3536
41.3889
41.4063
41.4077
41.3955
41.3727
41.3422
41.3072
41.2707
41.2353
41.2031
41.176
41.155
41.1408
41.1334
41.1327
41.1385
41.1502
41.1674
41.1895
41.216
41.2468
41.2814
41.3196
41.3611
41.406
41.4538
41.5044
41.5574
41.6126
41.6696
41.7278
41.7867
41.8457
41.9043
41.9618
42.0176
42.0711
42.1217
42.1689
42.2123
42.2513
42.2856
42.3149
42.3391
42.3579
42.3713
42.3792
42.3819
42.3793
42.3716
42.3588
42.3411
42.3183
42.2904
42.2571
42.2178
42.172
42.1188
42.0572
41.9856
41.9026
41.806
41.6935
41.5623
41.4091
41.2297
41.0194
40.7722
40.481
40.1366
39.7279
39.2404
38.6556
37.9491
37.0882
36.0284
26.1548
25.9012
25.6172
25.3056
24.9686
24.6078
24.2247
23.8204
23.3959
22.9521
22.4899
22.0103
21.5144
21.0035
20.4799
19.9464
19.4075
18.8692
18.3409
17.8388
17.3914
17.0435
16.8529
16.8717
17.1219
17.5816
18.1946
18.8971
19.639
20.3912
21.1421
21.8885
22.6292
23.3622
24.0855
24.7974
25.4974
26.185
26.86
27.5223
28.1715
28.8078
29.4309
30.0409
30.6377
31.2212
31.7915
32.3483
32.8916
33.4212
33.9369
34.4385
34.9259
35.3987
35.8567
36.2996
36.727
37.1386
37.5341
37.9129
38.2747
38.6191
38.9456
39.2538
39.5433
39.8136
40.0644
40.2954
40.5063
40.6968
40.8671
41.017
41.147
41.2575
41.3493
41.4234
41.4811
41.5241
41.5545
41.5745
41.5863
41.5926
41.5957
41.5977
41.6005
41.6055
41.6139
41.6262
41.6428
41.6638
41.6891
41.7185
41.7516
41.7883
41.828
41.8708
41.9162
41.9641
42.0144
42.0669
42.1213
42.1776
42.2355
42.2946
42.3546
42.4151
42.4758
42.5361
42.5956
42.6537
42.71
42.764
42.8151
42.863
42.9071
42.9472
42.9829
43.0139
43.0401
43.0613
43.0773
43.088
43.0936
43.0939
43.089
43.0788
43.0632
43.0422
43.0154
42.9823
42.9426
42.8955
42.8399
42.7749
42.6989
42.6102
42.5068
42.3862
42.2455
42.0812
41.8891
41.6641
41.4
41.0893
40.7223
40.2871
39.7686
39.1472
38.3963
37.4814
36.3548
25.9679
25.7075
25.4173
25.0999
24.7575
24.3915
24.0034
23.5942
23.1649
22.7164
22.2495
21.7652
21.2646
20.7492
20.2213
19.684
19.1419
18.6016
18.0733
17.5749
17.138
16.8104
16.6506
16.7068
16.993
17.4794
18.1062
18.811
19.5476
20.291
21.0317
21.7674
22.4969
23.2183
23.9294
24.6291
25.3167
25.9921
26.6551
27.3055
27.9432
28.5682
29.1806
29.7804
30.3676
30.9421
31.504
32.0532
32.5895
33.1131
33.6237
34.1211
34.6052
35.0758
35.5326
35.9755
36.4041
36.8181
37.2173
37.6012
37.9695
38.3219
38.658
38.9773
39.2795
39.5644
39.8316
40.0807
40.3117
40.5242
40.7185
40.8945
41.0525
41.1929
41.3165
41.424
41.5167
41.5959
41.6633
41.7205
41.7696
41.8124
41.8509
41.8869
41.9218
41.9569
41.9932
42.0313
42.0717
42.1146
42.16
42.2079
42.2581
42.3104
42.3648
42.421
42.4787
42.5379
42.5986
42.6603
42.7232
42.787
42.8514
42.9164
42.9815
43.0464
43.1109
43.1744
43.2368
43.2975
43.3561
43.4122
43.4654
43.5153
43.5616
43.6039
43.642
43.6756
43.7044
43.7284
43.7473
43.7612
43.7698
43.7731
43.7709
43.7632
43.7498
43.7304
43.7046
43.672
43.6319
43.5835
43.5259
43.4578
43.3777
43.2838
43.174
43.0458
42.8961
42.7213
42.5169
42.2776
41.997
41.6669
41.2774
40.816
40.2661
39.607
38.8108
37.8403
36.6444
25.7771
25.5105
25.2148
24.8924
24.5451
24.1746
23.7821
23.3686
22.9351
22.4823
22.0113
21.5228
21.0181
20.4988
19.9672
19.4266
18.8821
18.3406
17.8133
17.3204
16.8962
16.5917
16.4651
16.56
16.8818
17.3935
18.0327
18.7392
19.4708
20.2061
20.9379
21.6642
22.3837
23.0946
23.7948
24.4834
25.16
25.8243
26.4763
27.1159
27.7431
28.3579
28.9605
29.5508
30.129
30.695
31.2489
31.7907
32.3204
32.8379
33.3431
33.836
34.3165
34.7843
35.2392
35.6812
36.11
36.5252
36.9267
37.3142
37.6873
38.0458
38.3893
38.7175
39.0302
39.327
39.6077
39.8721
40.1199
40.3512
40.5659
40.7641
40.9461
41.1122
41.2631
41.3995
41.5224
41.6329
41.7322
41.8219
41.9035
41.9785
42.0484
42.1149
42.1789
42.2417
42.304
42.3666
42.4298
42.494
42.5594
42.6258
42.6934
42.7619
42.8314
42.9016
42.9726
43.0441
43.116
43.1884
43.261
43.3335
43.4061
43.4784
43.55
43.621
43.6909
43.7594
43.8263
43.891
43.9535
44.0132
44.0699
44.1232
44.1728
44.2185
44.2599
44.2969
44.3292
44.3566
44.379
44.3962
44.4081
44.4146
44.4154
44.4104
44.3992
44.3815
44.357
44.3249
44.2847
44.2354
44.176
44.1052
44.0215
43.9229
43.8072
43.6718
43.5136
43.3286
43.1123
42.8591
42.5622
42.2131
41.8013
41.3132
40.7317
40.0345
39.1924
38.1648
36.8974
25.5802
25.3083
25.0079
24.6811
24.3297
23.9553
23.5591
23.1419
22.7047
22.2483
21.7737
21.2816
20.7733
20.2506
19.7159
19.1728
18.6265
18.0845
17.5595
17.0737
16.6647
16.3859
16.2947
16.4291
16.7858
17.3212
17.9715
18.6789
19.4057
20.1338
20.8575
21.5753
22.2859
22.9873
23.6777
24.3563
25.0228
25.6772
26.3193
26.9491
27.5667
28.1722
28.7657
29.3473
29.9171
30.4752
31.0217
31.5566
32.0798
32.5915
33.0915
33.5798
34.0564
34.5211
34.9738
35.4143
35.8425
36.2581
36.6609
37.0508
37.4274
37.7906
38.1399
38.4753
38.7964
39.1031
39.395
39.6721
39.9342
40.1813
40.4133
40.6305
40.833
41.0212
41.1956
41.3568
41.5056
41.643
41.77
41.8879
41.9977
42.101
42.1987
42.2921
42.3823
42.4702
42.5565
42.6418
42.7266
42.8111
42.8956
42.9801
43.0647
43.1493
43.2339
43.3185
43.4029
43.4871
43.571
43.6545
43.7375
43.8199
43.9014
43.982
44.0616
44.1398
44.2162
44.291
44.3637
44.4339
44.5014
44.566
44.6273
44.6852
44.7392
44.7891
44.8348
44.876
44.9124
44.9439
44.9703
44.9914
45.007
45.017
45.021
45.0188
45.0102
44.9946
44.9715
44.9403
44.9003
44.8505
44.7897
44.7166
44.6296
44.5268
44.4057
44.2636
44.0972
43.9026
43.6748
43.4081
43.0952
42.7271
42.2929
41.7782
41.1647
40.4291
39.5392
38.4528
37.1112
25.3749
25.0987
24.7943
24.464
24.1093
23.7318
23.3324
22.9123
22.4721
22.0127
21.535
21.0399
20.5287
20.0031
19.4659
18.9208
18.3735
17.832
17.3104
16.8335
16.442
16.1916
16.1378
16.3121
16.7027
17.26
17.9199
18.6278
19.3499
20.0714
20.7878
21.498
22.2005
22.8932
23.5747
24.2443
24.9017
25.5469
26.1801
26.801
27.4099
28.0068
28.5921
29.1657
29.7278
30.2786
30.8181
31.3465
31.8637
32.3698
32.8648
33.3487
33.8214
34.2829
34.7331
35.1718
35.599
36.0144
36.4179
36.8094
37.1886
37.5552
37.9092
38.2503
38.5784
38.8931
39.1944
39.4822
39.7563
40.0167
40.2636
40.4969
40.7169
40.924
41.1185
41.301
41.4721
41.6327
41.7836
41.9258
42.0604
42.1882
42.3103
42.4277
42.5413
42.6517
42.7597
42.8659
42.9706
43.0741
43.1766
43.2783
43.3793
43.4794
43.5788
43.6775
43.7753
43.8723
43.9683
44.0631
44.157
44.2495
44.3407
44.4304
44.5184
44.6046
44.6887
44.7705
44.8499
44.9266
45.0002
45.0706
45.1375
45.2008
45.26
45.3151
45.3658
45.4118
45.453
45.4892
45.5201
45.5455
45.5653
45.5791
45.5867
45.5878
45.5819
45.5687
45.5474
45.5175
45.478
45.428
45.3663
45.2914
45.2016
45.0949
44.9689
44.8206
44.6465
44.4426
44.2037
43.9238
43.5951
43.2085
42.7518
42.2104
41.5646
40.7892
39.8512
38.7042
37.286
25.1587
24.8791
24.5718
24.2388
23.8817
23.5018
23.1002
22.6778
22.2354
21.7737
21.2936
20.7961
20.2826
19.7548
19.2157
18.6694
18.1217
17.5817
17.0648
16.5987
16.2272
16.0077
15.993
16.2071
16.6302
17.2076
17.8757
18.5834
19.3011
20.0165
20.7263
21.4296
22.1246
22.8094
23.4828
24.144
24.7932
25.4302
26.055
26.6679
27.2688
27.858
28.4356
29.0019
29.557
30.1011
30.6342
31.1566
31.6681
32.1691
32.6594
33.139
33.608
34.0663
34.5139
34.9507
35.3766
35.7915
36.1952
36.5877
36.9687
37.3381
37.6958
38.0416
38.3752
38.6967
39.0059
39.3026
39.5869
39.8587
40.1181
40.3652
40.6002
40.8235
41.0352
41.236
41.4264
41.607
41.7786
41.9419
42.0977
42.247
42.3904
42.529
42.6633
42.7939
42.9215
43.0467
43.1695
43.2905
43.4099
43.5277
43.644
43.759
43.8726
43.9849
44.0956
44.205
44.3129
44.4192
44.5238
44.6268
44.7277
44.8268
44.9238
45.0184
45.1107
45.2003
45.2869
45.3706
45.4511
45.528
45.6013
45.6706
45.7358
45.7967
45.8529
45.9043
45.9508
45.9921
46.028
46.0582
46.0825
46.1006
46.1121
46.1168
46.1141
46.1035
46.0844
46.056
46.0175
45.9677
45.9055
45.8292
45.737
45.6269
45.4964
45.3423
45.161
44.9483
44.6987
44.4057
44.0616
43.6562
43.1771
42.6087
41.93
41.1148
40.1266
38.917
37.4201
24.9284
24.6466
24.3374
24.0029
23.6444
23.2631
22.8602
22.4364
21.9925
21.5293
21.0476
20.5485
20.0332
19.504
18.9637
18.4169
17.8697
17.3321
16.8213
16.368
16.0191
15.8328
15.8585
16.1122
16.5662
17.1619
17.8367
18.5438
19.2571
19.9669
20.6708
21.3676
22.0558
22.7333
23.3991
24.0528
24.6943
25.3237
25.9411
26.5464
27.1401
27.7221
28.2929
28.8524
29.4011
29.939
30.4663
30.983
31.4894
31.9855
32.4714
32.947
33.4125
33.8678
34.3129
34.7477
35.1723
35.5864
35.9901
36.3832
36.7655
37.1371
37.4977
37.8473
38.1857
38.5128
38.8286
39.1329
39.4259
39.7074
39.9776
40.2365
40.4844
40.7215
40.948
41.1646
41.3715
41.5693
41.7587
41.9403
42.1147
42.2827
42.4449
42.602
42.7546
42.9032
43.0485
43.1906
43.33
43.467
43.6019
43.7346
43.8653
43.9942
44.1211
44.2462
44.3695
44.4908
44.6102
44.7275
44.8429
44.9559
45.0668
45.1753
45.2813
45.3846
45.4852
45.5829
45.6773
45.7684
45.8561
45.94
46.02
46.0959
46.1675
46.2346
46.2968
46.3542
46.4064
46.4533
46.4945
46.5298
46.5589
46.5816
46.5974
46.6059
46.6067
46.5991
46.5825
46.556
46.5187
46.4696
46.4071
46.3298
46.2357
46.1226
45.988
45.8285
45.6403
45.4191
45.1591
44.8534
44.494
44.07
43.5686
42.9727
42.261
41.4044
40.3655
39.0916
37.5114
24.6801
24.3975
24.0879
23.753
23.3943
23.0129
22.6097
22.1856
21.7413
21.2774
20.795
20.295
19.7789
19.2489
18.7083
18.1617
17.6159
17.0818
16.5787
16.1403
15.8165
15.6657
15.7328
16.0254
16.5085
17.1205
17.8009
18.5068
19.2159
19.9206
20.6189
21.3099
21.9916
22.6623
23.3212
23.9678
24.6023
25.2247
25.8351
26.4337
27.0206
27.5961
28.1605
28.7139
29.2567
29.7889
30.3107
30.8224
31.324
31.8157
32.2975
32.7694
33.2316
33.6841
34.1267
34.5597
34.9828
35.3961
35.7996
36.193
36.5764
36.9497
37.3127
37.6655
38.0079
38.3398
38.6612
38.9721
39.2725
39.5623
39.8417
40.1108
40.3698
40.6188
40.8582
41.0883
41.3095
41.5223
41.7271
41.9245
42.1151
42.2994
42.478
42.6515
42.8202
42.9849
43.1458
43.3033
43.4577
43.6092
43.7582
43.9046
44.0486
44.1903
44.3298
44.467
44.602
44.7346
44.8649
44.993
45.1185
45.2416
45.362
45.4799
45.5948
45.7069
45.8158
45.9215
46.0239
46.1227
46.2177
46.3089
46.3959
46.4787
46.5569
46.6304
46.6991
46.7626
46.8209
46.8735
46.9203
46.9609
46.9951
47.0226
47.0429
47.0556
47.0601
47.0557
47.0419
47.0177
46.982
46.9337
46.8714
46.7934
46.6978
46.5821
46.4436
46.2791
46.0845
45.855
45.5848
45.2668
44.892
44.4497
43.9256
43.3023
42.5564
41.6583
40.5663
39.2257
37.5608
24.4091
24.1275
23.819
23.4854
23.128
22.7478
22.3457
21.9225
21.4788
21.0155
20.5334
20.0335
19.5175
18.9877
18.4476
17.9021
17.3586
16.8292
16.3356
15.9143
15.6183
15.505
15.6142
15.9448
16.4549
17.0814
17.7662
18.4705
19.1756
19.8754
20.5687
21.254
21.9297
22.5941
23.2464
23.8865
24.5145
25.1304
25.7344
26.3266
26.9074
27.4769
28.0354
28.5832
29.1205
29.6475
30.1644
30.6714
31.1687
31.6562
32.1342
32.6028
33.0619
33.5117
33.9522
34.3834
34.8052
35.2177
35.6207
36.0144
36.3986
36.7733
37.1384
37.4939
37.8396
38.1757
38.502
38.8185
39.1253
39.4223
39.7098
39.9877
40.2563
40.5156
40.7661
41.008
41.2416
41.4673
41.6856
41.8968
42.1015
42.3001
42.4931
42.6809
42.8641
43.043
43.2178
43.3891
43.5569
43.7217
43.8835
44.0425
44.1987
44.3523
44.5034
44.6518
44.7977
44.9411
45.0818
45.2198
45.3552
45.4878
45.6175
45.7443
45.868
45.9885
46.1058
46.2195
46.3298
46.4362
46.5387
46.6372
46.7313
46.821
46.9061
46.9862
47.0614
47.1313
47.1956
47.2541
47.3067
47.3529
47.3924
47.4249
47.4498
47.4668
47.4752
47.4744
47.4635
47.4417
47.4078
47.3607
47.2989
47.2205
47.1236
47.0056
46.8637
46.6944
46.4936
46.256
45.9759
45.6456
45.2556
44.7947
44.2481
43.5967
42.8167
41.8751
40.7296
39.3202
37.5655
24.1091
23.8307
23.5255
23.1951
22.8408
22.4636
22.0642
21.6434
21.2019
20.7404
20.2599
19.7613
19.2465
18.718
18.1794
17.6361
17.0961
16.5728
16.0904
15.6887
15.423
15.3492
15.5007
15.868
16.4032
17.0424
17.7305
18.4329
19.134
19.8294
20.5178
21.1978
21.8678
22.5262
23.1724
23.8064
24.4283
25.0382
25.6362
26.2226
26.7976
27.3615
27.9146
28.4572
28.9895
29.5118
30.0242
30.5269
31.0201
31.5039
31.9785
32.4439
32.9003
33.3477
33.7861
34.2156
34.6362
35.0479
35.4507
35.8445
36.2294
36.6053
36.9721
37.33
37.6787
38.0184
38.3489
38.6704
38.9828
39.2861
39.5806
39.8662
40.1431
40.4116
40.6717
40.9239
41.1683
41.4054
41.6353
41.8586
42.0757
42.2868
42.4925
42.6931
42.889
43.0804
43.2678
43.4514
43.6314
43.8081
43.9815
44.152
44.3195
44.484
44.6457
44.8047
44.9607
45.114
45.2645
45.412
45.5566
45.6983
45.8368
45.9722
46.1044
46.2331
46.3584
46.48
46.598
46.7119
46.8218
46.9275
47.0287
47.1254
47.2172
47.304
47.3857
47.4619
47.5324
47.597
47.6554
47.7072
47.752
47.7895
47.8192
47.8406
47.8531
47.8559
47.8481
47.8289
47.7971
47.7514
47.6902
47.6117
47.5137
47.3936
47.2485
47.0747
46.8678
46.6227
46.3326
45.99
45.5851
45.1054
44.5358
43.8564
43.0407
42.0555
40.8538
39.3738
37.5269
23.7722
23.4997
23.2005
22.8759
22.527
22.1549
21.7603
21.3439
20.9064
20.4485
19.971
19.4753
18.9631
18.4371
17.9013
17.3614
16.8261
16.3105
15.8414
15.4619
15.229
15.1964
15.3902
15.7928
16.3509
17.001
17.6914
18.3917
19.089
19.7801
20.4639
21.139
21.8034
22.4562
23.0966
23.7249
24.341
24.9452
25.5377
26.1186
26.6883
27.2471
27.7952
28.333
28.8608
29.3786
29.8869
30.3857
30.8752
31.3556
31.8271
32.2897
32.7436
33.1888
33.6254
34.0534
34.4729
34.8838
35.2863
35.6803
36.0658
36.4428
36.8112
37.1712
37.5226
37.8654
38.1998
38.5256
38.843
39.1519
39.4525
39.7449
40.0293
40.3057
40.5743
40.8355
41.0894
41.3364
41.5767
41.8106
42.0386
42.2608
42.4777
42.6896
42.8968
43.0996
43.2982
43.4929
43.6838
43.8713
44.0554
44.2363
44.414
44.5886
44.7602
44.9287
45.0944
45.2569
45.4164
45.5728
45.7262
45.8764
46.0233
46.1669
46.3071
46.4438
46.5768
46.706
46.8314
46.9526
47.0698
47.1825
47.2907
47.3942
47.4927
47.5861
47.6742
47.7567
47.8334
47.9039
47.968
48.0254
48.0756
48.1182
48.1528
48.1786
48.1951
48.2016
48.1971
48.1806
48.151
48.1068
48.0464
47.9678
47.869
47.747
47.5988
47.4207
47.208
46.9551
46.6555
46.3006
45.8805
45.3822
44.7891
44.0807
43.2295
42.1986
40.94
39.3853
37.4433
23.3876
23.1248
22.8349
22.5193
22.1789
21.8148
21.4277
21.0181
20.5869
20.1346
19.6624
19.1713
18.6634
18.1416
17.6101
17.0751
16.5461
16.04
15.5865
15.2319
15.0344
15.0444
15.2802
15.7163
16.2953
16.9546
17.6465
18.3444
19.0381
19.7251
20.4045
21.0747
21.734
22.3813
23.0163
23.6391
24.2498
24.8487
25.4359
26.0118
26.5766
27.1306
27.6742
28.2075
28.731
29.2449
29.7494
30.2446
30.7308
31.2082
31.6769
32.137
32.5886
33.0319
33.4668
33.8935
34.3121
34.7225
35.1247
35.5189
35.905
36.283
36.6529
37.0148
37.3686
37.7144
38.0521
38.3819
38.7037
39.0177
39.3238
39.6223
39.9132
40.1967
40.4729
40.7421
41.0044
41.2603
41.5096
41.753
41.9906
42.2227
42.4496
42.6716
42.8889
43.1018
43.3105
43.5152
43.7162
43.9135
44.1072
44.2976
44.4848
44.6687
44.8493
45.0268
45.2011
45.3723
45.5404
45.7051
45.8667
46.0249
46.1798
46.3311
46.4789
46.6232
46.7635
46.9001
47.0326
47.161
47.285
47.4046
47.5195
47.6297
47.7347
47.8346
47.9289
48.0176
48.1004
48.1768
48.2466
48.3095
48.365
48.4126
48.4519
48.4822
48.5029
48.513
48.5118
48.498
48.4706
48.428
48.3685
48.2901
48.1904
48.0667
47.9156
47.7332
47.5146
47.2542
46.9449
46.5779
46.1424
45.6251
45.0086
44.2709
43.3823
42.3053
40.9867
39.3562
37.313
22.9407
22.6924
22.4164
22.114
21.7862
21.4339
21.0577
20.6583
20.2363
19.7926
19.3281
18.8442
18.3429
17.8273
17.302
16.7737
16.2529
15.7584
15.3231
14.9964
14.8367
14.8905
15.1677
15.6354
16.2332
16.9002
17.5928
18.2882
18.9784
19.6615
20.3366
21.0021
21.6563
22.2984
22.9283
23.546
24.1516
24.7456
25.3279
25.899
26.4592
27.0088
27.5482
28.0775
28.5972
29.1074
29.6085
30.1005
30.5838
31.0584
31.5246
31.9824
32.4321
32.8737
33.3072
33.7329
34.1507
34.5606
34.9628
35.3572
35.744
36.123
36.4943
36.858
37.2141
37.5626
37.9035
38.2369
38.5628
38.8813
39.1925
39.4964
39.7932
40.0831
40.3661
40.6425
40.9124
41.176
41.4336
41.6855
41.9317
42.1726
42.4085
42.6395
42.866
43.088
43.3059
43.5197
43.7297
43.9359
44.1386
44.3377
44.5335
44.7259
44.915
45.1008
45.2833
45.4625
45.6384
45.811
45.9803
46.1461
46.3084
46.4671
46.6223
46.7736
46.921
47.0646
47.2039
47.3391
47.4698
47.596
47.7175
47.834
47.9454
48.0515
48.152
48.2467
48.3353
48.4174
48.4929
48.5611
48.6218
48.6744
48.7183
48.753
48.7777
48.7915
48.7935
48.7825
48.7573
48.7163
48.6577
48.5795
48.4791
48.3537
48.1998
48.0131
47.7888
47.5208
47.2017
46.8225
46.3717
45.8351
45.1943
44.4264
43.5004
42.3749
40.9954
39.2854
37.1382
22.4107
22.1836
21.9278
21.6445
21.3346
20.9991
20.6385
20.2536
19.8451
19.4137
18.9605
18.4868
17.995
17.4884
16.9719
16.4526
15.9423
15.462
15.0479
14.7521
14.6328
14.7313
15.049
15.5464
16.1609
16.8342
17.5269
18.2197
18.9064
19.5858
20.2567
20.9176
21.567
22.2042
22.8291
23.4419
24.0428
24.6321
25.2099
25.7766
26.3326
26.8782
27.4137
27.9394
28.4556
28.9626
29.4606
29.9498
30.4304
30.9027
31.3667
31.8227
32.2707
32.7109
33.1433
33.5681
33.9853
34.3951
34.7973
35.1921
35.5796
35.9597
36.3325
36.698
37.0563
37.4073
37.7512
38.088
38.4177
38.7404
39.0562
39.3651
39.6674
39.963
40.2522
40.535
40.8118
41.0826
41.3476
41.607
41.8612
42.1101
42.3542
42.5933
42.8281
43.0585
43.2846
43.5068
43.7251
43.9395
44.1504
44.3576
44.5614
44.7617
44.9586
45.1521
45.3422
45.5291
45.7124
45.8923
46.0688
46.2417
46.4112
46.5768
46.7388
46.8969
47.0512
47.2013
47.3472
47.4889
47.626
47.7585
47.8863
48.009
48.1266
48.2386
48.3451
48.4456
48.5399
48.6277
48.7084
48.7819
48.8476
48.905
48.9536
48.9925
49.0211
49.0386
49.0437
49.0355
49.0125
48.9731
48.9154
48.8374
48.7363
48.6091
48.4523
48.2615
48.0315
47.7559
47.4269
47.0352
46.5687
46.0125
45.3474
44.5487
43.5833
42.4088
40.9657
39.1719
36.9173
21.768
21.5714
21.3445
21.0883
20.8039
20.4921
20.1537
19.7893
19.3998
18.9858
18.5486
18.0896
17.6113
17.1174
16.6129
16.1057
15.6089
15.146
14.7564
14.4949
14.4184
14.5622
14.9195
15.4444
16.0738
16.7522
17.4444
18.1345
18.8178
19.4935
20.1604
20.8169
21.4616
22.0941
22.7144
23.3227
23.9192
24.5041
25.0778
25.6405
26.1927
26.7347
27.2667
27.7892
28.3024
28.8065
29.3019
29.7886
30.2671
30.7373
31.1996
31.654
32.1007
32.5398
32.9714
33.3957
33.8126
34.2223
34.6248
35.0202
35.4085
35.7898
36.1641
36.5315
36.8919
37.2456
37.5923
37.9323
38.2657
38.5923
38.9124
39.2261
39.5333
39.8343
40.1292
40.4181
40.7011
40.9784
41.2503
41.5166
41.7779
42.0343
42.2857
42.5326
42.7749
43.0129
43.2467
43.4766
43.7025
43.9246
44.143
44.3578
44.569
44.7767
44.9809
45.1817
45.379
45.5728
45.7632
45.95
46.1334
46.3131
46.4892
46.6615
46.83
46.9947
47.1553
47.3118
47.464
47.6119
47.7552
47.8938
48.0276
48.1563
48.2798
48.3976
48.5098
48.6159
48.7158
48.8088
48.8949
48.9734
49.044
49.1061
49.1591
49.2022
49.2347
49.2556
49.2639
49.2583
49.2374
49.1996
49.1428
49.0649
48.9631
48.8342
48.6745
48.4795
48.2436
47.9603
47.6215
47.2172
46.7348
46.1582
45.4679
44.6375
43.6325
42.4069
40.8969
39.0177
36.6501
20.969
20.8162
20.6304
20.4127
20.1643
19.8862
19.579
19.2436
18.8808
18.4916
18.077
17.6388
17.1796
16.7033
16.2154
15.7245
15.2451
14.8036
14.4427
14.2191
14.1879
14.3775
14.7732
15.3236
15.9659
16.6482
17.3395
18.0269
18.707
19.3792
20.0422
20.6944
21.3347
21.9629
22.5789
23.183
23.7755
24.3565
24.9265
25.4857
26.0346
26.5734
27.1025
27.6222
28.1328
28.6345
29.1277
29.6125
30.0892
30.5579
31.0188
31.4721
31.9179
32.3563
32.7875
33.2115
33.6285
34.0385
34.4415
34.8377
35.2272
35.6098
35.9858
36.3551
36.7178
37.074
37.4237
37.7669
38.1037
38.4342
38.7585
39.0766
39.3886
39.6947
39.9949
40.2894
40.5784
40.8617
41.1398
41.4128
41.6808
41.9438
42.2022
42.4561
42.7055
42.9506
43.1916
43.4286
43.6617
43.8909
44.1164
44.3383
44.5565
44.7712
44.9823
45.1899
45.3939
45.5945
45.7915
45.9849
46.1747
46.3609
46.5434
46.722
46.8969
47.0677
47.2345
47.397
47.5553
47.7092
47.8585
48.003
48.1426
48.277
48.4061
48.5297
48.6473
48.7589
48.864
48.9624
49.0535
49.137
49.2123
49.2789
49.3362
49.3833
49.4195
49.4439
49.4551
49.4521
49.4333
49.397
49.3411
49.2632
49.1606
49.03
48.8674
48.668
48.4263
48.1351
47.7862
47.369
46.8702
46.2735
45.5574
44.6945
43.6475
42.3688
40.7909
38.8219
36.335
19.9484
19.8584
19.7314
19.5688
19.3717
19.1414
18.8786
18.5844
18.2596
17.9053
17.5229
17.1142
16.682
16.2306
15.7658
15.2969
14.8405
14.4255
14.0981
13.9166
13.9333
14.1691
14.6018
15.1758
15.8294
16.5147
17.2048
17.8895
18.5666
19.2354
19.8947
20.543
21.1794
21.8035
22.4157
23.0162
23.6051
24.1828
24.7497
25.3059
25.852
26.3883
26.915
27.4326
27.9412
28.4412
28.9328
29.4162
29.8917
30.3593
30.8194
31.2721
31.7175
32.1557
32.5869
33.0112
33.4286
33.8392
34.2432
34.6406
35.0314
35.4157
35.7936
36.165
36.5302
36.8891
37.2417
37.5882
37.9286
38.2629
38.5912
38.9137
39.2304
39.5413
39.8467
40.1466
40.441
40.7303
41.0144
41.2934
41.5677
41.8372
42.102
42.3625
42.6186
42.8705
43.1181
43.3619
43.6018
43.8378
44.07
44.2986
44.5234
44.7446
44.9623
45.1765
45.387
45.594
45.7973
45.9971
46.1932
46.3855
46.5742
46.759
46.9398
47.1166
47.2893
47.4578
47.622
47.7816
47.9366
48.0868
48.2321
48.3721
48.5066
48.6357
48.7587
48.8755
48.9858
49.0891
49.1852
49.2734
49.3534
49.4244
49.4858
49.5369
49.5768
49.6044
49.6186
49.6181
49.6013
49.5663
49.5112
49.4334
49.33
49.1975
49.0319
48.8282
48.5804
48.2813
47.9221
47.4917
46.9763
46.3585
45.6159
44.7194
43.6302
42.2965
40.6473
38.5833
35.9749
