60.6213
60.467
60.3089
60.1472
59.982
59.8135
59.6417
59.4668
59.2889
59.1082
58.9245
58.7382
58.5492
58.3576
58.1634
57.9668
57.7678
57.5664
57.3627
57.1567
56.9485
56.7381
56.5254
56.3106
56.0937
55.8747
55.6536
55.4304
55.2051
54.9778
54.7484
54.517
54.2836
54.0481
53.8106
53.571
53.3295
53.0858
52.8402
52.5925
52.3427
52.0909
51.837
51.5809
51.3228
51.0626
50.8003
50.5358
50.2691
50.0002
49.7292
49.4559
49.1803
48.9025
48.6224
48.34
48.0552
47.768
47.4785
47.1865
46.8921
46.5952
46.2958
45.9938
45.6892
45.382
45.0722
44.7597
44.4444
44.1263
43.8055
43.4817
43.1551
42.8255
42.4929
42.1572
41.8184
41.4764
41.1311
40.7825
40.4305
40.075
39.7159
39.3532
38.9867
38.6163
38.2421
37.8637
37.4812
37.0944
36.7033
36.3076
35.9074
35.5024
35.0926
34.6778
34.2578
33.8327
33.4021
32.966
32.5241
32.0762
31.6222
31.1616
30.694
30.2196
29.7377
29.248
28.7499
28.243
27.7272
27.2019
26.6668
26.1213
25.5658
24.9998
24.4231
23.8366
23.2403
22.6359
22.0239
21.4069
20.7863
20.1645
19.5421
18.9204
18.2999
17.6836
17.0761
16.4865
15.9313
15.4387
15.0512
14.8181
14.7778
14.9379
15.2711
15.7263
16.2519
16.8099
17.3787
17.9495
18.5208
19.0918
19.6621
20.2306
20.7964
21.357
21.9106
22.4553
22.9896
60.5274
60.3743
60.2174
60.057
59.893
59.7257
59.5552
59.3817
59.2051
59.0256
58.8433
58.6583
58.4706
58.2804
58.0876
57.8923
57.6946
57.4946
57.2922
57.0876
56.8807
56.6716
56.4603
56.2469
56.0313
55.8136
55.5938
55.3719
55.1479
54.9219
54.6938
54.4637
54.2315
53.9973
53.761
53.5227
53.2823
53.0399
52.7954
52.5489
52.3003
52.0496
51.7968
51.5418
51.2848
51.0256
50.7643
50.5008
50.2351
49.9672
49.6971
49.4247
49.1501
48.8731
48.5939
48.3123
48.0283
47.7419
47.4531
47.1619
46.8682
46.5719
46.2732
45.9718
45.6678
45.3612
45.0519
44.7399
44.4252
44.1076
43.7872
43.4639
43.1377
42.8084
42.4762
42.1408
41.8023
41.4605
41.1155
40.7671
40.4152
40.0598
39.7009
39.3382
38.9717
38.6014
38.227
37.8486
37.466
37.079
36.6876
36.2917
35.8913
35.486
35.0758
34.6605
34.2401
33.8144
33.3833
32.9465
32.5039
32.0553
31.6004
31.1387
30.6704
30.1949
29.7118
29.2207
28.7213
28.2128
27.6954
27.1685
26.6316
26.0842
25.5268
24.9589
24.3803
23.792
23.1944
22.5881
21.9754
21.3574
20.7367
20.1146
19.4926
18.8709
18.2514
17.6363
17.0318
16.4474
15.9016
15.4259
15.0643
14.8659
14.8646
15.0613
15.4226
15.896
16.4315
16.9943
17.5656
18.1385
18.7119
19.2852
19.8577
20.4285
20.9961
21.5587
22.1141
22.6609
23.1968
60.4223
60.2705
60.1149
59.9558
59.7932
59.6273
59.4582
59.286
59.1108
58.9328
58.7519
58.5684
58.3821
58.1933
58.002
57.8082
57.6119
57.4134
57.2125
57.0093
56.8038
56.5962
56.3863
56.1743
55.9602
55.7439
55.5255
55.305
55.0824
54.8578
54.6311
54.4023
54.1715
53.9386
53.7037
53.4667
53.2276
52.9865
52.7432
52.4979
52.2506
52.001
51.7494
51.4957
51.2398
50.9817
50.7215
50.4591
50.1944
49.9276
49.6584
49.3871
49.1134
48.8373
48.559
48.2783
47.9951
47.7096
47.4216
47.1311
46.8381
46.5426
46.2445
45.9439
45.6405
45.3346
45.0259
44.7144
44.4002
44.0832
43.7632
43.4404
43.1146
42.7858
42.4539
42.1189
41.7807
41.4393
41.0945
40.7463
40.3946
40.0394
39.6806
39.318
38.9516
38.5812
38.2069
37.8284
37.4456
37.0585
36.6671
36.2709
35.8701
35.4644
35.0538
34.6382
34.2174
33.7912
33.3595
32.9221
32.4788
32.0295
31.5737
31.1114
30.6421
30.1655
29.6813
29.189
28.6881
28.1782
27.6592
27.1306
26.592
26.0431
25.4835
24.9138
24.3337
23.7434
23.1442
22.5369
21.9228
21.3045
20.6833
20.0615
19.4394
18.8185
18.1994
17.5863
16.9848
16.4065
15.8714
15.4137
15.08
14.9174
14.9552
15.1871
15.5746
16.0643
16.6083
17.175
17.7483
18.3233
18.8985
19.4738
20.0483
20.621
21.1904
21.7544
22.3112
22.8588
23.3958
60.3053
60.1549
60.0008
59.8431
59.6819
59.5176
59.35
59.1793
59.0057
58.8292
58.6499
58.4678
58.2832
58.0959
57.9061
57.7139
57.5193
57.3222
57.1229
56.9213
56.7174
56.5113
56.303
56.0926
55.8799
55.6652
55.4484
55.2294
55.0083
54.7852
54.56
54.3327
54.1033
53.8719
53.6384
53.4028
53.1651
52.9253
52.6835
52.4395
52.1934
51.9452
51.6949
51.4424
51.1877
50.9309
50.6718
50.4106
50.147
49.8813
49.6132
49.3429
49.0702
48.7952
48.5178
48.238
47.9558
47.6711
47.384
47.0944
46.8022
46.5074
46.2101
45.9101
45.6075
45.3022
44.9942
44.6833
44.3697
44.0532
43.7338
43.4115
43.0862
42.7578
42.4264
42.0918
41.7539
41.4128
41.0683
40.7204
40.369
40.014
39.6553
39.2928
38.9265
38.5562
38.1819
37.8034
37.4206
37.0334
36.6416
36.2453
35.8444
35.4385
35.0276
34.6116
34.1904
33.7637
33.3315
32.8936
32.4497
31.9996
31.5432
31.08
30.6097
30.1321
29.6467
29.1532
28.651
28.1399
27.6191
27.0889
26.5486
25.9979
25.4368
24.865
24.2831
23.6914
23.0904
22.4819
21.8673
21.2482
20.6272
20.0052
19.3838
18.7629
18.1452
17.5336
16.936
16.3641
15.8411
15.4033
15.0989
14.9734
15.0499
15.3158
15.7273
16.2314
16.7827
17.3528
17.9278
18.5044
19.0814
19.6584
20.2346
20.8088
21.3796
21.9448
22.5024
23.0508
23.5885
60.1756
60.0267
59.8742
59.7181
59.5586
59.3958
59.2299
59.0609
58.8889
58.7141
58.5364
58.3561
58.1731
57.9876
57.7995
57.609
57.416
57.2207
57.0231
56.8232
56.621
56.4166
56.21
56.0012
55.7903
55.5772
55.362
55.1447
54.9253
54.7038
54.4802
54.2545
54.0267
53.7968
53.5648
53.3308
53.0946
52.8563
52.616
52.3734
52.1288
51.882
51.633
51.3819
51.1285
50.873
50.6152
50.3552
50.0929
49.8283
49.5614
49.2922
49.0206
48.7467
48.4703
48.1915
47.9103
47.6266
47.3404
47.0517
46.7603
46.4664
46.1699
45.8707
45.5689
45.2643
44.9569
44.6468
44.3338
44.0179
43.6991
43.3774
43.0526
42.7247
42.3937
42.0596
41.7222
41.3814
41.0373
40.6897
40.3385
39.9838
39.6253
39.263
38.8968
38.5266
38.1524
37.7739
37.391
37.0038
36.6121
36.2156
35.8144
35.4082
34.997
34.5807
34.1593
33.7323
33.2996
32.8611
32.4167
31.966
31.5088
31.0448
30.5736
30.095
29.6085
29.1138
28.6103
28.0978
27.5755
27.0437
26.5017
25.9493
25.3865
24.8132
24.2293
23.6361
23.034
22.4241
21.8087
21.1895
20.5682
19.9467
19.3253
18.7053
18.0887
17.4794
16.8857
16.3211
15.8114
15.3953
15.1219
15.0342
15.149
15.4469
15.8806
16.3975
16.955
17.5278
18.1045
18.6825
19.261
19.8395
20.4171
20.9927
21.5644
22.1304
22.6883
23.2371
23.7754
60.0325
59.8853
59.7344
59.5801
59.4223
59.2613
59.0972
58.93
58.7598
58.5868
58.411
58.2325
58.0514
57.8677
57.6815
57.4928
57.3017
57.1082
56.9125
56.7144
56.5141
56.3115
56.1067
55.8998
55.6906
55.4794
55.266
55.0505
54.8328
54.6131
54.3912
54.1673
53.9412
53.713
53.4827
53.2503
53.0158
52.7792
52.5404
52.2994
52.0563
51.811
51.5636
51.3139
51.062
50.8078
50.5514
50.2928
50.0318
49.7685
49.5028
49.2349
48.9645
48.6917
48.4165
48.1388
47.8586
47.576
47.2908
47.003
46.7126
46.4196
46.124
45.8257
45.5247
45.2209
44.9143
44.6049
44.2926
43.9774
43.6593
43.3381
43.0139
42.6866
42.3562
42.0225
41.6856
41.3452
41.0015
40.6543
40.3035
39.949
39.5908
39.2288
38.8628
38.4927
38.1185
37.7401
37.3573
36.9701
36.5783
36.1817
35.7805
35.3742
34.9628
34.5462
34.1243
33.6969
33.264
32.8251
32.3801
31.9288
31.4709
31.0062
30.5342
30.0546
29.5671
29.0711
28.5664
28.0525
27.5291
26.9954
26.4518
25.8978
25.3332
24.7582
24.173
23.578
22.9746
22.364
21.7477
21.1283
20.5074
19.8858
19.2651
18.6458
18.0302
17.4236
16.8341
16.2782
15.7828
15.3903
15.1495
15.1002
15.2525
15.5808
16.0346
16.5627
17.1255
17.7003
18.2787
18.858
19.4379
20.0176
20.5962
21.1727
21.7453
22.3118
22.8702
23.419
23.957
59.8749
59.7296
59.5806
59.4281
59.2723
59.1132
58.951
58.7857
58.6175
58.4465
58.2727
58.0962
57.9171
57.7354
57.5512
57.3645
57.1754
56.984
56.7902
56.5942
56.3959
56.1953
55.9925
55.7876
55.5804
55.3712
55.1597
54.9462
54.7305
54.5126
54.2927
54.0706
53.8464
53.6201
53.3917
53.1611
52.9283
52.6935
52.4564
52.2172
51.9758
51.7321
51.4863
51.2382
50.9879
50.7352
50.4803
50.2231
49.9636
49.7017
49.4374
49.1708
48.9017
48.6302
48.3562
48.0797
47.8007
47.5192
47.2351
46.9484
46.659
46.367
46.0724
45.775
45.4749
45.1719
44.8662
44.5576
44.2461
43.9317
43.6142
43.2938
42.9703
42.6436
42.3138
41.9807
41.6442
41.3044
40.9612
40.6144
40.264
39.9099
39.552
39.1902
38.8245
38.4546
38.0806
37.7023
37.3197
36.9324
36.5408
36.1442
35.7427
35.3363
34.925
34.5082
34.086
33.6583
33.2249
32.7855
32.3403
31.8885
31.43
30.9645
30.4917
30.0112
29.5227
29.0256
28.5197
28.0045
27.4796
26.9447
26.3995
25.8436
25.2774
24.7007
24.114
23.5179
22.913
22.3015
21.685
21.0654
20.4443
19.8234
19.2032
18.5844
17.9705
17.3664
16.7823
16.2356
15.7563
15.3891
15.1822
15.1718
15.3606
15.7173
16.1895
16.7273
17.2944
17.8711
18.4508
19.0313
19.6123
20.193
20.7728
21.3502
21.9232
22.4899
23.0483
23.5969
24.1345
59.702
59.5586
59.4117
59.2612
59.1075
58.9505
58.7903
58.6272
58.4612
58.2923
58.1206
57.9463
57.7694
57.5898
57.4078
57.2234
57.0365
56.8472
56.6557
56.4618
56.2657
56.0673
55.8667
55.6639
55.459
55.2518
55.0426
54.8311
54.6175
54.4018
54.184
53.964
53.7418
53.5175
53.2911
53.0625
52.8317
52.5988
52.3636
52.1262
51.8867
51.6448
51.4008
51.1544
50.9058
50.6549
50.4016
50.146
49.888
49.6277
49.3649
49.0997
48.832
48.5619
48.2892
48.0141
47.7364
47.4561
47.1732
46.8876
46.5994
46.3085
46.0149
45.7186
45.4194
45.1175
44.8127
44.505
44.1943
43.8807
43.5641
43.2444
42.9217
42.5957
42.2665
41.9341
41.5983
41.259
40.9163
40.57
40.2201
39.8664
39.5089
39.1475
38.7821
38.4125
38.0388
37.6607
37.2782
36.8912
36.4994
36.1028
35.7016
35.2951
34.8835
34.4666
34.0445
33.6166
33.1828
32.7432
32.2973
31.845
31.3861
30.92
30.4465
29.9651
29.4756
28.9775
28.4704
27.9539
27.4276
26.8913
26.3446
25.7874
25.2196
24.6411
24.0529
23.4554
22.8497
22.2375
21.6202
21.0007
20.3801
19.7596
19.1395
18.522
17.9099
17.3089
16.7305
16.1938
15.7324
15.392
15.2207
15.2491
15.4733
15.8564
16.3451
16.8912
17.462
18.0404
18.6211
19.2028
19.7845
20.3665
20.9472
21.5251
22.0984
22.6647
23.2228
23.771
24.3081
59.5127
59.3714
59.2266
59.0784
58.9269
58.7721
58.6143
58.4534
58.2897
58.1231
57.9538
57.7818
57.6072
57.4301
57.2504
57.0683
56.8839
56.697
56.5078
56.3164
56.1226
55.9266
55.7284
55.528
55.3254
55.1207
54.9137
54.7046
54.4934
54.28
54.0644
53.8467
53.6268
53.4047
53.1805
52.954
52.7254
52.4945
52.2615
52.0262
51.7886
51.5488
51.3066
51.0622
50.8154
50.5664
50.3149
50.061
49.8048
49.5461
49.285
49.0213
48.7552
48.4866
48.2155
47.9417
47.6654
47.3865
47.1049
46.8206
46.5337
46.244
45.9515
45.6563
45.3583
45.0574
44.7536
44.4469
44.1372
43.8246
43.5088
43.19
42.8681
42.5429
42.2145
41.8828
41.5476
41.2091
40.867
40.5213
40.1719
39.8187
39.4617
39.1007
38.7357
38.3665
37.9931
37.6152
37.233
36.8461
36.4545
36.0582
35.6569
35.2504
34.839
34.4221
33.9997
33.5718
33.1379
32.698
32.2517
31.799
31.3394
30.8729
30.3987
29.9166
29.4262
28.927
28.4188
27.9011
27.3735
26.8358
26.2876
25.7288
25.1595
24.5798
23.9902
23.3912
22.7845
22.1716
21.5544
20.9349
20.3144
19.6943
19.0752
18.4587
17.8481
17.251
16.679
16.1538
15.7117
15.4001
15.2652
15.3323
15.5904
15.9981
16.5014
17.0548
17.6286
18.2083
18.7901
19.3724
19.9554
20.5382
21.1195
21.6975
22.2709
22.8373
23.3949
23.9424
24.4787
59.3058
59.1668
59.0244
58.8785
58.7293
58.577
58.4216
58.2632
58.1019
57.9379
57.7711
57.6016
57.4296
57.255
57.0779
56.8984
56.7165
56.5323
56.3457
56.1568
55.9657
55.7723
55.5767
55.3789
55.1789
54.9767
54.7723
54.5658
54.3571
54.1462
53.9331
53.7179
53.5005
53.2808
53.059
52.8349
52.6087
52.3801
52.1494
51.9163
51.6809
51.4433
51.2033
50.961
50.7163
50.4692
50.2197
49.9678
49.7134
49.4566
49.1972
48.9354
48.671
48.404
48.1345
47.8623
47.5875
47.3101
47.0299
46.7471
46.4615
46.1732
45.882
45.588
45.2912
44.9915
44.6889
44.3833
44.0747
43.763
43.4483
43.1304
42.8094
42.4851
42.1576
41.8267
41.4923
41.1545
40.8131
40.4681
40.1194
39.7668
39.4103
39.0499
38.6853
38.3166
37.9436
37.5661
37.1842
36.7977
36.4064
36.0101
35.6091
35.2028
34.7913
34.3746
33.9522
33.524
33.0902
32.6501
32.2036
31.7505
31.2905
30.8236
30.3487
29.8658
29.3746
28.8745
28.3652
27.8463
27.3175
26.7784
26.2288
25.6686
25.0978
24.5167
23.9257
23.3259
22.7184
22.1049
21.4872
20.8679
20.2481
19.6285
19.0101
18.3944
17.7864
17.1932
16.628
16.1159
15.6949
15.4136
15.3162
15.4215
15.7121
16.1423
16.6585
17.2181
17.794
18.3752
18.9579
19.5411
20.125
20.7085
21.29
21.8685
22.4417
23.0077
23.5646
24.1109
24.6462
59.0802
58.9437
58.8037
58.6603
58.5137
58.3639
58.2111
58.0554
57.8968
57.7354
57.5713
57.4046
57.2353
57.0635
56.8892
56.7124
56.5333
56.3519
56.1681
55.9821
55.7938
55.6032
55.4105
55.2155
55.0183
54.8189
54.6174
54.4136
54.2077
53.9996
53.7893
53.5768
53.362
53.1451
52.9259
52.7045
52.4808
52.2548
52.0265
51.796
51.5631
51.3278
51.0902
50.8501
50.6077
50.3628
50.1155
49.8657
49.6134
49.3586
49.1012
48.8413
48.5788
48.3137
48.0459
47.7755
47.5024
47.2266
46.9481
46.6668
46.3827
46.0958
45.8061
45.5135
45.218
44.9196
44.6182
44.3139
44.0065
43.696
43.3824
43.0656
42.7456
42.4223
42.0957
41.7657
41.4323
41.0953
40.7547
40.4105
40.0625
39.7106
39.3548
38.995
38.631
38.2628
37.8903
37.5134
37.1319
36.7457
36.3547
35.959
35.558
35.1522
34.7408
34.3241
33.9019
33.4738
33.0398
32.5998
32.1531
31.6998
31.2394
30.7717
30.2966
29.8131
29.321
28.8201
28.3098
27.7898
27.2597
26.7193
26.1684
25.6068
25.0346
24.4522
23.86
23.2591
22.6508
22.0369
21.4195
20.8005
20.1811
19.5617
18.9441
18.3302
17.7246
17.1355
16.5786
16.0806
15.6822
15.4331
15.3738
15.5167
15.838
16.2888
16.8164
17.3812
17.9592
18.5414
19.1246
19.7089
20.2936
20.8773
21.4595
22.038
22.6109
23.1759
23.7319
24.2775
24.8117
58.8347
58.7007
58.5633
58.4226
58.2787
58.1317
57.9816
57.8287
57.6729
57.5144
57.3532
57.1894
57.023
56.8542
56.6829
56.5091
56.3331
56.1546
55.9739
55.791
55.6057
55.4182
55.2286
55.0366
54.8426
54.6463
54.4478
54.2471
54.0442
53.8391
53.6318
53.4223
53.2105
52.9965
52.7802
52.5617
52.3408
52.1177
51.8922
51.6643
51.4341
51.2015
50.9664
50.729
50.489
50.2466
50.0017
49.7542
49.5042
49.2516
48.9965
48.7387
48.4782
48.2151
47.9494
47.6808
47.4096
47.1356
46.8589
46.5793
46.2969
46.0116
45.7235
45.4324
45.1384
44.8415
44.5415
44.2385
43.9324
43.6232
43.3108
42.9952
42.6764
42.3542
42.0287
41.6998
41.3673
41.0313
40.6917
40.3483
40.0012
39.6501
39.2951
38.936
38.5727
38.2052
37.8333
37.4569
37.076
36.6902
36.2999
35.9044
35.504
35.0983
34.6875
34.271
33.8488
33.4211
32.9871
32.5469
32.1004
31.6469
31.1863
30.7182
30.2426
29.7585
29.2657
28.764
28.2527
27.7317
27.2008
26.6592
26.107
25.544
24.9706
24.3869
23.7936
23.1917
22.5828
21.9686
21.351
20.7323
20.1134
19.495
18.8783
18.2659
17.6628
17.0789
16.5309
16.0486
15.6748
15.4592
15.4384
15.6181
15.9682
16.4377
16.9752
17.5443
18.124
18.7071
19.291
19.8761
20.4611
21.0456
21.6279
22.206
22.7784
23.3428
23.8978
24.4419
24.9749
58.5681
58.4368
58.3021
58.1642
58.0231
57.8789
57.7318
57.5818
57.4291
57.2736
57.1154
56.9547
56.7915
56.6258
56.4577
56.2872
56.1143
55.9392
55.7618
55.5821
55.4001
55.216
55.0296
54.8411
54.6503
54.4574
54.2622
54.0649
53.8653
53.6635
53.4595
53.2533
53.0448
52.834
52.6209
52.4055
52.1878
51.9677
51.7453
51.5204
51.2932
51.0635
50.8313
50.5966
50.3594
50.1197
49.8774
49.6325
49.3851
49.135
48.8822
48.6268
48.3686
48.1077
47.8441
47.5778
47.3086
47.0366
46.7618
46.4841
46.2036
45.9201
45.6337
45.3444
45.052
44.7566
44.4582
44.1567
43.8521
43.5443
43.2333
42.9191
42.6015
42.2807
41.9563
41.6286
41.2973
40.9624
40.6238
40.2814
39.9352
39.5852
39.231
38.8728
38.5103
38.1436
37.7725
37.3968
37.0164
36.6315
36.2415
35.8468
35.4467
35.0417
34.6311
34.2152
33.7933
33.3656
32.9321
32.492
32.0455
31.592
31.1312
30.6629
30.1869
29.7023
29.2089
28.7064
28.1943
27.6726
27.1403
26.5976
26.0441
25.48
24.9053
24.3204
23.7261
23.1234
22.5139
21.8996
21.2825
20.6643
20.0459
19.4282
18.8125
18.2015
17.6018
17.0235
16.4855
16.0201
15.6729
15.4921
15.5101
15.7254
16.1024
16.5888
17.1349
17.7076
18.2886
18.8722
19.4572
20.0429
20.6284
21.2133
21.7953
22.3734
22.9451
23.5083
24.0621
24.6052
25.1367
58.2791
58.1506
58.0188
57.8837
57.7456
57.6044
57.4604
57.3135
57.1639
57.0116
56.8567
56.6992
56.5393
56.377
56.2123
56.0452
55.8758
55.7041
55.5302
55.354
55.1757
54.9951
54.8123
54.6274
54.4403
54.2509
54.0594
53.8657
53.6697
53.4716
53.2712
53.0685
52.8636
52.6563
52.4467
52.2348
52.0205
51.8039
51.5848
51.3632
51.1392
50.9127
50.6837
50.4521
50.2179
49.9812
49.7418
49.4998
49.2551
49.0077
48.7576
48.5048
48.2492
47.9908
47.7296
47.4656
47.1987
46.929
46.6563
46.3807
46.1022
45.8208
45.5363
45.2488
44.9583
44.6647
44.368
44.0682
43.7652
43.459
43.1496
42.8368
42.5208
42.2013
41.8783
41.5519
41.2219
40.8882
40.5508
40.2096
39.8646
39.5155
39.1624
38.8052
38.4437
38.0779
37.7077
37.3328
36.9534
36.569
36.18
35.7858
35.3866
34.9819
34.5721
34.1564
33.7353
33.308
32.8748
32.4349
31.9884
31.5351
31.0743
30.6058
30.1296
29.6446
29.1507
28.6475
28.1349
27.6121
27.0788
26.535
25.9804
25.4151
24.8392
24.2536
23.6584
23.055
22.4452
21.8308
21.214
20.5963
19.9783
19.3613
18.7468
18.1381
17.5418
16.9697
16.4429
15.9962
15.6772
15.5325
15.5892
15.8387
16.2407
16.7421
17.2956
17.8708
18.4534
19.0377
19.6233
20.2093
20.7956
21.3803
21.9626
22.5402
23.1108
23.6732
24.2256
24.7669
25.2969
57.9665
57.8409
57.712
57.58
57.4449
57.3069
57.166
57.0223
56.876
56.727
56.5755
56.4215
56.2651
56.1063
55.9451
55.7816
55.6159
55.4479
55.2778
55.1054
54.9308
54.7541
54.5752
54.3941
54.2108
54.0254
53.8378
53.648
53.456
53.2618
53.0653
52.8665
52.6655
52.4621
52.2563
52.0482
51.8377
51.6247
51.4093
51.1914
50.971
50.748
50.5224
50.2943
50.0635
49.83
49.5939
49.355
49.1134
48.869
48.6219
48.3719
48.1191
47.8635
47.6049
47.3435
47.0792
46.8119
46.5417
46.2684
45.9922
45.7129
45.4306
45.1452
44.8568
44.5652
44.2704
43.9725
43.6713
43.3669
43.0591
42.7481
42.4336
42.1157
41.7943
41.4694
41.1408
40.8085
40.4725
40.1326
39.7888
39.441
39.0891
38.7331
38.3727
38.008
37.6388
37.2649
36.8864
36.5032
36.115
35.7216
35.3233
34.9194
34.5103
34.0953
33.6747
33.248
32.815
32.3758
31.9295
31.4765
31.0158
30.5472
30.0708
29.5855
29.0912
28.5878
28.0742
27.5506
27.0165
26.4716
25.9163
25.35
24.7731
24.1862
23.5901
22.9862
22.3761
21.7618
21.1454
20.5283
19.9113
19.2953
18.682
18.0755
17.4831
16.9179
16.4032
15.9773
15.6881
15.5805
15.6755
15.9578
16.3828
16.8972
17.4573
18.035
18.6185
19.2035
19.7897
20.3762
20.9628
21.5476
22.1297
22.7063
23.2762
23.837
24.3881
24.9281
25.4561
57.6292
57.5065
57.3807
57.2517
57.1197
56.9849
56.8473
56.7069
56.564
56.4185
56.2705
56.1201
55.9673
55.8121
55.6547
55.4951
55.3332
55.1691
55.0029
54.8345
54.664
54.4913
54.3166
54.1396
53.9606
53.7794
53.596
53.4104
53.2226
53.0327
52.8404
52.6459
52.449
52.2498
52.0483
51.8443
51.6379
51.429
51.2176
51.0037
50.7872
50.5681
50.3463
50.1219
49.8948
49.6649
49.4324
49.197
48.9588
48.7177
48.4738
48.2271
47.9774
47.7248
47.4692
47.2107
46.9491
46.6846
46.417
46.1464
45.8727
45.5959
45.316
45.0329
44.7467
44.4573
44.1647
43.8688
43.5697
43.2672
42.9614
42.6522
42.3396
42.0234
41.7038
41.3805
41.0535
40.7228
40.3884
40.05
39.7077
39.3613
39.0108
38.656
38.297
37.9335
37.5655
37.1929
36.8156
36.4333
36.0462
35.6541
35.2565
34.8538
34.4453
34.0314
33.6114
33.1856
32.7533
32.3146
31.8688
31.4161
30.9556
30.4872
30.0107
29.5253
29.0306
28.5268
28.0127
27.4884
26.9534
26.4081
25.8515
25.2842
24.7063
24.1186
23.5218
22.9178
22.3076
21.6936
21.0777
20.4613
19.8451
19.2299
18.6181
18.0142
17.4258
16.8684
16.3677
15.9639
15.7062
15.6365
15.7692
16.0827
16.5288
17.0549
17.6202
18.1999
18.7839
19.3698
19.9562
20.5435
21.13
21.7151
22.2964
22.8726
23.4411
24.0009
24.5503
25.0883
25.6149
57.266
57.1463
57.0234
56.8976
56.7689
56.6373
56.503
56.3661
56.2266
56.0847
55.9403
55.7936
55.6445
55.4932
55.3397
55.184
55.0262
54.8662
54.7041
54.5399
54.3737
54.2054
54.0349
53.8624
53.6878
53.5111
53.3322
53.1512
52.968
52.7825
52.5949
52.4049
52.2126
52.018
51.8209
51.6215
51.4195
51.2151
51.0081
50.7985
50.5863
50.3714
50.1539
49.9336
49.7105
49.4846
49.2559
49.0244
48.79
48.5526
48.3123
48.0691
47.8228
47.5736
47.3213
47.0659
46.8075
46.546
46.2814
46.0136
45.7427
45.4686
45.1914
44.9109
44.6272
44.3403
44.0501
43.7565
43.4597
43.1594
42.8557
42.5486
42.238
41.9239
41.6061
41.2847
40.9596
40.6307
40.298
39.9613
39.6207
39.2759
38.927
38.5738
38.2162
37.8542
37.4876
37.1164
36.7404
36.3596
35.9738
35.5827
35.1865
34.7847
34.3776
33.9647
33.5457
33.1208
32.6893
32.2514
31.8062
31.354
30.8939
30.4257
29.9494
29.4639
28.9691
28.465
27.9505
27.4255
26.8903
26.3438
25.7865
25.2183
24.6399
24.0515
23.4542
22.8495
22.2393
21.6257
21.0105
20.3948
19.7794
19.1654
18.5552
17.954
17.3708
16.8221
16.3366
15.9568
15.7321
15.7007
15.8704
16.2132
16.6785
17.2148
17.7845
18.3658
18.9505
19.5369
20.1239
20.7111
21.2981
21.8827
22.4638
23.0388
23.6064
24.1643
24.712
25.2485
25.773
56.8756
56.7589
56.6392
56.5166
56.3911
56.2628
56.1319
55.9985
55.8626
55.7242
55.5836
55.4406
55.2954
55.1481
54.9986
54.847
54.6933
54.5376
54.3798
54.22
54.0583
53.8945
53.7286
53.5608
53.3909
53.2189
53.0448
52.8687
52.6903
52.5098
52.327
52.1419
51.9546
51.7648
51.5727
51.3781
51.181
50.9814
50.7791
50.5743
50.3667
50.1565
49.9435
49.7277
49.5091
49.2876
49.0632
48.8358
48.6055
48.3722
48.1359
47.8965
47.6541
47.4085
47.1598
46.908
46.6531
46.3949
46.1336
45.869
45.6012
45.3302
45.0559
44.7783
44.4974
44.2132
43.9256
43.6347
43.3403
43.0426
42.7413
42.4365
42.1282
41.8163
41.5007
41.1815
40.8584
40.5315
40.2008
39.866
39.5273
39.1843
38.8372
38.4858
38.13
37.7697
37.4048
37.0352
36.6608
36.2814
35.8971
35.5077
35.1127
34.7125
34.3067
33.8949
33.4773
33.0533
32.6231
32.1858
31.7417
31.29
30.8307
30.363
29.8869
29.4016
28.9071
28.4025
27.8877
27.3626
26.8265
26.2794
25.7217
25.1528
24.5735
23.9844
23.3867
22.7823
22.1723
21.5592
20.9447
20.3299
19.7154
19.1025
18.4942
17.8961
17.3184
16.7793
16.3104
15.9565
15.7662
15.7734
15.9789
16.3493
16.8318
17.377
17.9501
18.5329
19.1183
19.7048
20.2925
20.8801
21.4667
22.0514
22.6315
23.2057
23.7716
24.3282
24.8738
25.4084
25.9312
56.457
56.3434
56.2268
56.1073
55.9851
55.8602
55.7327
55.6028
55.4705
55.3359
55.199
55.0599
54.9186
54.7753
54.6299
54.4825
54.3332
54.1818
54.0286
53.8734
53.7162
53.5571
53.3961
53.2331
53.0682
52.9013
52.7323
52.5612
52.388
52.2126
52.0351
51.8553
51.6732
51.4887
51.3018
51.1124
50.9206
50.7261
50.529
50.3293
50.1268
49.9216
49.7135
49.5026
49.2888
49.0721
48.8524
48.6296
48.4038
48.175
47.943
47.7079
47.4696
47.2281
46.9835
46.7356
46.4844
46.23
45.9723
45.7113
45.4469
45.1793
44.9082
44.6339
44.3561
44.0749
43.7903
43.5023
43.2107
42.9157
42.6171
42.315
42.0092
41.6998
41.3867
41.0698
40.7491
40.4245
40.096
39.7634
39.4268
39.086
38.741
38.3916
38.0377
37.6794
37.3164
36.9488
36.5761
36.1987
35.8162
35.4283
35.0352
34.6367
34.2323
33.8222
33.4061
32.9834
32.5545
32.1184
31.6754
31.2246
30.7661
30.299
29.8234
29.3384
28.844
28.3395
27.8248
27.2992
26.7627
26.2155
25.6569
25.0874
24.5075
23.9184
23.3204
22.7157
22.1061
21.4937
20.8804
20.2665
19.653
19.0414
18.4352
17.8406
17.2689
16.7406
16.29
15.9637
15.809
15.8548
16.095
16.4909
16.9888
17.5416
18.1177
18.7013
19.2875
19.8744
20.4621
21.0502
21.6368
22.2207
22.8003
23.3731
23.9377
24.4923
25.0363
25.5686
26.0893
56.009
55.8984
55.7849
55.6687
55.5498
55.4283
55.3043
55.1779
55.0492
54.9183
54.7852
54.65
54.5128
54.3735
54.2324
54.0893
53.9443
53.7975
53.6488
53.4983
53.346
53.1918
53.0358
52.8779
52.7182
52.5565
52.3928
52.2271
52.0594
51.8895
51.7175
51.5432
51.3667
51.1878
51.0065
50.8227
50.6364
50.4475
50.256
50.0617
49.8647
49.6649
49.4622
49.2566
49.048
48.8364
48.6218
48.404
48.1832
47.9591
47.7319
47.5015
47.2678
47.0308
46.7905
46.5469
46.2999
46.0496
45.7959
45.5388
45.2783
45.0144
44.747
44.4762
44.2019
43.9241
43.6428
43.358
43.0696
42.7776
42.4821
42.1829
41.88
41.5733
41.263
40.9488
40.6307
40.3087
39.9827
39.6527
39.3185
38.9801
38.6374
38.2903
37.9388
37.5827
37.222
36.8565
36.4862
36.1108
35.7302
35.3445
34.9535
34.5567
34.1544
33.7461
33.3316
32.9108
32.4834
32.0488
31.6071
31.1574
30.7
30.2337
29.7589
29.2744
28.7804
28.2761
27.7615
27.2358
26.6994
26.1515
25.5925
25.023
24.4427
23.853
23.255
22.6508
22.0418
21.4302
20.8175
20.2046
19.5926
18.9825
18.3785
17.7878
17.2229
16.7067
16.2759
15.9789
15.8609
15.9451
16.2185
16.6379
17.1496
17.7089
18.2873
18.8718
19.4581
20.0458
20.6337
21.2215
21.8082
22.3916
22.97
23.5417
24.1044
24.6574
25.1991
25.7296
26.2479
55.5302
55.4227
55.3124
55.1994
55.0838
54.9657
54.8453
54.7224
54.5974
54.4703
54.341
54.2098
54.0766
53.9415
53.8046
53.6659
53.5254
53.3832
53.2392
53.0936
52.9462
52.7971
52.6463
52.4937
52.3393
52.183
52.0249
51.8649
51.7028
51.5387
51.3725
51.2041
51.0335
50.8605
50.6851
50.5073
50.3269
50.1439
49.9583
49.7699
49.5787
49.3846
49.1876
48.9877
48.7847
48.5787
48.3695
48.1572
47.9416
47.7229
47.5008
47.2754
47.0467
46.8146
46.5791
46.3402
46.0978
45.852
45.6027
45.3499
45.0937
44.8338
44.5705
44.3036
44.0331
43.7591
43.4815
43.2003
42.9154
42.6269
42.3347
42.0388
41.7391
41.4356
41.1283
40.8172
40.5021
40.183
39.8599
39.5327
39.2013
38.8657
38.5257
38.1813
37.8324
37.4789
37.1208
36.7579
36.3899
36.017
35.639
35.2558
34.8668
34.4726
34.0725
33.6664
33.2539
32.8352
32.4096
31.9768
31.5367
31.0885
30.6324
30.1675
29.6934
29.21
28.7163
28.2127
27.6981
27.1725
26.6361
26.0881
25.5292
24.9592
24.3787
23.7893
23.1914
22.5873
21.979
21.3687
20.7571
20.1453
19.5342
18.9257
18.3247
17.7383
17.1809
16.678
16.269
16.0028
15.9224
16.0445
16.3494
16.7902
17.3139
17.8789
18.4593
19.0444
19.6311
20.2188
20.8073
21.3951
21.9811
22.5641
23.1414
23.7113
24.2726
24.8233
25.3632
25.8911
26.4075
55.0192
54.9149
54.8078
54.6981
54.5859
54.4713
54.3543
54.2351
54.1138
53.9905
53.8651
53.7379
53.6088
53.4779
53.3453
53.2111
53.0752
52.9376
52.7985
52.6578
52.5155
52.3716
52.2261
52.0789
51.9301
51.7795
51.6272
51.473
51.3169
51.1588
50.9987
50.8365
50.672
50.5052
50.3361
50.1645
49.9903
49.8136
49.6341
49.4519
49.2669
49.079
48.8881
48.6942
48.4972
48.2971
48.0937
47.8872
47.6774
47.4642
47.2477
47.0278
46.8044
46.5776
46.3473
46.1135
45.8762
45.6352
45.3908
45.1427
44.891
44.6357
44.3768
44.1143
43.8481
43.5782
43.3046
43.0274
42.7464
42.4617
42.1733
41.8811
41.585
41.2851
40.9813
40.6736
40.3619
40.0462
39.7263
39.4023
39.0741
38.7416
38.4047
38.0634
37.7176
37.3671
37.0119
36.6519
36.2869
35.9169
35.5418
35.1611
34.7751
34.3835
33.9861
33.5824
33.1726
32.7562
32.3327
31.9022
31.4641
31.0177
30.5632
30.0998
29.6269
29.1446
28.6519
28.1489
27.6348
27.1099
26.5734
26.0258
25.4667
24.8966
24.3165
23.7269
23.1294
22.5263
21.9189
21.3094
20.6993
20.0887
19.4789
18.8723
18.2739
17.6923
17.1437
16.6555
16.2699
16.0361
15.9939
16.1531
16.4878
16.9482
17.4825
18.0517
18.6339
19.2196
19.8066
20.3945
20.9828
21.5704
22.1564
22.7382
23.3142
23.8829
24.4419
24.9905
25.5282
26.0539
26.5679
54.4743
54.3733
54.2695
54.1632
54.0545
53.9434
53.83
53.7145
53.597
53.4775
53.3561
53.2329
53.108
52.9814
52.8532
52.7235
52.5922
52.4595
52.3253
52.1896
52.0525
51.914
51.7739
51.6324
51.4893
51.3446
51.1982
51.0502
50.9003
50.7485
50.5947
50.4388
50.2808
50.1205
49.9579
49.7928
49.6252
49.455
49.2821
49.1064
48.9278
48.7463
48.5618
48.3743
48.1836
47.9897
47.7926
47.5922
47.3884
47.1813
46.9706
46.7565
46.5389
46.3178
46.0931
45.8647
45.6327
45.3971
45.1579
44.9149
44.6683
44.4179
44.1638
43.906
43.6445
43.3792
43.1102
42.8373
42.5607
42.2803
41.996
41.7079
41.4159
41.12
40.8201
40.5163
40.2084
39.8964
39.5803
39.26
38.9354
38.6065
38.2732
37.9354
37.593
37.246
36.8943
36.5375
36.1759
35.8093
35.4374
35.0602
34.6775
34.289
33.8945
33.494
33.0871
32.6735
32.2527
31.8247
31.389
30.9449
30.4924
30.0308
29.5595
29.0786
28.5871
28.0851
27.5719
27.0476
26.5116
25.9644
25.4055
24.836
24.2559
23.667
23.0701
22.4675
21.8616
21.2534
20.6443
20.0354
19.427
18.8225
18.2272
17.651
17.1115
16.6398
16.2794
16.0795
16.0758
16.2711
16.6337
17.1118
17.6552
18.2281
18.8112
19.3973
19.9849
20.573
21.1613
21.7487
22.3337
22.9149
23.4895
24.0561
24.6131
25.1598
25.6949
26.2185
26.7298
53.8937
53.796
53.6957
53.5928
53.4876
53.3802
53.2705
53.1588
53.0452
52.9297
52.8124
52.6933
52.5727
52.4505
52.3268
52.2017
52.0752
51.9474
51.8182
51.6877
51.556
51.4229
51.2886
51.1529
51.0157
50.8771
50.737
50.5952
50.4517
50.3065
50.1593
50.0101
49.8588
49.7052
49.5494
49.3911
49.2303
49.0669
48.9008
48.7318
48.56
48.3852
48.2074
48.0265
47.8424
47.6551
47.4644
47.2704
47.073
46.8721
46.6677
46.4598
46.2482
46.033
45.8142
45.5917
45.3655
45.1355
44.9018
44.6643
44.4231
44.1781
43.9292
43.6766
43.4201
43.1598
42.8957
42.6277
42.3559
42.0802
41.8005
41.517
41.2295
40.9381
40.6426
40.3431
40.0395
39.7318
39.4199
39.1038
38.7834
38.4586
38.1293
37.7956
37.4573
37.1142
36.7664
36.4137
36.0561
35.6933
35.3253
34.9519
34.5727
34.1879
33.7972
33.4003
32.9968
32.5866
32.169
31.7441
31.3112
30.8697
30.4197
29.9604
29.4912
29.0121
28.5224
28.0215
27.5097
26.9862
26.4512
25.9044
25.3464
24.7771
24.1979
23.6093
23.0137
22.4122
21.8073
21.2009
20.5933
19.9854
19.3791
18.7768
18.1851
17.6148
17.0858
16.6318
16.2984
16.1337
16.1685
16.3987
16.7873
17.2813
17.8325
18.4084
18.9924
19.5788
20.1663
20.7544
21.3426
21.93
22.5142
23.0939
23.667
24.232
24.7869
25.3309
25.8639
26.3846
26.8934
53.275
53.1807
53.0839
52.9848
52.8833
52.7796
52.6738
52.5661
52.4565
52.3451
52.232
52.1173
52.0011
51.8834
51.7644
51.6441
51.5225
51.3998
51.2759
51.1508
51.0246
50.8973
50.7688
50.6391
50.5082
50.3759
50.2422
50.1071
49.9703
49.8318
49.6915
49.5492
49.4049
49.2584
49.1096
48.9584
48.8046
48.6482
48.4891
48.3272
48.1623
47.9945
47.8236
47.6495
47.4722
47.2916
47.1077
46.9203
46.7295
46.5351
46.3371
46.1356
45.9303
45.7214
45.5087
45.2923
45.0721
44.8481
44.6202
44.3885
44.153
43.9137
43.6704
43.4233
43.1723
42.9174
42.6586
42.3959
42.1293
41.8587
41.5842
41.3058
41.0233
40.7368
40.4463
40.1517
39.853
39.5501
39.243
38.9316
38.6159
38.2959
37.9713
37.6422
37.3085
36.9701
36.627
36.2788
35.9255
35.5672
35.2037
34.8347
34.4601
34.0797
33.6932
33.3004
32.9011
32.4946
32.081
31.6597
31.2303
30.792
30.345
29.8885
29.422
28.9449
28.4573
27.9582
27.448
26.9261
26.392
25.8465
25.2891
24.721
24.1423
23.5551
22.9603
22.3606
21.7573
21.1522
20.5465
19.9403
19.3354
18.736
18.1482
17.5845
17.0672
16.6325
16.3277
16.1993
16.2724
16.5362
16.9487
17.4568
18.0146
18.5928
19.1775
19.7641
20.3517
20.9399
21.5278
22.1143
22.6977
23.2764
23.8477
24.4104
24.963
25.5046
26.0349
26.5531
27.0596
52.6156
52.5249
52.4317
52.3363
52.2387
52.139
52.0373
51.9338
51.8284
51.7213
51.6127
51.5026
51.391
51.2782
51.1641
51.0488
50.9324
50.815
50.6966
50.5772
50.4568
50.3355
50.2132
50.0899
49.9655
49.8399
49.713
49.5848
49.4551
49.3237
49.1906
49.0556
48.9185
48.7793
48.6378
48.4939
48.3474
48.1983
48.0465
47.8917
47.734
47.5733
47.4095
47.2424
47.0721
46.8984
46.7213
46.5407
46.3566
46.1689
45.9775
45.7824
45.5836
45.3811
45.1747
44.9646
44.7506
44.5327
44.3109
44.0853
43.8557
43.6222
43.3849
43.1436
42.8983
42.6492
42.3961
42.139
41.878
41.6131
41.3441
41.0712
40.7943
40.5133
40.2283
39.9392
39.6459
39.3484
39.0468
38.7408
38.4305
38.1158
37.7966
37.4729
37.1445
36.8114
36.4735
36.1306
35.7827
35.4297
35.0713
34.7075
34.338
33.9627
33.5812
33.1934
32.7986
32.397
31.9879
31.5709
31.1456
30.7113
30.2679
29.8147
29.3514
28.8772
28.3921
27.8956
27.3872
26.8671
26.3349
25.7905
25.2347
24.6676
24.0905
23.5043
22.9114
22.3131
21.712
21.1088
20.5045
19.9003
19.2974
18.7005
18.1173
17.5611
17.0567
16.643
16.3684
16.2772
16.3881
16.6837
17.1182
17.6386
18.2019
18.7816
19.3668
19.9535
20.5411
21.1295
21.7171
22.3029
22.8852
23.4621
24.0316
24.592
25.1425
25.6815
26.2089
26.7243
27.2281
51.9125
51.8254
51.7359
51.6443
51.5508
51.4552
51.3578
51.2586
51.1578
51.0554
50.9515
50.8462
50.7397
50.6319
50.5231
50.4132
50.3024
50.1907
50.0782
49.9649
49.8508
49.7359
49.6202
49.5037
49.3863
49.2678
49.1482
49.0274
48.9051
48.7814
48.6559
48.5285
48.3992
48.2676
48.1338
47.9974
47.8585
47.7169
47.5725
47.4252
47.2748
47.1214
46.9647
46.8048
46.6415
46.4748
46.3047
46.1309
45.9535
45.7725
45.5878
45.3993
45.207
45.0108
44.8108
44.607
44.3992
44.1875
43.9719
43.7523
43.5288
43.3014
43.07
42.8347
42.5954
42.3522
42.1051
41.854
41.599
41.34
41.077
40.8101
40.5391
40.2642
39.9852
39.7021
39.4149
39.1235
38.828
38.5281
38.224
37.9154
37.6023
37.2848
36.9625
36.6355
36.3038
35.9671
35.6253
35.2783
34.9261
34.5683
34.2048
33.8354
33.4596
33.0775
32.6886
32.2925
31.8888
31.477
31.0566
30.6272
30.188
29.739
29.2795
28.809
28.3269
27.8333
27.3278
26.8097
26.2797
25.7375
25.1833
24.6181
24.0424
23.4584
22.867
22.2711
21.6719
21.0711
20.4687
19.8664
19.2657
18.6718
18.0935
17.5455
17.0553
16.6643
16.4215
16.368
16.516
16.8418
17.2959
17.827
18.3948
18.9762
19.5616
20.1483
20.7359
21.3237
21.9107
22.4957
23.0767
23.6519
24.2196
24.7777
25.3253
25.8616
26.3861
26.8991
27.3997
51.1627
51.0789
50.9931
50.9054
50.8159
50.7246
50.6316
50.537
50.441
50.3435
50.2447
50.1446
50.0435
49.9413
49.8382
49.7342
49.6294
49.524
49.4179
49.3112
49.2039
49.0961
48.9877
48.8787
48.7688
48.6582
48.5465
48.4338
48.3196
48.2041
48.0868
47.9676
47.8464
47.723
47.5973
47.4689
47.3379
47.2041
47.0674
46.9277
46.7849
46.6388
46.4895
46.3368
46.1806
46.0209
45.8577
45.6907
45.5201
45.3457
45.1675
44.9855
44.7996
44.6097
44.416
44.2183
44.0167
43.8111
43.6015
43.388
43.1705
42.949
42.7236
42.4943
42.261
42.0238
41.7828
41.5378
41.2889
41.0361
40.7794
40.5188
40.2542
39.9857
39.7133
39.4368
39.1562
38.8716
38.5828
38.2898
37.9926
37.691
37.3849
37.0743
36.7592
36.4393
36.1145
35.7848
35.4501
35.1102
34.765
34.4143
34.0578
33.6954
33.3267
32.9515
32.5693
32.1798
31.7824
31.3768
30.9624
30.5386
30.1047
29.6607
29.2059
28.7398
28.2619
27.7718
27.2695
26.7548
26.2272
25.6876
25.1359
24.5727
23.9996
23.4174
22.8288
22.2351
21.6387
21.0399
20.4399
19.8393
19.2415
18.6509
18.0779
17.539
17.0643
16.6978
16.4881
16.4727
16.6568
17.0105
17.4829
18.0231
18.5945
19.1768
19.7622
20.3489
20.9362
21.5236
22.11
22.6939
23.2735
23.8468
24.4119
24.9674
25.5123
26.0457
26.5676
27.0773
27.5749
50.3631
50.2823
50.1998
50.1157
50.03
49.9429
49.8544
49.7646
49.6734
49.5812
49.4878
49.3933
49.298
49.2019
49.105
49.0075
48.9094
48.8109
48.712
48.6127
48.5131
48.4131
48.3128
48.2121
48.1108
48.0089
47.9061
47.8024
47.6973
47.5907
47.4825
47.3724
47.2601
47.1455
47.0284
46.9086
46.7859
46.6603
46.5317
46.3999
46.2648
46.1263
45.9844
45.839
45.69
45.5373
45.3809
45.2207
45.0567
44.8889
44.717
44.5413
44.3615
44.1778
43.99
43.7983
43.6025
43.4027
43.1989
42.991
42.7793
42.5635
42.3439
42.1203
41.8929
41.6616
41.4265
41.1875
40.9447
40.6982
40.4478
40.1937
39.9358
39.674
39.4085
39.139
38.8657
38.5884
38.3071
38.0217
37.7321
37.4383
37.1401
36.8375
36.5304
36.2185
35.9021
35.5806
35.254
34.9223
34.5853
34.2428
33.8946
33.5403
33.1798
32.8127
32.4385
32.0568
31.6672
31.2689
30.8617
30.4447
30.0176
29.5795
29.1304
28.6696
28.1967
27.7113
27.2129
26.702
26.1782
25.6415
25.0929
24.5328
23.9622
23.3833
22.7976
22.2068
21.6132
21.017
20.4194
19.8211
19.2259
18.639
18.0715
17.5429
17.0853
16.7448
16.5695
16.5922
16.8112
17.191
17.6794
18.2274
18.8015
19.3844
19.9694
20.5557
21.1427
21.7296
22.3151
22.8977
23.4756
24.0468
24.6094
25.1622
25.7041
26.2348
26.7533
27.2598
27.7543
49.5113
49.4326
49.3527
49.2716
49.1893
49.106
49.0217
48.9364
48.8502
48.7632
48.6754
48.5869
48.4978
48.4082
48.3182
48.2278
48.1372
48.0464
47.9555
47.8645
47.7736
47.6827
47.5916
47.5005
47.409
47.3171
47.2245
47.131
47.0363
46.94
46.8421
46.742
46.6397
46.5348
46.4272
46.3167
46.2031
46.0863
45.9662
45.8427
45.7157
45.5851
45.4508
45.3128
45.171
45.0254
44.8758
44.7223
44.5647
44.4031
44.2374
44.0676
43.8937
43.7157
43.5335
43.3472
43.1568
42.9623
42.7638
42.5612
42.3547
42.1442
41.9298
41.7115
41.4895
41.2636
41.0341
40.8008
40.5639
40.3234
40.0792
39.8315
39.5802
39.3252
39.0667
38.8046
38.5388
38.2692
37.9959
37.7187
37.4376
37.1524
36.863
36.5694
36.2713
35.9687
35.6614
35.3492
35.0322
34.7102
34.3827
34.0498
33.7112
33.3666
33.0157
32.6582
32.2935
31.9212
31.5408
31.1515
30.7529
30.3443
29.9251
29.4947
29.0524
28.5982
28.1313
27.6515
27.1586
26.6522
26.1328
25.6005
25.0557
24.4991
23.9323
23.3569
22.7744
22.1875
21.5968
21.0037
20.4084
19.8129
19.2202
18.6377
18.0766
17.559
17.1199
16.807
16.6671
16.7277
16.9799
17.3838
17.8862
18.4407
19.0165
19.5995
20.1845
20.7705
21.357
21.943
22.5274
23.1085
23.6845
24.2532
24.8132
25.363
25.9018
26.4289
26.9441
27.4474
27.9386
48.6059
48.528
48.4493
48.3701
48.2902
48.2099
48.1291
48.0478
47.9661
47.884
47.8017
47.7192
47.6365
47.5537
47.471
47.3884
47.3059
47.2238
47.142
47.0605
46.9796
46.899
46.8187
46.7387
46.6587
46.5786
46.4979
46.4165
46.3339
46.2497
46.1636
46.0753
45.9843
45.8905
45.7937
45.6936
45.59
45.4829
45.3721
45.2575
45.1391
45.0167
44.8904
44.7601
44.6257
44.4871
44.3443
44.1974
44.0461
43.8905
43.7307
43.5665
43.398
43.2251
43.048
42.8666
42.681
42.4912
42.2972
42.0991
41.8971
41.6911
41.4812
41.2675
41.0501
40.829
40.6043
40.3761
40.1444
39.9093
39.6709
39.4291
39.1841
38.9357
38.6841
38.4292
38.171
37.9094
37.6444
37.3758
37.1037
36.8278
36.548
36.2642
35.9763
35.6839
35.3872
35.0857
34.7795
34.4682
34.1518
33.83
33.5028
33.1696
32.8301
32.484
32.1307
31.7698
31.4004
31.0221
30.6341
30.2357
29.8262
29.405
28.9715
28.5251
28.0657
27.5929
27.1064
26.6062
26.0924
25.5649
25.025
24.4732
23.911
23.3396
22.7617
22.1785
21.5918
21.002
20.4095
19.8167
19.2271
18.6489
18.0948
17.5893
17.17
16.8862
16.7825
16.8803
17.1641
17.5899
18.1045
18.6637
19.2412
19.8241
20.4086
20.9936
21.5793
22.1643
22.7474
23.3267
23.9004
24.4666
25.0235
25.5701
26.1055
26.6293
27.141
27.6408
28.1286
47.6474
47.5681
47.4888
47.4096
47.3305
47.2515
47.1728
47.0942
47.016
46.9381
46.8606
46.7836
46.7071
46.6311
46.5559
46.4814
46.4078
46.335
46.2633
46.1926
46.123
46.0544
45.9867
45.9199
45.8536
45.7874
45.7211
45.6542
45.5861
45.5163
45.4444
45.3699
45.2924
45.2116
45.1272
45.0391
44.9469
44.8507
44.7503
44.6456
44.5366
44.4232
44.3055
44.1832
44.0565
43.9252
43.7894
43.6489
43.5038
43.3541
43.1997
43.0408
42.8772
42.709
42.5362
42.359
42.1774
41.9914
41.8011
41.6067
41.4081
41.2056
40.9992
40.7891
40.5753
40.3579
40.137
39.9129
39.6855
39.4549
39.2213
38.9846
38.7451
38.5026
38.2574
38.0093
37.7583
37.5045
37.2477
36.9879
36.725
36.4588
36.1892
35.9159
35.6389
35.3579
35.0727
34.7831
34.4891
34.1903
33.8865
33.5776
33.2634
32.9434
32.6176
32.2851
31.9455
31.5982
31.2424
30.8774
30.5024
30.1165
29.7189
29.3091
28.8863
28.45
27.9999
27.5357
27.057
26.5642
26.0572
25.5365
25.0027
24.4564
23.8997
23.334
22.7613
22.1828
21.6004
21.0139
20.4248
19.8349
19.2486
18.675
18.1284
17.636
17.2381
16.9847
16.9175
17.0515
17.3651
17.8105
18.3351
18.8986
19.4767
20.0591
20.6426
21.2271
21.8117
22.3954
22.9768
23.5537
24.1248
24.6881
25.2418
25.7849
26.3167
26.8367
27.3448
27.8409
28.3252
46.6387
46.5553
46.4726
46.3907
46.3098
46.2298
46.1508
46.073
45.9963
45.9208
45.8467
45.7739
45.7026
45.6328
45.5646
45.4981
45.4334
45.3706
45.3097
45.2509
45.194
45.1392
45.0862
45.0349
44.9848
44.9356
44.8866
44.8373
44.7869
44.7347
44.6801
44.6224
44.5612
44.4959
44.4264
44.3524
44.2736
44.1901
44.1016
44.0083
43.91
43.8067
43.6983
43.585
43.4665
43.343
43.2144
43.0806
42.9417
42.7977
42.6486
42.4945
42.3353
42.1712
42.0021
41.8283
41.6497
41.4666
41.2789
41.087
40.8908
40.6905
40.4864
40.2784
40.0669
39.8519
39.6336
39.4121
39.1876
38.9602
38.7301
38.4974
38.2621
38.0245
37.7845
37.5422
37.2976
37.0508
36.8018
36.5503
36.2964
36.0398
35.7805
35.5181
35.2525
34.9834
34.7108
34.4341
34.1534
33.8683
33.5789
33.2847
32.9855
32.681
32.3709
32.0548
31.7316
31.4009
31.0618
30.7131
30.3541
29.9837
29.601
29.2052
28.7956
28.3716
27.933
27.4795
27.0109
26.5273
26.0288
25.5161
24.99
24.4513
23.9015
23.3421
22.7756
22.2031
21.6256
21.0431
20.4573
19.8705
19.2877
18.7189
18.1803
17.7021
17.3269
17.1048
17.0743
17.2434
17.5845
18.047
18.5803
19.1466
19.7244
20.3059
20.8887
21.472
22.055
22.6371
23.2164
23.7912
24.3594
24.9193
25.4695
26.0085
26.5364
27.0525
27.5566
28.0489
28.5291
45.5857
45.4946
45.405
45.317
45.2308
45.1464
45.064
44.9836
44.9054
44.8296
44.7562
44.6853
44.6171
44.5516
44.4891
44.4295
44.3731
44.3199
44.2701
44.2238
44.1809
44.1415
44.1053
44.072
44.0413
44.0124
43.9846
43.9569
43.9283
43.8978
43.8644
43.8274
43.786
43.7399
43.6884
43.6314
43.5688
43.5005
43.4263
43.3463
43.2605
43.1689
43.0714
42.9682
42.8591
42.7441
42.6233
42.4967
42.3643
42.2261
42.0822
41.9326
41.7775
41.6168
41.4507
41.2794
41.1029
40.9216
40.7354
40.5446
40.3494
40.15
39.9465
39.7392
39.5284
39.3141
39.0966
38.8762
38.6529
38.427
38.1988
37.9683
37.7356
37.5011
37.2649
37.0269
36.7874
36.5464
36.3038
36.0597
35.8139
35.5663
35.3168
35.065
34.8108
34.5537
34.2937
34.0307
33.7641
33.4938
33.2198
32.942
32.6598
32.3731
32.0815
31.7846
31.4812
31.1707
30.8519
30.5236
30.1845
29.8334
29.4692
29.0908
28.6976
28.289
27.8646
27.4243
26.9681
26.496
26.0085
25.5061
24.9896
24.46
23.9186
23.3677
22.8087
22.243
21.6708
21.0932
20.5111
19.9271
19.3481
18.7842
18.2542
17.791
17.4396
17.2497
17.2555
17.458
17.8242
18.3017
18.8419
19.4095
19.9869
20.5672
21.1482
21.7301
22.3117
22.8917
23.4682
24.0401
24.605
25.1612
25.7074
26.2426
26.7662
27.278
27.7778
28.2656
28.7416
44.4977
44.3949
44.2943
44.1959
44.1001
44.007
43.9167
43.8296
43.7458
43.6654
43.5887
43.5159
43.4472
43.3829
43.3229
43.2678
43.2177
43.1727
43.133
43.0988
43.0702
43.0472
43.0296
43.017
43.0089
43.0043
43.0021
43.0009
42.9992
42.9956
42.9887
42.9773
42.9606
42.9378
42.9086
42.8726
42.8297
42.7799
42.7231
42.6593
42.5886
42.5111
42.4267
42.3354
42.2372
42.1323
42.0205
41.902
41.7768
41.6448
41.5063
41.3612
41.2098
41.0521
40.8883
40.7187
40.5434
40.3626
40.1766
39.9856
39.7898
39.5896
39.3851
39.1767
38.9647
38.7493
38.5307
38.3092
38.0852
37.8588
37.6303
37.4
37.168
36.9346
36.7001
36.4645
36.2282
35.991
35.7533
35.5149
35.2757
35.0357
34.7947
34.5524
34.3085
34.0628
33.8152
33.5651
33.3127
33.0575
32.7997
32.539
32.2756
32.0087
31.7383
31.4637
31.1841
30.8982
30.6045
30.3014
29.9873
29.6604
29.3193
28.963
28.5902
28.2006
27.7939
27.3701
26.9292
26.4716
25.9974
25.5078
25.0035
24.4855
23.9553
23.4146
22.8649
22.3069
21.7417
21.1692
20.591
20.0103
19.4347
18.8757
18.3546
17.9071
17.5804
17.4231
17.4643
17.6983
18.0867
18.5771
19.1222
19.6903
20.2665
20.8446
21.4242
22.0041
22.5831
23.1607
23.7346
24.303
24.8637
25.4158
25.9575
26.4882
27.0072
27.5143
28.0094
28.4926
28.9641
43.3875
43.2686
43.1523
43.0389
42.9285
42.8216
42.7184
42.6191
42.5242
42.4339
42.3485
42.2684
42.1941
42.1257
42.0637
42.0085
41.9605
41.9201
41.8877
41.8637
41.8482
41.8415
41.8433
41.8535
41.8711
41.895
41.9236
41.9547
41.9862
42.0159
42.0417
42.0621
42.0758
42.0821
42.0802
42.0701
42.0515
42.0246
41.9892
41.9455
41.8935
41.8333
41.765
41.6885
41.6038
41.5111
41.4102
41.3014
41.1845
41.0598
40.9272
40.7871
40.6395
40.4846
40.3227
40.154
39.9789
39.7975
39.6103
39.4175
39.2196
39.0167
38.8093
38.5978
38.3825
38.1637
37.9417
37.717
37.4899
37.2606
37.0295
36.797
36.5633
36.3287
36.0935
35.8581
35.6225
35.3871
35.1519
34.9171
34.6826
34.4482
34.2138
33.9791
33.7439
33.5078
33.2705
33.0322
32.7923
32.5514
32.309
32.0655
31.8211
31.5755
31.3285
31.0796
30.8279
30.5715
30.3088
30.0372
29.7544
29.4581
29.1461
28.817
28.4697
28.1038
27.719
27.3156
26.8938
26.4542
25.9974
25.5241
25.0352
24.532
24.0157
23.4875
22.9493
22.4015
21.8442
21.2776
20.7033
20.1261
19.5536
18.9993
18.487
18.0557
17.7543
17.6293
17.7046
17.9678
18.3758
18.8763
19.4242
19.992
20.5658
21.1419
21.7191
22.2961
22.8728
23.4468
24.0172
24.5816
25.1382
25.6852
26.222
26.7475
27.2614
27.7634
28.2534
28.7316
29.1982
42.2702
42.131
41.9945
41.8611
41.7311
41.6049
41.483
41.3657
41.2534
41.1467
41.046
40.9518
40.8647
40.7854
40.7144
40.6525
40.6002
40.5585
40.5279
40.5092
40.5032
40.5102
40.5305
40.564
40.6098
40.6662
40.731
40.8011
40.8731
40.9437
41.0099
41.0694
41.1205
41.1623
41.1941
41.2157
41.2271
41.2283
41.2195
41.2008
41.1721
41.1338
41.0856
41.0278
40.9602
40.8829
40.7959
40.6991
40.5928
40.4771
40.3519
40.2176
40.0744
39.9226
39.7624
39.5943
39.4186
39.2356
39.0459
38.8499
38.6479
38.4405
38.228
38.0111
37.7901
37.5654
37.3376
37.107
36.8741
36.6393
36.403
36.1656
35.9275
35.689
35.4506
35.2126
34.9753
34.7392
34.5042
34.2707
34.0384
33.8075
33.5774
33.348
33.1188
32.8898
32.6603
32.4305
32.2007
31.9707
31.7414
31.5129
31.286
31.0613
30.8386
30.6178
30.398
30.1769
29.9519
29.7196
29.4762
29.2184
28.943
28.6481
28.3325
27.9959
27.6382
27.26
26.862
26.4449
26.0095
25.5568
25.0877
24.6033
24.1048
23.5934
23.0697
22.5341
21.9863
21.4266
20.8569
20.2827
19.7127
19.1625
18.6589
18.2437
17.9674
17.8741
17.9815
18.2706
18.6954
19.2031
19.7526
20.3182
20.8893
21.4621
22.0361
22.6103
23.1831
23.7536
24.3196
24.879
25.4304
25.9723
26.5034
27.023
27.5311
28.0274
28.5119
28.9846
29.4457
41.1629
40.9996
40.8387
40.6809
40.5264
40.3757
40.2293
40.0878
39.9516
39.8215
39.698
39.582
39.4741
39.3753
39.2866
39.2089
39.1433
39.0912
39.0538
39.0325
39.0286
39.0434
39.078
39.1326
39.2069
39.2988
39.4053
39.5216
39.6426
39.7631
39.8784
39.9854
40.0818
40.1664
40.2388
40.2987
40.3465
40.3822
40.4061
40.4183
40.419
40.4081
40.3857
40.3516
40.306
40.2486
40.1795
40.0987
40.0063
39.9022
39.7868
39.6602
39.5228
39.3749
39.217
39.0495
38.8728
38.6876
38.4943
38.2935
38.0858
37.8718
37.6521
37.4273
37.1979
36.9647
36.728
36.4886
36.2469
36.0035
35.7588
35.5134
35.2678
35.0225
34.7779
34.5347
34.2931
34.0537
33.8167
33.5823
33.3504
33.1208
32.8931
32.6668
32.4413
32.216
31.9911
31.766
31.5415
31.318
31.0964
30.8782
30.6646
30.4573
30.2571
30.0646
29.8795
29.699
29.5195
29.3356
29.1418
28.9323
28.7029
28.4507
28.1744
27.8739
27.5494
27.2022
26.8333
26.4441
26.0356
25.6089
25.165
24.7049
24.2294
23.739
23.2341
22.714
22.1781
21.6265
21.0622
20.4907
19.9224
19.3752
18.8793
18.4798
18.2278
18.1646
18.3014
18.6132
19.0511
19.5635
20.1123
20.6745
21.2413
21.8103
22.3804
22.9501
23.5188
24.0842
24.645
25.1989
25.744
26.2795
26.8043
27.3174
27.8191
28.309
28.7872
29.2538
29.709
40.0828
39.8924
39.704
39.518
39.3348
39.1551
38.9793
38.808
38.6418
38.4816
38.328
38.1821
38.0448
37.9172
37.8007
37.6968
37.6069
37.533
37.4771
37.4413
37.4282
37.4403
37.48
37.5492
37.6485
37.7764
37.9288
38.0988
38.2782
38.4587
38.6333
38.797
38.947
39.0822
39.2022
39.3075
39.3985
39.4755
39.5389
39.5889
39.6256
39.649
39.659
39.6554
39.638
39.6066
39.5612
39.5014
39.4275
39.3394
39.2373
39.1215
38.9924
38.8505
38.6961
38.53
38.3528
38.1651
37.9676
37.761
37.5461
37.3237
37.0945
36.8593
36.6188
36.3738
36.1251
35.8734
35.6193
35.3637
35.107
34.85
34.5934
34.3378
34.0837
33.832
33.5833
33.3382
33.0971
32.8601
32.6274
32.3983
32.172
31.9478
31.7243
31.5011
31.2772
31.053
30.8286
30.6055
30.3847
30.169
29.9606
29.7628
29.5789
29.4109
29.2598
29.1234
28.9968
28.8721
28.74
28.5913
28.4193
28.2199
27.9917
27.7346
27.4501
27.1402
26.8068
26.4517
26.0764
25.6826
25.2706
24.8416
24.3956
23.9327
23.4519
22.9518
22.4313
21.8905
21.3323
20.7634
20.1956
19.6499
19.1603
18.775
18.5456
18.5099
18.6726
19.0029
19.4499
19.9642
20.5095
21.067
21.6285
22.1923
22.7568
23.3215
23.8843
24.4439
24.9979
25.545
26.0833
26.6112
27.1285
27.6345
28.1286
28.6113
29.0825
29.5422
29.9906
39.0459
38.8266
38.6084
38.3918
38.1772
37.9651
37.7559
37.5505
37.3494
37.1534
36.9634
36.7804
36.6057
36.4406
36.2866
36.1456
36.0196
35.9111
35.8229
35.7581
35.7207
35.7148
35.7451
35.8162
35.9314
36.091
36.2906
36.5208
36.7684
37.0201
37.2647
37.4947
37.7066
37.8996
38.0741
38.2311
38.3717
38.4966
38.6063
38.7012
38.7814
38.8467
38.8968
38.9314
38.95
38.9521
38.9375
38.9057
38.8566
38.7903
38.7068
38.6064
38.4896
38.3568
38.2088
38.0462
37.8697
37.6803
37.4788
37.2661
37.0432
36.8109
36.5703
36.3223
36.0679
35.8081
35.5438
35.2761
35.0057
34.7336
34.4607
34.1877
33.9156
33.6452
33.3775
33.1135
32.8542
32.6005
32.3532
32.1127
31.8789
31.6509
31.4274
31.2064
30.9862
30.7647
30.5413
30.3152
30.0872
29.8582
29.6307
29.4076
29.1936
28.9936
28.8138
28.66
28.5365
28.4433
28.3747
28.3195
28.2625
28.189
28.0879
27.9528
27.7819
27.5766
27.3395
27.074
26.7828
26.4688
26.134
25.7801
25.408
25.0181
24.6099
24.1822
23.733
23.2597
22.76
22.2335
21.6834
21.1172
20.549
20.0028
19.5175
19.1438
18.9342
18.9222
19.1059
19.45
19.9019
20.4138
20.9537
21.5038
22.0585
22.6151
23.1728
23.7306
24.2861
24.8382
25.3845
25.9229
26.4525
26.9717
27.4804
27.9778
28.4635
28.938
29.4011
29.853
30.2939
38.0653
37.8167
37.568
37.3197
37.0721
36.8259
36.5812
36.339
36.0996
35.864
35.6331
35.4079
35.1896
34.9798
34.7801
34.5926
34.4198
34.2646
34.1305
34.0216
33.943
33.9009
33.9028
33.9572
34.0722
34.2524
34.4953
34.7887
35.1132
35.4471
35.7723
36.0777
36.3588
36.6154
36.8495
37.0632
37.2584
37.4365
37.5983
37.7445
37.875
37.9897
38.088
38.1692
38.2324
38.2769
38.3017
38.3062
38.2901
38.2531
38.1952
38.1166
38.0178
37.8993
37.7619
37.6064
37.4338
37.2449
37.0409
36.8229
36.592
36.3493
36.0962
35.8337
35.5631
35.2857
35.0026
34.715
34.4241
34.131
33.8369
33.5428
33.2498
32.9592
32.6724
32.3907
32.1158
31.8494
31.593
31.3477
31.1134
30.889
30.6721
30.4593
30.2468
30.0317
29.8113
29.5847
29.3519
29.114
28.8738
28.6348
28.4034
28.1867
27.9948
27.8385
27.7283
27.6695
27.6582
27.6794
27.7101
27.7265
27.71
27.6509
27.5473
27.402
27.2196
27.005
26.7629
26.497
26.2104
25.9048
25.5812
25.2395
24.8785
24.4955
24.0871
23.6489
23.1774
22.6712
22.1333
21.5717
21.0026
20.4541
19.9699
19.6046
19.4106
19.417
19.616
19.9674
20.4192
20.925
21.4555
21.9962
22.541
23.0885
23.6375
24.1859
24.7324
25.2744
25.8106
26.3387
26.858
27.3671
27.8653
28.3526
28.8288
29.2935
29.7474
30.1904
30.6227
37.1508
36.8734
36.5947
36.315
36.0347
35.754
35.4735
35.1937
34.915
34.6382
34.3641
34.0939
33.8285
33.5697
33.3191
33.0788
32.8516
32.6406
32.4498
32.284
32.1492
32.0535
32.0072
32.0232
32.1165
32.2992
32.5737
32.9273
33.3327
33.7568
34.1711
34.5588
34.9139
35.2378
35.5343
35.8071
36.0595
36.2937
36.5111
36.7127
36.8988
37.0689
37.2224
37.358
37.4744
37.5702
37.6439
37.6943
37.7204
37.7219
37.6983
37.6497
37.5766
37.4795
37.359
37.2163
37.0523
36.8681
36.665
36.4443
36.2072
35.9552
35.6898
35.4123
35.1243
34.8273
34.5228
34.2122
33.897
33.5786
33.2582
32.9374
32.6175
32.3001
31.9871
31.6805
31.3828
31.0971
30.8263
30.573
30.3382
30.1208
29.9169
29.7209
29.5261
29.3264
29.1175
28.8969
28.6636
28.4188
28.1647
27.9059
27.6488
27.4029
27.182
27.0031
26.8857
26.8441
26.8801
26.9768
27.1018
27.2183
27.2975
27.3244
27.2965
27.2183
27.0971
26.9399
26.7533
26.5422
26.3106
26.061
25.7944
25.5103
25.2061
24.878
24.5207
24.128
23.6946
23.2177
22.6991
22.1469
21.5789
21.0276
20.5418
20.1806
19.9963
20.0143
20.2211
20.573
21.0178
21.5126
22.0299
22.5569
23.0893
23.6245
24.1612
24.6978
25.2318
25.7616
26.2848
26.8005
27.3067
27.8034
28.2893
28.7647
29.2294
29.683
30.1262
30.5589
30.981
36.3079
36.0033
35.6962
35.3866
35.0749
34.7612
34.446
34.1295
33.8124
33.495
33.1781
32.8627
32.5499
32.2411
31.938
31.6428
31.3581
31.0872
30.8341
30.604
30.4036
30.2421
30.132
30.0909
30.141
30.3042
30.5917
30.9933
31.4747
31.9893
32.4953
32.9677
33.3984
33.7901
34.1489
34.4805
34.7898
35.0798
35.353
35.6108
35.8541
36.0825
36.2953
36.4909
36.6672
36.8221
36.9534
37.0589
37.1372
37.1869
37.2075
37.1986
37.1605
37.0935
36.9985
36.8763
36.7281
36.5551
36.3585
36.14
35.9009
35.6429
35.3675
35.0766
34.7719
34.4552
34.1282
33.7929
33.4509
33.1037
32.7531
32.4007
32.048
31.6969
31.3498
31.0094
30.6793
30.3643
30.0699
29.8016
29.5631
29.3547
29.1712
29.0035
28.8401
28.6708
28.4875
28.2855
28.063
27.8201
27.5585
27.2825
26.9985
26.7177
26.4564
26.238
26.0922
26.0454
26.1093
26.2685
26.482
26.6987
26.877
26.9946
27.0476
27.0419
26.9871
26.8927
26.7666
26.6157
26.4449
26.2575
26.0547
25.8353
25.5963
25.3325
25.0364
24.7004
24.3169
23.8813
23.3932
22.8597
22.2994
21.7483
21.2603
20.899
20.7179
20.7391
20.9446
21.2883
21.7187
22.1955
22.6943
23.2031
23.7179
24.2365
24.7574
25.2777
25.7959
26.3092
26.8164
27.3162
27.8068
28.2883
28.7595
29.2208
29.6719
30.1125
30.5432
30.9639
31.3746
35.5382
35.2087
34.8754
34.5383
34.1976
33.8534
33.5059
33.1554
32.8021
32.4466
32.0894
31.7313
31.3733
31.0167
30.6633
30.315
29.9745
29.645
29.3303
29.0356
28.7679
28.5367
28.3564
28.2479
28.2404
28.3654
28.6449
29.0741
29.6147
30.2079
30.7982
31.3509
31.8542
32.311
32.7293
33.117
33.48
33.8228
34.1486
34.4598
34.758
35.0432
35.315
35.5715
35.8104
36.0287
36.2233
36.3911
36.5296
36.6367
36.711
36.7518
36.7588
36.7323
36.6726
36.5808
36.4578
36.3049
36.1233
35.9146
35.6804
35.4223
35.1423
34.8423
34.5242
34.1904
33.8427
33.4834
33.1145
32.7378
32.3551
31.968
31.5785
31.1882
30.7999
30.4166
30.043
29.6858
29.354
29.058
28.8072
28.6052
28.447
28.3193
28.2037
28.0826
27.9431
27.7776
27.5826
27.3569
27.1016
26.82
26.5178
26.2064
25.9038
25.6388
25.4503
25.3778
25.445
25.6419
25.9226
26.224
26.492
26.6965
26.83
26.8986
26.9133
26.8851
26.8234
26.7362
26.6296
26.5079
26.3723
26.2218
26.0528
25.8589
25.6318
25.3621
25.0406
24.6602
24.2181
23.7187
23.1796
22.6383
22.1524
21.7898
21.6058
21.6208
21.8141
22.1392
22.5456
22.9962
23.4685
23.9526
24.4444
24.9407
25.4396
25.9389
26.4358
26.9285
27.4157
27.8954
28.3673
28.8301
29.284
29.7282
30.1632
30.5885
31.0046
31.4113
31.8086
34.8398
34.4881
34.1314
33.7697
33.403
33.0314
32.6549
32.2736
31.8878
31.4979
31.1042
30.7075
30.3087
29.9091
29.5103
29.1143
28.7236
28.3412
27.9709
27.6175
27.2878
26.9916
26.7442
26.5694
26.5014
26.5799
26.8357
27.2702
27.8443
28.4918
29.1471
29.7669
30.3341
30.8499
31.3228
31.7617
32.1739
32.5645
32.9378
33.297
33.6444
33.981
34.3067
34.6201
34.9186
35.1989
35.4572
35.6896
35.8923
36.0625
36.1978
36.2966
36.3581
36.382
36.3683
36.3177
36.231
36.1091
35.9532
35.7648
35.5454
35.2967
35.0206
34.7192
34.3948
34.0497
33.6866
33.3077
32.9154
32.5119
32.099
31.6784
31.2515
30.8202
30.3865
29.9536
29.5265
29.1136
28.7279
28.3867
28.1077
27.9021
27.768
27.6876
27.6331
27.5773
27.5001
27.3902
27.242
27.0531
26.8233
26.5547
26.2521
25.9257
25.5941
25.289
25.0566
24.9471
24.9957
25.1998
25.5137
25.8689
26.2031
26.4793
26.6848
26.8239
26.9072
26.946
26.9501
26.9279
26.8863
26.8299
26.7609
26.6784
26.5789
26.4558
26.3004
26.1028
25.8526
25.5409
25.1622
24.7176
24.2212
23.7086
23.2381
22.8791
22.6893
22.6891
22.8581
23.1512
23.5219
23.9358
24.3732
24.8242
25.2846
25.7513
26.222
26.6933
27.1633
27.6302
28.092
28.5475
28.9962
29.437
29.8699
30.2942
30.7103
31.1176
31.5166
31.9069
32.2889
34.2085
33.8373
33.4601
33.0767
32.6873
32.2916
31.8896
31.4815
31.0674
30.6473
30.2219
29.7917
29.3577
28.9209
28.4833
28.0468
27.6137
27.1869
26.7699
26.3671
25.9851
25.6341
25.3299
25.0985
24.9777
25.0124
25.2385
25.6615
26.2433
26.916
27.6101
28.2766
28.8934
29.4582
29.9783
30.4626
30.9185
31.3517
31.7669
32.1681
32.5581
32.9386
33.3102
33.6721
34.0222
34.3574
34.6736
34.9663
35.2313
35.4646
35.663
35.824
35.946
36.0279
36.0692
36.07
36.0306
35.9515
35.8336
35.6779
35.4858
35.2588
34.9987
34.7074
34.3876
34.0416
33.6723
33.2825
32.875
32.4521
32.0158
31.5676
31.1086
30.6398
30.1624
29.6785
29.1926
28.7139
28.2592
27.8536
27.5262
27.2997
27.1787
27.143
27.1545
27.1737
27.1718
27.1326
27.0482
26.9149
26.7312
26.498
26.219
25.9024
25.5652
25.2403
24.9766
24.8313
24.8482
25.0319
25.3426
25.7128
26.0799
26.4019
26.6622
26.8606
27.0057
27.1074
27.1746
27.2152
27.2359
27.2415
27.2344
27.2144
27.1787
27.1214
27.0347
26.9089
26.7339
26.5001
26.2001
25.8317
25.4046
24.9483
24.5162
24.1752
23.9826
23.9611
24.0941
24.3422
24.6642
25.0299
25.4215
25.83
26.2505
26.6797
27.1139
27.5505
27.9871
28.4222
28.8535
29.2801
29.7014
30.1162
30.5245
30.9256
31.3196
31.7061
32.0854
32.4569
32.8211
33.6383
33.2501
32.8551
32.4531
32.044
31.6276
31.2038
30.7727
30.3342
29.8886
29.4363
28.9779
28.5143
28.0469
27.5773
27.1078
26.6406
26.1783
25.724
25.2819
24.8587
24.4646
24.1164
23.8416
23.6808
23.6816
23.8813
24.2858
24.8582
25.5322
26.2396
26.9304
27.5791
28.1801
28.7379
29.2603
29.7541
30.2247
30.6769
31.1148
31.5413
31.9587
32.368
32.769
33.1605
33.5398
33.9032
34.2466
34.5655
34.8555
35.1127
35.3341
35.5171
35.6599
35.7612
35.8203
35.8369
35.811
35.7427
35.6327
35.4816
35.2905
35.0609
34.7946
34.4938
34.1611
33.7996
33.4123
33.0023
32.5724
32.1248
31.6608
31.1809
30.6851
30.1728
29.6441
29.1018
28.5549
28.0233
27.5396
27.1456
26.8781
26.7511
26.7446
26.8121
26.9025
26.9771
27.0139
27.0023
26.9374
26.8167
26.6398
26.4091
26.1306
25.8187
25.5032
25.2319
25.0639
25.0474
25.1938
25.4716
25.8214
26.1855
26.5224
26.8125
27.0519
27.2452
27.3995
27.5218
27.6182
27.6946
27.755
27.802
27.8361
27.855
27.8546
27.8283
27.7682
27.6654
27.5109
27.2972
27.0205
26.6857
26.3143
25.9494
25.6488
25.465
25.4228
25.5131
25.7063
25.9694
26.2774
26.6144
26.9718
27.3441
27.7275
28.1183
28.5136
28.9112
29.3086
29.7045
30.0979
30.4874
30.8723
31.2525
31.627
31.9961
32.3588
32.7156
33.0659
33.4099
33.1224
32.7197
32.3095
31.8915
31.4656
31.0315
30.5892
30.1385
29.6796
29.2126
28.7379
28.2562
27.7684
27.2761
26.7812
26.2857
25.7918
25.3019
24.8187
24.3465
23.892
23.4655
23.085
22.7798
22.5923
22.5712
22.7528
23.1405
23.6969
24.3585
25.0612
25.7574
26.4211
27.0445
27.6297
28.1822
28.7075
29.2104
29.6951
30.1652
30.6236
31.0723
31.5125
31.9445
32.3677
32.7802
33.1792
33.5612
33.9221
34.2579
34.5646
34.8386
35.0771
35.2775
35.438
35.5572
35.6338
35.6673
35.6571
35.603
35.5051
35.3638
35.1799
34.9546
34.6898
34.3877
34.0512
33.6837
33.2884
32.8685
32.4264
31.9632
31.4791
30.9727
30.4417
29.8832
29.2971
28.6909
28.0863
27.5225
27.0527
26.728
26.5727
26.57
26.6691
26.8106
26.9478
27.0525
27.111
27.1168
27.0667
26.9594
26.7958
26.5799
26.3227
26.0486
25.8
25.6315
25.5912
25.6956
25.9227
26.2266
26.558
26.8809
27.1746
27.4325
27.6549
27.8458
28.0093
28.1497
28.2707
28.3758
28.4668
28.5445
28.6075
28.6529
28.6763
28.6716
28.6318
28.5501
28.4199
28.2375
28.0049
27.7364
27.462
27.2251
27.0683
27.0162
27.068
27.2062
27.408
27.6541
27.9319
28.2332
28.5524
28.885
29.2277
29.577
29.9307
30.2868
30.6435
30.9999
31.3544
31.7064
32.0555
32.4006
32.7419
33.0784
33.41
33.7369
34.0582
32.654
32.2389
31.8156
31.384
30.9438
30.4947
30.0367
29.5697
29.0936
28.6088
28.1157
27.6149
27.1077
26.5956
26.0808
25.565
25.0506
24.5394
24.0343
23.5393
23.0614
22.6114
22.2084
21.8838
21.6817
21.6505
21.8239
22.2007
22.7421
23.3868
24.0753
24.7644
25.43
26.0639
26.6664
27.2408
27.7911
28.3208
28.8333
29.3316
29.8177
30.2932
30.7593
31.2163
31.6638
32.1009
32.5256
32.9352
33.3265
33.6962
34.0406
34.3565
34.6408
34.8908
35.1043
35.2793
35.4141
35.5075
35.5582
35.5654
35.5285
35.4472
35.3214
35.1516
34.939
34.6852
34.3926
34.0642
33.7033
33.3132
32.8964
32.4542
31.9862
31.4902
30.9619
30.3959
29.7885
29.1445
28.4853
27.8544
27.3136
26.9254
26.7239
26.6974
26.7956
26.9565
27.1289
27.2802
27.3934
27.4604
27.4767
27.4404
27.3511
27.2114
27.0288
26.8219
26.624
26.4805
26.4335
26.5021
26.675
26.9205
27.2016
27.4888
27.764
28.0183
28.2496
28.4581
28.6455
28.814
28.9658
29.1025
29.2257
29.3356
29.4319
29.5122
29.5739
29.6128
29.624
29.6028
29.5446
29.4467
29.3103
29.144
28.9669
28.8071
28.6944
28.6497
28.6788
28.7743
28.9236
29.1139
29.3358
29.5822
29.8483
30.1295
30.4226
30.7245
31.0331
31.3461
31.6622
31.9796
32.2973
32.6144
32.9305
33.2443
33.5556
33.8641
34.169
34.4703
34.7673
32.2266
31.8008
31.3664
30.9231
30.4707
30.009
29.5377
29.0569
28.5666
28.067
27.5586
27.0424
26.5196
25.9919
25.4613
24.93
24.3997
23.8723
23.3504
22.8383
22.3431
21.8766
21.4592
21.1244
20.9179
20.8871
21.0618
21.4351
21.9657
22.5942
23.2656
23.9415
24.6011
25.237
25.8483
26.4372
27.0058
27.5566
28.092
28.6138
29.1234
29.6217
30.1094
30.5867
31.0536
31.5093
31.9527
32.3818
32.7945
33.188
33.5597
33.9065
34.226
34.5154
34.7724
34.9951
35.1814
35.3297
35.4384
35.5063
35.532
35.5148
35.4539
35.3491
35.2006
35.0094
34.777
34.5057
34.1983
33.8579
33.4868
33.0863
32.6558
32.1927
31.6916
31.145
30.5466
29.8974
29.2161
28.5465
27.9544
27.5094
27.2534
27.1811
27.2475
27.3935
27.5679
27.7363
27.8796
27.9876
28.0551
28.0788
28.0577
27.993
27.8899
27.7612
27.6307
27.5316
27.4965
27.5437
27.6707
27.8591
28.085
28.3265
28.5686
28.8031
29.0253
29.2336
29.4279
29.608
29.7753
29.9299
30.0728
30.2037
30.3224
30.4273
30.5165
30.5876
30.6373
30.6627
30.661
30.6308
30.573
30.4932
30.4028
30.3182
30.2583
30.2376
30.2639
30.3367
30.4505
30.5987
30.7751
30.9747
31.1935
31.428
31.6751
31.9324
32.1977
32.4692
32.745
33.0239
33.305
33.5871
33.8696
34.1515
34.4323
34.7116
34.9886
35.2633
35.5348
31.8344
31.3994
30.9554
30.5021
30.0393
29.5667
29.0842
28.5917
28.0894
27.5775
27.0567
26.5278
25.9924
25.4523
24.9095
24.3659
23.8234
23.2834
22.7488
22.2239
21.7162
21.2386
20.8133
20.4759
20.2737
20.2523
20.4362
20.813
21.3379
21.9532
22.6085
23.2698
23.9198
24.5525
25.167
25.7641
26.3451
26.9115
27.4644
28.0049
28.5333
29.0502
29.5556
30.0495
30.5318
31.0021
31.4596
31.903
32.3309
32.7412
33.1321
33.5012
33.8464
34.1655
34.4565
34.7173
34.9462
35.1413
35.301
35.4237
35.5081
35.5529
35.557
35.5196
35.4404
35.3194
35.1575
34.9559
34.7167
34.4422
34.1341
33.7937
33.4201
33.0109
32.5605
32.0612
31.5049
30.8895
30.2288
29.562
28.9528
28.4717
28.1655
28.0364
28.0487
28.1507
28.2959
28.4511
28.5963
28.7202
28.816
28.8799
28.9098
28.9061
28.8721
28.8162
28.7535
28.7059
28.6954
28.7369
28.8334
28.9766
29.1531
29.349
29.5535
29.7587
29.9604
30.1554
30.3424
30.5208
30.69
30.8502
31.001
31.1423
31.2732
31.3931
31.5002
31.5933
31.6702
31.7291
31.7687
31.7882
31.7889
31.7743
31.7512
31.7291
31.719
31.7302
31.769
31.8373
31.9341
32.0568
32.2021
32.3668
32.5488
32.7451
32.9538
33.1724
33.3993
33.633
33.8721
34.1154
34.3619
34.6105
34.8608
35.1115
35.3623
35.6128
35.8619
36.1095
36.3554
31.4722
31.0291
30.5768
30.1149
29.6431
29.1612
28.6691
28.1667
27.6543
27.1321
26.6009
26.0617
25.5161
24.9661
24.4136
23.8605
23.3083
22.7587
22.2142
21.6798
21.1634
20.679
20.2511
19.9176
19.7268
19.7218
19.9214
20.307
20.8309
21.437
22.0787
22.7266
23.3665
23.9939
24.608
25.2091
25.7979
26.3748
26.9404
27.4947
28.0376
28.5688
29.0879
29.5948
30.0894
30.5711
31.0395
31.4938
31.9329
32.3555
32.7602
33.1454
33.5095
33.8506
34.1672
34.4576
34.7201
34.9531
35.1551
35.3246
35.4601
35.5604
35.6243
35.6506
35.6388
35.5884
35.4994
35.3725
35.2086
35.0091
34.7752
34.5075
34.2054
33.8665
33.4862
33.0575
32.5728
32.0282
31.4325
30.8164
30.2343
29.7504
29.4119
29.2288
29.1775
29.2181
29.3115
29.4287
29.5508
29.6657
29.7659
29.8466
29.9051
29.9409
29.9557
29.9546
29.9466
29.9444
29.9617
30.0087
30.09
30.2037
30.3433
30.5009
30.6698
30.8444
31.0204
31.1951
31.3667
31.5338
31.6956
31.8516
32.0011
32.1437
32.2786
32.405
32.5217
32.6279
32.7222
32.8035
32.8712
32.9251
32.9663
32.9973
33.0221
33.0464
33.0765
33.118
33.1749
33.2498
33.3431
33.4543
33.582
33.7248
33.8812
34.0495
34.2283
34.4163
34.6119
34.8141
35.0217
35.2339
35.4496
35.6681
35.8888
36.1107
36.3333
36.5561
36.7788
37.0005
37.2209
31.1354
30.6854
30.2258
29.7564
29.2768
28.7869
28.2865
27.7756
27.2546
26.7237
26.1838
25.6361
25.0822
24.5241
23.9639
23.4033
22.8435
22.2862
21.7343
21.1929
20.6707
20.1833
19.7572
19.433
19.2593
19.2764
19.4963
19.8947
20.4212
21.0214
21.6526
22.2894
22.9203
23.5422
24.1543
24.7569
25.35
25.9338
26.508
27.0721
27.6253
28.1668
28.6962
29.2129
29.7167
30.2073
30.6841
31.1467
31.5944
32.0263
32.4414
32.8385
33.2166
33.5743
33.9103
34.2233
34.512
34.775
35.0111
35.2188
35.3971
35.5446
35.6602
35.7429
35.7919
35.8065
35.7864
35.7316
35.6424
35.5194
35.3631
35.1736
34.9501
34.6908
34.3922
34.0491
33.6556
33.2082
32.7119
32.1879
31.6769
31.2296
30.8881
30.6686
30.5603
30.5369
30.5696
30.6355
30.718
30.8055
30.8904
30.9672
31.0329
31.0861
31.1273
31.159
31.1861
31.2158
31.2553
31.3113
31.3875
31.4843
31.5993
31.7291
31.8692
32.0162
32.1673
32.3203
32.4729
32.6242
32.7734
32.9193
33.0614
33.1989
33.3312
33.4577
33.5772
33.6894
33.7929
33.8876
33.9729
34.0489
34.1166
34.1774
34.2343
34.2904
34.3494
34.4146
34.4888
34.5738
34.6704
34.7785
34.8981
35.0286
35.1691
35.3189
35.4768
35.6422
35.814
35.9915
36.1738
36.3602
36.5501
36.7427
36.9376
37.1339
37.3313
37.5293
37.7275
37.925
38.1217
30.8204
30.3642
29.8983
29.4222
28.9358
28.4388
27.9312
27.4131
26.8846
26.3463
25.799
25.2442
24.6835
24.119
23.5526
22.9858
22.42
21.8568
21.2992
20.7529
20.2275
19.74
19.3198
19.0095
18.8576
18.9008
19.1443
19.5581
20.0897
20.6866
21.3101
21.9382
22.5618
23.1787
23.7886
24.3914
24.9869
25.5749
26.1548
26.7254
27.2855
27.8343
28.3707
28.8944
29.405
29.9021
30.3853
30.8543
31.3086
31.7477
32.1708
32.5771
32.966
33.3363
33.6872
34.0178
34.3269
34.6136
34.8768
35.1154
35.3285
35.5149
35.6738
35.8043
35.9055
35.9768
36.0177
36.0279
36.0073
35.956
35.8739
35.7608
35.616
35.438
35.2244
34.9719
34.6767
34.3369
33.9557
33.5465
33.1359
32.7589
32.4482
32.2215
32.0785
32.0057
31.9853
32.0009
32.0395
32.0918
32.1504
32.2102
32.2679
32.3214
32.3704
32.4157
32.4597
32.506
32.5585
32.6208
32.6952
32.7824
32.882
32.9922
33.1109
33.2364
33.3662
33.4989
33.6332
33.7681
33.9025
34.0357
34.1672
34.2961
34.4219
34.5439
34.6614
34.774
34.8808
34.9818
35.0765
35.1654
35.2489
35.3281
35.405
35.4813
35.5592
35.6409
35.7282
35.822
35.9233
36.0324
36.149
36.2733
36.4044
36.5423
36.6863
36.8359
36.9905
37.1494
37.3123
37.4785
37.6476
37.8189
37.9924
38.167
38.3426
38.5188
38.6951
38.8713
39.0466
30.5239
30.0622
29.5906
29.1087
28.6162
28.1131
27.5992
27.0746
26.5397
25.995
25.4415
24.8807
24.3144
23.7446
23.1731
22.6015
22.0309
21.463
20.9013
20.3518
19.8253
19.3405
18.9296
18.6371
18.511
18.5833
18.8525
19.283
19.8211
20.4167
21.0346
21.6561
22.2742
22.8872
23.4951
24.0976
24.6944
25.285
25.8684
26.4432
27.0079
27.5612
28.1025
28.6309
29.1462
29.6479
30.1359
30.6097
31.0691
31.5138
31.9431
32.3567
32.754
33.1343
33.497
33.8414
34.1667
34.4722
34.7571
35.0205
35.2618
35.4801
35.6746
35.8447
35.9895
36.1086
36.2015
36.2677
36.3069
36.319
36.3037
36.2606
36.1889
36.0877
35.9553
35.7899
35.5896
35.3538
35.0853
34.7925
34.4913
34.2033
33.9505
33.7481
33.601
33.5052
33.4519
33.4314
33.4351
33.4558
33.4877
33.5267
33.5695
33.6142
33.6597
33.706
33.7541
33.8055
33.8621
33.9256
33.9973
34.0777
34.1668
34.2634
34.3666
34.4752
34.588
34.7042
34.8225
34.9421
35.0624
35.183
35.3028
35.4216
35.539
35.6541
35.7666
35.8761
35.982
36.0844
36.1828
36.2778
36.3694
36.4588
36.5468
36.6347
36.724
36.8157
36.9112
37.0111
37.116
37.2261
37.3415
37.4622
37.5878
37.7181
37.8525
37.9911
38.1333
38.2787
38.4269
38.5777
38.7305
38.885
39.0408
39.1978
39.3553
39.513
39.6707
39.828
39.9845
30.2431
29.7766
29.2999
28.8128
28.315
27.8063
27.2868
26.7566
26.2161
25.6658
25.107
24.5411
23.9701
23.396
22.8205
22.245
21.6705
21.0991
20.5344
19.9833
19.4574
18.9779
18.5794
18.3084
18.2112
18.3147
18.6106
19.0583
19.6037
20.1992
20.8131
21.4297
22.0436
22.6538
23.2601
23.8623
24.46
25.0522
25.6378
26.2151
26.7826
27.3389
27.8831
28.4147
28.9331
29.438
29.9293
30.4067
30.87
31.3189
31.7533
32.1727
32.5768
32.9651
33.3373
33.6928
34.0312
34.3519
34.6543
34.9379
35.2021
35.4464
35.6701
35.8726
36.0535
36.2123
36.3484
36.4616
36.5515
36.6179
36.6602
36.6782
36.6713
36.6388
36.5796
36.4928
36.3778
36.2348
36.0662
35.8776
35.6784
35.4814
35.2998
35.1445
35.0214
34.931
34.8705
34.8353
34.8207
34.8221
34.8357
34.8586
34.8881
34.9227
34.9612
35.0033
35.0491
35.0993
35.1546
35.2157
35.2832
35.3573
35.4378
35.5241
35.6158
35.712
35.8118
35.9145
36.0197
36.1265
36.2347
36.3435
36.4526
36.5615
36.67
36.7774
36.8835
36.9881
37.0907
37.1913
37.2897
37.3862
37.4809
37.5747
37.6678
37.7615
37.8562
37.9531
38.0526
38.1553
38.2617
38.3719
38.4858
38.6035
38.7248
38.8494
38.9771
39.1076
39.2404
39.3756
39.5128
39.6515
39.7917
39.9328
40.0748
40.2172
40.3598
40.5024
40.6446
40.7859
40.9262
29.9758
29.5049
29.0237
28.5319
28.0292
27.5157
26.9912
26.456
25.9105
25.3554
24.792
24.2219
23.647
23.0693
22.4905
21.9118
21.3343
20.7602
20.1937
19.6421
19.1187
18.6469
18.2637
18.0172
17.9514
18.0876
18.4105
18.8752
19.4281
20.0242
20.6353
21.2484
21.8594
22.4676
23.0728
23.6748
24.273
24.8663
25.4532
26.032
26.6011
27.1591
27.7051
28.2386
28.7589
29.266
29.7596
30.2396
30.7058
31.1582
31.5965
32.0206
32.4303
32.8252
33.2052
33.57
33.9191
34.2522
34.5691
34.8692
35.1522
35.4178
35.6654
35.8946
36.1052
36.2966
36.4686
36.6208
36.7529
36.8646
36.9557
37.0257
37.0742
37.1008
37.105
37.0863
37.0447
36.9808
36.8966
36.796
36.6847
36.5702
36.4604
36.362
36.28
36.2162
36.1704
36.1414
36.127
36.125
36.1333
36.1498
36.1733
36.2024
36.2365
36.2751
36.3182
36.3659
36.4186
36.4765
36.5397
36.6084
36.6822
36.7607
36.8436
36.9303
37.0203
37.1129
37.2078
37.3047
37.4028
37.5019
37.6017
37.7021
37.8024
37.9025
38.0021
38.1011
38.1992
38.2965
38.3926
38.4878
38.5826
38.6769
38.7716
38.8668
38.9634
39.0617
39.1621
39.2652
39.3709
39.4797
39.5914
39.7058
39.8227
39.9423
40.0642
40.188
40.3135
40.4404
40.5687
40.698
40.828
40.9585
41.0892
41.2199
41.3503
41.4802
41.6093
41.7375
41.8641
29.72
29.2452
28.7598
28.2637
27.7568
27.2388
26.7099
26.1702
25.6203
25.061
24.4936
23.9199
23.3417
22.7612
22.1797
21.5984
21.0186
20.4426
19.8751
19.3244
18.805
18.343
17.978
17.7586
17.7264
17.8959
18.2454
18.7268
19.2869
19.884
20.4932
21.1038
21.7127
22.3196
22.9242
23.5262
24.1248
24.7188
25.3065
25.8861
26.456
27.0149
27.5619
28.0964
28.618
29.1264
29.6216
30.1035
30.572
31.027
31.4685
31.8965
32.3107
32.7112
33.0978
33.4702
33.8283
34.1718
34.5007
34.8146
35.1132
35.3964
35.6638
35.9151
36.1501
36.3685
36.57
36.7544
36.9214
37.0708
37.2024
37.3159
37.4111
37.4876
37.5452
37.5839
37.6039
37.6059
37.5914
37.5631
37.5248
37.4808
37.4361
37.3947
37.3598
37.3335
37.3165
37.3087
37.3096
37.3184
37.334
37.3555
37.3823
37.4138
37.4495
37.4893
37.5331
37.581
37.633
37.6895
37.7505
37.8159
37.8854
37.9589
38.036
38.1162
38.1995
38.2849
38.3725
38.4617
38.5523
38.644
38.7366
38.83
38.9237
39.0175
39.1114
39.2053
39.2988
39.3921
39.4853
39.5781
39.6711
39.7642
39.858
39.9525
40.0484
40.1458
40.2452
40.3466
40.4504
40.5565
40.6647
40.7753
40.888
41.0024
41.1187
41.2365
41.3555
41.4753
41.596
41.7173
41.8388
41.9604
42.0818
42.2028
42.323
42.4424
42.5606
42.6774
42.7925
29.4741
28.9956
28.5065
28.0066
27.4957
26.9737
26.4407
25.897
25.3432
24.7803
24.2094
23.6326
23.0518
22.4689
21.8853
21.302
20.7204
20.1432
19.5756
19.0268
18.513
18.063
17.7187
17.529
17.5318
17.7348
18.1102
18.6073
19.1742
19.7725
20.3804
20.9893
21.5969
22.203
22.8073
23.4094
24.0083
24.6027
25.1909
25.7709
26.3411
26.9004
27.4478
27.9828
28.505
29.0143
29.5106
29.9938
30.464
30.9212
31.3653
31.7965
32.2147
32.6198
33.0118
33.3908
33.7565
34.1089
34.4479
34.7734
35.0852
35.3831
35.667
35.9367
36.192
36.4327
36.6586
36.8696
37.0655
37.2462
37.4114
37.561
37.6949
37.813
37.9151
38.0014
38.0722
38.1282
38.1707
38.2014
38.2227
38.2376
38.2488
38.2591
38.2706
38.2846
38.3023
38.3239
38.3493
38.3786
38.4114
38.4472
38.4861
38.5277
38.572
38.619
38.6687
38.7214
38.7772
38.8362
38.8985
38.964
39.0328
39.1045
39.1791
39.2562
39.3356
39.417
39.5
39.5846
39.6704
39.7572
39.845
39.9334
40.0222
40.1114
40.2008
40.2906
40.3804
40.4702
40.5603
40.6505
40.741
40.8322
40.9239
41.0168
41.1107
41.2062
41.3032
41.4022
41.5028
41.6055
41.71
41.8163
41.9244
42.0338
42.1446
42.2566
42.3695
42.483
42.5968
42.7109
42.825
42.9388
43.0521
43.1647
43.2763
43.3867
43.4956
43.6028
43.708
29.2365
28.7547
28.2622
27.7588
27.2443
26.7186
26.182
25.6347
25.0775
24.5112
23.9374
23.358
22.775
22.1902
21.6049
21.0201
20.4372
19.8594
19.2925
18.7466
18.2401
17.8041
17.483
17.325
17.3639
17.6001
18.0004
18.5121
19.0853
19.6848
20.2919
20.8995
21.5063
22.112
22.7164
23.3187
23.9179
24.5126
25.1009
25.681
26.2512
26.8105
27.3579
27.8931
28.4156
28.9254
29.4224
29.9066
30.3781
30.837
31.2833
31.7172
32.1387
32.5479
32.9447
33.3292
33.7015
34.0615
34.4092
34.7445
35.0674
35.3778
35.6756
35.9607
36.2329
36.4923
36.7386
36.9717
37.1916
37.3981
37.5912
37.7707
37.9367
38.0891
38.2279
38.3534
38.4659
38.5661
38.6547
38.7333
38.8033
38.8664
38.9248
38.9799
39.0334
39.0861
39.139
39.1924
39.2464
39.3012
39.3568
39.413
39.4701
39.528
39.5868
39.6464
39.7075
39.77
39.8341
39.9
39.9679
40.0378
40.1096
40.1835
40.2593
40.3369
40.416
40.4966
40.5784
40.6612
40.745
40.8297
40.915
41.0007
41.0869
41.1734
41.2601
41.3473
41.4345
41.5219
41.6096
41.6978
41.7863
41.8753
41.9652
42.0559
42.1479
42.2409
42.3355
42.4313
42.5289
42.6279
42.7285
42.8305
42.9339
43.0385
43.1439
43.2504
43.3574
43.4649
43.5724
43.68
43.7874
43.8942
44.0004
44.1055
44.2095
44.3118
44.4126
44.5114
44.6081
29.006
28.5212
28.0255
27.5189
27.0011
26.4722
25.9322
25.3818
24.8214
24.2522
23.6759
23.0943
22.5095
21.9232
21.3366
20.7506
20.167
19.5892
19.0236
18.4818
17.984
17.5642
17.2686
17.1442
17.2196
17.4886
17.9122
18.4374
19.0162
19.6169
20.2234
20.8304
21.4368
22.0424
22.6469
23.2495
23.849
24.4439
25.0322
25.6121
26.182
26.741
27.2882
27.8233
28.3458
28.8558
29.3533
29.8382
30.3109
30.7712
31.2194
31.6556
32.08
32.4926
32.8936
33.283
33.6609
34.0275
34.3826
34.7264
35.0589
35.3799
35.6895
35.9876
36.2742
36.5492
36.8126
37.0642
37.3041
37.5321
37.7483
37.9527
38.1453
38.326
38.4952
38.6529
38.7995
38.9355
39.0617
39.1791
39.2885
39.3915
39.4889
39.5823
39.6723
39.7599
39.8455
39.9297
40.0124
40.0941
40.1747
40.2541
40.3326
40.4104
40.4874
40.5639
40.6403
40.7166
40.7931
40.8699
40.9474
41.0257
41.1048
41.1847
41.2655
41.3472
41.4296
41.5127
41.5965
41.6808
41.7655
41.8506
41.936
42.0217
42.1075
42.1935
42.2796
42.3659
42.4522
42.5387
42.6254
42.7123
42.7998
42.8876
42.976
43.0653
43.1553
43.2465
43.3386
43.432
43.5265
43.6223
43.7192
43.8173
43.9163
44.0163
44.1169
44.2182
44.32
44.4219
44.5236
44.6253
44.7265
44.827
44.9265
45.025
45.1221
45.2175
45.3111
45.4025
45.4913
28.7814
28.2938
27.7954
27.2858
26.765
26.2331
25.6901
25.1367
24.5735
24.0019
23.4234
22.84
22.2538
21.6664
21.0787
20.4919
19.9079
19.3306
18.7672
18.2304
17.743
17.3415
17.0736
16.9843
17.0966
17.3971
17.8428
18.3801
18.9639
19.5656
20.1719
20.7785
21.3848
21.9905
22.5952
23.1982
23.7979
24.3928
24.981
25.5605
26.13
26.6886
27.2354
27.7701
28.2925
28.8026
29.3003
29.7858
30.2593
30.7208
31.1706
31.6089
32.0357
32.4514
32.856
33.2497
33.6327
34.0049
34.3666
34.7178
35.0584
35.3886
35.7083
36.0175
36.3163
36.6045
36.8823
37.1494
37.4061
37.6522
37.8877
38.1128
38.3274
38.5317
38.7259
38.9101
39.0846
39.25
39.4068
39.5556
39.6974
39.8328
39.9626
40.088
40.2092
40.3272
40.4421
40.5544
40.6642
40.7715
40.8767
40.9796
41.0805
41.1794
41.2764
41.3719
41.4659
41.5587
41.6503
41.7413
41.8316
41.9215
42.0109
42.1002
42.1894
42.2785
42.3675
42.4564
42.5452
42.6339
42.7224
42.8109
42.8991
42.9872
43.0751
43.1629
43.2504
43.3378
43.4252
43.5124
43.5996
43.6869
43.7744
43.8622
43.9503
44.0388
44.1281
44.218
44.3085
44.4001
44.4924
44.5856
44.6795
44.7744
44.8698
44.9659
45.0625
45.1592
45.2563
45.3531
45.4499
45.5462
45.6419
45.7367
45.8305
45.9229
46.0139
46.103
46.19
46.2747
46.3568
28.5618
28.0717
27.5706
27.0583
26.5348
26.0001
25.4545
24.8984
24.3328
23.759
23.1786
22.5938
22.0065
21.4182
20.8298
20.2425
19.6585
19.0823
18.5217
17.9911
17.5156
17.1345
16.8963
16.8434
16.9924
17.3234
17.7894
18.3376
18.9257
19.5284
20.1345
20.741
21.3474
21.9534
22.5585
23.1617
23.7616
24.3565
24.9443
25.5233
26.0923
26.6502
27.1966
27.7308
28.253
28.763
29.2608
29.7468
30.2209
30.6834
31.1346
31.5746
32.0037
32.4221
32.8299
33.2274
33.6148
33.992
34.3594
34.7169
35.0647
35.4028
35.7312
36.05
36.3592
36.6587
36.9486
37.229
37.4998
37.7611
38.0129
38.2553
38.4883
38.7122
38.9271
39.1332
39.3308
39.5203
39.7021
39.8768
40.0448
40.2069
40.3637
40.5157
40.6635
40.8073
40.9477
41.0847
41.2187
41.3496
41.4777
41.6028
41.7253
41.8451
41.9622
42.0769
42.1894
42.2997
42.4081
42.5148
42.6198
42.7234
42.8258
42.927
43.0271
43.1262
43.2244
43.3218
43.4184
43.5142
43.6092
43.7035
43.7971
43.8901
43.9824
44.0741
44.1652
44.2559
44.346
44.4359
44.5254
44.6146
44.7037
44.7927
44.882
44.9712
45.0606
45.1506
45.2408
45.3314
45.4226
45.5141
45.6063
45.6987
45.7916
45.8846
45.9779
46.071
46.1642
46.257
46.3495
46.4413
46.5323
46.6221
46.7108
46.798
46.8835
46.9669
47.0482
47.1269
47.2029
28.3462
27.8538
27.3503
26.8356
26.3096
25.7724
25.2243
24.6658
24.0981
23.5224
22.9405
22.3545
21.7664
21.1775
20.5887
20.0011
19.4175
18.8428
18.2859
17.7625
17.3007
16.9421
16.7354
16.7199
16.9051
17.265
17.7498
18.3077
18.8995
19.503
20.1092
20.7157
21.3223
21.9287
22.5342
23.1377
23.7377
24.3323
24.9197
25.4982
26.0665
26.6237
27.1694
27.7031
28.2249
28.7347
29.2326
29.7187
30.1934
30.6568
31.1092
31.5508
31.9818
32.4026
32.8133
33.2142
33.6054
33.9871
34.3595
34.7226
35.0766
35.4216
35.7575
36.0845
36.4026
36.7118
37.0122
37.3038
37.5866
37.8608
38.1263
38.3833
38.6319
38.8721
39.1043
39.3286
39.5453
39.7547
39.9571
40.153
40.3428
40.5271
40.7061
40.8805
41.0504
41.2162
41.3785
41.537
41.6922
41.844
41.9927
42.138
42.2804
42.4195
42.5558
42.6891
42.8196
42.9475
43.0728
43.1956
43.3163
43.4348
43.5511
43.6657
43.7785
43.8895
43.9989
44.1067
44.2131
44.3181
44.4217
44.5241
44.6252
44.7251
44.8238
44.9216
45.0183
45.1141
45.209
45.3031
45.3966
45.4895
45.5818
45.6737
45.7653
45.8566
45.9479
46.039
46.13
46.2213
46.3124
46.4036
46.495
46.5863
46.6777
46.7689
46.86
46.9507
47.041
47.1307
47.2199
47.3081
47.3951
47.481
47.5655
47.6481
47.729
47.8077
47.884
47.9576
48.0282
28.1338
27.6393
27.1337
26.6167
26.0884
25.5489
24.9986
24.4381
23.8684
23.2911
22.708
22.1212
21.5325
20.9432
20.3542
19.7667
19.1839
18.6112
18.0586
17.5438
17.0974
16.7633
16.5899
16.6123
16.833
17.2202
17.7221
18.2885
18.8834
19.4877
20.094
20.7007
21.3077
21.9145
22.5203
23.124
23.724
24.3184
24.9053
25.483
26.0505
26.607
27.1519
27.685
28.2063
28.7158
29.2136
29.6999
30.175
30.6391
31.0925
31.5355
31.9683
32.3912
32.8045
33.2083
33.603
33.9886
34.3654
34.7335
35.0929
35.4439
35.7864
36.1205
36.4463
36.7639
37.0732
37.3744
37.6675
37.9526
38.2298
38.4992
38.7608
39.0149
39.2616
39.5012
39.7338
39.9597
40.1793
40.3929
40.6007
40.8033
41.0008
41.1939
41.3825
41.5672
41.7479
41.925
42.0986
42.2686
42.4354
42.5987
42.7588
42.9156
43.0693
43.2197
43.3672
43.5117
43.6532
43.792
43.9281
44.0614
44.1923
44.3208
44.4468
44.5707
44.6924
44.812
44.9296
45.0451
45.1589
45.2708
45.381
45.4896
45.5965
45.7019
45.8059
45.9085
46.0098
46.1099
46.209
46.3069
46.404
46.5004
46.5959
46.6907
46.785
46.8788
46.9722
47.0651
47.1577
47.25
47.3419
47.4333
47.5245
47.6151
47.7052
47.7946
47.8833
47.9711
48.0579
48.1437
48.2279
48.3108
48.3919
48.4712
48.5483
48.6231
48.6951
48.7644
48.8304
27.9237
27.4274
26.9198
26.4009
25.8705
25.329
24.7766
24.2143
23.6429
23.0643
22.4803
21.8929
21.3039
20.7144
20.1253
19.5382
18.9565
18.3865
17.839
17.334
16.9048
16.5972
16.4586
16.5192
16.7745
17.1873
17.7046
18.2783
18.8759
19.4808
20.0874
20.6944
21.3018
21.909
22.5152
23.1191
23.719
24.313
24.8992
25.4762
26.0428
26.5984
27.1425
27.6749
28.1956
28.7047
29.2023
29.6887
30.1641
30.6288
31.0831
31.5272
31.9616
32.3864
32.8019
33.2084
33.6061
33.9952
34.3759
34.7483
35.1126
35.4688
35.817
36.1574
36.4899
36.8146
37.1317
37.4412
37.7431
38.0376
38.3248
38.6046
38.8774
39.1432
39.4022
39.6546
39.9006
40.1404
40.3744
40.6027
40.8256
41.0436
41.2568
41.4654
41.6699
41.8704
42.067
42.26
42.4493
42.6351
42.8176
42.9967
43.1725
43.3449
43.5142
43.6801
43.843
44.0027
44.1594
44.3129
44.4636
44.6114
44.7563
44.8985
45.0381
45.175
45.3092
45.4411
45.5705
45.6975
45.8222
45.9447
46.0651
46.1834
46.2997
46.414
46.5265
46.6372
46.7462
46.8537
46.9596
47.0641
47.1673
47.2693
47.37
47.4697
47.5686
47.6664
47.7633
47.8594
47.9548
48.0493
48.143
48.2361
48.3282
48.4195
48.5099
48.5992
48.6876
48.7746
48.8604
48.9446
49.0274
49.1083
49.1872
49.264
49.3384
49.4101
49.4791
49.5449
49.6073
27.7154
27.2174
26.7081
26.1873
25.6551
25.1117
24.5576
23.9936
23.4209
22.8412
22.2565
21.6688
21.0797
20.4902
19.9014
19.3149
18.7347
18.1677
17.6263
17.1324
16.7223
16.4432
16.3407
16.4395
16.7282
17.1647
17.6958
18.2759
18.8756
19.4812
20.088
20.6955
21.3033
21.9109
22.5174
23.1214
23.7211
24.3146
24.9001
25.4761
26.0418
26.5965
27.1397
27.6713
28.1914
28.7
29.1974
29.6837
30.1593
30.6244
31.0794
31.5246
31.9603
32.3868
32.8043
33.2132
33.6136
34.0058
34.3899
34.7662
35.1346
35.4954
35.8487
36.1944
36.5328
36.8638
37.1876
37.5042
37.8138
38.1163
38.412
38.701
38.9832
39.259
39.5285
39.7918
40.0491
40.3006
40.5467
40.7874
41.0232
41.2541
41.4804
41.7024
41.9203
42.1343
42.3444
42.551
42.7539
42.9533
43.1495
43.3422
43.5318
43.7179
43.9008
44.0806
44.2571
44.4306
44.6009
44.768
44.9322
45.0933
45.2515
45.4068
45.5591
45.7086
45.8553
45.9992
46.1405
46.2792
46.4152
46.5486
46.6796
46.8083
46.9346
47.0587
47.1805
47.3002
47.4179
47.5336
47.6475
47.7596
47.87
47.9787
48.0859
48.1916
48.296
48.399
48.5007
48.6012
48.7005
48.7986
48.8954
48.9912
49.0857
49.1789
49.2709
49.3614
49.4506
49.5381
49.624
49.7081
49.7903
49.8703
49.9482
50.0236
50.0963
50.1662
50.2329
50.2962
50.3559
27.5079
27.0085
26.4976
25.9753
25.4415
24.8965
24.3408
23.7755
23.2017
22.6212
22.036
21.4482
20.8592
20.2699
19.6815
19.0959
18.5176
17.9543
17.4198
16.9386
16.5493
16.3005
16.2354
16.372
16.6926
17.1509
17.6943
18.2799
18.8814
19.4875
20.0947
20.7026
21.3109
21.9189
22.5257
23.1297
23.7291
24.322
24.9066
25.4818
26.0464
26.6
27.1423
27.673
28.1924
28.7005
29.1975
29.6837
30.1594
30.6248
31.0805
31.5265
31.9634
32.3913
32.8106
33.2216
33.6244
34.0193
34.4065
34.7861
35.1583
35.5231
35.8807
36.2312
36.5747
36.9112
37.2408
37.5636
37.8798
38.1893
38.4924
38.7891
39.0795
39.3639
39.6422
39.9148
40.1818
40.4434
40.6998
40.9511
41.1976
41.4395
41.677
41.9105
42.1398
42.3652
42.5869
42.8052
43.0198
43.231
43.4391
43.6437
43.845
44.0433
44.2382
44.4301
44.6187
44.8043
44.9867
45.1662
45.3424
45.5158
45.686
45.8533
46.0176
46.1789
46.3374
46.493
46.6456
46.7956
46.9428
47.0871
47.2288
47.368
47.5045
47.6386
47.7701
47.8992
48.0261
48.1507
48.2732
48.3935
48.5118
48.6282
48.7426
48.8553
48.9663
49.0754
49.1829
49.2888
49.3931
49.4958
49.597
49.6965
49.7945
49.8907
49.9855
50.0783
50.1695
50.2587
50.3458
50.4309
50.5137
50.5942
50.6721
50.7471
50.8193
50.8882
50.9538
51.0157
51.0735
27.3006
26.8
26.2878
25.7641
25.2289
24.6825
24.1256
23.5591
22.9844
22.4034
21.818
21.2303
20.6416
20.0527
19.4649
18.8806
18.3046
17.7456
17.2189
16.7519
16.3856
16.1688
16.1417
16.3157
16.6665
17.1449
17.6991
18.2892
18.8923
19.4989
20.1065
20.7149
21.3236
21.932
22.539
23.1429
23.7419
24.3341
24.9179
25.4919
26.0554
26.6079
27.1492
27.679
28.1976
28.7051
29.2017
29.6876
30.1633
30.629
31.0851
31.5319
31.9697
32.3989
32.8198
33.2326
33.6375
34.0348
34.4247
34.8073
35.1827
35.5511
35.9125
36.2672
36.6151
36.9564
37.2911
37.6193
37.9412
38.2568
38.5663
38.8697
39.1672
39.4589
39.745
40.0256
40.3008
40.571
40.8361
41.0965
41.3523
41.6038
41.8509
42.0939
42.333
42.5684
42.8003
43.0285
43.2532
43.4746
43.6929
43.9078
44.1196
44.3283
44.5337
44.7361
44.9355
45.1317
45.325
45.5151
45.7024
45.8865
46.0677
46.2458
46.4211
46.5932
46.7626
46.929
47.0924
47.253
47.4108
47.5655
47.7177
47.867
48.0137
48.1576
48.2988
48.4376
48.5738
48.7075
48.8389
48.9679
49.0946
49.219
49.3413
49.4614
49.5795
49.6955
49.8095
49.9216
50.0317
50.14
50.2463
50.3506
50.453
50.5535
50.6519
50.7481
50.8423
50.9342
51.0237
51.1108
51.1953
51.2772
51.356
51.4319
51.5045
51.5736
51.639
51.7004
51.7576
27.0927
26.5912
26.078
25.5531
25.0167
24.4693
23.9113
23.3439
22.7686
22.1873
21.602
21.0146
20.4263
19.8381
19.2511
18.6683
18.095
17.5409
17.0233
16.572
16.2305
16.0474
16.0589
16.2695
16.6487
17.1454
17.709
18.3029
18.9073
19.5144
20.1225
20.7313
21.3405
21.9492
22.5563
23.16
23.7585
24.3499
24.9327
25.5056
26.068
26.6193
27.1595
27.6884
28.2061
28.7128
29.2089
29.6946
30.1701
30.636
31.0924
31.5398
31.9785
32.4088
32.831
33.2454
33.6522
34.0516
34.4438
34.829
35.2073
35.5788
35.9436
36.3019
36.6537
36.9991
37.3383
37.6712
37.9981
38.319
38.634
38.9433
39.2469
39.545
39.8377
40.1252
40.4077
40.6852
40.958
41.2262
41.49
41.7495
42.0049
42.2563
42.5039
42.7479
42.9884
43.2253
43.4589
43.6892
43.9164
44.1403
44.361
44.5787
44.7935
45.0051
45.2139
45.4195
45.6222
45.822
46.0187
46.2126
46.4034
46.5914
46.7764
46.9585
47.1376
47.3139
47.4873
47.6577
47.8253
47.99
48.1518
48.3108
48.4671
48.6205
48.7712
48.9193
49.0647
49.2075
49.3477
49.4852
49.6204
49.7531
49.8835
50.0114
50.1371
50.2604
50.3814
50.5004
50.6169
50.7313
50.8434
50.9532
51.0608
51.1662
51.2691
51.3696
51.4676
51.5632
51.656
51.746
51.8332
51.9173
51.9983
52.0758
52.1499
52.2201
52.2863
52.3483
52.4055
26.8836
26.3813
25.8673
25.3416
24.8043
24.2559
23.6972
23.1292
22.5535
21.9722
21.3872
20.8003
20.2128
19.6252
19.0394
18.4584
17.8883
17.3399
16.8325
16.3987
16.0839
15.9359
15.9863
16.2323
16.6382
17.1513
17.7231
18.3202
18.9256
19.5332
20.1418
20.7511
21.3607
21.9697
22.5768
23.1803
23.7781
24.3687
24.9503
25.522
26.0831
26.6333
27.1723
27.7001
28.2169
28.7229
29.2184
29.7037
30.179
30.6449
31.1016
31.5494
31.9888
32.4201
32.8434
33.2592
33.6676
34.0688
34.4631
34.8506
35.2314
35.6056
35.9734
36.3349
36.6901
37.0392
37.3822
37.7193
38.0506
38.376
38.6959
39.0102
39.3192
39.6229
39.9214
40.2149
40.5036
40.7875
41.0669
41.3418
41.6125
41.879
42.1416
42.4003
42.6555
42.9069
43.1549
43.3994
43.6407
43.8787
44.1137
44.3454
44.5741
44.7998
45.0227
45.2424
45.4592
45.6732
45.8842
46.0923
46.2976
46.5
46.6996
46.8961
47.0899
47.2808
47.4688
47.6539
47.8362
48.0156
48.1922
48.366
48.5367
48.7048
48.8701
49.0324
49.1921
49.3491
49.5032
49.6546
49.8034
49.9495
50.0931
50.234
50.3724
50.5082
50.6415
50.7723
50.9006
51.0264
51.1498
51.2706
51.389
51.5049
51.6182
51.729
51.8371
51.9425
52.0452
52.145
52.2419
52.3356
52.4263
52.5136
52.5973
52.6775
52.7538
52.826
52.8938
52.9571
53.0155
26.6724
26.1697
25.6552
25.1288
24.5909
24.0419
23.4826
22.9143
22.3386
21.7575
21.1731
20.587
20.0002
19.4137
18.8292
18.2503
17.6839
17.142
16.646
16.2315
15.9453
15.8338
15.923
16.2032
16.6338
17.1616
17.7404
18.3402
18.9465
19.5546
20.1637
20.7735
21.3835
21.9927
22.5997
23.2028
23.7999
24.3894
24.9699
25.5404
26.1002
26.649
27.1868
27.7135
28.2294
28.7345
29.2294
29.7141
30.1893
30.655
31.1119
31.5601
32
32.432
32.8563
33.2733
33.6831
34.0859
34.482
34.8715
35.2544
35.6311
36.0015
36.3657
36.7239
37.0762
37.4227
37.7634
38.0984
38.428
38.7521
39.0709
39.3845
39.693
39.9966
40.2953
40.5894
40.879
41.1641
41.445
41.7217
41.9944
42.2633
42.5284
42.7899
43.0478
43.3024
43.5536
43.8016
44.0464
44.2881
44.5269
44.7625
44.9953
45.225
45.4521
45.6761
45.8972
46.1157
46.3312
46.5439
46.7539
46.961
47.1653
47.3668
47.5655
47.7615
47.9545
48.1449
48.3323
48.5171
48.699
48.878
49.0544
49.2278
49.3985
49.5665
49.7317
49.894
50.0537
50.2106
50.3649
50.5163
50.6651
50.8113
50.9548
51.0957
51.2339
51.3694
51.5023
51.6326
51.7601
51.885
52.0072
52.1265
52.2432
52.3569
52.4676
52.5754
52.68
52.7815
52.8796
52.9743
53.0654
53.1527
53.236
53.3154
53.3902
53.4605
53.5258
53.5861
26.4583
25.9555
25.4407
24.9141
24.3758
23.8265
23.267
22.6986
22.1232
21.5426
20.959
20.3739
19.7882
19.2028
18.6199
18.0436
17.4814
16.9468
16.4637
16.0702
15.8145
15.7406
15.8682
16.1812
16.6346
17.1754
17.7603
18.3622
18.9693
19.5779
20.1875
20.7977
21.408
22.0174
22.6242
23.2268
23.8231
24.4115
24.9907
25.5598
26.1183
26.6658
27.2023
27.7278
28.2427
28.747
29.2411
29.7253
30.2001
30.6657
31.1225
31.5709
32.0113
32.4439
32.8691
33.287
33.698
34.1022
34.4999
34.8911
35.276
35.6547
36.0274
36.3941
36.7549
37.11
37.4594
37.8033
38.1417
38.4748
38.8026
39.1253
39.443
39.7558
40.0638
40.3671
40.666
40.9604
41.2506
41.5366
41.8186
42.0968
42.3711
42.6418
42.909
43.1727
43.433
43.6901
43.944
44.1948
44.4426
44.6875
44.9293
45.1682
45.4042
45.6374
45.868
46.0955
46.3204
46.5424
46.7619
46.9784
47.1922
47.4035
47.6118
47.8176
48.0204
48.2206
48.4181
48.6128
48.8048
48.9942
49.1806
49.3644
49.5453
49.7236
49.8991
50.0718
50.2418
50.4091
50.5735
50.7353
50.8944
51.0507
51.2043
51.3552
51.5032
51.6486
51.7912
51.9311
52.0681
52.2023
52.3337
52.4622
52.5877
52.7103
52.8299
52.9462
53.0594
53.1692
53.2756
53.3785
53.4776
53.573
53.6644
53.7515
53.8343
53.9125
53.9857
54.0538
54.1164
26.2402
25.7377
25.2231
24.6965
24.1582
23.6089
23.0495
22.4815
21.9066
21.3269
20.7444
20.1604
19.5759
18.992
18.411
17.8376
17.2802
16.7539
16.2852
15.9147
15.6912
15.6556
15.8212
16.1653
16.6396
17.1919
17.7818
18.3856
18.9933
19.6024
20.2124
20.8231
21.4337
22.043
22.6496
23.2515
23.8469
24.4342
25.0121
25.5798
26.1368
26.6829
27.2181
27.7424
28.2561
28.7595
29.2528
29.7364
30.2107
30.6761
31.1329
31.5814
32.0221
32.4552
32.881
33.2998
33.7118
34.1172
34.5162
34.9089
35.2954
35.676
36.0506
36.4195
36.7826
37.1402
37.4922
37.8389
38.1802
38.5164
38.8475
39.1737
39.4949
39.8115
40.1234
40.4308
40.7338
41.0326
41.3271
41.6177
41.9044
42.1873
42.4665
42.7421
43.0143
43.2831
43.5486
43.8109
44.0701
44.3262
44.5793
44.8294
45.0768
45.3212
45.5628
45.8016
46.0376
46.2709
46.5016
46.7295
46.9546
47.1771
47.3971
47.6142
47.8287
48.0406
48.2497
48.4563
48.6601
48.8614
49.0598
49.2557
49.4488
49.6393
49.827
50.0121
50.1944
50.3741
50.551
50.7251
50.8967
51.0655
51.2315
51.3947
51.5552
51.713
51.868
52.0202
52.1696
52.3159
52.4596
52.6003
52.738
52.8727
53.0044
53.1329
53.2583
53.3803
53.499
53.6141
53.7257
53.8335
53.9375
54.0374
54.1331
54.2244
54.3111
54.3929
54.4697
54.5409
54.6065
26.0173
25.5154
25.0013
24.4752
23.9373
23.3884
22.8294
22.2621
21.688
21.1095
20.5284
19.9459
19.3629
18.7806
18.2018
17.6319
17.0799
16.563
16.1103
15.7646
15.5749
15.5783
15.781
16.1544
16.6477
17.2101
17.8042
18.4094
19.0178
19.6274
20.2379
20.8489
21.4597
22.069
22.6752
23.2764
23.8708
24.4568
25.0332
25.5994
26.155
26.6996
27.2334
27.7565
28.2691
28.7714
29.2639
29.7469
30.2206
30.6856
31.1422
31.5908
32.0317
32.4651
32.8915
33.311
33.7238
34.1302
34.5304
34.9244
35.3124
35.6945
36.0709
36.4416
36.8067
37.1664
37.5208
37.8699
38.2139
38.5528
38.8868
39.2159
39.5404
39.8602
40.1756
40.4865
40.7933
41.0958
41.3944
41.689
41.9798
42.2668
42.5503
42.8303
43.107
43.3803
43.6503
43.9173
44.1811
44.4419
44.6998
44.9548
45.2069
45.4562
45.7028
45.9466
46.1877
46.426
46.6617
46.8947
47.1253
47.353
47.5782
47.8007
48.0207
48.238
48.4528
48.665
48.8745
49.0815
49.2858
49.4875
49.6866
49.883
50.0768
50.2681
50.4565
50.6425
50.8256
51.0062
51.184
51.3591
51.5315
51.7012
51.868
52.0322
52.1936
52.3521
52.5078
52.6606
52.8104
52.9572
53.101
53.2417
53.3793
53.5137
53.6447
53.7723
53.8965
54.017
54.1337
54.2465
54.3554
54.46
54.5603
54.6559
54.7467
54.8326
54.913
54.9878
55.0567
25.7881
25.2875
24.7744
24.2491
23.712
23.1639
22.6059
22.0396
21.4669
20.8899
20.3105
19.7297
19.1484
18.5681
17.9919
17.4258
16.8801
16.3737
15.9386
15.6198
15.4653
15.5079
15.7468
16.1477
16.6581
17.2291
17.8268
18.4333
19.0422
19.6522
20.2631
20.8745
21.4854
22.0946
22.7003
23.3007
23.8939
24.4785
25.0535
25.6181
26.1721
26.7153
27.2477
27.7694
28.2808
28.7821
29.2736
29.7559
30.229
30.6937
31.15
31.5985
32.0394
32.4732
32.8999
33.32
33.7335
34.1408
34.5419
34.937
35.3262
35.7097
36.0876
36.4599
36.8269
37.1885
37.5448
37.8961
38.2423
38.5837
38.9202
39.2521
39.5793
39.9021
40.2205
40.5346
40.8447
41.1506
41.4525
41.7508
42.0453
42.3361
42.6235
42.9073
43.1879
43.4652
43.7394
44.0104
44.2785
44.5435
44.8056
45.0649
45.3214
45.575
45.826
46.0742
46.3197
46.5628
46.803
47.0407
47.2758
47.5082
47.7383
47.9656
48.1904
48.4126
48.6324
48.8496
49.0641
49.2763
49.4858
49.6927
49.8972
50.0989
50.2983
50.4949
50.689
50.8804
51.0694
51.2556
51.4391
51.6201
51.7982
51.9737
52.1466
52.3166
52.4837
52.6481
52.8096
52.9683
53.1239
53.2766
53.426
53.5724
53.7156
53.8555
53.992
54.125
54.2544
54.3801
54.502
54.6199
54.7335
54.8429
54.9477
55.0477
55.1429
55.2327
55.317
55.3956
55.4678
25.5515
25.0525
24.541
24.0172
23.4814
22.9346
22.378
21.8131
21.2422
20.6672
20.0898
19.511
18.9318
18.3537
17.7805
17.2188
16.6801
16.1856
15.7699
15.4798
15.3619
15.4438
15.7177
16.144
16.6698
17.2483
17.8489
18.4563
19.0658
19.6762
20.2875
20.8992
21.5101
22.119
22.7241
23.3236
23.9155
24.4987
25.0721
25.6352
26.1875
26.7291
27.26
27.7804
28.2906
28.7908
29.2814
29.7628
30.2353
30.6994
31.1555
31.6038
32.0448
32.4786
32.9057
33.3261
33.7402
34.1482
34.5501
34.9462
35.3365
35.7212
36.1003
36.4741
36.8426
37.2058
37.564
37.9172
38.2654
38.6089
38.9477
39.2819
39.6117
39.9371
40.2582
40.5751
40.888
41.197
41.5022
41.8034
42.1012
42.3955
42.6863
42.9737
43.2578
43.5386
43.8165
44.0912
44.363
44.6319
44.8978
45.161
45.4213
45.6789
45.9338
46.1861
46.4357
46.6826
46.927
47.1688
47.4082
47.6449
47.8791
48.1107
48.3399
48.5667
48.7908
49.0124
49.2316
49.4484
49.6625
49.8741
50.0834
50.29
50.4942
50.6958
50.8949
51.0914
51.2854
51.4767
51.6655
51.8515
52.035
52.2159
52.3939
52.5692
52.7418
52.9115
53.0784
53.2424
53.4034
53.5614
53.7162
53.8679
54.0163
54.1615
54.3031
54.4413
54.5757
54.7064
54.8331
54.9558
55.0741
55.1882
55.2975
55.4019
55.5012
55.5951
55.6834
55.7656
55.8415
25.3056
24.8091
24.2998
23.7779
23.2441
22.6991
22.1444
21.5817
21.013
20.4404
19.8654
19.289
18.7121
18.1368
17.5671
17.0103
16.4796
15.9983
15.6038
15.3443
15.2642
15.3851
15.6924
16.1423
16.6817
17.2667
17.8696
18.478
19.0878
19.6987
20.3104
20.9221
21.533
22.1416
22.746
23.3444
23.935
24.5166
25.0884
25.6498
26.2005
26.7405
27.2699
27.7888
28.2977
28.7967
29.2863
29.7668
30.2387
30.7023
31.1579
31.606
32.0469
32.4808
32.908
33.3289
33.7434
34.1519
34.5545
34.9514
35.3426
35.7283
36.1086
36.4836
36.8534
37.2182
37.5779
37.9327
38.2828
38.6282
38.969
39.3053
39.6373
39.965
40.2885
40.608
40.9236
41.2351
41.5431
41.8474
42.1482
42.4453
42.7391
43.0297
43.3171
43.6011
43.8822
44.1603
44.4355
44.7078
44.9772
45.2438
45.5077
45.7689
46.0274
46.2832
46.5365
46.7871
47.0352
47.2808
47.5238
47.7643
48.0024
48.2379
48.4711
48.7018
48.9299
49.1556
49.3789
49.5998
49.8181
50.034
50.2476
50.4585
50.667
50.8731
51.0767
51.2778
51.4762
51.6723
51.8656
52.0565
52.2446
52.4303
52.6132
52.7933
52.9708
53.1454
53.3171
53.486
53.6519
53.8148
53.9745
54.1311
54.2845
54.4345
54.581
54.7239
54.8631
54.9984
55.1298
55.257
55.3799
55.4983
55.6119
55.7205
55.824
55.9219
56.014
56.0999
56.1794
25.0484
24.5552
24.0489
23.5298
22.9986
22.4562
21.9041
21.3441
20.7782
20.2085
19.6364
19.0627
18.4886
17.9164
17.3507
16.7996
16.2778
15.8113
15.4401
15.2128
15.1714
15.3309
15.67
16.1415
16.693
17.2834
17.8883
18.4973
19.1076
19.7189
20.3308
20.9427
21.5534
22.1615
22.765
23.3622
23.9514
24.5314
25.1015
25.6611
26.2102
26.7485
27.2763
27.7938
28.3013
28.7992
29.2877
29.7673
30.2385
30.7014
31.1566
31.6044
32.0451
32.479
32.9064
33.3274
33.7423
34.1513
34.5544
34.952
35.344
35.7306
36.1119
36.4879
36.8589
37.225
37.5861
37.9424
38.2941
38.6412
38.9838
39.322
39.6559
39.9857
40.3115
40.6332
40.951
41.2652
41.5757
41.8824
42.1858
42.4858
42.7823
43.0757
43.366
43.6531
43.9371
44.2182
44.4965
44.7718
45.0444
45.3142
45.5811
45.8455
46.1073
46.3664
46.623
46.877
47.1285
47.3774
47.6239
47.8679
48.1096
48.3486
48.5853
48.8195
49.0513
49.2807
49.5078
49.7323
49.9545
50.1742
50.3916
50.6065
50.819
51.0291
51.2367
51.4418
51.6445
51.8446
52.0423
52.2373
52.4298
52.6197
52.8069
52.9916
53.1733
53.3524
53.5287
53.7019
53.8723
54.0397
54.2039
54.365
54.5228
54.6773
54.8282
54.9756
55.1192
55.2589
55.3946
55.5261
55.6532
55.7757
55.8934
56.0061
56.1134
56.2152
56.3109
56.4005
56.4833
