23.2242
24.1327
24.9704
25.7497
26.4798
27.1682
27.8207
28.4418
29.0352
29.6039
30.1503
30.6764
31.1839
31.6741
32.1481
32.607
33.0514
33.482
33.8994
34.3039
34.6957
35.0753
35.4427
35.798
36.1411
36.472
36.7906
37.0966
37.3898
37.6697
37.9358
38.1877
38.4246
38.6457
38.8502
39.037
39.2049
39.3525
39.4783
39.5804
39.657
39.7058
39.7244
39.71
39.6599
39.5708
39.4396
39.2627
39.037
38.7591
38.4263
38.037
37.5906
37.0887
36.5357
35.939
35.3094
34.6598
34.0047
33.3583
32.7335
32.1407
31.5875
31.0787
30.6164
30.2008
29.8301
29.5015
29.2109
28.9541
28.726
28.5218
28.3362
28.1639
27.9998
27.8383
23.3924
24.2113
24.9767
25.697
26.3787
27.0271
27.6462
28.2395
28.8095
29.3584
29.8881
30.4
30.8954
31.3753
31.8407
32.2921
32.7301
33.1553
33.568
33.9685
34.357
34.7336
35.0984
35.4514
35.7924
36.1214
36.4381
36.7422
37.0333
37.311
37.5747
37.8237
38.0573
38.2745
38.4744
38.6556
38.8169
38.9566
39.0729
39.1639
39.2272
39.2604
39.2606
39.2247
39.1494
39.031
38.8658
38.6498
38.3791
38.05
37.6592
37.2049
36.687
36.1084
35.476
34.8015
34.1004
33.3914
32.693
32.0222
31.3923
30.8126
30.2885
29.8219
29.412
29.056
28.7501
28.4892
28.2681
28.0813
27.9232
27.7885
27.672
27.5685
27.4731
27.3809
23.4013
24.1551
24.8676
25.5445
26.1906
26.8094
27.404
27.9766
28.5293
29.0638
29.5813
30.083
30.5698
31.0425
31.5018
31.9482
32.382
32.8037
33.2136
33.6117
33.9982
34.3732
34.7366
35.0884
35.4283
35.7563
36.0719
36.3749
36.6646
36.9407
37.2024
37.449
37.6796
37.8931
38.0883
38.2639
38.4182
38.5495
38.6557
38.7345
38.7834
38.7993
38.779
38.7191
38.6155
38.4643
38.2609
38.0008
37.6793
37.2919
36.8349
36.3058
35.7049
35.0367
34.3118
33.5479
32.7683
31.9985
31.2619
30.577
29.9557
29.4041
28.9237
28.5122
28.1654
27.8773
27.6417
27.4519
27.3016
27.1843
27.0944
27.0263
26.9749
26.9353
26.9029
26.8734
23.2816
23.9885
24.6627
25.3083
25.9286
26.526
27.1029
27.6608
28.2013
28.7256
29.2348
29.7296
30.2108
30.6789
31.1345
31.5779
32.0094
32.4294
32.838
33.2351
33.621
33.9956
34.3588
34.7104
35.0503
35.3781
35.6935
35.996
36.2851
36.5602
36.8204
37.065
37.2929
37.5029
37.6935
37.8634
38.0105
38.133
38.2283
38.294
38.3269
38.3239
38.2812
38.1946
38.06
37.8724
37.6268
37.3179
36.9401
36.4882
35.9573
35.3441
34.649
33.8781
33.0471
32.1825
31.3188
30.4905
29.7255
29.0411
28.4452
27.9382
27.5159
27.1713
26.896
26.6816
26.5196
26.4022
26.322
26.2726
26.248
26.2429
26.2522
26.2716
26.2969
26.3242
23.0565
23.7302
24.3773
25.0008
25.603
26.1856
26.7502
27.2983
27.8308
28.3486
28.8526
29.3433
29.8214
30.2872
30.7411
31.1835
31.6145
32.0343
32.443
32.8406
33.2271
33.6025
33.9665
34.319
34.6597
34.9883
35.3042
35.6071
35.8962
36.1709
36.4302
36.6733
36.8988
37.1054
37.2916
37.4557
37.5954
37.7085
37.7923
37.8439
37.8597
37.8361
37.7689
37.6534
37.4848
37.2577
36.9664
36.6048
36.1666
35.6454
35.0353
34.3318
33.5344
32.6509
31.7033
30.73
29.7803
28.8999
28.1191
27.4511
26.8962
26.4474
26.0937
25.8234
25.6243
25.4856
25.3973
25.3508
25.3383
25.3534
25.3902
25.4436
25.5091
25.5827
25.6606
25.7395
22.7439
23.3946
24.0233
24.6319
25.222
25.795
26.3521
26.8942
27.422
27.9364
28.438
28.9271
29.4043
29.8698
30.324
30.767
31.199
31.6201
32.0303
32.4296
32.8179
33.1952
33.5611
33.9155
34.258
34.5882
34.9055
35.2095
35.4994
35.7743
36.0333
36.2753
36.4988
36.7025
36.8844
37.0426
37.1747
37.2781
37.3497
37.3862
37.3837
37.338
37.2443
37.0978
36.8928
36.6236
36.2839
35.8671
35.3665
34.7747
34.0848
33.2911
32.3924
31.3979
30.3357
29.257
28.2267
27.3015
26.5134
25.8695
25.3618
24.975
24.6919
24.4956
24.371
24.3051
24.2867
24.3067
24.3574
24.4321
24.5254
24.6325
24.7494
24.8723
24.998
25.1235
22.3576
22.9933
23.61
24.2094
24.7923
25.36
25.9131
26.4525
26.9787
27.4924
27.9938
28.4835
28.9618
29.4288
29.8849
30.3301
30.7645
31.1883
31.6013
32.0035
32.3948
32.775
33.1439
33.5012
33.8464
34.1792
34.4988
34.8048
35.0962
35.3721
35.6314
35.8729
36.095
36.2959
36.4738
36.6263
36.7506
36.8439
36.9028
36.9233
36.9013
36.832
36.7104
36.5308
36.2876
35.9745
35.5852
35.113
34.551
33.8919
33.1287
32.2557
31.272
30.189
29.0391
27.8805
26.7866
25.8215
25.0204
24.3893
23.9151
23.5766
23.3511
23.2174
23.157
23.1547
23.1982
23.2775
23.3845
23.5127
23.6568
23.8124
23.9756
24.1431
24.3121
24.4798
21.9088
22.5352
23.1451
23.7396
24.3193
24.8851
25.4374
25.9768
26.5039
27.019
27.5225
28.0146
28.4957
28.9659
29.4254
29.8743
30.3126
30.7403
31.1573
31.5637
31.9591
32.3434
32.7164
33.0776
33.4266
33.7628
34.0858
34.3945
34.6883
34.966
35.2264
35.468
35.6892
35.888
36.062
36.2089
36.3255
36.4084
36.454
36.4578
36.4153
36.3213
36.1703
35.9565
35.6739
35.3165
34.8782
34.353
33.735
33.0179
32.1963
31.2664
30.2301
29.1014
27.9139
26.7231
25.5973
24.5992
23.7692
23.1202
22.6435
22.3182
22.1195
22.0225
22.0056
22.0504
22.1424
22.2701
22.4245
22.5987
22.7872
22.9855
23.1898
23.3972
23.605
23.8107
21.4067
22.0281
22.6349
23.2279
23.8075
24.374
24.9281
25.47
26
26.5186
27.0259
27.5223
28.0078
28.4828
28.9472
29.4011
29.8445
30.2774
30.6998
31.1114
31.5122
31.9018
32.2799
32.646
32.9999
33.3407
33.6679
33.9805
34.2777
34.5581
34.8204
35.0629
35.2838
35.4809
35.6517
35.7931
35.902
35.9745
36.0064
35.9931
35.9293
35.8098
35.6286
35.38
35.0582
34.6578
34.1736
33.6014
32.9372
32.1775
31.3197
30.3636
29.315
28.1901
27.0194
25.848
24.7299
23.7176
22.8518
22.1553
21.6323
21.2717
21.0534
20.953
20.9465
21.0124
21.1329
21.2936
21.4834
21.6941
21.9193
22.1538
22.3939
22.6364
22.8786
23.1183
20.8594
21.4785
22.0849
22.679
23.2606
23.8303
24.3881
24.9343
25.4693
25.993
26.506
27.0081
27.4997
27.9807
28.4514
28.9117
29.3616
29.801
30.2299
30.6481
31.0553
31.4514
31.8358
32.2082
32.568
32.9146
33.2472
33.5648
33.8663
34.1504
34.4156
34.6599
34.8814
35.0776
35.2455
35.382
35.4834
35.5455
35.5637
35.5328
35.4476
35.3022
35.091
34.8083
34.449
34.0091
33.4855
32.8763
32.1807
31.3986
30.531
29.5815
28.5585
27.4777
26.3641
25.2505
24.175
23.1762
22.2883
21.5377
20.9408
20.5018
20.2138
20.0604
20.0204
20.071
20.191
20.3625
20.5711
20.8056
21.0576
21.3208
21.5904
21.8629
22.1351
22.4049
20.2741
20.8926
21.5002
22.0969
22.6823
23.2567
23.8199
24.3722
24.9135
25.4441
25.9641
26.4735
26.9724
27.461
27.9393
28.4073
28.865
29.3123
29.749
30.175
30.59
30.9938
31.3858
31.7657
32.1328
32.4864
32.8256
33.1495
33.4566
33.7456
34.0148
34.2621
34.4851
34.6811
34.847
34.9791
35.0734
35.1254
35.1301
35.082
34.9755
34.8049
34.5648
34.2503
33.8578
33.3852
32.8323
32.2004
31.4921
30.7104
29.8592
28.944
27.9737
26.9616
25.9263
24.8906
23.8796
22.9193
22.0345
21.2483
20.5805
20.0464
19.6541
19.4022
19.2799
19.2697
19.3504
19.5016
19.7048
19.945
20.2104
20.4921
20.7835
21.0797
21.377
21.6726
19.6587
20.2765
20.8857
21.4858
22.076
22.6562
23.226
23.7855
24.3346
24.8733
25.4016
25.9196
26.4274
26.9249
27.4122
27.8892
28.356
28.8124
29.2583
29.6935
30.1177
30.5305
30.9316
31.3204
31.6962
32.0583
32.4056
32.737
33.0512
33.3465
33.621
33.8724
34.0982
34.2951
34.4599
34.5885
34.6766
34.7191
34.7109
34.6462
34.5196
34.3256
34.0595
33.7179
33.2994
32.8046
32.2366
31.5996
30.8988
30.1389
29.3249
28.4624
27.5591
26.6254
25.6746
24.722
23.7842
22.8778
22.0192
21.2249
20.512
19.8974
19.3973
19.0236
18.7808
18.6641
18.66
18.7502
18.9144
19.134
19.3928
19.6782
19.9804
20.2922
20.6083
20.9246
19.0224
19.6371
20.247
20.85
21.4452
22.0316
22.6088
23.1764
23.7342
24.2821
24.82
25.3479
25.8657
26.3735
26.8711
27.3586
27.8358
28.3028
28.7593
29.2051
29.64
30.0634
30.4751
30.8743
31.2605
31.6326
31.9897
32.3304
32.6533
32.9565
33.2378
33.4949
33.7247
33.924
34.0889
34.2151
34.2979
34.3321
34.3122
34.2327
34.0882
33.8741
33.5872
33.2261
32.7922
32.289
31.7224
31.0984
30.423
29.701
28.9369
28.1354
27.3028
26.447
25.5775
24.7049
23.8398
22.9929
22.1744
21.3952
20.6669
20.0033
19.4201
18.934
18.5599
18.3075
18.1776
18.162
18.245
18.4077
18.631
18.8979
19.1944
19.5097
19.8355
20.1659
18.3781
18.984
19.5908
20.195
20.794
21.3863
21.971
22.5471
23.1143
23.6722
24.2207
24.7596
25.2886
25.8078
26.3172
26.8165
27.3057
27.7848
28.2535
28.7115
29.1586
29.5944
30.0184
30.43
30.8283
31.2124
31.5811
31.933
32.2664
32.5793
32.8693
33.1337
33.3693
33.5725
33.739
33.8644
33.9435
33.971
33.9415
33.8497
33.6911
33.4623
33.1622
32.792
32.3558
31.8596
31.3103
30.7142
30.0764
29.401
28.6914
27.9518
27.187
26.4033
25.6076
24.8074
24.0096
23.2213
22.4485
21.6979
20.977
20.2949
19.6632
19.0966
18.6118
18.2254
17.9511
17.7952
17.7544
17.8171
17.9662
18.1826
18.4484
18.7483
19.0701
19.4046
17.7457
18.3312
18.9274
19.5278
20.1279
20.7245
21.3158
21.9003
22.477
23.0455
23.6053
24.156
24.6974
25.2294
25.7518
26.2644
26.7672
27.2599
27.7424
28.2146
28.6758
29.1259
29.5642
29.9901
30.4027
30.8008
31.1833
31.5486
31.8946
32.2194
32.5202
32.794
33.0374
33.2463
33.4164
33.5427
33.6202
33.6434
33.6073
33.5071
33.3397
33.1037
32.8002
32.4331
32.0082
31.5324
31.0121
30.4527
29.858
29.2313
28.5756
27.8942
27.1913
26.4719
25.7412
25.0045
24.2667
23.5322
22.805
22.0891
21.3888
20.7098
20.0595
19.4481
18.8888
18.3977
17.9924
17.6889
17.4982
17.4224
17.4542
17.5793
17.7793
18.0358
18.3321
18.6547
17.1561
17.7013
18.2728
18.86
19.4549
20.052
20.6477
21.2393
21.8252
22.4042
22.9757
23.539
24.0937
24.6396
25.1763
25.7037
26.2217
26.7299
27.2282
27.7163
28.1939
28.6604
29.1154
29.5579
29.9872
30.4019
30.8006
31.1817
31.5429
31.882
32.196
32.4815
32.7349
32.9519
33.1278
33.2576
33.336
33.3581
33.3191
33.2158
33.0466
32.8121
32.5159
32.1632
31.7604
31.3138
30.8286
30.3088
29.7576
29.1777
28.5718
27.9431
27.2953
26.6322
25.9579
25.2762
24.5907
23.9044
23.2198
22.5394
21.8658
21.2022
20.5531
19.9246
19.3258
18.7682
18.2671
17.8396
17.5033
17.2727
17.1548
17.1474
17.2395
17.4145
17.6539
17.94
16.655
17.1293
17.6529
18.21
18.7881
19.3781
19.9733
20.5691
21.1625
21.7514
22.3345
22.9107
23.4794
24.0402
24.5926
25.1363
25.6711
26.1968
26.7129
27.2193
27.7156
28.2011
28.6753
29.1373
29.586
30.0201
30.438
30.8377
31.217
31.5731
31.903
32.203
32.469
32.6967
32.8811
33.0172
33.0998
33.1244
33.0875
32.9872
32.8236
32.5996
32.3197
31.9896
31.615
31.201
30.7516
30.2704
29.7599
29.2228
28.662
28.0801
27.4805
26.8662
26.2405
25.6063
24.9661
24.322
23.676
23.0294
22.384
21.7416
21.1048
20.4771
19.8639
19.2727
18.7138
18.2009
17.7505
17.3805
17.1076
16.9431
16.8899
16.9414
17.0836
17.2985
16.3012
16.6655
17.1072
17.6075
18.1491
18.718
19.3033
19.8974
20.4946
21.0914
21.6851
22.274
22.8571
23.4336
24.0028
24.5643
25.1178
25.6629
26.1993
26.7266
27.2442
27.7517
28.2482
28.7329
29.2043
29.6611
30.1014
30.523
30.9234
31.2998
31.6485
31.966
32.2477
32.489
32.6849
32.8304
32.9208
32.9523
32.9226
32.8313
32.6804
32.4735
32.2155
31.9116
31.5665
31.1844
30.7688
30.3228
29.8491
29.3504
28.8292
28.2884
27.7306
27.1586
26.5748
25.9814
25.3805
24.7734
24.1616
23.5463
22.9283
22.3089
21.6896
21.0724
20.4603
19.8577
19.2711
18.7094
18.1846
17.712
17.3091
16.9936
16.7803
16.6767
16.6813
16.7833
16.1536
16.3708
16.6905
17.0972
17.572
18.0968
18.6559
19.2368
19.8306
20.4306
21.0324
21.6329
22.2302
22.8227
23.4098
23.9906
24.5647
25.1314
25.6906
26.2416
26.7839
27.3167
27.8391
28.35
28.8479
29.3311
29.7976
30.2448
30.67
31.0699
31.441
31.7791
32.0797
32.3378
32.5483
32.7065
32.8082
32.8506
32.8326
32.7553
32.6214
32.4349
32.2003
31.9223
31.6048
31.2518
30.8664
30.4517
30.0105
29.5454
29.0591
28.5539
28.0324
27.4968
26.9491
26.391
25.824
25.2493
24.668
24.0808
23.4886
22.892
22.2922
21.69
21.0873
20.4866
19.8916
19.3076
18.7424
18.2063
17.713
17.2791
16.9224
16.6599
16.5033
16.4557
16.2456
16.2988
16.4639
16.7373
17.1065
17.5537
18.0601
18.6086
19.1854
19.7799
20.3842
20.9932
21.6032
22.2118
22.8174
23.4188
24.0153
24.6062
25.191
25.7689
26.3394
26.9015
27.4539
27.9953
28.5241
29.038
29.5348
30.0117
30.4655
30.8929
31.2899
31.652
31.9745
32.2523
32.4804
32.6541
32.7699
32.8261
32.8226
32.7613
32.6455
32.4791
32.2664
32.0115
31.7184
31.3907
31.0316
30.6443
30.2313
29.7956
29.3393
28.8651
28.3749
27.8706
27.3539
26.8262
26.2888
25.7425
25.1882
24.6265
24.0579
23.4831
22.9026
22.3173
21.7279
21.1361
20.5439
19.9543
19.3718
18.8028
18.2563
17.7444
17.2819
16.8865
16.5759
16.365
16.5662
16.4694
16.4727
16.5868
16.813
17.1428
17.5602
18.0468
18.5842
19.1572
19.7536
20.3645
20.9836
21.6065
22.2305
22.8535
23.4743
24.0919
24.7055
25.3142
25.917
26.5128
27.1001
27.6771
28.2415
28.791
29.3227
29.8337
30.3203
30.7789
31.2052
31.5946
31.9419
32.2417
32.4891
32.6797
32.8107
32.8812
32.8922
32.8462
32.7467
32.5977
32.4036
32.1683
31.8957
31.5895
31.253
30.8891
30.5006
30.0901
29.66
29.2123
28.749
28.2717
27.7818
27.2805
26.7688
26.2474
25.717
25.1781
24.6312
24.0767
23.5149
22.9466
22.3721
21.7925
21.2088
20.6228
20.037
19.4551
18.8824
18.3265
17.7978
17.3097
16.8784
16.5221
17.068
16.8576
16.7222
16.6803
16.746
16.9254
17.2145
17.6006
18.066
18.5921
19.1621
19.7624
20.3827
21.0157
21.6564
22.3012
22.9479
23.5948
24.2407
24.8844
25.5244
26.1592
26.7868
27.4048
28.0106
28.601
29.1727
29.7222
30.2458
30.7393
31.1981
31.6171
31.9907
32.3133
32.5798
32.7864
32.931
33.0137
33.0365
33.0026
32.9159
32.7807
32.6013
32.3818
32.1262
31.838
31.5204
31.1765
30.809
30.4202
30.0125
29.5877
29.1475
28.6934
28.2266
27.7482
27.2588
26.7593
26.2502
25.7317
25.2045
24.6686
24.1246
23.5728
23.0135
22.4473
21.8749
21.2973
20.7158
20.1326
19.5506
18.9742
18.4098
17.8661
17.3549
16.8911
17.6918
17.4094
17.1752
17.0079
16.9265
16.9479
17.0824
17.331
17.685
18.1288
18.6438
19.2124
19.8195
20.4536
21.106
21.7709
22.4441
23.1228
23.8048
24.4882
25.171
25.851
26.5253
27.1908
27.844
28.481
29.0978
29.6905
30.2548
30.786
31.2792
31.7285
32.1279
32.4712
32.7536
32.9722
33.1262
33.2168
33.2472
33.2212
33.1432
33.0178
32.8495
32.6424
32.4003
32.1269
31.8253
31.4983
31.1486
30.7785
30.39
29.9848
29.5645
29.1304
28.6835
28.2249
27.7551
27.2747
26.7843
26.2843
25.7748
25.2561
24.7285
24.1924
23.6479
23.0953
22.5353
21.9682
21.3949
20.8166
20.2348
19.6521
19.072
18.4996
17.9425
17.4106
18.386
18.0664
17.7739
17.5229
17.3308
17.217
17.1998
17.2932
17.5034
17.8261
18.2489
18.7544
19.3244
19.9429
20.5969
21.2765
21.9748
22.6867
23.4085
24.1369
24.8689
25.601
26.3293
27.0495
27.7568
28.4463
29.1132
29.7528
30.3604
30.9307
31.4577
31.935
32.3558
32.7142
33.0063
33.2306
33.3879
33.4811
33.5142
33.4918
33.4187
33.2997
33.1392
32.9414
32.71
32.4486
32.1602
31.8475
31.5129
31.1586
30.7865
30.3981
29.9949
29.578
29.1484
28.707
28.2542
27.7907
27.3169
26.8332
26.3397
25.8367
25.3243
24.8028
24.2723
23.7332
23.1856
22.6298
22.0664
21.496
20.9195
20.3382
19.754
19.1699
18.59
18.0205
19.1137
18.7818
18.4627
18.1663
17.9056
17.6967
17.5585
17.5102
17.5688
17.7447
18.0392
18.4437
18.9431
19.5197
20.1566
20.8395
21.5574
22.3016
23.0658
23.8445
24.6326
25.4249
26.2154
26.9981
27.7664
28.514
29.235
29.9239
30.5749
31.1821
31.7385
32.2369
32.6708
33.0355
33.3288
33.5514
33.7058
33.7963
33.8277
33.8051
33.7335
33.6178
33.4624
33.2713
33.0482
32.7964
32.5188
32.2179
31.8961
31.5552
31.1971
30.8231
30.4346
30.0326
29.618
29.1915
28.7536
28.305
27.8458
27.3766
26.8974
26.4085
25.91
25.402
24.8848
24.3583
23.8228
23.2784
22.7254
22.1642
21.5953
21.0193
20.4373
19.8508
19.2622
18.6746
19.8511
19.5232
19.1995
18.8864
18.5926
18.3299
18.113
17.9598
17.89
17.9225
18.0716
18.3439
18.7359
19.2358
19.8273
20.4933
21.2183
21.9895
22.7962
23.6294
24.4807
25.3415
26.2029
27.0559
27.8916
28.7016
29.4785
30.2156
30.9061
31.5431
32.1191
32.6274
33.063
33.4236
33.7094
33.9231
34.0691
34.1524
34.1783
34.1524
34.0797
33.9648
33.8122
33.6257
33.4088
33.1646
32.8957
32.6047
32.2935
31.964
31.6178
31.2562
30.8803
30.4911
30.0894
29.6758
29.251
28.8153
28.3692
27.9128
27.4464
26.9701
26.4842
25.9886
25.4834
24.9688
24.4447
23.9113
23.3686
22.817
22.2565
21.6876
21.1108
20.5267
19.9368
19.3426
20.5841
20.2707
19.9566
19.6462
19.3452
19.0613
18.805
18.5899
18.4329
18.3535
18.3718
18.5056
18.7662
19.1558
19.6674
20.2869
20.9977
21.783
22.6273
23.5162
24.436
25.3731
26.3135
27.2437
28.1511
29.0245
29.8546
30.6333
31.3532
32.007
32.5885
33.093
33.5182
33.8648
34.1354
34.3346
34.4676
34.5401
34.5579
34.5263
34.4502
34.3344
34.1828
33.9991
33.7867
33.5482
33.2864
33.0034
32.7011
32.3812
32.045
31.6939
31.3288
30.9507
30.5602
30.1579
29.7445
29.3202
28.8854
28.4404
27.9853
27.5203
27.0456
26.5611
26.067
25.5631
25.0496
24.5264
23.9936
23.4511
22.8992
22.3378
21.7674
21.188
20.6005
20.0055
21.3043
21.0124
20.7173
20.4223
20.1311
19.8492
19.5835
19.3436
19.1419
18.9945
18.9204
18.9405
19.0751
19.3403
19.7442
20.2849
20.9521
21.7296
22.5985
23.5384
24.5283
25.5463
26.5708
27.5813
28.5597
29.4914
30.365
31.1716
31.9044
32.5581
33.1292
33.6164
34.0207
34.3454
34.5951
34.7754
34.8923
34.9517
34.9593
34.9202
34.8394
34.721
34.569
34.3868
34.1773
33.9433
33.687
33.4105
33.1155
32.8036
32.4759
32.1337
31.7778
31.4092
31.0283
30.6359
30.2323
29.818
29.3932
28.9581
28.513
28.058
27.5932
27.1186
26.6343
26.14
25.636
25.1221
24.5983
24.0644
23.5205
22.9665
22.4024
21.8284
21.2446
20.6513
22.0063
21.7412
21.4718
21.2007
20.931
20.6664
20.4121
20.1747
19.9631
19.7891
19.6678
19.618
19.661
19.8193
20.1129
20.5555
21.1511
21.893
22.7646
23.7419
24.7954
25.8922
26.9988
28.0847
29.1247
30.1002
30.9989
31.8132
32.5392
33.1752
33.7215
34.1805
34.556
34.8533
35.0782
35.237
35.3357
35.3804
35.3764
35.3288
35.242
35.1201
34.9666
34.7846
34.577
34.3461
34.0941
33.8228
33.5337
33.2284
32.9079
32.5732
32.2252
31.8646
31.4921
31.1081
30.7131
30.3074
29.8912
29.4649
29.0285
28.5822
28.1261
27.6601
27.1842
26.6985
26.2028
25.697
25.181
24.6548
24.118
23.5705
23.0123
22.4432
21.8632
21.2721
22.6866
22.4528
22.2144
21.9737
21.7334
21.497
21.2682
21.0524
20.856
20.6877
20.5592
20.4851
20.4839
20.5776
20.7901
21.1447
21.6599
22.3443
23.1928
24.1845
25.2837
26.4447
27.6188
28.7621
29.8415
30.836
31.7346
32.5336
33.2333
33.8363
34.3468
34.7699
35.1116
35.3781
35.576
35.7117
35.7913
35.8204
35.8042
35.7473
35.6538
35.5275
35.3717
35.1891
34.9824
34.7536
34.5048
34.2375
33.9533
33.6533
33.3387
33.0104
32.669
32.3153
31.9498
31.5731
31.1854
30.7871
30.3784
29.9596
29.5307
29.0919
28.6431
28.1845
27.716
27.2374
26.7487
26.2498
25.7404
25.2203
24.6894
24.1473
23.5938
23.0285
22.4513
21.8618
23.3424
23.1442
22.9415
22.7366
22.5324
22.3319
22.139
21.958
21.7944
21.6553
21.5498
21.4893
21.4891
21.5675
21.747
22.0525
22.509
23.1371
23.9459
24.925
26.0394
27.2333
28.4419
29.6082
30.6923
31.6734
32.5444
33.3062
33.9635
34.5224
34.9897
35.3724
35.6773
35.9115
36.0815
36.1937
36.2538
36.267
36.2382
36.1717
36.0711
35.94
35.7811
35.5973
35.3906
35.1631
34.9165
34.6524
34.3719
34.0763
33.7666
33.4434
33.1076
32.7596
32.4001
32.0295
31.648
31.2559
30.8536
30.4411
30.0185
29.5859
29.1434
28.6909
28.2283
27.7556
27.2725
26.7789
26.2746
25.7593
25.2326
24.6942
24.1437
23.5806
23.0045
22.4147
23.9708
23.8127
23.6504
23.4865
23.3241
23.1664
23.0173
22.8811
22.7631
22.6696
22.6084
22.5895
22.6252
22.7311
22.9259
23.2317
23.6726
24.2719
25.0458
25.9935
27.0864
28.2662
29.4595
30.6007
31.6477
32.5818
33.4001
34.1072
34.7105
35.2181
35.6381
35.978
36.2454
36.4469
36.5892
36.678
36.7187
36.7162
36.6749
36.5986
36.4908
36.3544
36.1922
36.0064
35.7992
35.5722
35.3271
35.0652
34.7877
34.4956
34.1897
33.8707
33.5394
33.1962
32.8416
32.476
32.0997
31.7128
31.3157
30.9083
30.4909
30.0633
29.6258
29.178
28.7201
28.2517
27.7728
27.283
26.7821
26.2697
25.7454
25.2086
24.659
24.0957
23.5182
22.9255
24.569
24.4557
24.3386
24.2209
24.1058
23.9971
23.8988
23.8155
23.7527
23.7165
23.7145
23.7559
23.8513
24.0142
24.2601
24.6069
25.0741
25.6804
26.4394
27.3513
28.3921
29.509
30.6323
31.6989
32.6696
33.5288
34.2758
34.9164
35.4588
35.9115
36.2825
36.5795
36.8095
36.9791
37.0943
37.1604
37.1824
37.1647
37.1111
37.0252
36.91
36.7683
36.6023
36.4143
36.2059
35.9789
35.7346
35.4743
35.1989
34.9093
34.6065
34.2909
33.9631
33.6238
33.2731
32.9115
32.5393
32.1565
31.7635
31.3602
30.9467
30.523
30.089
29.6447
29.1899
28.7244
28.248
27.7602
27.2608
26.7492
26.225
25.6875
25.136
24.5696
23.9873
23.388
25.1335
25.0701
25.0036
24.9372
24.8751
24.8211
24.7799
24.7564
24.7562
24.7859
24.8528
24.9657
25.1343
25.3701
25.6858
26.095
26.6113
27.246
28.0048
28.8818
29.8532
30.8744
31.8892
32.8468
33.7157
34.4831
35.1486
35.7171
36.1961
36.5931
36.9157
37.1708
37.3649
37.5039
37.5932
37.6378
37.642
37.6096
37.5442
37.4489
37.3265
37.1792
37.0094
36.8187
36.6089
36.3813
36.1373
35.8778
35.6038
35.3162
35.0155
34.7024
34.3774
34.041
33.6933
33.3348
32.9656
32.586
32.1959
31.7955
31.3847
30.9636
30.5319
30.0895
29.6364
29.172
28.6962
28.2085
27.7084
27.1953
26.6685
26.1274
25.5707
24.9974
24.4062
23.7954
25.6597
25.6522
25.6416
25.6323
25.6286
25.635
25.6564
25.6983
25.7666
25.8679
26.0093
26.1989
26.4456
26.7586
27.1476
27.6217
28.1882
28.8509
29.6071
30.4446
31.3388
32.2537
33.1481
33.9866
34.7464
35.4178
35.9998
36.4962
36.9127
37.2559
37.5321
37.7474
37.9076
38.0179
38.083
38.1073
38.0946
38.0484
37.9719
37.8676
37.738
37.5854
37.4115
37.218
37.0064
36.7778
36.5335
36.2743
36.0012
35.7147
35.4155
35.1042
34.7811
34.4466
34.1011
33.7447
33.3776
32.9999
32.6117
32.2129
31.8036
31.3836
30.9528
30.5108
30.0576
29.5925
29.1153
28.6254
28.1221
27.6048
27.0724
26.5239
25.9581
25.3733
24.7678
24.1392
26.1416
26.1964
26.2481
26.3017
26.3618
26.4338
26.5229
26.6347
26.7753
26.9511
27.1687
27.4355
27.7583
28.1443
28.5995
29.1284
29.7326
30.4095
31.1505
31.9399
32.7548
33.5671
34.3483
35.0749
35.732
36.3125
36.8155
37.2437
37.6016
37.8944
38.1274
38.3059
38.4347
38.5183
38.561
38.5666
38.5383
38.4792
38.392
38.2792
38.1429
37.9849
37.8069
37.6104
37.3967
37.1668
36.9218
36.6624
36.3894
36.1035
35.8051
35.4948
35.1728
34.8395
34.4952
34.1399
33.7738
33.397
33.0095
32.6112
32.2019
31.7816
31.35
30.9067
30.4514
29.9836
29.5027
29.008
28.4987
27.9738
27.432
26.8721
26.2921
25.6901
25.0636
24.4092
26.5709
26.6956
26.8164
26.9388
27.0685
27.2109
27.3718
27.5566
27.7715
28.0222
28.3146
28.6546
29.0471
29.4964
30.005
30.5732
31.1981
31.8728
32.5857
33.3209
34.0587
34.7781
35.4599
36.0888
36.6551
37.1545
37.5864
37.9529
38.2575
38.5045
38.6983
38.8432
38.9435
39.003
39.0252
39.0136
38.9709
38.8999
38.8029
38.6821
38.5393
38.3761
38.1941
37.9945
37.7785
37.5469
37.3007
37.0407
36.7674
36.4814
36.1831
35.873
35.5514
35.2184
34.8743
34.5191
34.153
33.776
33.3878
32.9886
32.578
32.1558
31.7216
31.2751
30.8156
30.3427
29.8554
29.3529
28.8341
28.2977
27.7422
27.1655
26.5654
25.939
25.2829
24.5924
