23.2234
24.1333
24.9726
25.7536
26.4857
27.1763
27.8312
28.4548
29.051
29.6227
30.1724
30.702
31.2133
31.7075
32.1858
32.6493
33.0987
33.5346
33.9575
34.368
34.7662
35.1526
35.5272
35.8901
36.2413
36.5808
36.9084
37.2238
37.5268
37.817
38.0936
38.3563
38.6042
38.8363
39.0516
39.2489
39.4266
39.5833
39.7169
39.8253
39.9063
39.9571
39.9749
39.9565
39.8984
39.797
39.6486
39.4492
39.1952
38.8832
38.5105
38.0758
37.5795
37.0246
36.4174
35.7675
35.0881
34.3946
33.7032
33.0294
32.3863
31.7838
31.2288
30.7248
30.2727
29.8712
29.5175
29.2077
28.937
28.7004
28.4925
28.3079
28.1411
27.9868
27.8396
27.6939
23.391
24.2115
24.9788
25.7011
26.3851
27.0359
27.6577
28.2538
28.8269
29.3792
29.9125
30.4284
30.928
31.4124
31.8826
32.3392
32.7828
33.214
33.6331
34.0404
34.4362
34.8206
35.1938
35.5556
35.9061
36.245
36.5723
36.8875
37.1904
37.4802
37.7565
38.0185
38.2654
38.496
38.7091
38.9033
39.0769
39.2282
39.3548
39.4544
39.5243
39.5614
39.5624
39.5237
39.4412
39.3107
39.1277
38.8878
38.5864
38.2197
37.7846
37.2797
36.7061
36.0685
35.3765
34.6443
33.8909
33.1372
32.404
31.7088
31.0647
30.4799
29.9583
29.5002
29.1032
28.7631
28.4749
28.2327
28.0306
27.8626
27.7227
27.6055
27.5056
27.4177
27.3367
27.2579
23.3994
24.1551
24.8696
25.5489
26.1974
26.819
27.4165
27.9923
28.5485
29.0867
29.6082
30.1143
30.6058
31.0836
31.5483
32.0005
32.4406
32.8691
33.2862
33.6922
34.0871
34.471
34.8441
35.2061
35.5571
35.8967
36.2247
36.5408
36.8443
37.1348
37.4116
37.6737
37.9201
38.1497
38.3611
38.5526
38.7222
38.868
38.9874
39.0777
39.1358
39.1582
39.141
39.0801
38.9709
38.8083
38.5872
38.3021
37.9479
37.5199
37.0142
36.4295
35.7674
35.0347
34.2452
33.4197
32.5852
31.7704
31.0005
30.2942
29.6625
29.1096
28.6346
28.2337
27.9006
27.6283
27.4094
27.2367
27.1032
27.0023
26.928
26.8746
26.837
26.8102
26.7897
26.7712
23.2793
23.9883
24.6648
25.3129
25.9359
26.5364
27.1165
27.6779
28.2223
28.7508
29.2644
29.764
30.2505
30.7242
31.1859
31.6359
32.0746
32.5022
32.919
33.3251
33.7206
34.1056
34.4798
34.8434
35.196
35.5374
35.8672
36.1851
36.4904
36.7825
37.0605
37.3235
37.5703
37.7995
38.0096
38.1986
38.3646
38.5049
38.6169
38.6975
38.7431
38.7498
38.7133
38.6286
38.4906
38.2935
38.0312
37.6974
37.2859
36.7909
36.2081
35.5355
34.7752
33.9361
33.0369
32.1076
31.1864
30.312
29.5141
28.81
28.2054
27.6982
27.2817
26.9468
26.6838
26.4827
26.3346
26.2309
26.1643
26.1278
26.1154
26.1217
26.1418
26.1712
26.2058
26.2417
23.0538
23.7298
24.3795
25.0057
25.6109
26.1968
26.7651
27.317
27.8537
28.3761
28.885
29.3811
29.865
30.3372
30.798
31.2478
31.6868
32.1152
32.5333
32.9411
33.3386
33.7258
34.1026
34.4688
34.8243
35.1686
35.5014
35.8222
36.1303
36.4249
36.7051
36.9698
37.2177
37.4472
37.6565
37.8436
38.006
38.141
38.2455
38.3161
38.3487
38.339
38.2821
38.1725
38.0043
37.7709
37.4653
37.0804
36.6088
36.0439
35.3805
34.6161
33.7529
32.8017
31.786
30.7461
29.7356
28.8054
27.9888
27.2984
26.7321
26.2798
25.9282
25.6632
25.4716
25.3414
25.2621
25.2248
25.2213
25.2452
25.2905
25.3519
25.425
25.5057
25.5903
25.6754
22.7408
23.394
24.0255
24.6371
25.2305
25.8072
26.3681
26.9145
27.447
27.9664
28.4734
28.9686
29.4522
29.9248
30.3866
30.838
31.279
31.7099
32.1308
32.5416
32.9425
33.3333
33.7139
34.0841
34.4436
34.7921
35.129
35.4537
35.7657
36.0639
36.3472
36.6146
36.8643
37.0948
37.304
37.4895
37.6487
37.7785
37.8755
37.9358
37.9551
37.9286
37.8506
37.7154
37.5162
37.2457
36.8963
36.4598
35.9281
35.2939
34.5517
33.6991
32.7389
31.683
30.5588
29.4153
28.3203
27.3374
26.5037
25.8271
25.2977
24.8975
24.6069
24.4074
24.2823
24.2178
24.202
24.2255
24.2801
24.3591
24.4568
24.5684
24.6897
24.8169
24.9468
25.0763
22.3541
22.9925
23.6122
24.2149
24.8014
25.373
25.9304
26.4745
27.0058
27.5249
28.0325
28.5288
29.0142
29.4891
29.9538
30.4083
30.8529
31.2878
31.7129
32.1283
32.5338
32.9296
33.3153
33.6907
34.0555
34.4094
34.7516
35.0816
35.3985
35.7013
35.9889
36.2598
36.5123
36.7445
36.9542
37.1386
37.2949
37.4197
37.5093
37.5593
37.565
37.5213
37.4222
37.2612
37.0311
36.7242
36.332
35.846
35.2576
34.5597
33.7473
32.8196
31.7815
30.6474
29.4467
28.2306
27.07
26.0352
25.1702
24.4862
23.971
23.602
23.3545
23.2051
23.1337
23.1241
23.1627
23.2391
23.3447
23.4725
23.6171
23.7737
23.9383
24.1075
24.2783
24.448
21.905
22.5342
23.1473
23.7453
24.3289
24.8989
25.4559
26.0004
26.5331
27.0542
27.5644
28.0639
28.553
29.0319
29.501
29.9604
30.4101
30.8503
31.2811
31.7024
32.1141
32.5161
32.9083
33.2903
33.6618
34.0223
34.3711
34.7076
35.0307
35.3394
35.6323
35.9078
36.164
36.3987
36.6094
36.7933
36.9471
37.0671
37.1492
37.1889
37.1811
37.1203
37.0002
36.8139
36.5542
36.2127
35.7809
35.2503
34.6126
33.8617
32.9947
32.0139
30.9282
29.7556
28.5257
27.2833
26.0887
25.0078
24.0925
23.3664
22.8256
22.4497
22.2118
22.0851
22.0456
22.0736
22.1531
22.2715
22.4192
22.5885
22.7736
22.9697
23.1727
23.3793
23.5869
23.7927
21.4026
22.0269
22.6371
23.2339
23.8176
24.3887
24.9478
25.4952
26.0314
26.5566
27.0713
27.5757
28.0701
28.5548
29.0299
29.4956
29.9519
30.399
30.8368
31.2654
31.6847
32.0944
32.4945
32.8845
33.2641
33.6327
33.9895
34.3338
34.6646
34.9804
35.2798
35.561
35.8218
36.0598
36.2724
36.4562
36.6077
36.7231
36.7979
36.8274
36.8063
36.7286
36.5882
36.378
36.0906
35.7179
35.2517
34.6839
34.0078
33.2193
32.3186
31.3122
30.2131
29.0415
27.8238
26.5949
25.3998
24.2926
23.3253
22.533
21.9271
21.4987
21.2264
21.0837
21.0442
21.0846
21.1853
21.3308
21.5091
21.7109
21.9292
22.1586
22.3948
22.6344
22.8746
23.1128
20.855
21.4772
22.0871
22.6851
23.2712
23.8457
24.409
24.9612
25.5027
26.0338
26.5548
27.0658
27.5672
28.0591
28.5417
29.0151
29.4796
29.9349
30.3813
30.8188
31.2471
31.6661
32.0756
32.4751
32.8644
33.2426
33.609
33.9627
34.3024
34.6268
34.9339
35.2219
35.4884
35.7306
35.9455
36.1298
36.2795
36.3905
36.4582
36.4776
36.4434
36.3496
36.19
35.9577
35.6456
35.2463
34.7522
34.157
33.4558
32.6476
31.7361
30.7312
29.6482
28.5064
27.3278
26.1386
24.9715
23.867
22.8678
22.011
21.3202
20.803
20.4516
20.2476
20.1671
20.1854
20.2799
20.4313
20.624
20.8461
21.0882
21.3437
21.6073
21.875
22.1435
22.4103
20.2696
20.8912
21.5024
22.1032
22.6933
23.2728
23.8419
24.4006
24.9491
25.4877
26.0165
26.5357
27.0455
27.5461
28.0377
28.5204
28.9944
29.4596
29.9161
30.3639
30.8028
31.2327
31.6533
32.0641
32.4647
32.8543
33.232
33.5967
33.947
34.2813
34.5976
34.8937
35.1668
35.414
35.632
35.8171
35.9652
36.0721
36.1329
36.1425
36.0958
35.9868
35.8095
35.5576
35.2246
34.8039
34.2898
33.6775
32.9652
32.1548
31.2527
30.2707
29.2239
28.1293
27.0052
25.872
24.7537
23.6784
22.677
21.78
21.0139
20.3969
19.937
19.6306
19.4643
19.4182
19.4699
19.5974
19.7815
20.0063
20.2593
20.531
20.8145
21.1043
21.3964
21.6878
19.6543
20.2751
20.888
21.4922
22.0873
22.6729
23.249
23.8154
24.3722
24.9196
25.4575
25.9863
26.5061
27.0169
27.519
28.0125
28.4976
28.9742
29.4425
29.9023
30.3536
30.7961
31.2296
31.6536
32.0674
32.4702
32.8611
33.2386
33.6012
33.9471
34.274
34.5793
34.8601
35.1132
35.3349
35.5213
35.6682
35.771
35.8251
35.8255
35.7669
35.6439
35.4509
35.1824
34.8326
34.3967
33.8704
33.2516
32.5409
31.7426
30.865
29.9199
28.921
27.8832
26.8221
25.7538
24.6959
23.6678
22.6903
21.7851
20.9735
20.2752
19.7063
19.2772
18.9899
18.8369
18.8028
18.8678
19.011
19.2131
19.4576
19.7313
20.0239
20.3278
20.6375
20.9486
19.0186
19.636
20.2493
20.8566
21.4567
22.0489
22.6326
23.2076
23.7737
24.331
24.8794
25.4191
25.9501
26.4726
26.9868
27.4927
27.9904
28.4802
28.9619
29.4357
29.9012
30.3584
30.8068
31.2459
31.675
32.0932
32.4993
32.8916
33.2685
33.6276
33.9666
34.2825
34.5721
34.8317
35.0577
35.2457
35.3916
35.4908
35.5386
35.5301
35.4607
35.3252
35.1189
34.8371
34.4753
34.0302
33.4996
32.8836
32.185
31.4096
30.5662
29.6659
28.7211
27.7448
26.75
25.7497
24.7572
23.7858
22.8491
21.9614
21.137
20.3912
19.74
19.199
18.7812
18.4937
18.335
18.295
18.3571
18.5017
18.7096
18.9634
19.2489
19.5551
19.8734
20.1977
18.3757
18.9836
19.5936
20.2018
20.8058
21.404
21.9954
22.5794
23.1555
23.7236
24.2835
24.8352
25.3788
25.9144
26.442
26.9619
27.4741
27.9788
28.476
28.9656
29.4475
29.9215
30.3871
30.8438
31.2906
31.7265
32.15
32.5593
32.9524
33.3267
33.6793
34.0071
34.3064
34.5735
34.8042
34.9943
35.1394
35.2351
35.277
35.2606
35.1815
35.0355
34.8186
34.5271
34.1582
33.71
33.1823
32.577
31.8984
31.1531
30.3497
29.4984
28.6102
27.6963
26.7678
25.8351
24.9082
23.9966
23.1091
22.2546
21.4418
20.6809
19.9834
19.3632
18.8356
18.4154
18.1141
17.9359
17.8761
17.9219
18.0558
18.2587
18.5128
18.8027
19.116
19.4434
17.7457
18.3324
18.9311
19.5352
20.14
20.7426
21.3408
21.9335
22.5197
23.099
23.6712
24.236
24.7933
25.3434
25.8861
26.4216
26.9502
27.4717
27.9864
28.4942
28.9948
29.4881
29.9735
30.4502
30.9174
31.3735
31.817
32.2457
32.6571
33.0484
33.4164
33.7573
34.0674
34.3425
34.5784
34.7709
34.9156
35.0083
35.0449
35.0215
34.9343
34.7799
34.5554
34.2582
33.8869
33.4412
32.9226
32.3343
31.6812
30.9703
30.2098
29.4089
28.5774
27.7247
26.8602
25.9922
25.1285
24.2756
23.4396
22.6258
21.8392
21.0859
20.3729
19.7099
19.109
18.5849
18.1537
17.8299
17.6224
17.5321
17.5508
17.6635
17.852
18.0981
18.3853
18.7001
17.1602
17.7053
18.2783
18.8684
19.4676
20.0705
20.6732
21.2732
21.869
22.4596
23.0444
23.623
24.1951
24.7609
25.3202
25.8732
26.4199
26.9605
27.495
28.0234
28.5454
29.0608
29.5688
30.0686
30.559
31.0383
31.5045
31.9551
32.3872
32.7975
33.1824
33.5377
33.8595
34.1433
34.3849
34.58
34.7246
34.8147
34.8468
34.8176
34.7241
34.5638
34.3346
34.0356
33.6664
33.2282
32.7236
32.1564
31.5323
30.8581
30.1414
29.3905
28.6139
27.8197
27.0156
26.2083
25.4035
24.6063
23.8205
23.0494
22.296
21.5633
20.8554
20.1779
19.5389
18.9491
18.4226
17.9755
17.624
17.3811
17.2526
17.2353
17.3177
17.4833
17.7137
17.9916
16.6648
17.1377
17.6614
18.2203
18.802
19.3972
19.9992
20.6035
21.2072
21.8083
22.4056
22.9983
23.5861
24.1687
24.746
25.3182
25.8852
26.4471
27.004
27.5558
28.1022
28.6427
29.1766
29.7027
30.2197
30.7253
31.2172
31.6924
32.1476
32.5789
32.9822
33.3533
33.6875
33.9806
34.2281
34.4262
34.571
34.6592
34.6877
34.654
34.556
34.3921
34.1614
33.864
33.5007
33.0737
32.5864
32.0432
31.4498
30.8128
30.1394
29.4368
28.7124
27.973
27.2248
26.4733
25.7228
24.9768
24.2381
23.5087
22.7903
22.0845
21.3934
20.7197
20.0682
19.4458
18.862
18.3295
17.8643
17.483
17.2013
17.0295
16.9693
17.0136
17.1482
17.3555
16.3176
16.6797
17.1203
17.6211
18.165
18.7382
19.3298
19.9322
20.5399
21.1492
21.758
22.3646
22.9684
23.5687
24.1655
24.7585
25.348
25.9338
26.5159
27.0941
27.6682
28.2374
28.8008
29.357
29.904
30.4393
30.9602
31.4629
31.9435
32.3978
32.8211
33.2088
33.5562
33.8589
34.1128
34.3141
34.4595
34.5463
34.5722
34.5353
34.4345
34.2692
34.0396
33.7465
33.392
32.9788
32.5108
31.9929
31.4307
30.8304
30.1985
29.5415
28.8658
28.177
27.48
26.7791
26.0777
25.3783
24.6829
23.9927
23.3088
22.6318
21.9627
21.303
20.6551
20.0226
19.4115
18.8303
18.2904
17.8064
17.3952
17.0737
16.8556
16.7476
16.7471
16.8435
16.1757
16.3911
16.7092
17.1153
17.5912
18.119
18.6834
19.2721
19.876
20.4889
21.1064
21.7257
22.3452
22.9638
23.5811
24.1968
24.8108
25.423
26.0333
26.6415
27.247
27.8488
28.4458
29.036
29.617
30.1859
30.7389
31.272
31.7805
32.2596
32.7042
33.1094
33.4705
33.7831
34.0433
34.2479
34.3942
34.48
34.5039
34.465
34.3629
34.198
33.9713
33.6846
33.3405
32.9426
32.4949
32.0025
31.4709
30.9058
30.3132
29.6987
29.0676
28.4247
27.774
27.1187
26.4614
25.804
25.1479
24.4938
23.8423
23.1938
22.5488
21.9077
21.2718
20.643
20.0245
19.4213
18.8406
18.2927
17.7907
17.3507
16.9901
16.7248
16.5657
16.5152
16.2701
16.3234
16.4878
16.7604
17.1298
17.5788
18.0893
18.6446
19.231
19.8381
20.4585
21.0872
21.7208
22.3575
22.9961
23.6359
24.2766
24.918
25.5599
26.2017
26.8426
27.4815
28.1164
28.745
29.3644
29.9705
30.5592
31.1255
31.6641
32.1696
32.6366
33.0598
33.4346
33.757
34.0234
34.2311
34.3781
34.4632
34.4855
34.4452
34.3427
34.1792
33.9566
33.6774
33.3448
32.9626
32.5354
32.068
31.5656
31.0338
30.4776
29.902
29.3116
28.71
28.1007
27.4861
26.8682
26.2483
25.6275
25.0063
24.3849
23.7635
23.1424
22.5217
21.9019
21.284
20.6695
20.0613
19.4635
18.8822
18.3263
17.8076
17.3407
16.9428
16.631
16.4194
16.5884
16.4941
16.4989
16.6137
16.8404
17.1713
17.5918
18.0838
18.6299
19.2149
19.8272
20.4583
21.1022
21.7552
22.4148
23.0798
23.7493
24.4227
25.0996
25.779
26.4599
27.1404
27.8181
28.4899
29.1518
29.7993
30.427
31.0291
31.5997
32.1328
32.6226
33.064
33.4523
33.7838
34.0556
34.2657
34.413
34.4968
34.5175
34.4758
34.3732
34.2117
33.9938
33.7225
33.4017
33.0352
32.6279
32.1844
31.7097
31.2086
30.6858
30.1456
29.5916
29.027
28.4544
27.8759
27.2929
26.7065
26.1173
25.5257
24.9319
24.3359
23.7377
23.1375
22.5353
21.9316
21.3273
20.7236
20.1229
19.5287
18.9461
18.3826
17.8485
17.3571
16.9244
16.568
17.0838
16.8776
16.746
16.707
16.7748
16.9562
17.248
17.6387
18.1115
18.6486
19.234
19.8545
20.5004
21.165
21.8438
22.534
23.2337
23.9418
24.6572
25.3785
26.104
26.8311
27.5566
28.2765
28.9855
29.6781
30.3478
30.9881
31.5921
32.1535
32.6661
33.1249
33.5256
33.8649
34.1408
34.3521
34.4983
34.5801
34.5984
34.5551
34.4523
34.2928
34.0796
33.8163
33.507
33.1559
32.7675
32.3465
31.8974
31.4245
30.9321
30.4235
29.902
29.3702
28.8302
28.2836
27.7314
27.1747
26.6137
26.0487
25.48
24.9073
24.3307
23.7502
23.1658
22.5776
21.9862
21.392
20.7964
20.2011
19.6091
19.0246
18.4541
17.9061
17.3924
16.9279
17.6989
17.4209
17.1916
17.029
16.9521
16.9773
17.1156
17.3689
17.7296
18.1833
18.7127
19.3008
19.9337
20.6003
21.2929
22.0062
22.7364
23.4813
24.2386
25.0061
25.7811
26.5601
27.3386
28.1112
28.8716
29.6127
30.3272
31.0072
31.6454
32.2347
32.7692
33.2439
33.655
34.0001
34.278
34.4883
34.6319
34.7102
34.7253
34.6797
34.5763
34.4184
34.2098
33.9542
33.656
33.3195
32.9489
32.5488
32.1232
31.676
31.2107
30.7304
30.2378
29.7349
29.2235
28.7049
28.18
27.6494
27.1135
26.5725
26.0263
25.475
24.9185
24.3566
23.7895
23.217
22.6394
22.0571
21.4705
20.8806
20.289
19.6981
19.1113
18.5338
17.9732
17.4395
18.3833
18.0674
17.7794
17.5336
17.3472
17.2391
17.2276
17.327
17.5442
17.8763
18.3123
18.8364
19.4316
20.0829
20.7782
21.5085
22.2671
23.0493
23.8513
24.669
25.4984
26.3343
27.1707
28.0007
28.8162
29.6089
30.3698
31.0904
31.7623
32.3784
32.9327
33.4206
33.8392
34.187
34.4639
34.6709
34.8098
34.8831
34.8938
34.8451
34.7406
34.5841
34.3797
34.1315
33.8438
33.5209
33.1669
32.7859
32.3816
31.9574
31.5165
31.0612
30.594
30.1166
29.6304
29.1365
28.6355
28.128
27.6143
27.0945
26.5687
26.0368
25.4987
24.9543
24.4035
23.8462
23.2827
22.7129
22.1371
21.5558
20.9699
20.3804
19.7894
19.1998
18.6156
18.0432
19.1003
18.771
18.4553
18.1633
17.908
17.7054
17.5741
17.5333
17.6001
17.7859
18.0931
18.515
19.0384
19.6471
20.3254
21.0601
21.8403
22.6576
23.5051
24.3762
25.2642
26.1617
27.0606
27.9518
28.8255
29.6716
30.4799
31.2405
31.9446
32.5848
33.1554
33.6527
34.0747
34.4215
34.6941
34.895
35.0271
35.0939
35.0991
35.0466
34.9406
34.7852
34.5846
34.3434
34.0655
33.7552
33.4164
33.0527
32.6676
32.2639
31.8445
31.4114
30.9666
30.5115
30.0473
29.575
29.095
28.6079
28.1138
27.613
27.1054
26.591
26.0696
25.5412
25.0057
24.463
23.913
23.3557
22.7913
22.22
21.6421
21.0584
20.4696
19.8774
19.2841
18.693
19.8263
19.4996
19.1779
18.8676
18.5778
18.3203
18.1099
17.9644
17.9036
17.9466
18.1086
18.3976
18.812
19.3423
19.974
20.6911
21.4788
22.3237
23.2143
24.1396
25.089
26.0519
27.0166
27.9719
28.9057
29.8059
30.6608
31.4595
32.1925
32.8525
33.4345
33.936
34.3567
34.6983
34.9633
35.1555
35.2789
35.3377
35.3364
35.2796
35.1716
35.0169
34.82
34.5851
34.3163
34.0175
33.6924
33.3444
32.9763
32.5909
32.1905
31.7768
31.3516
30.9161
30.4712
30.0177
29.5562
29.087
28.6103
28.1262
27.6348
27.1361
26.6299
26.1161
25.5946
25.0653
24.5282
23.983
23.4299
22.8688
22.3
21.7237
21.1404
20.5508
19.956
19.3578
20.5468
20.233
19.9192
19.6097
19.3105
19.0297
18.7779
18.569
18.42
18.3505
18.3812
18.5307
18.812
19.2294
19.7782
20.4462
21.2173
22.0742
22.9995
23.9761
24.9872
26.0168
27.0493
28.0698
29.0637
30.0168
30.9158
31.7484
32.5049
33.1785
33.7656
34.2654
34.6797
35.0118
35.266
35.447
35.5599
35.6097
35.6013
35.5396
35.4294
35.2752
35.0814
34.8523
34.5918
34.3034
33.9907
33.6565
33.3036
32.9343
32.5505
32.1538
31.7457
31.3272
30.8991
30.4622
30.0168
29.5633
29.1019
28.6327
28.1557
27.6708
27.1782
26.6775
26.1688
25.6518
25.1265
24.5927
24.0503
23.4992
22.9395
22.3713
21.7947
21.2099
20.6175
20.0185
21.253
20.959
20.6622
20.3659
20.0741
19.7924
19.5281
19.2911
19.0943
18.954
18.8897
18.923
19.0753
19.3644
19.8005
20.384
21.1058
21.9491
22.8921
23.9103
24.9785
26.073
27.172
28.2562
29.3078
30.3101
31.2477
32.1075
32.8798
33.559
34.1436
34.6354
35.038
35.3566
35.5969
35.7646
35.8656
35.9054
35.8894
35.8226
35.7099
35.5559
35.3649
35.141
34.8878
34.6088
34.307
33.9851
33.6455
33.2902
32.9209
32.5391
32.1459
31.7422
31.3288
30.9063
30.475
30.0352
29.5872
29.131
28.6667
28.1942
27.7136
27.2246
26.7273
26.2213
25.7067
25.1831
24.6506
24.1088
23.5578
22.9973
22.4275
21.8483
21.2599
20.6625
21.9394
21.6702
21.3969
21.1219
20.8486
20.5809
20.3242
20.0854
19.8738
19.7016
19.5848
19.5425
19.5972
19.7726
20.0905
20.5667
21.2066
22.0033
22.937
23.978
25.0917
26.244
27.404
28.5463
29.6492
30.6931
31.6601
32.5367
33.3142
33.9893
34.5633
35.0402
35.4261
35.7275
35.9513
36.104
36.192
36.2212
36.197
36.1249
36.0095
35.8554
35.6668
35.4474
35.2008
34.93
34.6378
34.3267
33.9986
33.6555
33.2988
32.9298
32.5495
32.1587
31.758
31.3479
30.9289
30.5011
30.0648
29.62
29.1668
28.7051
28.235
27.7563
27.2689
26.7727
26.2674
25.753
25.2291
24.6956
24.1523
23.5989
23.0353
22.4613
21.8769
21.282
22.6022
22.3622
22.1172
21.8697
21.6225
21.379
21.1433
20.9207
20.7182
20.5448
20.4126
20.337
20.3374
20.437
20.661
21.0347
21.578
22.2998
23.1921
24.2282
25.3672
26.5626
27.7716
28.9607
30.1029
31.1748
32.1567
33.0355
33.8049
34.4647
35.0192
35.4748
35.8391
36.12
36.325
36.4613
36.5354
36.5534
36.521
36.4432
36.3249
36.1704
35.9837
35.7682
35.5272
35.2635
34.9797
34.6778
34.3598
34.0272
33.6814
33.3234
32.9542
32.5744
32.1847
31.7855
31.377
30.9596
30.5333
30.0984
29.6548
29.2025
28.7414
28.2716
27.7928
27.3048
26.8076
26.3009
25.7843
25.2577
24.7208
24.1733
23.6148
23.045
22.4637
21.8704
23.2384
23.0314
22.8192
22.6041
22.3891
22.1771
21.972
21.7782
21.6014
21.4487
21.3294
21.2558
21.2433
21.3116
21.4843
21.7878
22.249
22.8894
23.7172
24.7184
25.8541
27.0689
28.3074
29.5247
30.6862
31.7645
32.7399
33.6017
34.3473
34.9799
35.5061
35.934
36.2725
36.5299
36.7143
36.8329
36.8925
36.899
36.8581
36.7746
36.6532
36.4979
36.3125
36.1002
35.864
35.6063
35.3296
35.0357
34.7262
34.4026
34.0661
33.7176
33.3578
32.9875
32.6072
32.2171
31.8177
31.4092
30.9916
30.565
30.1296
29.6852
29.2318
28.7694
28.2977
27.8167
27.326
26.8254
26.3146
25.7934
25.2613
24.7179
24.1628
23.5956
23.0156
22.4223
23.845
23.6751
23.5
23.3221
23.1444
22.9702
22.8031
22.6473
22.5081
22.3915
22.3057
22.2603
22.2681
22.3451
22.511
22.7894
23.2064
23.7876
24.5514
25.4985
26.6016
27.8058
29.0451
30.2612
31.4106
32.4644
33.4062
34.2294
34.935
35.5286
36.0182
36.4129
36.7218
36.9534
37.1157
37.2159
37.2604
37.2552
37.2056
37.1162
36.9914
36.835
36.6504
36.4406
36.2083
35.9557
35.6849
35.3977
35.0955
34.7795
34.4508
34.1102
33.7585
33.3962
33.0238
32.6415
32.2497
31.8486
31.4382
31.0187
30.5901
30.1522
29.7051
29.2486
28.7826
28.3068
27.8211
27.325
26.8183
26.3006
25.7714
25.2301
24.6763
24.1092
23.5282
22.9322
24.419
24.2906
24.157
24.021
23.8859
23.755
23.6323
23.5222
23.4297
23.3608
23.3228
23.3246
23.3768
23.493
23.6894
23.9854
24.403
24.9649
25.6904
26.5872
27.6393
28.7991
29.9978
31.169
32.2654
33.2603
34.1415
34.9063
35.5578
36.1025
36.549
36.9061
37.1825
37.3866
37.5258
37.607
37.6364
37.6194
37.561
37.4656
37.3372
37.1792
36.9949
36.7868
36.5575
36.309
36.0432
35.7615
35.4653
35.1556
34.8334
34.4995
34.1545
33.7988
33.4329
33.0571
32.6716
32.2766
31.8721
31.4583
31.035
30.6023
30.16
29.708
29.2461
28.774
28.2915
27.7981
27.2935
26.7771
26.2485
25.7069
25.1516
24.5817
23.9962
23.3939
24.9568
24.8748
24.7876
24.6984
24.6109
24.529
24.4568
24.399
24.3609
24.3486
24.3691
24.431
24.5439
24.7196
24.9718
25.3161
25.7695
26.3491
27.0687
27.9328
28.9273
30.0119
31.1254
32.2069
33.2132
34.1213
34.9221
35.6145
36.2022
36.6918
37.0908
37.4076
37.65
37.8257
37.9414
38.0035
38.0177
37.9889
37.9217
37.8201
37.6878
37.5279
37.3433
37.1364
36.9094
36.6641
36.4022
36.1249
35.8336
35.529
35.2122
34.8837
34.5441
34.1938
33.8332
33.4625
33.0821
32.6918
32.2919
31.8824
31.4631
31.0341
30.5952
30.146
29.6866
29.2164
28.7352
28.2425
27.7378
27.2204
26.6896
26.1447
25.5846
25.0082
24.4141
23.8005
25.4541
25.4239
25.3884
25.3514
25.317
25.2895
25.2735
25.2741
25.2968
25.3481
25.4348
25.5652
25.7484
25.9946
26.3151
26.7222
27.2277
27.8419
28.5707
29.4108
30.3447
31.3369
32.3395
33.3058
34.2019
35.0093
35.7202
36.334
36.8539
37.2857
37.6358
37.9115
38.1196
38.2668
38.3593
38.4025
38.4017
38.3612
38.2853
38.1775
38.0411
37.879
37.6936
37.4872
37.2617
37.0188
36.7598
36.486
36.1985
35.898
35.5853
35.2611
34.9258
34.5797
34.2231
33.8564
33.4797
33.093
32.6963
32.2897
31.8731
31.4462
31.009
30.5611
30.1023
29.6321
29.1501
28.6558
28.1484
27.6272
27.0912
26.5394
25.9705
25.3829
24.7747
24.1437
25.9048
25.933
25.9552
25.9761
26.0004
26.0328
26.0785
26.1429
26.2318
26.3517
26.5095
26.7129
26.97
27.2894
27.6798
28.1496
28.7054
29.3509
30.0842
30.8954
31.7645
32.6613
33.5505
34.3994
35.1838
35.8896
36.5107
37.0464
37.4994
37.8742
38.1764
38.4119
38.5867
38.7063
38.7762
38.8012
38.7858
38.734
38.6495
38.5355
38.3949
38.2301
38.0435
37.8371
37.6124
37.371
37.1142
36.8429
36.5582
36.2608
35.9513
35.6302
35.298
34.955
34.6014
34.2374
33.8631
33.4786
33.0838
32.6788
32.2632
31.837
31.3998
30.9513
30.4912
30.0189
29.5337
29.0351
28.5221
27.9937
27.4487
26.8858
26.3031
25.6986
25.0697
24.4131
26.3014
26.3951
26.4819
26.5671
26.6559
26.7538
26.8663
26.9991
27.1582
27.3499
27.5808
27.8577
28.1873
28.5762
29.0302
29.5534
30.1475
30.8105
31.5354
32.3085
33.1104
33.9165
34.7016
35.4433
36.125
36.737
37.2746
37.7375
38.1277
38.4491
38.7061
38.9037
39.0468
39.1404
39.1889
39.1966
39.1674
39.1048
39.012
38.8919
38.7468
38.5793
38.3911
38.184
37.9596
37.719
37.4635
37.1939
36.9111
36.6158
36.3084
35.9895
35.6593
35.3182
34.9664
34.604
34.2309
33.8473
33.453
33.0479
32.6319
32.2045
31.7655
31.3144
30.8507
30.3738
29.8828
29.3768
28.8548
28.3154
27.757
27.1776
26.5751
25.9465
25.2882
24.5958
