23.6231
24.5445
25.3936
26.1829
26.922
27.6184
28.278
28.9054
29.5045
30.0782
30.629
31.1591
31.6701
32.1634
32.6402
33.1015
33.5481
33.9806
34.3996
34.8056
35.1989
35.5797
35.9483
36.3047
36.649
36.9812
37.3012
37.6088
37.9038
38.1858
38.4545
38.7095
38.9502
39.176
39.3861
39.5796
39.7556
39.9129
40.0502
40.1661
40.2589
40.3266
40.367
40.3776
40.3556
40.2979
40.2007
40.0601
39.8717
39.6306
39.332
38.9708
38.5424
38.0429
37.47
36.8234
36.1063
35.3278
34.5053
33.668
32.8539
32.1
31.4312
30.8561
30.371
29.9666
29.6312
29.3536
29.123
28.9302
28.7668
28.6251
28.4985
28.3807
28.2659
28.1485
23.8008
24.6315
25.4074
26.137
26.827
27.4829
28.1087
28.7079
29.2831
29.8369
30.3708
30.8866
31.3854
31.8684
32.3364
32.7903
33.2306
33.6577
34.0723
34.4745
34.8646
35.2427
35.609
35.9634
36.3061
36.6367
36.9553
37.2614
37.555
37.8354
38.1024
38.3552
38.5934
38.8161
39.0225
39.2115
39.3819
39.5325
39.6617
39.7677
39.8485
39.9017
39.9248
39.9145
39.8673
39.7793
39.6457
39.4613
39.2203
38.9163
38.5427
38.0929
37.5613
36.9444
36.2423
35.4605
34.6123
33.7225
32.8281
31.9739
31.1993
30.5275
29.9633
29.4994
29.1236
28.8225
28.5833
28.3949
28.2473
28.1319
28.0415
27.9693
27.9097
27.8572
27.8069
27.754
23.8158
24.5806
25.303
25.9888
26.6427
27.2686
27.8695
28.4479
29.0057
29.5448
30.0664
30.5719
31.062
31.5378
31.9998
32.4486
32.8848
33.3086
33.7203
34.1203
34.5086
34.8853
35.2504
35.6039
35.9458
36.2757
36.5936
36.899
37.1916
37.471
37.7365
37.9875
38.2233
38.443
38.6456
38.8298
38.9943
39.1375
39.2576
39.3526
39.4199
39.4568
39.4599
39.4255
39.3491
39.2256
39.0489
38.8123
38.5078
38.1267
37.6597
37.0979
36.4345
35.6674
34.8036
33.8628
32.8809
31.9077
30.9973
30.1915
29.5102
28.9529
28.5075
28.1582
27.8892
27.6863
27.5372
27.4315
27.3603
27.3161
27.2924
27.2837
27.2848
27.2913
27.2989
27.3039
23.6988
24.4163
25.1001
25.7543
26.3822
26.9866
27.5697
28.1332
28.6788
29.2076
29.7208
30.2193
30.7038
31.1749
31.6332
32.0792
32.513
32.9351
33.3457
33.7448
34.1326
34.509
34.874
35.2276
35.5696
35.8996
36.2174
36.5227
36.815
37.0937
37.3581
37.6076
37.8413
38.058
38.2566
38.4358
38.594
38.7293
38.8395
38.9222
38.9745
38.9929
38.9736
38.9117
38.8018
38.6375
38.4109
38.1129
37.7331
37.2593
36.6784
35.9775
35.1482
34.193
33.1357
32.0281
30.9421
29.9485
29.0934
28.3914
27.8343
27.4034
27.078
26.8393
26.671
26.5596
26.4937
26.4643
26.4633
26.4844
26.5219
26.5712
26.6277
26.6879
26.7481
26.805
23.4728
24.1572
24.8139
25.446
26.0559
26.6455
27.2164
27.77
28.3075
28.8299
29.3379
29.8323
30.3137
30.7825
31.2392
31.6841
32.1174
32.5393
32.9501
33.3497
33.7381
34.1153
34.4813
34.8358
35.1787
35.5096
35.8281
36.1339
36.4264
36.7049
36.9686
37.2169
37.4485
37.6624
37.8571
38.0311
38.1826
38.3093
38.4088
38.4781
38.5138
38.5119
38.4674
38.3748
38.2273
38.0166
37.733
37.3649
36.8983
36.3168
35.6024
34.7373
33.7116
32.5392
31.2789
30.0331
28.9063
27.961
27.2098
26.6343
26.2061
25.8973
25.6842
25.5474
25.4712
25.4433
25.4535
25.4937
25.5571
25.638
25.7317
25.8341
25.9415
26.0507
26.1588
26.263
23.1557
23.8176
24.4563
25.0738
25.6719
26.252
26.8155
27.3633
27.8963
28.4153
28.921
29.4138
29.8944
30.3629
30.8198
31.2653
31.6996
32.1228
32.535
32.9362
33.3265
33.7056
34.0734
34.4298
34.7744
35.1069
35.4269
35.7338
36.027
36.3058
36.5694
36.8167
37.0466
37.2577
37.4486
37.6173
37.7617
37.8794
37.9673
38.0222
38.0399
38.0156
37.9436
37.817
37.6277
37.3656
37.0188
36.5728
36.0101
35.3105
34.4518
33.414
32.1922
30.8227
29.4065
28.0855
26.9695
26.0945
25.4429
24.9768
24.6575
24.4525
24.3357
24.2874
24.2924
24.3387
24.4172
24.5204
24.6422
24.7778
24.923
25.0742
25.2283
25.3826
25.5347
25.682
22.761
23.4088
24.0363
24.6452
25.2366
25.8119
26.3717
26.9171
27.4487
27.9671
28.4728
28.9663
29.4479
29.918
30.3768
30.8245
31.2611
31.687
32.1019
32.5059
32.899
33.281
33.6516
34.0107
34.3579
34.6928
35.0149
35.3236
35.6182
35.8979
36.1617
36.4085
36.637
36.8457
37.0327
37.1961
37.3333
37.4415
37.5172
37.5567
37.555
37.5066
37.4046
37.2412
37.0064
36.6886
36.2736
35.7444
35.0813
34.2624
33.2673
32.085
30.7308
29.2661
27.8024
26.4695
25.3615
24.5099
23.8975
23.4848
23.2292
23.0931
23.047
23.068
23.1395
23.2488
23.3866
23.5455
23.7197
23.9048
24.0969
24.2929
24.49
24.6858
24.8783
25.0654
22.2994
22.9395
23.5614
24.1664
24.7554
25.3294
25.8889
26.4348
26.9675
27.4876
27.9956
28.4917
28.9762
29.4495
29.9117
30.363
30.8034
31.233
31.6519
32.0598
32.4568
32.8426
33.217
33.5798
33.9304
34.2685
34.5935
34.9047
35.2013
35.4825
35.7471
35.994
36.2215
36.428
36.6114
36.7695
36.8994
36.9978
37.0609
37.084
37.0618
36.9877
36.8538
36.6509
36.3678
35.9911
35.5049
34.8913
34.1309
33.2061
32.1088
30.851
29.4734
28.0439
26.6438
25.3537
24.2407
23.3481
22.6884
22.2446
21.9816
21.8598
21.844
21.9054
22.0227
22.1798
22.3656
22.5715
22.7914
23.0204
23.2548
23.4916
23.728
23.9621
24.1919
24.4156
21.7794
22.4167
23.0374
23.6424
24.2324
24.8081
25.3701
25.919
26.4552
26.9791
27.4912
27.9917
28.4808
28.9588
29.4259
29.8821
30.3276
30.7622
31.1861
31.5991
32.001
32.3917
32.7709
33.1381
33.4931
33.8352
34.1639
34.4784
34.7779
35.0613
35.3274
35.5748
35.8019
36.0067
36.1869
36.34
36.4626
36.5511
36.6011
36.6074
36.5636
36.4625
36.2951
36.051
35.7176
35.2806
34.7238
34.0306
33.1871
32.189
31.0493
29.8024
28.4967
27.1826
25.9046
24.7012
23.6098
22.6685
21.9113
21.3573
21.0017
20.819
20.7737
20.8311
20.9622
21.1448
21.3626
21.604
21.8609
22.1272
22.3987
22.6719
22.9441
23.2132
23.4773
23.7349
21.2081
21.8463
22.4691
23.0772
23.6709
24.251
24.8179
25.3719
25.9136
26.4432
26.9612
27.4677
27.963
28.4472
28.9205
29.3829
29.8347
30.2756
30.7056
31.1248
31.5327
31.9293
32.3142
32.687
33.0473
33.3944
33.7277
34.0464
34.3496
34.636
34.9044
35.1531
35.3804
35.5841
35.7616
35.91
36.0257
36.1044
36.1413
36.1303
36.0645
35.9355
35.7336
35.4473
35.0634
34.5676
33.9459
33.1875
32.2912
31.2713
30.1583
28.991
27.8054
26.6293
25.4835
24.3853
23.3523
22.4061
21.5751
20.8926
20.3858
20.0636
19.9121
19.9012
19.9971
20.1695
20.3944
20.6539
20.9354
21.2301
21.5319
21.8364
22.1402
22.4408
22.7364
23.0251
20.5914
21.2331
21.8605
22.474
23.0739
23.6605
24.2342
24.7954
25.3443
25.8814
26.4068
26.9209
27.4238
27.9155
28.3964
28.8665
29.3257
29.7741
30.2115
30.6379
31.053
31.4565
31.8482
32.2276
32.5942
32.9474
33.2864
33.6103
33.918
34.2084
34.48
34.731
34.9595
35.1629
35.3385
35.4829
35.5921
35.6614
35.6853
35.6572
35.5692
35.4122
35.1757
34.8479
34.4159
33.8678
33.1954
32.3998
31.4959
30.5108
29.4767
28.4211
27.3638
26.3184
25.2941
24.2989
23.3408
22.4302
21.5824
20.8205
20.176
19.6813
19.3571
19.2021
19.1944
19.3021
19.4936
19.7426
20.0289
20.3383
20.6607
20.9893
21.3195
21.6475
21.9711
22.2881
19.9355
20.5819
21.2155
21.8361
22.4437
23.0386
23.6208
24.1908
24.7487
25.2947
25.8291
26.3522
26.8641
27.3649
27.8547
28.3336
28.8016
29.2586
29.7046
30.1394
30.5628
30.9745
31.3742
31.7613
32.1354
32.4957
32.8415
33.1717
33.4853
33.7808
34.0568
34.3112
34.5418
34.746
34.9207
35.0621
35.1658
35.2265
35.2381
35.1934
35.0838
34.8996
34.6301
34.2638
33.7906
33.2043
32.5074
31.7145
30.8498
29.94
29.0068
28.0655
27.1257
26.194
25.2749
24.3721
23.4894
22.6319
21.8068
21.0259
20.3081
19.6813
19.1793
18.8313
18.6489
18.6204
18.7183
18.9106
19.1686
19.4696
19.7968
20.1387
20.4873
20.8371
21.1843
21.5262
19.2471
19.8977
20.5377
21.1662
21.7828
22.3872
22.9794
23.5596
24.1278
24.6842
25.2291
25.7626
26.2849
26.7959
27.296
27.785
28.263
28.73
29.1859
29.6304
30.0634
30.4845
30.8934
31.2895
31.6723
32.0411
32.395
32.7329
33.0536
33.3556
33.6372
33.8964
34.1307
34.3372
34.5123
34.6521
34.7515
34.805
34.8056
34.7456
34.616
34.4068
34.1081
33.7108
33.2103
32.6099
31.9234
31.172
30.3776
29.558
28.7252
27.887
27.0485
26.213
25.3828
24.5601
23.7467
22.9453
22.1592
21.3944
20.66
19.9712
19.3517
18.8334
18.4502
18.2245
18.1568
18.2269
18.4041
18.6579
18.9628
19.2993
19.6535
20.0162
20.3807
20.7428
18.5356
19.1871
19.832
20.468
21.0937
21.7083
22.3114
22.9029
23.4827
24.0508
24.6075
25.1527
25.6866
26.2094
26.721
27.2216
27.711
28.1893
28.6563
29.1119
29.5558
29.9877
30.4072
30.8138
31.2068
31.5855
31.9489
32.296
32.6254
32.9356
33.2246
33.4903
33.73
33.9404
34.1179
34.2579
34.3551
34.4032
34.3949
34.322
34.1754
33.9459
33.6256
33.2108
32.7051
32.1209
31.4764
30.7898
30.0754
29.3434
28.6004
27.8506
27.0972
26.3421
25.5868
24.8326
24.0806
23.3324
22.5895
21.8551
21.1335
20.4323
19.7634
19.1461
18.6089
18.1862
17.9083
17.788
17.8151
17.9629
18.2004
18.4991
18.8369
19.1972
19.5687
19.9436
17.8166
18.4604
19.1053
19.7462
20.3798
21.0044
21.6187
22.2222
22.8144
23.3954
23.965
24.5233
25.0702
25.606
26.1306
26.644
27.1462
27.6372
28.1169
28.585
29.0414
29.4856
29.9173
30.3358
30.7407
31.131
31.5057
31.8638
32.2038
32.524
32.8225
33.0967
33.344
33.5607
33.7429
33.8857
33.9832
34.0289
34.0149
33.9329
33.7745
33.5325
33.2036
32.7912
32.3059
31.763
31.1774
30.5613
29.923
29.2687
28.6023
27.9269
27.2443
26.5564
25.864
25.1683
24.4699
23.7698
23.069
22.3692
21.6725
20.9828
20.3058
19.6512
19.0343
18.479
18.0176
17.6845
17.5029
17.4744
17.5798
17.7891
18.0721
18.4033
18.7635
19.139
17.119
17.7359
18.3695
19.0086
19.6465
20.279
20.9038
21.5192
22.1244
22.719
23.3025
23.875
24.4363
24.9864
25.5253
26.0531
26.5696
27.0749
27.5687
28.051
28.5214
28.9797
29.4253
29.8577
30.2762
30.6801
31.0682
31.4394
31.7921
32.1247
32.435
32.7204
32.9779
33.2039
33.3938
33.5427
33.6442
33.6913
33.6762
33.591
33.4288
33.1864
32.8663
32.4772
32.0315
31.5416
31.0177
30.4671
29.8957
29.3074
28.7054
28.0918
27.4685
26.8366
26.1973
25.5514
24.8995
24.2423
23.5806
22.9151
22.2472
21.5789
20.913
20.2542
19.6102
18.9932
18.4223
17.9261
17.5391
17.2922
17.199
17.2502
17.4199
17.6772
17.994
18.3478
16.4999
17.0493
17.6468
18.2694
18.9027
19.5383
20.1707
20.7968
21.4147
22.023
22.6212
23.2088
23.7855
24.3513
24.906
25.4496
25.982
26.5032
27.013
27.5112
27.9975
28.4717
28.9333
29.3816
29.816
30.2357
30.6396
31.0263
31.3945
31.7422
32.0672
32.3669
32.638
32.8767
33.0782
33.2373
33.3474
33.4013
33.3914
33.311
33.1562
32.9282
32.6333
32.2815
31.8829
31.4462
30.9784
30.485
29.9702
29.4372
28.8887
28.3267
27.7528
27.1681
26.5737
25.9704
25.3588
24.7394
24.113
23.4799
22.841
22.1974
21.5506
20.903
20.2583
19.6226
19.0053
18.4219
17.8961
17.4599
17.148
16.9842
16.9712
17.0902
17.3118
17.6059
16.0626
16.4706
16.9814
17.556
18.1659
18.7932
19.4267
20.0598
20.6884
21.3098
21.9227
22.526
23.1191
23.7017
24.2736
24.8346
25.3846
25.9235
26.4511
26.9672
27.4716
27.9639
28.4436
28.9103
29.3632
29.8013
30.2237
30.629
31.0157
31.3819
31.7252
32.0428
32.3315
32.5871
32.805
32.9794
33.1038
33.1711
33.1743
33.1087
32.9731
32.7717
32.5115
32.201
31.8479
31.4589
31.0394
30.5941
30.1265
29.6395
29.1355
28.6165
28.0839
27.539
26.9828
26.4161
25.8395
25.2535
24.6586
24.0553
23.4441
22.8256
22.2006
21.5705
20.9371
20.3035
19.6743
19.0571
18.4639
17.9139
17.4351
17.062
16.8259
16.7411
16.7991
16.9747
15.9377
16.118
16.4588
16.9236
17.4703
18.0651
18.6853
19.3169
19.9513
20.5833
21.2097
21.8286
22.4386
23.039
23.6293
24.2093
24.7786
25.3371
25.8846
26.4208
26.9456
27.4585
27.9592
28.447
28.9212
29.381
29.8253
30.2527
30.6617
31.0502
31.4159
31.756
32.067
32.3447
32.5843
32.78
32.9252
33.0132
33.038
32.9961
32.8882
32.7189
32.4947
32.2227
31.9096
31.5611
31.1821
30.7766
30.3481
29.8992
29.4323
28.9493
28.4515
27.9404
27.4168
26.8816
26.3354
25.7787
25.2121
24.6358
24.0502
23.4558
22.8531
22.2427
21.6256
21.0035
20.3786
19.7547
19.1378
18.5371
17.9679
17.4535
17.0257
16.7191
16.5581
16.5461
16.183
16.1115
16.2074
16.474
16.8845
17.3971
17.9732
18.5848
19.2141
19.8504
20.487
21.1198
21.7464
22.3651
22.9749
23.5752
24.1656
24.7458
25.3155
25.8743
26.4222
26.9587
27.4833
27.9955
28.4947
28.9799
29.45
29.9037
30.3394
30.755
31.1483
31.5161
31.8549
32.1606
32.4279
32.6512
32.8237
32.939
32.9913
32.978
32.9
32.7619
32.57
32.3311
32.0514
31.7363
31.3905
31.0178
30.6215
30.2043
29.7684
29.3155
28.8473
28.3649
27.8693
27.3613
26.8416
26.3108
25.7692
25.2172
24.6551
24.0833
23.5019
22.9116
22.3126
21.706
21.0928
20.475
19.8554
19.2388
18.6324
18.0483
17.5049
17.0299
16.6577
16.4197
16.723
16.4654
16.3238
16.3377
16.5253
16.8733
17.3445
17.8972
18.498
19.1246
19.7633
20.4058
21.0467
21.6831
22.3128
22.9347
23.5479
24.1518
24.7461
25.3305
25.9045
26.4678
27.0201
27.5607
28.0889
28.6039
29.1047
29.5898
30.0576
30.5062
30.9329
31.3347
31.7078
32.0479
32.3494
32.6061
32.8109
32.9569
33.0381
33.052
33.0005
32.8887
32.7233
32.5111
32.2584
31.9704
31.6516
31.3058
30.9361
30.5452
30.1351
29.7077
29.2645
28.8066
28.3351
27.8508
27.3543
26.8462
26.3269
25.7967
25.256
24.7049
24.1437
23.5726
22.9919
22.402
21.8036
21.1975
20.5853
19.9693
19.353
18.7422
18.1461
17.5795
17.0652
16.6346
17.4275
17.0732
16.7767
16.5761
16.5141
16.6213
16.8997
17.3216
17.8453
18.4324
19.0555
19.6973
20.347
20.9983
21.6472
22.291
22.9284
23.5582
24.1797
24.7926
25.3963
25.9904
26.5745
27.1481
27.7105
28.2608
28.798
29.3207
29.8272
30.3155
30.7828
31.2259
31.6406
32.0219
32.3634
32.6577
32.8963
33.071
33.1762
33.211
33.1791
33.0868
32.9415
32.75
32.5184
32.2519
31.9548
31.6309
31.283
30.9139
30.5255
30.1196
29.6976
29.2608
28.8101
28.3464
27.8702
27.3822
26.8827
26.3721
25.8506
25.3184
24.7758
24.2229
23.6597
23.0866
22.5039
21.9119
21.3114
20.7037
20.0903
19.4741
18.8597
18.2541
17.6688
17.1222
18.2021
17.8104
17.4413
17.1165
16.8689
16.7403
16.7697
16.9741
17.3391
17.8272
18.397
19.0155
19.6611
20.3202
20.9846
21.6495
22.3115
22.9689
23.6204
24.2651
24.9025
25.5319
26.153
26.7652
27.3678
27.9599
28.5406
29.1084
29.6616
30.1979
30.7142
31.2067
31.6705
32.0991
32.4842
32.8156
33.0828
33.2777
33.3973
33.444
33.4238
33.3443
33.2129
33.0365
32.8209
32.5711
32.2913
31.985
31.6551
31.304
30.9338
30.5461
30.1423
29.7236
29.2909
28.8451
28.3868
27.9165
27.4346
26.9414
26.4373
25.9224
25.3968
24.8606
24.314
23.757
23.1898
22.6125
22.0255
21.4292
20.8247
20.2132
19.5968
18.979
18.3654
17.7649
18.9968
18.5987
18.2056
17.8287
17.4853
17.2027
17.0193
16.9775
17.107
17.4089
17.8547
18.4029
19.0156
19.666
20.3371
21.0186
21.7042
22.39
23.0737
23.7538
24.4293
25.0993
25.7634
26.4209
27.0712
27.7133
28.346
28.9681
29.5774
30.1711
30.7458
31.2962
31.8154
32.2938
32.7194
33.0791
33.3624
33.5647
33.6879
33.7379
33.7225
33.6498
33.5272
33.3611
33.1572
32.9202
32.6539
32.3618
32.0465
31.7104
31.3554
30.983
30.5948
30.1916
29.7746
29.3445
28.9018
28.4471
27.9809
27.5033
27.0148
26.5154
26.0053
25.4845
24.9532
24.4113
23.8589
23.296
22.7227
22.1392
21.5459
20.9434
20.3328
19.7156
19.0945
18.4736
19.7869
19.3981
19.006
18.6164
18.2379
17.8846
17.5788
17.3534
17.2507
17.3091
17.5447
17.9422
18.4644
19.07
19.7268
20.4136
21.1175
21.8304
22.5478
23.2665
23.9849
24.7017
25.416
26.1269
26.8339
27.5357
28.2311
28.9183
29.5947
30.2567
30.8988
31.5134
32.089
32.6112
33.0639
33.4347
33.7179
33.9153
34.0331
34.0798
34.0639
33.9934
33.8753
33.7158
33.52
33.2924
33.0366
32.7557
32.4523
32.1285
31.7863
31.4269
31.0519
30.6622
30.2588
29.8423
29.4134
28.9726
28.5202
28.0566
27.582
27.0966
26.6005
26.0937
25.5763
25.0483
24.5096
23.9603
23.4003
22.8296
22.2483
21.6567
21.055
20.4441
19.8252
19.2001
20.5601
20.1892
19.811
19.4286
19.0468
18.6728
18.3178
17.9996
17.746
17.5957
17.5911
17.7616
18.1072
18.5994
19.197
19.8629
20.5709
21.3048
22.0546
22.8143
23.5805
24.3508
25.1237
25.8981
26.6727
27.4463
28.2169
28.982
29.7376
30.4779
31.1936
31.8713
32.4932
33.0403
33.4982
33.8607
34.1301
34.3135
34.4199
34.4585
34.4381
34.3662
34.2494
34.0934
33.903
33.6821
33.4342
33.1622
32.8683
32.5547
32.2231
31.8749
31.5112
31.1331
30.7414
30.3369
29.92
29.4914
29.0513
28.6
28.1379
27.665
27.1814
26.6873
26.1825
25.6672
25.1411
24.6043
24.0567
23.4981
22.9286
22.348
21.7565
21.1542
20.5417
19.9197
21.3098
20.9619
20.6048
20.2405
19.8717
19.5026
19.139
18.79
18.4701
18.2021
18.0196
17.9651
18.077
18.3709
18.8315
19.4217
20.1011
20.8384
21.6134
22.4135
23.2315
24.0627
24.9041
25.7538
26.6095
27.4692
28.3296
29.1863
30.0322
30.8562
31.6418
32.3674
33.0106
33.5555
33.9961
34.3356
34.5822
34.7459
34.8369
34.8645
34.8368
34.7609
34.643
34.4882
34.3008
34.0846
33.8425
33.5773
33.2912
32.9859
32.6632
32.3242
31.9702
31.602
31.2206
30.8264
30.4202
30.0023
29.573
29.1327
28.6816
28.2198
27.7475
27.2645
26.7711
26.2671
25.7524
25.227
24.6906
24.1432
23.5845
23.0144
22.4329
21.8398
21.2351
20.6192
22.032
21.7107
21.3793
21.0393
20.6927
20.342
19.9908
19.6439
19.3092
18.9984
18.7299
18.5324
18.4452
18.5113
18.76
19.1915
19.7777
20.4784
21.2575
22.0901
22.9606
23.8594
24.7805
25.7195
26.6724
27.6347
28.6005
29.5608
30.5014
31.4017
32.2355
32.9771
33.6093
34.127
34.5347
34.8423
35.061
35.202
35.2752
35.2897
35.2529
35.1713
35.0505
34.8951
34.709
34.4957
34.2578
33.9979
33.7178
33.4193
33.1039
32.7728
32.427
32.0674
31.6947
31.3097
30.9126
30.5041
30.0843
29.6537
29.2123
28.7603
28.2979
27.8249
27.3415
26.8474
26.3428
25.8273
25.3009
24.7634
24.2144
23.6538
23.0814
22.4969
21.9
21.2907
22.7241
22.4322
22.1299
21.8185
21.4998
21.1754
20.848
20.5207
20.198
19.8865
19.5962
19.3423
19.1486
19.0501
19.0902
19.3082
19.7204
20.3122
21.0477
21.8881
22.8033
23.7733
24.7851
25.8293
26.8973
27.9797
29.0636
30.1302
31.1531
32.1004
32.9428
33.6625
34.2561
34.7302
35.0965
35.3678
35.5563
35.673
35.7274
35.7276
35.6805
35.592
35.467
35.3098
35.1237
34.912
34.677
34.4209
34.1456
33.8526
33.5433
33.2187
32.8798
32.5276
32.1625
31.7852
31.3961
30.9957
30.5843
30.162
29.7291
29.2857
28.8318
28.3675
27.8927
27.4074
26.9114
26.4046
25.8867
25.3576
24.817
24.2644
23.6997
23.1224
22.5323
21.9288
23.3841
23.1241
22.8538
22.5743
22.2874
21.9947
21.6982
21.4004
21.1046
20.8149
20.5375
20.2809
20.0584
19.89
19.806
19.8479
20.0603
20.4744
21.0918
21.8862
22.8187
23.8536
24.9639
26.1289
27.3295
28.5446
29.7467
30.9004
31.9665
32.9119
33.7192
34.3873
34.9255
35.348
35.6692
35.9027
36.0603
36.1523
36.1874
36.1728
36.1149
36.0187
35.8887
35.7286
35.5417
35.3304
35.0972
34.8439
34.5723
34.2836
33.9793
33.6601
33.3272
32.981
32.6224
32.2518
31.8696
31.4762
31.0719
30.6568
30.2312
29.7951
29.3486
28.8917
28.4243
27.9462
27.4575
26.9578
26.4469
25.9247
25.3906
24.8445
24.2857
23.7139
23.1286
22.5291
24.01
23.7845
23.5487
23.3042
23.0525
22.7954
22.535
22.2734
22.0135
21.7586
21.5132
21.2832
21.0769
20.9062
20.7889
20.7516
20.8325
21.0787
21.5325
22.2131
23.1077
24.1797
25.3846
26.6793
28.0209
29.3629
30.6537
31.8426
32.8921
33.7857
34.5257
35.125
35.6004
35.9683
36.2438
36.4396
36.5667
36.6344
36.6503
36.621
36.5519
36.4477
36.3121
36.1486
35.9599
35.7484
35.5161
35.2647
34.9958
34.7106
34.4102
34.0956
33.7675
33.4265
33.0733
32.7083
32.3319
31.9445
31.5461
31.1372
30.7177
30.2877
29.8473
29.3965
28.935
28.4629
27.9798
27.4857
26.9803
26.4631
25.9338
25.3919
24.837
24.2684
23.6855
23.0875
24.5992
24.4112
24.213
24.0062
23.793
23.5751
23.3549
23.1346
22.9171
22.7056
22.5042
22.3178
22.1529
22.0183
21.9259
21.8927
21.9436
22.1145
22.4526
23.0084
23.8164
24.876
26.1466
27.5562
29.0164
30.4381
31.7471
32.8972
33.8725
34.6793
35.3348
35.8585
36.269
36.5827
36.8135
36.9729
37.0706
37.1147
37.1121
37.0684
36.9882
36.8758
36.7344
36.567
36.376
36.1636
35.9315
35.6813
35.4144
35.1318
34.8346
34.5236
34.1994
33.8627
33.514
33.1536
32.7821
32.3995
32.0061
31.6021
31.1876
30.7625
30.327
29.8808
29.4239
28.9562
28.4773
27.9871
27.4851
26.971
26.4444
25.9046
25.351
24.7828
24.1993
23.5994
25.1491
25.0019
24.8443
24.6786
24.5071
24.332
24.1558
23.9813
23.8116
23.6502
23.5012
23.3698
23.2622
23.1863
23.1524
23.1739
23.2694
23.4644
23.7948
24.3081
25.058
26.0825
27.3687
28.8284
30.3221
31.7219
32.9544
33.9978
34.8608
35.5637
36.1287
36.576
36.9232
37.1848
37.3731
37.498
37.5679
37.5898
37.5694
37.5117
37.4208
37.3002
37.1529
36.9814
36.7878
36.574
36.3416
36.0921
35.8264
35.5458
35.251
34.9427
34.6217
34.2884
33.9432
33.5866
33.2189
32.8402
32.4507
32.0506
31.6398
31.2184
30.7864
30.3436
29.8898
29.4248
28.9484
28.4602
27.9598
27.4466
26.9202
26.3796
25.8244
25.2534
24.6655
24.0595
25.6561
25.5534
25.4402
25.3192
25.1929
25.0644
24.9363
24.8121
24.6951
24.5896
24.5002
24.4327
24.3937
24.3917
24.4372
24.5434
24.7272
25.0109
25.4232
26.0009
26.7869
27.8154
29.0753
30.4726
31.8593
33.1159
34.1929
35.0897
35.8245
36.4195
36.8953
37.2694
37.5569
37.7698
37.9185
38.0113
38.0553
38.0563
38.0193
37.9484
37.8472
37.7187
37.5655
37.3897
37.1933
36.9779
36.7448
36.4953
36.2304
35.951
35.658
35.3518
35.0331
34.7024
34.36
34.0062
33.6413
33.2655
32.8788
32.4814
32.0732
31.6543
31.2243
30.7834
30.3311
29.8672
29.3913
28.9031
28.4019
27.8871
27.3581
26.8139
26.2534
25.6755
25.0787
24.4612
26.1154
26.0619
25.9975
25.9253
25.8485
25.7706
25.695
25.6255
25.5665
25.5225
25.4993
25.5032
25.5422
25.6257
25.7652
25.9748
26.272
26.6782
27.218
27.9176
28.797
29.8543
31.046
32.2818
33.4572
34.5017
35.392
36.1333
36.7413
37.2336
37.6261
37.9328
38.1655
38.3339
38.4464
38.5099
38.53
38.5118
38.4593
38.3761
38.2652
38.1292
37.9702
37.7902
37.5908
37.3734
37.1393
36.8895
36.6249
36.3462
36.0542
35.7495
35.4324
35.1035
34.763
34.4111
34.0482
33.6742
33.2892
32.8934
32.4865
32.0686
31.6393
31.1986
30.7461
30.2814
29.804
29.3133
28.8088
28.2896
27.7547
27.203
26.6332
26.0435
25.4321
24.7966
26.5212
26.5225
26.512
26.4935
26.471
26.4484
26.4301
26.4205
26.4246
26.4481
26.4975
26.5803
26.7055
26.8838
27.1279
27.453
27.8763
28.4168
29.0911
29.9071
30.853
31.8906
32.9604
33.9974
34.9494
35.7873
36.5035
37.1031
37.597
37.9972
38.3155
38.5619
38.7457
38.8743
38.9542
38.9912
38.9898
38.954
38.8874
38.7929
38.6729
38.5298
38.3653
38.1812
37.9787
37.7593
37.5238
37.2732
37.0084
36.73
36.4386
36.1346
35.8185
35.4905
35.1511
34.8002
34.4382
34.065
33.6806
33.2851
32.8782
32.4598
32.0297
31.5874
31.1327
30.665
30.1837
29.6881
29.1772
28.6502
28.1056
27.542
26.9576
26.3503
25.7173
25.0553
26.8657
26.9287
26.9783
27.0194
27.0568
27.0952
27.1396
27.1955
27.2687
27.3658
27.4944
27.6631
27.882
28.1629
28.5192
28.9655
29.5164
30.1826
30.9643
31.8433
32.7822
33.7327
34.65
35.5009
36.2652
36.9338
37.5063
37.9873
38.3844
38.7059
38.96
39.1541
39.295
39.3886
39.4399
39.4533
39.4326
39.3812
39.3018
39.1969
39.0686
38.9189
38.7492
38.561
38.3556
38.1339
37.8969
37.6453
37.3799
37.1012
36.8097
36.5058
36.19
35.8622
35.523
35.1722
34.81
34.4365
34.0515
33.6549
33.2466
32.8261
32.3933
31.9476
31.4886
31.0155
30.5275
30.0238
29.5031
28.9642
28.4054
27.8245
27.2194
26.5869
25.9235
25.2245
