24.2473
25.1688
26.0169
26.8045
27.5415
28.2355
28.8927
29.5179
30.1148
30.6867
31.2361
31.765
32.2751
32.7679
33.2444
33.7056
34.1521
34.5847
35.0036
35.4093
35.8018
36.1813
36.5477
36.9008
37.2406
37.5666
37.8784
38.1755
38.4573
38.7232
38.9721
39.2034
39.4159
39.6086
39.7802
39.9295
40.055
40.1551
40.2284
40.2732
40.2876
40.2698
40.2181
40.1305
40.0052
39.8404
39.6345
39.3862
39.0943
38.7586
38.3794
37.958
37.4974
37.0018
36.4775
35.9323
35.3752
34.8157
34.2633
33.7265
33.2123
32.7264
32.2725
31.8528
31.468
31.1178
30.8006
30.5141
30.2556
30.0218
29.8088
29.6128
29.4296
29.2548
29.0839
28.9121
24.4959
25.3242
26.097
26.8232
27.5099
28.1625
28.7853
29.382
29.9553
30.5075
31.0406
31.5561
32.0553
32.5392
33.0088
33.4645
33.9072
34.337
34.7543
35.1593
35.552
35.9325
36.3006
36.656
36.9985
37.3276
37.6429
37.9438
38.2295
38.4992
38.752
38.9869
39.2027
39.3982
39.5721
39.7228
39.8488
39.9483
40.0196
40.0607
40.0697
40.0444
39.9827
39.8825
39.7414
39.5574
39.3284
39.0526
38.7287
38.3558
37.9341
37.4651
36.9522
36.4008
35.8192
35.2178
34.6084
34.0036
33.4151
32.8525
32.3236
31.8337
31.3856
30.9806
30.6182
30.2967
30.0135
29.7654
29.5487
29.3595
29.1935
29.0466
28.9145
28.7927
28.677
28.5629
24.5857
25.3453
26.0622
26.7428
27.392
28.0137
28.611
29.1866
29.7425
30.2805
30.8021
31.3083
31.8001
32.2784
32.7439
33.1969
33.6379
34.0672
34.4849
34.8912
35.2859
35.669
36.0403
36.3995
36.7462
37.0799
37.4
37.7058
37.9965
38.2712
38.5289
38.7684
38.9885
39.1877
39.3645
39.5173
39.6443
39.7436
39.8132
39.8509
39.8544
39.8214
39.7494
39.6358
39.4781
39.2736
39.0199
38.7146
38.3558
37.9422
37.4734
36.951
36.3786
35.7632
35.1153
34.4491
33.7807
33.1261
32.4995
31.9119
31.3708
30.8805
30.4425
30.0565
29.7203
29.4308
29.1841
28.976
28.8019
28.6572
28.5373
28.4377
28.354
28.2818
28.2169
28.1552
24.5477
25.2568
25.9327
26.5797
27.2013
27.8003
28.3791
28.9396
29.4833
30.0115
30.5253
31.0257
31.5134
31.9889
32.4528
32.9054
33.3469
33.7777
34.1977
34.6069
35.0053
35.3927
35.7688
36.1332
36.4855
36.8251
37.1512
37.4633
37.7603
38.0411
38.3048
38.55
38.7752
38.9789
39.1595
39.3151
39.4437
39.5433
39.6115
39.6459
39.6441
39.6032
39.5206
39.3933
39.2183
38.9926
38.713
38.3767
37.981
37.5239
37.0045
36.4237
35.7854
35.0978
34.3746
33.635
32.9008
32.1927
31.5273
30.9163
30.3662
29.8795
29.4559
29.0928
28.7863
28.5315
28.3232
28.1561
28.0248
27.924
27.8489
27.7946
27.7567
27.7308
27.7128
27.6988
24.4055
25.0779
25.7239
26.3465
26.9482
27.5312
28.097
28.6472
29.1829
29.7051
30.2146
30.7121
31.1983
31.6734
32.138
32.5923
33.0363
33.4704
33.8945
34.3084
34.7121
35.1053
35.4877
35.8588
36.218
36.5649
36.8985
37.2181
37.5226
37.8108
38.0816
38.3334
38.5648
38.774
38.9592
39.1182
39.2491
39.3493
39.4165
39.4479
39.4408
39.3922
39.2989
39.1577
38.9651
38.7176
38.4116
38.0436
37.6101
37.1084
36.5366
35.8947
35.1864
34.4209
33.6152
32.7949
31.9891
31.2242
30.5195
29.8863
29.3296
28.8496
28.4432
28.1055
27.8304
27.6115
27.4421
27.3158
27.2264
27.1683
27.136
27.1246
27.1297
27.1467
27.1719
27.2015
24.1775
24.8234
25.448
26.0534
26.6414
27.2135
27.7709
28.3148
28.846
29.3653
29.8733
30.3705
30.8575
31.3345
31.8018
32.2596
32.7081
33.1472
33.577
33.9973
34.4078
34.8084
35.1985
35.5778
35.9456
36.3011
36.6435
36.9719
37.2852
37.582
37.861
38.1207
38.3592
38.5747
38.7653
38.9285
39.0622
39.1636
39.2302
39.2589
39.2467
39.1904
39.0864
38.9312
38.721
38.4518
38.1195
37.72
37.2493
36.7038
36.0807
35.3792
34.6023
33.7595
32.8707
31.9672
31.0861
30.2606
29.5133
28.8558
28.2911
27.8168
27.4268
27.1137
26.8691
26.6848
26.5527
26.4653
26.4157
26.3977
26.4056
26.4342
26.479
26.5357
26.6005
26.6697
23.878
24.5052
25.1148
25.7086
26.2876
26.853
27.4057
27.9466
28.4762
28.9953
29.5042
30.0035
30.4933
30.9742
31.4461
31.9094
32.3639
32.8098
33.2469
33.6751
34.0941
34.5035
34.903
35.2919
35.6696
36.0352
36.3879
36.7265
37.0499
37.3565
37.645
37.9135
38.1602
38.383
38.5797
38.7479
38.8849
38.988
39.0542
39.0805
39.0633
38.9994
38.8848
38.7158
38.4882
38.1977
37.8399
37.4103
36.9044
36.3181
35.6484
34.8942
34.0579
33.1492
32.1888
31.2103
30.2556
29.3646
28.5659
27.8743
27.2924
26.8156
26.4351
26.1405
25.9211
25.7666
25.6674
25.6149
25.6012
25.6196
25.664
25.7291
25.81
25.9027
26.0033
26.1085
23.5189
24.1329
24.7326
25.3189
25.8926
26.4547
27.0057
27.5463
28.0768
28.5979
29.1099
29.6131
30.1078
30.5943
31.0726
31.543
32.0053
32.4595
32.9056
33.3432
33.7722
34.1921
34.6025
35.0026
35.3917
35.7689
36.1333
36.4835
36.8183
37.1361
37.4352
37.7137
37.9696
38.2005
38.4042
38.5778
38.7187
38.8238
38.89
38.9139
38.892
38.8205
38.6955
38.5128
38.2683
37.9573
37.5754
37.1178
36.5801
35.9583
35.2498
34.4539
33.574
32.62
31.6115
30.5794
29.5643
28.6089
27.7486
27.0055
26.3871
25.8897
25.5029
25.2136
25.0083
24.8743
24.8002
24.7756
24.7919
24.8414
24.9174
25.0145
25.1275
25.2522
25.3849
25.5221
23.11
23.7149
24.308
24.89
25.4615
26.0227
26.5744
27.1168
27.6505
28.1755
28.6925
29.2015
29.7028
30.1965
30.6829
31.1619
31.6335
32.0978
32.5544
33.0031
33.4437
33.8757
34.2985
34.7113
35.1135
35.5039
35.8814
36.2447
36.5923
36.9225
37.2335
37.5231
37.789
38.029
38.2402
38.4199
38.565
38.6724
38.7387
38.7603
38.7336
38.6545
38.5191
38.3232
38.0622
37.7319
37.3276
36.845
36.28
35.6294
34.8916
34.0675
33.162
32.1855
31.1558
30.099
29.0492
28.045
27.1238
26.3154
25.6369
25.092
24.6733
24.367
24.1573
24.0285
23.9668
23.9599
23.9975
24.0707
24.1722
24.2956
24.4358
24.5882
24.7488
24.9143
22.6601
23.2582
23.8472
24.4271
24.9983
25.5608
26.115
26.6611
27.1994
27.7302
28.2538
28.7701
29.2796
29.7823
30.2782
30.7675
31.2501
31.7259
32.1946
32.6562
33.11
33.5557
33.9925
34.4198
34.8366
35.2417
35.634
36.0118
36.3736
36.7175
37.0415
37.3432
37.6202
37.8698
38.0892
38.2753
38.425
38.5347
38.6011
38.6203
38.5886
38.5019
38.3562
38.1472
37.8706
37.5222
37.0978
36.5937
36.0067
35.3349
34.5782
33.7395
32.8249
31.8455
30.8173
29.762
28.7062
27.6805
26.7173
25.8477
25.0968
24.4791
23.9974
23.6432
23.4017
23.2554
23.1876
23.1834
23.23
23.317
23.4357
23.5787
23.7402
23.9151
24.0992
24.2888
22.1774
22.7698
23.3558
23.9349
24.507
25.0721
25.6303
26.1815
26.726
27.264
27.7955
28.3207
28.8398
29.3529
29.8599
30.3611
30.8562
31.3451
31.8277
32.3036
32.7724
33.2334
33.6861
34.1295
34.5626
34.9841
35.3927
35.7866
36.164
36.5229
36.861
37.1758
37.4646
37.7245
37.9525
38.1453
38.2994
38.4115
38.4777
38.4943
38.4574
38.3629
38.2068
37.985
37.6936
37.3288
36.8869
36.3653
35.7621
35.077
34.3117
33.4705
32.5608
31.5936
30.5834
29.5481
28.5087
27.4881
26.5112
25.6036
24.7905
24.0932
23.5259
23.0921
22.7849
22.5901
22.49
22.4671
22.5057
22.5928
22.7176
22.8713
23.0467
23.2379
23.4401
23.6494
21.6707
22.2568
22.8395
23.4181
23.9917
24.5601
25.1231
25.6804
26.2322
26.7785
27.3192
27.8546
28.3847
28.9096
29.4293
29.9437
30.4529
30.9567
31.4547
31.9467
32.4322
32.9105
33.3808
33.8421
34.2933
34.7329
35.1594
35.5709
35.9653
36.3404
36.6937
37.0224
37.3237
37.5943
37.8311
38.0306
38.1892
38.3032
38.3688
38.3823
38.3397
38.2371
38.0706
37.8366
37.5314
37.152
36.6958
36.1612
35.5479
34.8573
34.0925
33.2591
32.3651
31.421
30.4398
29.4364
28.4275
27.4307
26.4643
25.547
24.6986
23.9391
23.2873
22.7574
22.3554
22.0776
21.9118
21.8411
21.8479
21.9161
22.0318
22.184
22.3635
22.5632
22.7771
23.0005
21.1499
21.727
22.3049
22.8818
23.4566
24.0283
24.5963
25.1603
25.7201
26.2755
26.8265
27.3732
27.9156
28.4536
28.9873
29.5167
30.0415
30.5618
31.0771
31.5871
32.0911
32.5884
33.0782
33.5593
34.0304
34.4898
34.9359
35.3665
35.7793
36.1718
36.5412
36.8846
37.1988
37.4804
37.726
37.9319
38.0945
38.2099
38.2744
38.2842
38.2354
38.1243
37.9475
37.7017
37.3841
36.9924
36.5253
35.9825
35.3653
34.6762
33.9198
33.1023
32.2318
31.3183
30.373
29.4086
28.4385
27.4764
26.5357
25.6303
24.774
23.9815
23.2692
22.6534
22.1487
21.764
21.4994
21.3464
21.29
21.3129
21.3984
21.5323
21.7028
21.9004
22.1175
22.3481
20.6275
21.1902
21.7595
22.3323
22.9065
23.4805
24.0532
24.6238
25.1919
25.757
26.3191
26.8781
27.4337
27.9862
28.5353
29.0811
29.6233
30.1618
30.6961
31.2259
31.7504
32.2688
32.7801
33.2829
33.7758
34.2569
34.7242
35.1753
35.6078
36.0188
36.4052
36.7638
37.0911
37.3837
37.6379
37.8498
38.0157
38.1318
38.1943
38.1996
38.144
38.0242
37.8373
37.5806
37.2521
36.8509
36.3766
35.8306
35.215
34.5337
33.792
32.9963
32.1547
31.2763
30.3711
29.4496
28.5225
27.6007
26.6943
25.8136
24.9683
24.1687
23.4259
22.7528
22.1641
21.6744
21.295
21.0305
20.8763
20.8207
20.8473
20.9396
21.0825
21.2633
21.4721
21.7007
20.1202
20.6595
21.2135
21.7774
22.3477
22.9217
23.4976
24.0741
24.6502
25.2252
25.7988
26.3707
26.9407
27.5088
28.0747
28.6383
29.1996
29.758
30.3133
30.8649
31.4119
31.9535
32.4883
33.0149
33.5315
34.036
34.5262
34.9994
35.4527
35.883
36.287
36.6611
37.0017
37.305
37.5672
37.7844
37.9528
38.0686
38.1282
38.1281
38.0652
37.9365
37.7399
37.4734
37.1363
36.7285
36.2511
35.7063
35.0974
34.429
33.7067
32.9372
32.128
31.2874
30.424
29.5468
28.6645
27.7854
26.9175
26.0684
25.2451
24.4549
23.705
23.0042
22.3629
21.7938
21.3111
20.9282
20.6533
20.4866
20.4202
20.4398
20.5292
20.6727
20.8568
21.0707
19.6515
20.1529
20.6809
21.228
21.7886
22.3586
22.9349
23.5154
24.0983
24.6827
25.2678
25.8531
26.4382
27.0228
27.6068
28.1899
28.7717
29.3521
29.9303
30.5057
31.0775
31.6443
32.2048
32.7573
33.2996
33.8294
34.3441
34.8407
35.3159
35.7663
36.1883
36.578
36.9315
37.245
37.5144
37.7358
37.9055
38.0199
38.0755
38.0693
37.9986
37.8611
37.6555
37.3809
37.0375
36.6264
36.1496
35.6102
35.0123
34.3609
33.6616
32.921
32.1461
31.3443
30.5233
29.6903
28.8525
28.0167
27.1888
26.3746
25.5794
24.8079
24.0655
23.3577
22.6914
22.0749
21.5194
21.0383
20.6457
20.353
20.165
20.0782
20.0812
20.159
20.2954
20.4763
19.2557
19.6964
20.1816
20.6994
21.2411
21.8002
22.3721
22.9531
23.5408
24.1332
24.7292
25.3278
25.9283
26.5304
27.1335
27.7374
28.3416
28.9456
29.5488
30.1503
30.749
31.3434
31.9319
32.5123
33.0824
33.6393
34.18
34.7012
35.1992
35.6702
36.1103
36.5154
36.8812
37.2039
37.4794
37.7038
37.8736
37.9852
38.0358
38.0227
37.944
37.7982
37.5847
37.3039
36.9569
36.5456
36.0729
35.5426
34.9591
34.3276
33.6537
32.9437
32.2041
31.4412
30.6617
29.8719
29.0775
28.2839
27.4959
26.7177
25.9531
25.2058
24.4793
23.7773
23.1042
22.4655
21.8682
21.3217
20.8385
20.4325
20.1173
19.9016
19.7865
19.7646
19.8227
19.9449
18.9801
19.3287
19.745
20.2139
20.7222
21.2598
21.8193
22.3952
22.9836
23.5815
24.1867
24.7978
25.4137
26.0336
26.6568
27.2828
27.911
28.5407
29.171
29.8008
30.4288
31.0532
31.6719
32.2826
32.8824
33.4682
34.0363
34.5831
35.1045
35.5964
36.0543
36.4741
36.8514
37.1821
37.4622
37.6881
37.8564
37.964
38.0086
37.9881
37.9014
37.748
37.5283
37.2434
36.8953
36.4868
36.0214
35.5031
34.9367
34.3273
33.6804
33.0018
32.2973
31.5726
30.8335
30.085
29.3321
28.5791
27.8296
27.087
26.3541
25.6335
24.9276
24.2389
23.5703
22.9252
22.3082
21.7252
21.1844
20.6967
20.2756
19.9353
19.6878
19.5385
19.4846
19.5155
18.8745
19.0994
19.4138
19.8048
20.2571
20.7565
21.2913
21.8531
22.4357
23.0344
23.6459
24.2677
24.8982
25.5358
26.1797
26.829
27.4827
28.1398
28.7993
29.4598
30.1195
30.7763
31.4277
32.0708
32.7023
33.3184
33.9153
34.4885
35.0336
35.5461
36.0213
36.4548
36.8422
37.1794
37.4625
37.6882
37.8534
37.9558
37.9935
37.9654
37.8712
37.7113
37.4869
37.2002
36.8536
36.4507
35.9951
35.4913
34.9439
34.358
33.7388
33.0916
32.4216
31.7339
31.0334
30.3242
29.6106
28.8959
28.1832
27.4749
26.7732
26.0801
25.3972
24.726
24.0686
23.4271
22.8044
22.2042
21.6318
21.0941
20.6005
20.1636
19.7975
19.516
19.3285
19.2367
18.9666
19.0542
19.2389
19.5187
19.8836
20.3191
20.81
21.3435
21.9099
22.502
23.1145
23.7436
24.3866
25.0412
25.7057
26.3789
27.0594
27.7458
28.4367
29.1302
29.8241
30.5158
31.2022
31.8799
32.5449
33.193
33.8194
34.4195
34.9883
35.5208
36.0122
36.458
36.8537
37.1954
37.4796
37.7033
37.8639
37.9599
37.9902
37.9546
37.8536
37.6886
37.4615
37.1751
36.8324
36.4373
35.9937
35.5061
34.9791
34.4175
33.8262
33.21
32.5735
31.9211
31.2571
30.5849
29.9081
29.2295
28.5513
27.8757
27.2041
26.5382
25.8789
25.2276
24.5851
23.9532
23.3334
22.7284
22.1411
21.5762
21.0395
20.5394
20.0867
19.6951
19.3792
19.1511
19.2442
19.2084
19.2586
19.4053
19.6511
19.9897
20.4081
20.8912
21.4253
21.9989
22.6041
23.2347
23.8862
24.5555
25.2398
25.9371
26.6453
27.3626
28.0868
28.8156
29.5461
30.2752
30.999
31.7133
32.4135
33.0946
33.7513
34.3782
34.9701
35.5215
36.0277
36.4838
36.8857
37.2298
37.5129
37.7327
37.8874
37.9761
37.9988
37.9561
37.8493
37.6807
37.4527
37.1687
36.832
36.4466
36.0167
35.5466
35.0407
34.5037
33.9399
33.3538
32.7493
32.1305
31.5008
30.8633
30.2209
29.5757
28.9299
28.2849
27.642
27.0023
26.3666
25.7357
25.1104
24.4914
23.88
23.2774
22.686
22.1084
21.5484
21.0112
20.504
20.0361
19.6201
19.2703
19.6662
19.5383
19.4753
19.4932
19.6056
19.8192
20.1319
20.5337
21.0103
21.547
22.1314
22.7538
23.4075
24.0873
24.789
25.5094
26.2455
26.9947
27.754
28.5202
29.2897
30.0585
30.8219
31.5747
32.3114
33.0264
33.7134
34.3667
34.9805
35.5492
36.0679
36.5321
36.9377
37.2817
37.5616
37.7757
37.9232
38.0041
38.0193
37.9701
37.8589
37.6882
37.4612
37.1813
36.8523
36.4782
36.0632
35.6113
35.127
34.6143
34.0774
33.5202
32.9463
32.359
31.7613
31.1561
30.5455
29.9315
29.3156
28.6992
28.0832
27.4685
26.8556
26.2452
25.6376
25.0334
24.4333
23.838
23.249
22.6679
22.0972
21.54
21.0011
20.4862
20.0037
19.5646
20.1854
19.9982
19.8554
19.7718
19.7638
19.8469
20.0316
20.3205
20.7071
21.1791
21.7214
22.3205
22.9656
23.6485
24.3629
25.1039
25.8671
26.6485
27.444
28.2495
29.0601
29.8708
30.6755
31.4683
32.2425
32.9915
33.7084
34.3869
35.0208
35.6045
36.1331
36.6023
37.0089
37.3502
37.6247
37.8316
37.971
38.0438
38.0519
37.9973
37.8829
37.7117
37.4872
37.2131
36.8932
36.5316
36.1321
35.699
35.2361
34.7473
34.2363
33.7066
33.1614
32.6036
32.0359
31.4604
30.8792
30.2939
29.7058
29.1159
28.525
27.9338
27.3427
26.752
26.1622
25.5734
24.9862
24.4009
23.8184
23.2396
22.666
22.0998
21.5437
21.0016
20.4787
19.9819
20.764
20.5433
20.3515
20.2002
20.1031
20.0766
20.1371
20.2983
20.5671
20.9415
21.4117
21.9636
22.5827
23.2567
23.9757
24.7321
25.5195
26.3322
27.1644
28.0101
28.8635
29.7175
30.5652
31.3989
32.2108
32.9933
33.7389
34.4405
35.0919
35.6875
36.2227
36.6938
37.0983
37.4343
37.7014
37.8997
38.0305
38.0955
38.0971
38.0381
37.9218
37.7515
37.531
37.264
36.9543
36.6058
36.2225
35.808
35.3661
34.9004
34.4141
33.9104
33.3921
32.8618
32.3217
31.7738
31.2197
30.6608
30.0981
29.5327
28.9651
28.3958
27.8251
27.2534
26.6808
26.1075
25.5338
24.9598
24.386
23.8129
23.2415
22.673
22.1091
21.5523
21.0058
20.4741
21.3753
21.1394
20.922
20.7316
20.5785
20.4759
20.4392
20.4854
20.6304
20.8852
21.2523
21.7254
22.2921
22.9375
23.6475
24.4103
25.2164
26.0571
26.9246
27.8108
28.7074
29.6058
30.497
31.3717
32.2209
33.0355
33.8073
34.5292
35.1945
35.7982
36.3362
36.8056
37.2047
37.533
37.791
37.9799
38.1018
38.1593
38.1552
38.093
37.976
37.808
37.5926
37.3336
37.0348
36.7
36.3327
35.9367
35.5152
35.0715
34.6087
34.1294
33.6362
33.1313
32.6167
32.0941
31.5648
31.0301
30.4908
29.9479
29.4017
28.8527
28.3011
27.7472
27.1911
26.6328
26.0725
25.5103
24.9462
24.3808
23.8144
23.2479
22.682
22.1184
21.5591
21.0068
22.0009
21.7628
21.5365
21.328
21.1452
20.9978
20.8981
20.8608
20.9029
21.0415
21.2908
21.658
22.1407
22.729
23.4079
24.1617
24.9762
25.8386
26.7377
27.6624
28.6016
29.5441
30.4783
31.393
32.2774
33.1214
33.9161
34.6539
35.3288
35.936
36.4724
36.9362
37.327
37.6454
37.893
38.072
38.1851
38.2356
38.2269
38.1624
38.0459
37.8811
37.6717
37.4214
37.134
36.8129
36.4616
36.0834
35.6814
35.2587
34.8178
34.3613
33.8913
33.4099
32.9187
32.4192
31.9127
31.4001
30.8823
30.3598
29.8333
29.3029
28.769
28.2317
27.691
27.147
26.5997
26.0491
25.4952
24.9383
24.3785
23.8161
23.2518
22.6862
22.1207
21.5569
22.6284
22.3977
22.1741
21.9626
21.769
21.601
21.4675
21.3803
21.3532
21.4029
21.5473
21.8028
22.1802
22.6816
23.2997
24.0201
24.8254
25.6979
26.6211
27.5796
28.5583
29.5424
30.5174
31.4694
32.3856
33.2546
34.0671
34.8155
35.4943
36.0998
36.63
37.0846
37.4643
37.7711
38.0073
38.1761
38.2808
38.325
38.3123
38.2466
38.1314
37.9706
37.7679
37.5267
37.2508
36.9432
36.6075
36.2464
35.863
35.4599
35.0396
34.6041
34.1555
33.6956
33.2258
32.7475
32.2616
31.7692
31.2708
30.7671
30.2585
29.7452
29.2275
28.7054
28.179
27.6483
27.1132
26.5737
26.0298
25.4815
24.9288
24.3717
23.8107
23.246
22.6782
22.1084
23.2494
23.033
22.8209
22.6172
22.4266
22.255
22.1097
21.9995
21.9355
21.931
22.0021
22.1667
22.4424
22.8431
23.3745
24.032
24.8019
25.6645
26.5981
27.5811
28.5928
29.6135
30.6244
31.6085
32.5507
33.4385
34.2619
35.014
35.6903
36.2884
36.8078
37.2496
37.6159
37.9096
38.134
38.2926
38.3892
38.4277
38.4119
38.3456
38.2325
38.0763
37.8805
37.6487
37.384
37.0897
36.7688
36.4241
36.0581
35.6733
35.2719
34.8559
34.4269
33.9866
33.5363
33.0772
32.6101
32.136
31.6553
31.1685
30.6761
30.1783
29.6753
29.1671
28.6538
28.1352
27.6114
27.0823
26.5477
26.0076
25.4619
24.9104
24.3534
23.7907
23.2227
22.6496
23.8574
23.6611
23.4672
23.2794
23.1018
22.9392
22.7978
22.6845
22.6082
22.5796
22.6116
22.7194
22.9208
23.2334
23.6728
24.247
24.9535
25.7788
26.7003
27.6914
28.7242
29.772
30.8106
31.8185
32.778
33.6755
34.5011
35.2488
35.9154
36.5002
37.0045
37.4305
37.7815
38.0611
38.2731
38.4216
38.5106
38.544
38.5256
38.4593
38.3487
38.1974
38.0088
37.7861
37.5325
37.2509
36.9441
36.6146
36.2648
35.897
35.513
35.1147
34.7037
34.2813
33.8487
33.4069
32.9568
32.4991
32.0343
31.5628
31.0851
30.6012
30.1114
29.6157
29.114
28.6065
28.0928
27.573
27.0468
26.5142
25.9748
25.4285
24.8752
24.3147
23.747
23.172
24.4476
24.2763
24.1062
23.9407
23.7837
23.6396
23.5135
23.4116
23.3411
23.3107
23.3312
23.4147
23.5762
23.8319
24.1992
24.6933
25.3228
26.0858
26.9675
27.9418
28.9759
30.0353
31.0881
32.1073
33.0719
33.9674
34.7845
35.5185
36.168
36.734
37.2191
37.6267
37.9608
38.2255
38.425
38.5636
38.6452
38.6739
38.6534
38.5875
38.4797
38.3333
38.1517
37.9379
37.6948
37.4252
37.1315
36.8162
36.4814
36.1291
35.7611
35.379
34.9841
34.5779
34.1612
33.7351
33.3002
32.8572
32.4067
31.9489
31.4842
31.0127
30.5346
30.05
29.5587
29.0607
28.556
28.0442
27.5253
26.9989
26.4648
25.9228
25.3724
24.8134
24.2455
23.6684
25.0158
24.8738
24.7323
24.5947
24.4646
24.3462
24.2442
24.1642
24.1125
24.0967
24.1256
24.2096
24.3607
24.5924
24.9199
25.3585
25.9213
26.6152
27.4362
28.3663
29.3746
30.4219
31.4688
32.4814
33.4349
34.3141
35.1105
35.8211
36.4462
36.9883
37.4507
37.8377
38.1537
38.4029
38.5898
38.7184
38.7929
38.8172
38.7948
38.7294
38.6244
38.4829
38.3081
38.1027
37.8695
37.6109
37.3295
37.0272
36.7061
36.3679
36.0144
35.6469
35.2667
34.8749
34.4725
34.0603
33.639
33.2092
32.7712
32.3255
31.8723
31.4117
30.9439
30.4689
29.9865
29.4967
28.9994
28.4943
27.9812
27.4597
26.9295
26.3902
25.8414
25.2825
24.713
24.1323
25.5576
25.4494
25.3411
25.2362
25.1382
25.0515
24.9805
24.9303
24.9071
24.9173
24.9689
25.0707
25.2325
25.4659
25.7828
26.196
26.7176
27.3566
28.1151
28.9842
29.9404
30.947
31.9611
32.9435
33.8661
34.7126
35.4758
36.1538
36.748
37.2616
37.6985
38.0631
38.3599
38.5931
38.7671
38.8859
38.9534
38.9733
38.9492
38.8844
38.782
38.6451
38.4766
38.279
38.0549
37.8066
37.5363
37.2458
36.9371
36.6118
36.2712
35.9168
35.5497
35.1708
34.7811
34.3813
33.972
33.5537
33.1268
32.6916
32.2484
31.7972
31.3381
30.871
30.3961
29.9129
29.4215
28.9214
28.4125
27.8942
27.3661
26.8277
26.2785
25.7176
25.1443
24.5576
26.0688
25.9988
25.928
25.8602
25.7992
25.7492
25.7147
25.7007
25.7128
25.7573
25.8411
25.9721
26.1587
26.4103
26.7367
27.1478
27.6529
28.2589
28.9687
29.7769
30.667
31.6086
32.5621
33.4885
34.359
35.157
35.8754
36.5127
37.0705
37.552
37.9611
38.3019
38.5787
38.7955
38.9565
39.0655
39.126
39.1416
39.1156
39.0512
38.9512
38.8185
38.6557
38.4653
38.2495
38.0104
37.7501
37.4704
37.1728
36.8589
36.53
36.1872
35.8316
35.4642
35.0857
34.6967
34.2979
33.8896
33.4722
33.046
32.6112
32.1677
31.7158
31.2553
30.786
30.3079
29.8206
29.3238
28.817
28.2999
27.7718
27.2319
26.6796
26.114
25.5337
24.9377
26.5443
26.5169
26.4882
26.4619
26.4421
26.4332
26.4398
26.4666
26.5193
26.6035
26.7258
26.8929
27.1123
27.3916
27.7386
28.1608
28.6644
29.2536
29.929
30.6851
31.5076
32.3723
33.2467
34.0978
34.8998
35.6369
36.3017
36.8925
37.41
37.8569
38.2365
38.5526
38.8089
39.0091
39.157
39.256
39.3096
39.3208
39.2929
39.2285
39.1306
39.0015
38.8439
38.6598
38.4514
38.2207
37.9694
37.6992
37.4115
37.1077
36.789
36.4565
36.111
35.7536
35.3847
35.0051
34.6152
34.2154
33.8061
33.3873
32.9593
32.5221
32.0757
31.6199
31.1547
30.6797
30.1946
29.699
29.1923
28.6739
28.1431
27.599
27.0405
26.4664
25.8751
25.2649
26.9776
26.998
27.0159
27.0355
27.0611
27.0973
27.1486
27.22
27.3167
27.4442
27.6083
27.815
28.0707
28.3815
28.7533
29.1911
29.6988
30.2777
30.9257
31.6357
32.3944
33.1816
33.9723
34.7413
35.4677
36.1381
36.7452
37.2864
37.7616
38.1727
38.5222
38.8131
39.0488
39.2324
39.3672
39.4563
39.5028
39.5095
39.4793
39.4148
39.3184
39.1926
39.0394
38.8609
38.6591
38.4356
38.1923
37.9304
37.6514
37.3564
37.0466
36.723
36.3864
36.0374
35.6768
35.3051
34.9227
34.5299
34.127
33.7141
33.2914
32.8587
32.4161
31.9634
31.5003
31.0264
30.5413
30.0446
29.5354
29.013
28.4764
27.9244
27.3558
26.7686
26.161
25.5305
27.3611
27.4349
27.5044
27.5744
27.6494
27.7342
27.8334
27.9521
28.0951
28.2676
28.4749
28.7221
29.0143
29.3564
29.7523
30.2051
30.7162
31.2845
31.906
32.5725
33.2715
33.9865
34.6984
35.3885
36.0413
36.6457
37.1953
37.6869
38.1199
38.4953
38.8148
39.0809
39.2961
39.4632
39.585
39.6643
39.7038
39.7059
39.6733
39.6083
39.513
39.3897
39.2403
39.0666
38.8705
38.6534
38.4169
38.1623
37.8907
37.6034
37.3013
36.9853
36.656
36.3142
35.9605
35.5952
35.2188
34.8315
34.4335
34.025
33.6058
33.176
32.7353
32.2836
31.8205
31.3456
30.8581
30.3575
29.8428
29.313
28.7668
28.2028
27.619
27.0132
26.3826
25.7237
27.6851
27.8186
27.9453
28.0704
28.1989
28.3357
28.4856
28.6535
28.8442
29.0623
29.3125
29.5991
29.926
30.2967
30.7136
31.1779
31.689
32.2442
32.8383
33.4629
34.1069
34.7569
35.3984
36.0178
36.6034
37.1466
37.642
38.0865
38.4791
38.8201
39.1107
39.3526
39.5481
39.6992
39.8084
39.8781
39.9105
39.908
39.8728
39.8069
39.7123
39.591
39.4447
39.2751
39.0838
38.8721
38.6415
38.393
38.1279
37.847
37.5514
37.2416
36.9185
36.5825
36.2342
35.874
35.5021
35.1187
34.724
34.3181
33.9007
33.4718
33.0312
32.5784
32.113
31.6343
31.1417
30.6341
30.1104
29.5693
29.009
28.4276
27.8226
27.1908
26.5286
25.8311
