83.561
82.7475
81.9181
81.0725
80.2103
79.3313
78.4351
77.5212
76.5894
75.6392
74.6704
73.6828
72.6761
71.6503
70.6055
69.5422
68.461
67.363
66.2503
65.1255
63.9928
62.8582
61.7303
60.6216
59.5501
58.5421
57.6353
56.883
56.3534
56.1158
56.2045
56.5927
57.2104
57.9831
58.8519
59.7756
60.7268
61.6874
62.646
63.595
64.5294
65.4466
66.3446
67.2226
68.0803
68.9177
69.7351
70.533
71.312
72.0727
72.816
73.5423
74.2524
74.947
75.6269
76.2925
76.9445
77.5835
78.2101
78.8246
79.4278
80.0199
80.6016
81.1733
81.7353
82.288
82.8319
83.3674
83.8947
84.4143
84.9263
85.4312
85.9292
86.4206
86.9057
87.3846
87.8577
88.3251
88.7871
89.2439
89.6957
90.1427
90.585
91.0229
91.4565
91.8861
92.3118
92.7337
93.1521
93.5672
93.979
94.3879
94.7939
95.1974
95.5984
95.9972
96.394
96.7889
97.1822
97.5739
97.9645
98.3542
98.743
99.1312
99.5189
99.9064
100.294
100.682
101.07
101.458
101.847
102.237
102.627
103.018
103.41
103.803
104.197
104.592
104.987
105.383
105.779
106.175
106.572
106.968
107.364
107.759
108.153
108.546
108.937
109.326
109.714
110.098
110.48
110.859
111.234
111.606
111.974
112.337
112.696
113.051
113.4
113.745
114.084
114.418
114.746
115.068
115.385
115.695
115.999
116.297
116.589
116.875
117.154
117.427
117.693
117.952
118.206
118.453
118.693
118.927
119.154
119.375
119.59
119.799
120.001
120.197
120.387
120.57
120.748
120.92
121.085
121.245
121.399
121.547
121.689
121.826
121.957
122.082
122.201
122.314
122.422
122.524
122.62
122.709
122.793
122.871
122.942
123.007
123.065
123.116
123.16
123.197
123.225
84.3819
83.5799
82.7621
81.9283
81.078
80.2109
79.3267
78.4248
77.505
76.567
75.6103
74.6347
73.64
72.6261
71.5931
70.5412
69.4713
68.3845
67.2825
66.1684
65.0464
63.9228
62.8068
61.7116
60.6569
59.6709
58.7942
58.0825
57.6053
57.4266
57.5696
57.9968
58.6351
59.4126
60.2744
61.1828
62.1128
63.0482
63.9788
64.8977
65.8008
66.6859
67.5512
68.3963
69.221
70.0255
70.8102
71.5756
72.3225
73.0514
73.7633
74.4587
75.1384
75.803
76.4531
77.0896
77.7129
78.3236
78.9222
79.5094
80.0855
80.651
81.2064
81.7521
82.2887
82.8163
83.3355
83.8465
84.3497
84.8455
85.3341
85.8159
86.2911
86.76
87.2228
87.6798
88.1312
88.5772
89.018
89.4539
89.8849
90.3114
90.7335
91.1513
91.565
91.9749
92.3811
92.7838
93.1831
93.5792
93.9725
94.3628
94.7505
95.1357
95.519
95.9
96.2792
96.6568
97.033
97.408
97.782
98.1554
98.5282
98.9007
99.2732
99.6458
100.019
100.392
100.767
101.142
101.518
101.896
102.275
102.655
103.037
103.42
103.805
104.191
104.578
104.967
105.357
105.748
106.139
106.531
106.923
107.314
107.706
108.097
108.486
108.875
109.261
109.646
110.028
110.408
110.784
111.157
111.527
111.893
112.255
112.612
112.965
113.313
113.656
113.994
114.326
114.653
114.974
115.29
115.599
115.902
116.2
116.491
116.776
117.055
117.327
117.593
117.853
118.106
118.353
118.593
118.828
119.056
119.277
119.492
119.701
119.904
120.101
120.292
120.476
120.655
120.827
120.994
121.154
121.309
121.458
121.601
121.738
121.87
121.995
122.115
122.229
122.337
122.438
122.534
122.624
122.707
122.783
122.853
122.917
122.973
123.022
123.063
123.096
85.2548
84.4665
83.6627
82.843
82.0071
81.1546
80.2852
79.3985
78.494
77.5715
76.6305
75.6708
74.6922
73.6944
72.6778
71.6424
70.5889
69.5186
68.4332
67.3357
66.2305
65.1243
64.0265
62.9515
61.9199
60.9623
60.1218
59.4567
59.0357
58.916
59.1078
59.5646
60.2129
60.9847
61.8295
62.7132
63.6134
64.5156
65.4108
66.293
67.1588
68.0058
68.8333
69.6406
70.4277
71.1951
71.9431
72.6724
73.3837
74.0777
74.7551
75.4167
76.0632
76.6951
77.3132
77.9182
78.5105
79.0907
79.6594
80.217
80.7641
81.3012
81.8285
82.3467
82.856
83.3568
83.8496
84.3347
84.8123
85.2829
85.7466
86.2038
86.6548
87.0998
87.539
87.9727
88.401
88.8242
89.2425
89.6562
90.0652
90.4699
90.8704
91.2669
91.6596
92.0486
92.4341
92.8162
93.1952
93.5713
93.9444
94.3152
94.6833
95.0494
95.4132
95.7753
96.1359
96.495
96.8529
97.2101
97.5664
97.9222
98.2779
98.6338
98.9899
99.3465
99.7039
100.062
100.422
100.783
101.146
101.511
101.877
102.246
102.617
102.99
103.365
103.743
104.122
104.504
104.887
105.272
105.658
106.046
106.434
106.823
107.212
107.601
107.99
108.377
108.764
109.149
109.532
109.913
110.291
110.666
111.038
111.407
111.772
112.133
112.49
112.842
113.189
113.532
113.869
114.201
114.528
114.849
115.164
115.473
115.777
116.074
116.366
116.651
116.93
117.203
117.47
117.73
117.984
118.232
118.473
118.708
118.937
119.16
119.377
119.587
119.791
119.989
120.181
120.367
120.547
120.721
120.888
121.05
121.206
121.356
121.501
121.639
121.771
121.897
122.018
122.132
122.24
122.342
122.437
122.527
122.609
122.685
122.753
122.815
122.869
122.914
122.952
86.1774
85.405
84.6174
83.8144
82.9955
82.1604
81.3088
80.4403
79.5545
78.6511
77.7297
76.7901
75.832
74.8554
73.8602
72.8467
71.8157
70.7683
69.7064
68.6328
67.5522
66.4714
65.4003
64.3541
63.3547
62.4342
61.638
61.026
60.6641
60.5999
60.831
61.3046
61.9491
62.702
63.5178
64.366
65.2268
66.087
66.9389
67.7773
68.599
69.4023
70.1863
70.9509
71.696
72.422
73.1296
73.819
74.4914
75.1473
75.7873
76.4123
77.0229
77.6197
78.2033
78.7744
79.3335
79.8812
80.4179
80.9442
81.4604
81.9671
82.4647
82.9536
83.434
83.9065
84.3714
84.8289
85.2794
85.7233
86.1607
86.592
87.0173
87.437
87.8513
88.2603
88.6643
89.0634
89.458
89.848
90.2338
90.6154
90.9931
91.367
91.7373
92.1041
92.4676
92.828
93.1856
93.5401
93.8922
94.2419
94.5892
94.9347
95.2783
95.6202
95.9608
96.3001
96.6387
96.9765
97.314
97.6513
97.9888
98.3266
98.6653
99.0048
99.3455
99.688
100.032
100.378
100.727
101.078
101.432
101.788
102.147
102.51
102.875
103.244
103.615
103.989
104.366
104.745
105.127
105.51
105.895
106.281
106.668
107.056
107.444
107.831
108.218
108.604
108.989
109.371
109.752
110.13
110.506
110.878
111.247
111.612
111.973
112.33
112.682
113.03
113.373
113.711
114.044
114.371
114.693
115.009
115.319
115.623
115.922
116.214
116.501
116.781
117.055
117.324
117.585
117.841
118.09
118.333
118.57
118.801
119.025
119.244
119.456
119.662
119.862
120.055
120.243
120.425
120.6
120.77
120.934
121.091
121.243
121.388
121.528
121.661
121.789
121.91
122.024
122.133
122.235
122.33
122.419
122.5
122.575
122.642
122.701
122.752
122.795
87.1463
86.392
85.6229
84.8389
84.0396
83.2247
82.3939
81.5468
80.6831
79.8025
78.9048
77.9895
77.0567
76.1061
75.1379
74.1525
73.1505
72.133
71.1023
70.0611
69.0141
67.9685
66.9346
65.9281
64.9719
64.0994
63.3571
62.8045
62.502
62.4857
62.7421
63.2159
63.8404
64.5597
65.3334
66.1346
66.9456
67.7549
68.5556
69.3428
70.1141
70.8679
71.6034
72.3203
73.019
73.6997
74.3629
75.0093
75.6396
76.2543
76.8542
77.4399
78.0121
78.5714
79.1184
79.6536
80.1774
80.6906
81.1935
81.6865
82.1702
82.6448
83.111
83.5689
84.019
84.4616
84.897
85.3256
85.7476
86.1634
86.5731
86.977
87.3754
87.7685
88.1564
88.5395
88.9178
89.2916
89.661
90.0262
90.3874
90.7447
91.0983
91.4483
91.7949
92.1383
92.4786
92.816
93.1506
93.4827
93.8123
94.1397
94.4649
94.7885
95.1104
95.431
95.7504
96.0689
96.3865
96.704
97.0213
97.3386
97.6566
97.9754
98.2952
98.6166
98.9396
99.2648
99.5923
99.9227
100.256
100.593
100.932
101.276
101.624
101.975
102.33
102.689
103.052
103.419
103.79
104.163
104.54
104.92
105.302
105.686
106.071
106.458
106.846
107.234
107.622
108.009
108.396
108.782
109.165
109.547
109.926
110.303
110.677
111.047
111.413
111.776
112.134
112.488
112.837
113.182
113.521
113.855
114.184
114.508
114.825
115.138
115.444
115.744
116.039
116.327
116.61
116.886
117.156
117.42
117.678
117.93
118.175
118.414
118.647
118.874
119.095
119.31
119.518
119.72
119.916
120.106
120.29
120.468
120.64
120.805
120.965
121.118
121.265
121.406
121.541
121.669
121.791
121.907
122.016
122.118
122.213
122.301
122.381
122.454
122.519
122.576
122.624
88.157
87.4228
86.6745
85.9119
85.1347
84.3426
83.5354
82.7128
81.8745
81.0203
80.15
79.2634
78.3603
77.4409
76.5052
75.5539
74.5875
73.6076
72.6161
71.6162
70.6129
69.6132
68.6281
67.6736
66.7731
65.9604
65.2815
64.7925
64.5458
64.5653
64.8298
65.2857
65.8734
66.5441
67.2628
68.0056
68.757
69.5069
70.2486
70.9782
71.6932
72.392
73.0741
73.7392
74.3874
75.0193
75.6349
76.2351
76.8204
77.3913
77.9486
78.4928
79.0244
79.544
80.0523
80.5495
81.0364
81.5133
81.9806
82.4388
82.8883
83.3294
83.7626
84.1881
84.6064
85.0177
85.4223
85.8206
86.2127
86.599
86.9797
87.355
87.7251
88.0903
88.4507
88.8065
89.1579
89.505
89.8481
90.1872
90.5225
90.8542
91.1824
91.5073
91.829
92.1477
92.4635
92.7765
93.087
93.3951
93.701
94.0048
94.3069
94.6073
94.9062
95.204
95.5008
95.797
96.0927
96.3883
96.684
96.9803
97.2774
97.5758
97.8757
98.1776
98.4817
98.7886
99.0985
99.4119
99.7289
100.05
100.376
100.706
101.041
101.381
101.725
102.075
102.43
102.79
103.154
103.522
103.894
104.271
104.65
105.032
105.417
105.804
106.192
106.582
106.972
107.362
107.752
108.141
108.529
108.915
109.299
109.681
110.06
110.436
110.809
111.178
111.543
111.904
112.26
112.612
112.959
113.301
113.638
113.969
114.295
114.616
114.931
115.24
115.543
115.84
116.132
116.417
116.696
116.969
117.236
117.497
117.752
118
118.242
118.478
118.708
118.932
119.149
119.36
119.566
119.764
119.957
120.144
120.324
120.498
120.666
120.828
120.983
121.132
121.274
121.411
121.54
121.663
121.779
121.888
121.99
122.085
122.172
122.251
122.323
122.385
122.439
89.2043
88.4921
87.7665
87.0274
86.2745
85.5076
84.7267
83.9314
83.1215
82.297
81.4578
80.6036
79.7347
78.8511
77.9532
77.0415
76.1172
75.1818
74.2374
73.2876
72.3375
71.3944
70.4696
69.5792
68.7464
68.0041
67.3956
66.9709
66.7722
66.8126
67.0674
67.488
68.0235
68.6324
69.2846
69.9594
70.6427
71.3256
72.002
72.6682
73.3217
73.9612
74.5859
75.1955
75.7901
76.3699
76.9353
77.4867
78.0246
78.5496
79.0621
79.5627
80.0519
80.5301
80.9979
81.4557
81.9039
82.343
82.7732
83.1951
83.609
84.0152
84.4141
84.8059
85.1911
85.5698
85.9424
86.3091
86.6701
87.0258
87.3762
87.7216
88.0623
88.3984
88.73
89.0573
89.3805
89.6998
90.0153
90.327
90.6353
90.9402
91.2418
91.5403
91.8358
92.1285
92.4184
92.7059
92.991
93.2739
93.5547
93.8336
94.1111
94.3869
94.6615
94.9351
95.2082
95.4806
95.7528
96.0253
96.2982
96.5719
96.8469
97.1236
97.4022
97.6833
97.9672
98.2546
98.5457
98.8409
99.1409
99.4459
99.7562
100.072
100.394
100.722
101.056
101.396
101.743
102.095
102.453
102.817
103.186
103.559
103.937
104.318
104.703
105.091
105.481
105.873
106.266
106.659
107.053
107.447
107.84
108.232
108.622
109.01
109.395
109.778
110.158
110.535
110.907
111.276
111.64
112.001
112.356
112.707
113.052
113.393
113.728
114.058
114.382
114.7
115.013
115.32
115.621
115.916
116.205
116.488
116.764
117.035
117.299
117.558
117.81
118.055
118.295
118.528
118.755
118.976
119.191
119.399
119.601
119.797
119.986
120.169
120.346
120.517
120.681
120.838
120.989
121.133
121.271
121.402
121.525
121.642
121.751
121.853
121.947
122.033
122.111
122.18
122.24
90.2821
89.5934
88.8922
88.1784
87.4518
86.7123
85.9598
85.1942
84.4154
83.6234
82.8182
81.9999
81.1687
80.325
79.4692
78.6024
77.7255
76.8406
75.9502
75.0579
74.1693
73.292
72.437
71.6204
70.8645
70.1996
69.6642
69.3
69.1385
69.1847
69.4142
69.7856
70.257
70.7941
71.3712
71.9704
72.5794
73.1898
73.796
74.3946
74.9829
75.5597
76.124
76.6754
77.2138
77.7394
78.2524
78.7531
79.2418
79.719
80.1852
80.6407
81.0859
81.5214
81.9473
82.3643
82.7726
83.1725
83.5646
83.949
84.3261
84.6962
85.0597
85.4167
85.7676
86.1126
86.452
86.786
87.1149
87.4387
87.7578
88.0722
88.3823
88.6881
88.9898
89.2875
89.5814
89.8717
90.1584
90.4416
90.7216
90.9984
91.2722
91.5431
91.8112
92.0766
92.3396
92.6002
92.8585
93.1149
93.3694
93.6221
93.8735
94.1234
94.3724
94.6205
94.8682
95.1155
95.3629
95.6108
95.8593
96.1091
96.3605
96.6139
96.8697
97.1286
97.3911
97.6576
97.9287
98.2048
98.4866
98.7743
99.0688
99.3699
99.6782
99.9939
100.317
100.648
100.986
101.331
101.684
102.043
102.409
102.781
103.158
103.539
103.925
104.315
104.708
105.103
105.5
105.899
106.298
106.698
107.097
107.495
107.892
108.288
108.681
109.072
109.46
109.845
110.227
110.604
110.978
111.347
111.712
112.072
112.428
112.778
113.123
113.463
113.797
114.125
114.449
114.766
115.077
115.382
115.682
115.975
116.262
116.543
116.818
117.087
117.349
117.605
117.855
118.099
118.336
118.567
118.792
119.01
119.222
119.428
119.627
119.819
120.005
120.185
120.358
120.525
120.684
120.837
120.983
121.122
121.254
121.379
121.496
121.605
121.707
121.8
121.885
121.96
122.027
91.3834
90.7196
90.0442
89.3571
88.6583
87.9478
87.2255
86.4915
85.7458
84.9885
84.2198
83.44
82.6494
81.8486
81.0384
80.2199
79.3947
78.5648
77.7332
76.9039
76.0825
75.277
74.4982
73.7612
73.0864
72.5005
72.0356
71.7243
71.5884
71.6278
71.8207
72.1338
72.5339
72.9931
73.4901
74.0096
74.5405
75.0752
75.6085
76.1368
76.6578
77.1698
77.6719
78.1634
78.6442
79.1142
79.5735
80.0221
80.4605
80.8889
81.3076
81.7169
82.1172
82.5087
82.8919
83.2671
83.6345
83.9945
84.3473
84.6932
85.0327
85.3658
85.6928
86.0141
86.3299
86.6402
86.9455
87.2459
87.5415
87.8326
88.1193
88.4018
88.6802
88.9548
89.2255
89.4925
89.7561
90.0162
90.273
90.5266
90.7772
91.0248
91.2696
91.5116
91.7511
91.9881
92.2227
92.4552
92.6857
92.9141
93.1409
93.3661
93.59
93.8127
94.0346
94.2558
94.4766
94.6974
94.9185
95.1401
95.3629
95.5871
95.8133
96.042
96.2737
96.5089
96.7484
96.9926
97.2423
97.498
97.7604
98.0301
98.3075
98.5931
98.8873
99.1905
99.5026
99.8238
100.154
100.493
100.841
101.197
101.56
101.931
102.309
102.692
103.08
103.473
103.87
104.271
104.673
105.078
105.484
105.891
106.298
106.704
107.11
107.514
107.916
108.316
108.714
109.108
109.5
109.887
110.271
110.651
111.026
111.397
111.763
112.124
112.48
112.83
113.176
113.515
113.849
114.177
114.5
114.816
115.127
115.431
115.73
116.022
116.308
116.588
116.861
117.128
117.389
117.644
117.892
118.133
118.369
118.597
118.82
119.036
119.245
119.448
119.644
119.833
120.016
120.192
120.361
120.523
120.678
120.825
120.966
121.099
121.224
121.341
121.45
121.551
121.643
121.726
121.799
92.501
91.863
91.2144
90.5551
89.8852
89.2048
88.514
87.8128
87.1016
86.3805
85.6499
84.9102
84.162
83.406
82.6435
81.8756
81.1043
80.3319
79.5616
78.7979
78.0465
77.315
76.614
75.9572
75.3624
74.8518
74.4505
74.1822
74.061
74.0844
74.2343
74.4853
74.8117
75.1915
75.6073
76.046
76.498
76.9563
77.416
77.8736
78.3265
78.7732
79.2125
79.6437
80.0663
80.4802
80.8851
81.2813
81.6688
82.0478
82.4185
82.7811
83.1358
83.483
83.8228
84.1555
84.4814
84.8007
85.1137
85.4206
85.7217
86.0171
86.3071
86.5918
86.8717
87.1467
87.417
87.6829
87.9446
88.202
88.4555
88.7052
88.9511
89.1934
89.4322
89.6676
89.8997
90.1287
90.3546
90.5775
90.7976
91.0149
91.2295
91.4416
91.6513
91.8586
92.0638
92.2669
92.468
92.6674
92.8652
93.0615
93.2566
93.4507
93.644
93.8368
94.0293
94.2219
94.4151
94.609
94.8043
95.0013
95.2007
95.403
95.6088
95.8187
96.0336
96.254
96.4809
96.7148
96.9566
97.207
97.4666
97.736
98.0156
98.3059
98.607
98.9191
99.2419
99.5753
99.919
100.273
100.635
101.007
101.386
101.772
102.165
102.563
102.966
103.372
103.783
104.195
104.609
105.025
105.441
105.857
106.273
106.687
107.1
107.51
107.919
108.324
108.726
109.125
109.52
109.911
110.298
110.681
111.058
111.431
111.798
112.161
112.518
112.869
113.215
113.555
113.889
114.218
114.54
114.857
115.167
115.471
115.769
116.06
116.345
116.624
116.896
117.162
117.422
117.675
117.921
118.161
118.394
118.621
118.841
119.054
119.261
119.46
119.653
119.839
120.018
120.189
120.354
120.511
120.66
120.802
120.935
121.061
121.178
121.287
121.386
121.476
121.557
93.6271
93.0156
92.3943
91.7634
91.1231
90.4734
89.8147
89.1472
88.4711
87.7869
87.095
86.3961
85.691
84.9806
84.2663
83.5496
82.8326
82.118
81.4092
80.7107
80.0281
79.3691
78.743
78.162
77.6411
77.1975
76.8498
76.6142
76.4989
76.5005
76.6055
76.7948
77.0495
77.3524
77.6894
78.0496
78.4246
78.8081
79.1955
79.5834
79.9694
80.3516
80.7288
81.1002
81.465
81.8231
82.1741
82.5179
82.8547
83.1843
83.507
83.8228
84.1319
84.4345
84.7308
85.0208
85.305
85.5834
85.8562
86.1236
86.3858
86.6431
86.8956
87.1434
87.3867
87.6257
87.8606
88.0914
88.3184
88.5416
88.7611
88.9771
89.1897
89.3989
89.605
89.8079
90.0077
90.2046
90.3986
90.5899
90.7785
90.9644
91.1479
91.3289
91.5077
91.6842
91.8586
92.0311
92.2018
92.3707
92.5381
92.7043
92.8691
93.0331
93.1964
93.3592
93.5219
93.6848
93.8483
94.0129
94.179
94.3471
94.5178
94.6919
94.87
95.0528
95.2413
95.4363
95.6386
95.8492
96.069
96.2989
96.5398
96.7921
97.0567
97.334
97.6241
97.9272
98.2433
98.572
98.9129
99.2654
99.6288
100.002
100.385
100.776
101.175
101.58
101.991
102.406
102.825
103.248
103.672
104.099
104.526
104.953
105.38
105.806
106.231
106.653
107.074
107.492
107.906
108.318
108.725
109.129
109.528
109.923
110.314
110.699
111.079
111.454
111.824
112.188
112.547
112.899
113.246
113.587
113.922
114.251
114.574
114.891
115.201
115.505
115.802
116.093
116.377
116.656
116.927
117.192
117.45
117.701
117.946
118.184
118.415
118.64
118.857
119.067
119.271
119.467
119.656
119.837
120.011
120.178
120.337
120.488
120.63
120.765
120.89
121.007
121.114
121.212
121.3
94.7542
94.1692
93.5754
92.9731
92.3625
91.7437
91.1172
90.4832
89.8423
89.1949
88.5416
87.8833
87.2209
86.5556
85.8887
85.2222
84.5582
83.8996
83.2499
82.6135
81.9959
81.4039
80.8462
80.3327
79.8756
79.4879
79.1824
78.9694
78.8533
78.8309
78.8923
79.0242
79.2122
79.4435
79.7068
79.993
80.2951
80.6074
80.9257
81.2466
81.5679
81.8876
82.2045
82.5175
82.8259
83.1294
83.4274
83.7198
84.0065
84.2874
84.5626
84.832
85.0959
85.3541
85.607
85.8546
86.097
86.3344
86.567
86.7949
87.0182
87.2371
87.4517
87.6623
87.8688
88.0715
88.2704
88.4657
88.6574
88.8458
89.0308
89.2125
89.3911
89.5666
89.7392
89.9088
90.0755
90.2395
90.4008
90.5595
90.7156
90.8692
91.0205
91.1694
91.3162
91.4608
91.6034
91.7441
91.8829
92.0202
92.156
92.2904
92.4237
92.5561
92.6878
92.8191
92.9503
93.0819
93.214
93.3474
93.4824
93.6197
93.7599
93.9038
94.0522
94.2059
94.3661
94.5336
94.7096
94.8952
95.0914
95.2995
95.5203
95.755
96.004
96.268
96.5475
96.8423
97.1525
97.4777
97.8173
98.1706
98.5366
98.9145
99.3032
99.7015
100.108
100.523
100.944
101.37
101.801
102.235
102.672
103.111
103.551
103.991
104.432
104.871
105.309
105.746
106.18
106.611
107.04
107.465
107.886
108.304
108.717
109.126
109.53
109.929
110.323
110.711
111.095
111.472
111.844
112.211
112.571
112.926
113.274
113.616
113.952
114.282
114.605
114.922
115.232
115.536
115.833
116.124
116.408
116.685
116.955
117.219
117.475
117.725
117.968
118.204
118.433
118.654
118.869
119.075
119.275
119.467
119.651
119.828
119.996
120.157
120.309
120.452
120.587
120.712
120.828
120.934
121.029
95.8745
95.3159
94.7495
94.1755
93.5942
93.0059
92.4111
91.8102
91.2037
90.5923
89.9767
89.3578
88.7367
88.1147
87.4934
86.8746
86.2608
85.6547
85.0599
84.4804
83.9215
83.3891
82.8906
82.4342
82.0292
81.685
81.4101
81.211
81.0895
81.043
81.0646
81.1447
81.2729
81.4395
81.6357
81.8542
82.0888
82.3347
82.5881
82.8459
83.1058
83.366
83.6251
83.8821
84.1361
84.3867
84.6333
84.8756
85.1135
85.3468
85.5754
85.7993
86.0185
86.2331
86.4431
86.6486
86.8497
87.0465
87.239
87.4275
87.612
87.7925
87.9694
88.1425
88.3121
88.4782
88.6409
88.8003
88.9565
89.1096
89.2596
89.4066
89.5507
89.6919
89.8303
89.9659
90.0989
90.2293
90.357
90.4823
90.6051
90.7255
90.8436
90.9595
91.0732
91.1848
91.2944
91.4022
91.5081
91.6124
91.7152
91.8166
91.9168
92.0161
92.1147
92.2129
92.3109
92.4092
92.5082
92.6084
92.7104
92.8148
92.9224
93.0339
93.1504
93.2728
93.4024
93.5403
93.6878
93.8463
94.0172
94.2019
94.4016
94.6174
94.8504
95.1012
95.3703
95.6577
95.9633
96.2866
96.6268
96.9831
97.3543
97.7391
98.1363
98.5445
98.9625
99.3888
99.8225
100.262
100.707
101.156
101.607
102.061
102.516
102.972
103.427
103.882
104.336
104.787
105.237
105.684
106.127
106.568
107.004
107.437
107.865
108.288
108.707
109.121
109.53
109.933
110.331
110.723
111.109
111.49
111.865
112.233
112.595
112.951
113.301
113.645
113.982
114.312
114.636
114.953
115.264
115.567
115.864
116.154
116.437
116.714
116.983
117.245
117.5
117.748
117.988
118.221
118.447
118.665
118.876
119.079
119.274
119.461
119.639
119.81
119.971
120.124
120.268
120.402
120.526
120.641
120.744
96.9807
96.448
95.9084
95.362
94.8093
94.2508
93.6867
93.1177
92.5444
91.9676
91.388
90.8066
90.2247
89.6435
89.0648
88.4904
87.9227
87.3644
86.8189
86.2899
85.7821
85.3006
84.8514
84.441
84.0765
83.7643
83.5101
83.3176
83.1877
83.1182
83.104
83.1384
83.214
83.3233
83.4595
83.6168
83.79
83.975
84.1684
84.3674
84.5699
84.774
84.9785
85.1822
85.3844
85.5843
85.7815
85.9755
86.1662
86.3533
86.5367
86.7162
86.8919
87.0637
87.2316
87.3958
87.5561
87.7128
87.8658
88.0152
88.1611
88.3036
88.4427
88.5786
88.7112
88.8407
88.9671
89.0905
89.211
89.3285
89.4432
89.5551
89.6642
89.7706
89.8744
89.9756
90.0741
90.1702
90.2637
90.3548
90.4436
90.53
90.614
90.6959
90.7756
90.8532
90.9287
91.0024
91.0742
91.1442
91.2127
91.2797
91.3454
91.4101
91.4739
91.5372
91.6003
91.6635
91.7274
91.7924
91.8592
91.9285
92.001
92.0778
92.1599
92.2485
92.3449
92.4506
92.5672
92.6964
92.8398
92.9992
93.1762
93.3723
93.5886
93.8262
94.0855
94.3667
94.6694
94.993
95.3364
95.6984
96.0777
96.4726
96.8815
97.3029
97.7351
98.1767
98.6262
99.0823
99.5438
100.01
100.478
100.95
101.422
101.895
102.368
102.84
103.311
103.78
104.246
104.71
105.171
105.627
106.08
106.529
106.973
107.413
107.848
108.277
108.702
109.12
109.534
109.941
110.343
110.738
111.128
111.511
111.888
112.259
112.623
112.981
113.332
113.677
114.015
114.346
114.67
114.988
115.298
115.601
115.898
116.187
116.469
116.744
117.011
117.271
117.524
117.769
118.007
118.237
118.459
118.673
118.879
119.076
119.266
119.446
119.618
119.78
119.934
120.077
120.211
120.334
120.446
98.066
97.5584
97.0447
96.525
95.9998
95.4696
94.935
94.3964
93.8546
93.3103
92.7646
92.2183
91.6727
91.1292
90.5894
90.0553
89.529
89.0132
88.5108
88.0253
87.5606
87.1211
86.7115
86.337
86.0025
85.7127
85.4711
85.2801
85.1398
85.0484
85.0023
84.9966
85.0261
85.0849
85.168
85.2706
85.3884
85.518
85.6565
85.8013
85.9504
86.1022
86.2555
86.409
86.562
86.7138
86.8638
87.0116
87.1569
87.2995
87.4391
87.5757
87.7091
87.8393
87.9662
88.0899
88.2104
88.3277
88.4417
88.5527
88.6605
88.7653
88.867
88.9658
89.0617
89.1547
89.2448
89.3322
89.4168
89.4987
89.5778
89.6544
89.7283
89.7996
89.8683
89.9345
89.9982
90.0593
90.1181
90.1744
90.2283
90.2799
90.3292
90.3762
90.4209
90.4635
90.504
90.5424
90.5788
90.6134
90.6462
90.6774
90.7071
90.7356
90.763
90.7896
90.8159
90.842
90.8687
90.8962
90.9256
90.9573
90.9922
91.0316
91.0765
91.1284
91.1887
91.2593
91.3421
91.4391
91.5525
91.6844
91.8369
92.012
92.2112
92.4357
92.6862
92.9626
93.2646
93.5913
93.9411
94.3124
94.7035
95.1123
95.5369
95.9752
96.4253
96.8858
97.3546
97.8304
98.3118
98.7977
99.2867
99.7779
100.27
100.763
101.256
101.747
102.237
102.725
103.21
103.692
104.171
104.646
105.117
105.583
106.045
106.501
106.953
107.399
107.84
108.276
108.705
109.129
109.546
109.958
110.363
110.762
111.154
111.54
111.919
112.292
112.658
113.017
113.37
113.715
114.054
114.385
114.71
115.027
115.337
115.639
115.935
116.223
116.503
116.776
117.041
117.299
117.549
117.791
118.024
118.25
118.467
118.676
118.876
119.067
119.249
119.422
119.585
119.738
119.881
120.013
120.134
99.124
98.6405
98.1515
97.6572
97.1582
96.6549
96.148
95.638
95.1256
94.6117
94.0972
93.5831
93.0707
92.5613
92.0564
91.5581
91.0682
90.5892
90.1236
89.6746
89.2454
88.8397
88.461
88.1134
87.8003
87.5252
87.2903
87.0968
86.9448
86.8327
86.758
86.7171
86.7059
86.7204
86.7564
86.8101
86.8782
86.9577
87.0461
87.1411
87.241
87.3442
87.4496
87.556
87.6627
87.7689
87.8741
87.9779
88.0799
88.1797
88.2773
88.3725
88.465
88.5548
88.642
88.7263
88.8079
88.8866
88.9625
89.0357
89.106
89.1736
89.2384
89.3005
89.3599
89.4167
89.4707
89.5222
89.5709
89.6171
89.6607
89.7018
89.7402
89.7762
89.8096
89.8404
89.8688
89.8947
89.9181
89.9391
89.9576
89.9737
89.9874
89.9987
90.0076
90.0142
90.0186
90.0207
90.0206
90.0185
90.0143
90.0082
90.0004
89.9911
89.9803
89.9685
89.9559
89.9429
89.9301
89.9179
89.9071
89.8986
89.8932
89.8921
89.8967
89.9086
89.9295
89.9615
90.0071
90.0686
90.1488
90.2506
90.3766
90.5292
90.7106
90.9223
91.1651
91.439
91.7433
92.0766
92.4369
92.822
93.2294
93.6567
94.1013
94.5611
95.0336
95.5167
96.0088
96.5079
97.0128
97.5217
98.0336
98.5477
99.0626
99.5778
100.092
100.605
101.116
101.625
102.13
102.633
103.131
103.625
104.115
104.6
105.081
105.556
106.025
106.49
106.948
107.4
107.847
108.288
108.722
109.15
109.571
109.986
110.395
110.796
111.191
111.58
111.961
112.335
112.702
113.063
113.416
113.762
114.101
114.432
114.756
115.072
115.382
115.683
115.977
116.263
116.541
116.811
117.073
117.328
117.573
117.811
118.04
118.26
118.471
118.673
118.866
119.049
119.222
119.385
119.537
119.679
119.808
100.149
99.6886
99.2229
98.7526
98.2781
97.8
97.3189
96.8353
96.3501
95.864
95.3779
94.893
94.4104
93.9313
93.4573
92.9902
92.5316
92.0839
91.6492
91.2302
90.8296
90.4502
90.095
89.767
89.4686
89.2022
88.9693
88.7707
88.6062
88.4746
88.3739
88.3016
88.2546
88.2298
88.2239
88.2341
88.2574
88.2916
88.3343
88.3836
88.4381
88.4963
88.5571
88.6194
88.6826
88.7458
88.8086
88.8706
88.9312
88.9903
89.0476
89.1029
89.1561
89.2069
89.2555
89.3016
89.3453
89.3865
89.4252
89.4613
89.4949
89.5259
89.5544
89.5803
89.6036
89.6244
89.6427
89.6584
89.6715
89.6821
89.6902
89.6957
89.6986
89.6991
89.6969
89.6923
89.685
89.6753
89.6629
89.648
89.6306
89.6106
89.588
89.5629
89.5352
89.505
89.4722
89.437
89.3992
89.3592
89.3166
89.2719
89.225
89.1762
89.1254
89.0732
89.0198
88.9654
88.9108
88.8564
88.8027
88.751
88.7021
88.6572
88.618
88.5861
88.5638
88.5533
88.5576
88.5797
88.6231
88.6912
88.7878
88.9162
89.0793
89.2787
89.5157
89.7901
90.1004
90.4449
90.8208
91.225
91.6543
92.1055
92.5756
93.0617
93.5612
94.0717
94.591
95.1175
95.6492
96.1847
96.7229
97.2626
97.8026
98.3424
98.8808
99.4175
99.9516
100.483
101.01
101.534
102.054
102.569
103.079
103.585
104.084
104.579
105.068
105.55
106.027
106.498
106.962
107.42
107.872
108.317
108.755
109.187
109.612
110.03
110.441
110.845
111.242
111.632
112.015
112.39
112.758
113.119
113.472
113.818
114.157
114.487
114.81
115.126
115.433
115.732
116.024
116.307
116.582
116.848
117.107
117.356
117.597
117.829
118.051
118.265
118.468
118.662
118.846
119.019
119.181
119.332
119.471
101.137
100.698
100.254
99.8058
99.3542
98.8994
98.4419
97.9827
97.5221
97.0612
96.6007
96.1419
95.6855
95.2331
94.786
94.3455
93.9136
93.4919
93.0826
92.6878
92.3095
91.9504
91.6125
91.2981
91.009
90.747
90.5129
90.3073
90.1298
89.9796
89.8553
89.7548
89.6758
89.6158
89.5726
89.5436
89.5266
89.5196
89.5206
89.5282
89.5408
89.5573
89.5765
89.5977
89.62
89.6427
89.6655
89.6877
89.709
89.7292
89.748
89.7651
89.7804
89.7937
89.805
89.8141
89.8211
89.8257
89.8281
89.828
89.8256
89.8208
89.8135
89.8038
89.7916
89.7769
89.7597
89.74
89.7178
89.693
89.6657
89.6357
89.6032
89.5681
89.5304
89.49
89.447
89.4012
89.3528
89.3017
89.2478
89.1912
89.1317
89.0695
89.0044
88.9365
88.8658
88.7921
88.7156
88.6363
88.5542
88.4693
88.3818
88.2918
88.1993
88.1047
88.0084
87.9104
87.8115
87.7119
87.6128
87.5147
87.4189
87.3266
87.2397
87.1598
87.0897
87.0321
86.9901
86.9681
86.97
87.0005
87.0646
87.1667
87.3105
87.4986
87.7322
88.0108
88.3325
88.6941
89.0919
89.5217
89.9794
90.4608
90.9623
91.4804
92.0121
92.5547
93.1058
93.6635
94.2259
94.7914
95.359
95.9269
96.4948
97.0616
97.6264
98.1887
98.7476
99.3033
99.8547
100.402
100.944
101.481
102.013
102.539
103.06
103.574
104.083
104.585
105.081
105.57
106.053
106.529
106.999
107.462
107.917
108.366
108.808
109.243
109.67
110.091
110.504
110.91
111.308
111.699
112.083
112.458
112.827
113.187
113.54
113.885
114.223
114.552
114.873
115.186
115.491
115.787
116.075
116.355
116.625
116.887
117.14
117.384
117.618
117.843
118.058
118.262
118.456
118.64
118.812
118.972
119.121
102.082
101.663
101.24
100.812
100.382
99.9483
99.5126
99.0753
98.637
98.1986
97.7609
97.3249
96.8917
96.4623
96.0381
95.6204
95.2106
94.8105
94.4216
94.0458
93.6849
93.3408
93.0151
92.7097
92.4259
92.1648
91.9271
91.7131
91.5226
91.3547
91.2085
91.0823
90.9744
90.883
90.8061
90.7417
90.6882
90.6436
90.6066
90.5758
90.5498
90.5276
90.5082
90.4908
90.4748
90.4595
90.4443
90.4289
90.413
90.3961
90.378
90.3585
90.3374
90.3147
90.29
90.2634
90.2347
90.2039
90.1709
90.1357
90.0981
90.0582
90.0159
89.9712
89.9241
89.8744
89.8223
89.7676
89.7103
89.6504
89.5879
89.5228
89.4549
89.3843
89.311
89.2349
89.1559
89.0741
88.9894
88.9017
88.811
88.7173
88.6205
88.5206
88.4174
88.3111
88.2014
88.0884
87.9721
87.8525
87.7294
87.603
87.4734
87.3405
87.2045
87.0657
86.9242
86.7802
86.6344
86.4873
86.3394
86.1917
86.0453
85.9019
85.7628
85.6305
85.5075
85.3972
85.3038
85.2317
85.1867
85.1746
85.202
85.2749
85.3987
85.5768
85.8105
86.0987
86.4382
86.8245
87.252
87.7152
88.2088
88.7274
89.2668
89.8229
90.3922
90.972
91.5593
92.1523
92.749
93.3478
93.9475
94.5469
95.145
95.741
96.3342
96.9239
97.5097
98.0911
98.6677
99.2391
99.8051
100.365
100.92
101.468
102.01
102.546
103.075
103.597
104.113
104.622
105.124
105.618
106.106
106.587
107.061
107.527
107.986
108.438
108.882
109.319
109.749
110.171
110.585
110.992
111.391
111.782
112.166
112.541
112.909
113.269
113.62
113.964
114.299
114.626
114.944
115.254
115.555
115.847
116.131
116.405
116.67
116.926
117.172
117.408
117.634
117.85
118.055
118.249
118.431
118.602
118.76
102.983
102.582
102.177
101.769
101.358
100.944
100.527
100.11
99.6914
99.2729
98.8553
98.4393
98.026
97.6164
97.2115
96.8127
96.4212
96.0384
95.6657
95.3048
94.9569
94.6236
94.3062
94.0062
93.7244
93.4618
93.2188
92.9955
92.7918
92.6071
92.4404
92.2908
92.1567
92.0366
91.9292
91.8328
91.7459
91.6671
91.5952
91.5289
91.4672
91.409
91.3537
91.3003
91.2483
91.1972
91.1463
91.0953
91.0439
90.9917
90.9385
90.884
90.8281
90.7706
90.7113
90.6502
90.5871
90.5219
90.4546
90.3851
90.3133
90.2392
90.1627
90.0837
90.0022
89.9183
89.8317
89.7425
89.6507
89.5561
89.4588
89.3587
89.2558
89.1499
89.0411
88.9293
88.8145
88.6965
88.5754
88.451
88.3233
88.1922
88.0576
87.9194
87.7777
87.6322
87.4828
87.3297
87.1727
87.0116
86.8466
86.6772
86.504
86.3268
86.1456
85.9605
85.7718
85.5797
85.3846
85.1869
84.9873
84.7867
84.5862
84.3874
84.1917
84.0018
83.8205
83.6518
83.5005
83.3719
83.2733
83.2124
83.198
83.2384
83.3413
83.5114
83.7499
84.0547
84.4206
84.8404
85.3069
85.8123
86.35
86.9134
87.4977
88.0979
88.7105
89.332
89.9599
90.5922
91.2267
91.8618
92.4967
93.1298
93.7603
94.3875
95.0111
95.6299
96.2438
96.8524
97.4552
98.0521
98.6429
99.2275
99.8053
100.376
100.941
101.498
102.048
102.591
103.127
103.656
104.177
104.691
105.198
105.697
106.189
106.673
107.149
107.619
108.08
108.533
108.98
109.418
109.848
110.271
110.686
111.092
111.491
111.882
112.264
112.639
113.005
113.362
113.712
114.052
114.384
114.708
115.022
115.328
115.624
115.911
116.189
116.456
116.715
116.962
117.2
117.427
117.643
117.847
118.04
118.22
118.388
103.835
103.452
103.064
102.673
102.279
101.882
101.484
101.084
100.683
100.282
99.8818
99.4831
99.0869
98.6939
98.3052
97.922
97.5454
97.1764
96.8164
96.4666
96.1281
95.8022
95.4901
95.1926
94.9105
94.6445
94.3949
94.1618
93.945
93.7442
93.5585
93.387
93.2289
93.0827
92.9473
92.8216
92.7042
92.5941
92.49
92.391
92.2962
92.2047
92.1157
92.0287
91.943
91.858
91.7734
91.6888
91.6037
91.518
91.4312
91.3433
91.254
91.1632
91.0706
90.9762
90.8799
90.7815
90.681
90.5782
90.4732
90.3657
90.2558
90.1434
90.0285
89.9108
89.7905
89.6675
89.5416
89.4129
89.2813
89.1466
89.0089
88.8681
88.7242
88.5769
88.4263
88.2723
88.1147
87.9536
87.7887
87.62
87.4474
87.2707
87.0899
86.9048
86.7153
86.5212
86.3227
86.1192
85.9111
85.6981
85.4799
85.257
85.029
84.7959
84.5582
84.3159
84.0691
83.8184
83.5643
83.3073
83.049
82.7906
82.5338
82.2813
82.0361
81.8027
81.5864
81.3941
81.2345
81.1177
81.0553
81.0596
81.1407
81.3056
81.5554
81.8857
82.288
82.7523
83.268
83.8253
84.4155
85.0316
85.6673
86.3175
86.9784
87.6465
88.3189
88.9938
89.6689
90.3433
91.0153
91.6843
92.3491
93.0095
93.6644
94.3136
94.9569
95.5937
96.2241
96.8473
97.4636
98.0727
98.6747
99.269
99.856
100.435
101.007
101.571
102.128
102.677
103.218
103.751
104.277
104.795
105.304
105.807
106.301
106.787
107.266
107.736
108.199
108.653
109.1
109.539
109.969
110.391
110.805
111.211
111.609
111.998
112.378
112.75
113.114
113.468
113.814
114.151
114.479
114.797
115.107
115.406
115.696
115.976
116.246
116.506
116.755
116.993
117.22
117.435
117.638
117.829
118.007
104.638
104.27
103.898
103.522
103.144
102.763
102.38
101.996
101.61
101.225
100.84
100.456
100.074
99.6949
99.3196
98.9491
98.5843
98.2261
97.8758
97.5342
97.2023
96.8811
96.5715
96.2744
95.9902
95.7195
95.4624
95.2192
94.9896
94.7732
94.5696
94.378
94.1975
94.0273
93.8664
93.7137
93.5683
93.4291
93.2954
93.1661
93.0406
92.918
92.7977
92.6791
92.5618
92.4451
92.3286
92.2121
92.0952
91.9775
91.8589
91.739
91.6178
91.4951
91.3706
91.2442
91.1159
90.9854
90.8528
90.7179
90.5805
90.4407
90.2984
90.1534
90.0058
89.8553
89.702
89.5458
89.3866
89.2243
89.0589
88.8903
88.7184
88.5431
88.3642
88.1819
87.9958
87.8059
87.6122
87.4144
87.2124
87.0061
86.7953
86.58
86.3599
86.135
85.9048
85.6694
85.4289
85.1825
84.9304
84.6727
84.4088
84.1391
83.8629
83.5808
83.2923
82.998
82.6977
82.3914
82.0802
81.7646
81.4449
81.1233
80.8014
80.4811
80.1668
79.8626
79.5747
79.3113
79.0825
78.902
78.7851
78.7485
78.8075
78.9713
79.2405
79.6069
80.0575
80.5776
81.1532
81.7718
82.4231
83.0987
83.7917
84.4971
85.2107
85.9289
86.6492
87.3694
88.0876
88.803
89.5143
90.2203
90.921
91.6154
92.3028
92.9836
93.657
94.3226
94.9809
95.631
96.2735
96.9077
97.534
98.152
98.7621
99.3638
99.9575
100.543
101.12
101.689
102.25
102.803
103.347
103.884
104.412
104.932
105.444
105.947
106.443
106.93
107.41
107.881
108.343
108.798
109.244
109.682
110.111
110.532
110.944
111.348
111.743
112.129
112.507
112.875
113.235
113.585
113.926
114.258
114.58
114.892
115.195
115.487
115.769
116.041
116.301
116.551
116.789
117.015
117.228
117.429
117.617
105.389
105.035
104.677
104.316
103.952
103.585
103.216
102.845
102.473
102.101
101.728
101.357
100.987
100.62
100.256
99.8954
99.5399
99.1901
98.8468
98.5109
98.1833
97.8647
97.5558
97.2574
96.9697
96.6933
96.4283
96.1747
95.9325
95.7013
95.4808
95.2703
95.0692
94.8767
94.6922
94.5146
94.3433
94.1774
94.0162
93.8588
93.7047
93.5532
93.4036
93.2555
93.1083
92.9617
92.8153
92.6687
92.5215
92.3736
92.2246
92.0744
91.9227
91.7694
91.6143
91.4572
91.2981
91.1369
90.9733
90.8073
90.6388
90.4677
90.2939
90.1173
89.9378
89.7554
89.57
89.3814
89.1897
88.9946
88.7961
88.5941
88.3886
88.1793
87.9662
87.7492
87.5281
87.3028
87.0731
86.839
86.6001
86.3564
86.1077
85.8538
85.5944
85.3294
85.0586
84.7818
84.4989
84.2093
83.9131
83.61
83.2997
82.9825
82.6576
82.3251
81.9852
81.6373
81.2816
80.9188
80.5483
80.1715
79.7883
79.4008
79.0098
78.6188
78.2304
77.8503
77.4846
77.1434
76.8389
76.5871
76.4093
76.3281
76.365
76.533
76.8308
77.2449
77.7557
78.3429
78.988
79.6761
80.3952
81.136
81.8913
82.6556
83.4248
84.1957
84.9657
85.733
86.496
87.2536
88.005
88.7494
89.4863
90.2153
90.9362
91.6486
92.3521
93.0472
93.7335
94.4109
95.0792
95.7389
96.3897
97.0316
97.6643
98.2886
98.904
99.5105
100.108
100.698
101.278
101.85
102.414
102.969
103.515
104.053
104.582
105.103
105.616
106.12
106.615
107.102
107.581
108.051
108.513
108.966
109.41
109.846
110.273
110.691
111.101
111.501
111.893
112.275
112.648
113.012
113.366
113.711
114.046
114.371
114.686
114.99
115.284
115.567
115.84
116.1
116.349
116.586
116.81
117.021
117.218
106.088
105.747
105.402
105.053
104.702
104.347
103.99
103.631
103.271
102.91
102.549
102.188
101.829
101.471
101.115
100.763
100.415
100.071
99.733
99.4009
99.0757
98.758
98.4483
98.1472
97.8551
97.5724
97.299
97.0351
96.7805
96.5352
96.2986
96.0704
95.8501
95.637
95.4306
95.23
95.0347
94.844
94.6573
94.4738
94.2931
94.1145
93.9375
93.7617
93.5867
93.412
93.2372
93.0621
92.8864
92.7098
92.532
92.3528
92.1721
91.9897
91.8053
91.6189
91.4303
91.2394
91.0461
90.8502
90.6516
90.4503
90.2461
90.039
89.8288
89.6154
89.3987
89.1787
88.9553
88.7282
88.4975
88.2629
88.0245
87.782
87.5353
87.2843
87.0287
86.7686
86.5035
86.2335
85.9582
85.6775
85.3912
85.099
84.8006
84.496
84.1847
83.8665
83.5412
83.2085
82.8681
82.5197
82.163
81.7978
81.4238
81.0407
80.6484
80.2466
79.8352
79.4142
78.9841
78.5445
78.0964
77.6408
77.1798
76.7148
76.25
75.7907
75.3437
74.9197
74.5341
74.2062
73.963
73.8348
73.8516
74.0299
74.366
74.8388
75.42
76.083
76.8051
77.5684
78.3596
79.1692
79.9891
80.8142
81.6408
82.4653
83.2858
84.1006
84.9085
85.7089
86.5005
87.283
88.0562
88.8198
89.5736
90.3176
91.0516
91.7757
92.4898
93.1941
93.8886
94.5732
95.2481
95.9135
96.5692
97.2155
97.8524
98.4797
99.098
99.7072
100.307
100.898
101.48
102.053
102.618
103.173
103.72
104.258
104.787
105.307
105.819
106.322
106.816
107.302
107.779
108.247
108.706
109.157
109.598
110.031
110.454
110.869
111.274
111.67
112.056
112.433
112.801
113.158
113.506
113.843
114.171
114.487
114.793
115.088
115.371
115.643
115.903
116.151
116.385
116.606
116.814
106.734
106.405
106.071
105.734
105.394
105.05
104.704
104.355
104.005
103.654
103.302
102.951
102.599
102.249
101.901
101.555
101.212
100.873
100.538
100.208
99.8839
99.5657
99.2541
98.9496
98.6523
98.3627
98.0808
97.8066
97.5402
97.2812
97.0295
96.7848
96.5465
96.3142
96.0873
95.8654
95.6479
95.4342
95.2237
95.0159
94.8104
94.6066
94.404
94.2023
94.0011
93.7999
93.5985
93.3966
93.1938
92.99
92.7849
92.5783
92.37
92.1598
91.9475
91.7331
91.5163
91.2971
91.0752
90.8507
90.6232
90.3929
90.1594
89.9228
89.6829
89.4396
89.1927
88.9423
88.6881
88.43
88.1679
87.9017
87.6313
87.3564
87.0769
86.7926
86.5034
86.2091
85.9094
85.6041
85.2931
84.976
84.6527
84.3228
83.9859
83.6419
83.2907
82.9317
82.5647
82.1889
81.8047
81.4114
81.0086
80.5959
80.1728
79.7394
79.2951
78.8395
78.3725
77.8938
77.4033
76.9013
76.3882
75.8648
75.3326
74.7938
74.252
73.713
73.1836
72.6761
72.2075
71.8019
71.4925
71.3183
71.3185
71.5143
71.8974
72.4373
73.0959
73.8399
74.6422
75.4826
76.3473
77.2253
78.11
78.9955
79.8786
80.7561
81.6267
82.4882
83.3402
84.1823
85.0132
85.8335
86.6421
87.4395
88.2256
89.0007
89.7643
90.5167
91.2581
91.9889
92.7086
93.4176
94.1162
94.8043
95.4822
96.15
96.8078
97.4561
98.0942
98.7228
99.3418
99.9513
100.552
101.142
101.724
102.296
102.86
103.414
103.96
104.496
105.024
105.543
106.052
106.553
107.045
107.528
108.001
108.466
108.922
109.368
109.806
110.234
110.653
111.062
111.462
111.852
112.232
112.602
112.962
113.312
113.651
113.98
114.297
114.603
114.898
115.181
115.452
115.71
115.955
116.186
116.403
107.328
107.009
106.686
106.359
106.028
105.694
105.357
105.018
104.677
104.334
103.99
103.646
103.301
102.957
102.615
102.274
101.935
101.599
101.266
100.937
100.612
100.293
99.9784
99.6697
99.3669
99.0701
98.7797
98.4954
98.2174
97.9456
97.6796
97.4192
97.1641
96.9138
96.6681
96.4263
96.1881
95.953
95.7204
95.49
95.2614
95.034
94.8075
94.5815
94.3557
94.1297
93.9032
93.676
93.4478
93.2183
92.9874
92.7547
92.5202
92.2837
92.0449
91.8038
91.5601
91.3138
91.0647
90.8127
90.5577
90.2994
90.0379
89.773
89.5045
89.2324
88.9565
88.6767
88.3928
88.1048
87.8124
87.5156
87.2141
86.9078
86.5964
86.2799
85.9579
85.6303
85.2969
84.9573
84.6114
84.2587
83.8992
83.5324
83.1581
82.7757
82.385
81.986
81.5776
81.1602
80.7331
80.2953
79.8472
79.3877
78.9169
78.4341
77.9383
77.43
76.9084
76.373
75.8233
75.2601
74.6834
74.0937
73.4924
72.8816
72.265
71.648
71.0384
70.4503
69.9022
69.4225
69.0503
68.8354
68.8257
69.0463
69.4835
70.095
70.8332
71.6578
72.5385
73.4536
74.3887
75.3329
76.2792
77.2223
78.1593
79.0877
80.0053
80.9118
81.8059
82.6877
83.5566
84.4123
85.2553
86.0851
86.9024
87.7068
88.499
89.2786
90.0465
90.8022
91.5462
92.279
93.0003
93.7105
94.41
95.0986
95.7766
96.4444
97.1018
97.749
98.3863
99.014
99.6316
100.24
100.838
101.427
102.007
102.577
103.139
103.691
104.234
104.767
105.292
105.807
106.313
106.81
107.298
107.777
108.247
108.707
109.158
109.599
110.031
110.453
110.866
111.268
111.661
112.044
112.416
112.778
113.129
113.469
113.798
114.116
114.421
114.715
114.996
115.265
115.52
115.761
115.988
107.87
107.561
107.247
106.929
106.607
106.281
105.952
105.621
105.287
104.951
104.614
104.276
103.937
103.598
103.26
102.922
102.586
102.252
101.92
101.591
101.266
100.944
100.626
100.313
100.004
99.7002
99.4012
99.1072
98.8181
98.5339
98.2544
97.9793
97.7085
97.4415
97.1781
96.9179
96.6604
96.4054
96.1523
95.9009
95.6507
95.4013
95.1524
94.9037
94.6549
94.4056
94.1556
93.9046
93.6524
93.3987
93.1433
92.8861
92.6268
92.3653
92.1014
91.8349
91.5657
91.2937
91.0187
90.7405
90.4591
90.1742
89.8859
89.5939
89.2981
88.9983
88.6946
88.3866
88.0742
87.7573
87.4358
87.1094
86.778
86.4413
86.0992
85.7514
85.3978
85.0381
84.6719
84.2991
83.9193
83.5322
83.1375
82.7349
82.3238
81.9045
81.4757
81.0375
80.5894
80.1313
79.662
79.1814
78.6894
78.1846
77.6673
77.1362
76.5914
76.0316
75.4572
74.8667
74.2609
73.6386
73.001
72.3481
71.6808
71.0021
70.3153
69.6255
68.943
68.2812
67.6615
67.1157
66.6906
66.4444
66.4344
66.6876
67.1823
67.8647
68.6783
69.5778
70.5304
71.514
72.513
73.5172
74.5197
75.5157
76.5022
77.4769
78.4386
79.3865
80.3194
81.2382
82.1422
83.0316
83.9064
84.7665
85.6129
86.4454
87.2639
88.0696
88.8622
89.6416
90.409
91.1641
91.9069
92.6383
93.3578
94.0664
94.7636
95.4502
96.1258
96.7912
97.4459
98.0903
98.725
99.3495
99.9644
100.569
101.165
101.75
102.327
102.893
103.451
103.999
104.538
105.067
105.587
106.098
106.6
107.092
107.575
108.048
108.512
108.966
109.411
109.846
110.271
110.686
111.091
111.485
111.869
112.243
112.605
112.957
113.297
113.626
113.942
114.247
114.539
114.817
115.082
115.333
115.57
108.36
108.059
107.754
107.444
107.129
106.811
106.49
106.165
105.838
105.508
105.177
104.843
104.509
104.174
103.839
103.504
103.17
102.837
102.505
102.175
101.848
101.524
101.202
100.884
100.569
100.258
99.9506
99.6471
99.3475
99.0516
98.7593
98.4705
98.185
97.9024
97.6226
97.3451
97.0698
96.7962
96.5241
96.253
95.9827
95.7128
95.4431
95.1732
94.9028
94.6317
94.3596
94.0863
93.8116
93.5351
93.2568
92.9763
92.6937
92.4086
92.1209
91.8304
91.537
91.2406
90.9409
90.6379
90.3314
90.0213
89.7073
89.3895
89.0676
88.7416
88.4111
88.0762
87.7365
87.3921
87.0426
86.6878
86.3277
85.9619
85.5903
85.2126
84.8285
84.4377
84.0401
83.6352
83.2228
82.8025
82.374
81.9368
81.4907
81.0351
80.5698
80.0941
79.6077
79.1104
78.601
78.0793
77.5446
76.9965
76.4343
75.8577
75.2654
74.657
74.0326
73.3904
72.7307
72.0538
71.3588
70.6468
69.9195
69.1782
68.4279
67.6737
66.9266
66.2009
65.5217
64.9242
64.4603
64.1975
64.1993
64.4915
65.043
65.7902
66.6703
67.6343
68.6486
69.6904
70.7448
71.8008
72.8521
73.8941
74.924
75.9398
76.9404
77.925
78.8934
79.8459
80.7817
81.7009
82.6047
83.4929
84.3659
85.224
86.0676
86.8969
87.7124
88.5144
89.3031
90.0786
90.8419
91.5928
92.3317
93.0585
93.774
94.4782
95.171
95.8532
96.5247
97.1852
97.8358
98.476
99.1059
99.726
100.336
100.936
101.527
102.108
102.679
103.241
103.794
104.337
104.87
105.394
105.909
106.414
106.909
107.395
107.872
108.338
108.795
109.242
109.679
110.106
110.522
110.928
111.324
111.709
112.083
112.445
112.796
113.136
113.463
113.778
114.08
114.368
114.643
114.903
115.149
108.8
108.507
108.208
107.905
107.598
107.287
106.971
106.653
106.331
106.006
105.679
105.35
105.02
104.688
104.355
104.022
103.689
103.356
103.024
102.693
102.364
102.036
101.71
101.387
101.066
100.748
100.433
100.12
99.8106
99.5036
99.1994
98.8977
98.5984
98.3013
98.0062
97.7128
97.4208
97.13
96.8401
96.5508
96.2619
95.9729
95.6837
95.394
95.1035
94.8121
94.5193
94.2251
93.9292
93.6313
93.3314
93.0292
92.7245
92.4172
92.1071
91.794
91.4777
91.1582
90.8353
90.5087
90.1785
89.8443
89.5062
89.1638
88.8172
88.466
88.1102
87.7496
87.384
87.0132
86.6371
86.2553
85.8678
85.4742
85.0743
84.6679
84.2547
83.8343
83.4066
82.9711
82.5275
82.0754
81.6145
81.1444
80.6646
80.1749
79.6745
79.1632
78.6399
78.1049
77.5573
76.9965
76.4218
75.8327
75.2283
74.6082
73.9715
73.3175
72.6458
71.956
71.247
70.5189
69.772
69.0068
68.2249
67.4292
66.623
65.8137
65.013
64.2365
63.5113
62.8781
62.3934
62.131
62.1574
62.4928
63.0969
63.8993
64.8331
65.8494
66.913
68.0022
69.1008
70.1992
71.2912
72.3716
73.438
74.4892
75.523
76.5394
77.5382
78.5198
79.4835
80.4299
81.3594
82.2724
83.1697
84.0508
84.9165
85.7674
86.6036
87.4257
88.2341
89.0289
89.8106
90.5796
91.336
92.0802
92.8124
93.533
94.242
94.9399
95.6264
96.3023
96.9676
97.6224
98.2668
98.901
99.5249
100.139
100.743
101.338
101.922
102.497
103.062
103.618
104.164
104.701
105.227
105.745
106.252
106.75
107.238
107.717
108.185
108.644
109.092
109.53
109.958
110.376
110.782
111.178
111.562
111.936
112.297
112.647
112.984
113.309
113.621
113.919
114.203
114.473
114.727
109.19
108.903
108.612
108.315
108.014
107.709
107.399
107.085
106.768
106.448
106.125
105.799
105.472
105.142
104.811
104.479
104.147
103.814
103.481
103.148
102.816
102.485
102.156
101.827
101.501
101.176
100.853
100.531
100.212
99.8947
99.5792
99.2655
98.9534
98.6428
98.3335
98.0252
97.7178
97.4111
97.1047
96.7985
96.4921
96.1855
95.8782
95.57
95.2608
94.9503
94.6383
94.3245
94.0088
93.691
93.3709
93.0482
92.7229
92.3947
92.0635
91.7291
91.3913
91.0501
90.7052
90.3564
90.0037
89.6469
89.2859
88.9204
88.5502
88.1754
87.7956
87.4106
87.0204
86.6246
86.2232
85.8158
85.4022
84.9821
84.5555
84.1218
83.6809
83.2324
82.776
82.3114
81.8382
81.3559
80.8643
80.3629
79.8513
79.329
78.7952
78.2502
77.6924
77.1222
76.5387
75.9411
75.3285
74.7009
74.0573
73.397
72.7192
72.0227
71.3079
70.5738
69.8199
69.0462
68.2529
67.4408
66.6116
65.7683
64.9156
64.0613
63.2176
62.4034
61.6483
60.9952
60.5075
60.262
60.3236
60.7043
61.3553
62.2022
63.178
64.233
65.3343
66.459
67.5916
68.7233
69.8465
70.9578
72.0536
73.1331
74.1942
75.2375
76.2618
77.268
78.2554
79.2252
80.177
81.1115
82.0295
82.9308
83.8166
84.6865
85.5412
86.3813
87.2076
88.0195
88.8179
89.6031
90.3754
91.1355
91.883
92.6185
93.3422
94.0544
94.7553
95.4451
96.124
96.7922
97.4499
98.0971
98.7341
99.361
99.9777
100.585
101.181
101.769
102.346
102.914
103.472
104.02
104.558
105.087
105.606
106.115
106.615
107.104
107.584
108.053
108.513
108.962
109.4
109.828
110.245
110.651
111.046
111.429
111.801
112.16
112.508
112.842
113.163
113.471
113.764
114.043
114.306
109.531
109.251
108.965
108.675
108.379
108.079
107.774
107.465
107.152
106.835
106.515
106.193
105.867
105.54
105.21
104.879
104.546
104.213
103.879
103.544
103.21
102.876
102.542
102.208
101.876
101.544
101.214
100.884
100.556
100.229
99.9031
99.5782
99.2542
98.931
98.6085
98.2865
97.9649
97.6433
97.3217
96.9998
96.6774
96.3542
96.0301
95.7049
95.3783
95.0501
94.7201
94.3881
94.054
93.7175
93.3784
93.0367
92.692
92.3443
91.9933
91.6389
91.281
90.9193
90.5538
90.1842
89.8105
89.4323
89.0497
88.6623
88.2701
87.8729
87.4704
87.0625
86.649
86.2297
85.8043
85.3727
84.9344
84.4895
84.0374
83.578
83.1109
82.6358
82.1524
81.6603
81.1591
80.6484
80.1278
79.5969
79.0553
78.5022
77.9378
77.3606
76.7706
76.1676
75.5501
74.9184
74.2709
73.6078
72.9279
72.2302
71.5147
70.78
70.0263
69.2526
68.4588
67.6441
66.8102
65.9576
65.0883
64.2051
63.3147
62.4251
61.55
60.7101
59.9374
59.2799
58.8041
58.5888
58.6934
59.1201
59.8125
60.6951
61.7021
62.7858
63.9137
65.0636
66.2207
67.3763
68.5234
69.6577
70.7764
71.8774
72.9605
74.0248
75.0696
76.0958
77.1032
78.0916
79.0624
80.0155
80.9508
81.8698
82.772
83.6587
84.5296
85.3858
86.227
87.0544
87.8676
88.6672
89.4541
90.2278
90.9893
91.7382
92.4751
93.2006
93.9143
94.6167
95.3081
95.9889
96.6586
97.3178
97.9666
98.6051
99.2337
99.852
100.46
101.059
101.647
102.226
102.795
103.354
103.903
104.443
104.972
105.492
106.002
106.502
106.992
107.472
107.942
108.401
108.85
109.287
109.715
110.13
110.535
110.928
111.309
111.678
112.035
112.378
112.709
113.025
113.327
113.614
113.886
109.825
109.55
109.27
108.985
108.694
108.398
108.098
107.793
107.483
107.17
106.853
106.533
106.209
105.883
105.555
105.224
104.891
104.557
104.221
103.885
103.548
103.21
102.872
102.534
102.196
101.858
101.521
101.183
100.847
100.511
100.175
99.8396
99.5046
99.1699
98.8352
98.5005
98.1657
97.8305
97.4948
97.1583
96.821
96.4827
96.143
95.8019
95.4591
95.1145
94.7679
94.419
94.0677
93.7138
93.3572
92.9976
92.6349
92.2689
91.8995
91.5265
91.1497
90.7689
90.3841
89.995
89.6014
89.2033
88.8004
88.3926
87.9796
87.5614
87.1376
86.7082
86.2728
85.8313
85.3835
84.929
84.4677
83.9992
83.5233
83.0397
82.548
82.0479
81.5391
81.0212
80.4938
79.9564
79.4087
78.8505
78.2807
77.6992
77.1054
76.4988
75.8789
75.2454
74.5969
73.9332
73.2542
72.5581
71.8447
71.1139
70.3639
69.5953
68.8063
67.9976
67.168
66.3189
65.4496
64.5627
63.6593
62.7448
61.8247
60.908
60.0109
59.1558
58.3767
57.7264
57.2741
57.0982
57.2512
57.7237
58.4535
59.365
60.3954
61.499
62.6453
63.8123
64.9864
66.1582
67.3215
68.472
69.6069
70.7245
71.8236
72.9033
73.9644
75.0063
76.0291
77.0333
78.0191
78.9869
79.9368
80.8701
81.7869
82.6875
83.572
84.4416
85.2965
86.1364
86.9628
87.7754
88.5743
89.3606
90.1337
90.8949
91.6435
92.3806
93.1058
93.8198
94.5223
95.2142
95.8949
96.5652
97.2247
97.8741
98.513
99.1417
99.7606
100.369
100.968
101.557
102.136
102.705
103.265
103.814
104.354
104.884
105.403
105.913
106.413
106.902
107.382
107.85
108.308
108.756
109.192
109.617
110.031
110.433
110.824
111.202
111.567
111.919
112.258
112.583
112.893
113.189
113.468
110.072
109.803
109.528
109.247
108.961
108.669
108.373
108.071
107.765
107.455
107.14
106.822
106.5
106.175
105.847
105.516
105.183
104.848
104.511
104.173
103.833
103.492
103.15
102.807
102.464
102.12
101.776
101.432
101.088
100.743
100.398
100.053
99.7083
99.3629
99.017
98.6706
98.3236
97.9758
97.6272
97.2774
96.9264
96.574
96.2199
95.8642
95.5065
95.1467
94.7846
94.42
94.0528
93.6828
93.3098
92.9337
92.5542
92.1713
91.7847
91.3943
90.9999
90.6014
90.1985
89.7912
89.3792
88.9624
88.5406
88.1136
87.6813
87.2434
86.7997
86.3501
85.8942
85.432
84.9631
84.4873
84.0043
83.5139
83.0157
82.5094
81.9947
81.4713
80.9388
80.3968
79.8449
79.2828
78.7099
78.126
77.5303
76.922
76.3015
75.6677
75.0202
74.3588
73.682
72.9895
72.2809
71.5552
70.812
70.0505
69.2701
68.4708
67.6511
66.8113
65.9518
65.0719
64.173
63.2575
62.3269
61.3864
60.4435
59.5077
58.5966
57.734
56.9585
56.3236
55.9031
55.7731
55.9771
56.4946
57.2586
58.1947
59.2435
60.3611
61.5185
62.6967
63.8811
65.063
66.2365
67.3981
68.5437
69.6723
70.7827
71.8743
72.9468
74.0002
75.0348
76.0505
77.048
78.028
78.9899
79.9342
80.8624
81.7744
82.6706
83.5514
84.4173
85.2686
86.1058
86.9291
87.7391
88.5355
89.3194
90.0909
90.8501
91.597
92.3326
93.0566
93.769
94.4706
95.1614
95.841
96.5105
97.1694
97.8178
98.4562
99.0842
99.7025
100.311
100.909
101.497
102.076
102.644
103.203
103.751
104.29
104.819
105.338
105.847
106.345
106.833
107.311
107.778
108.234
108.679
109.113
109.536
109.947
110.345
110.732
111.105
111.466
111.813
112.146
112.464
112.767
113.054
110.274
110.01
109.74
109.463
109.181
108.893
108.6
108.302
107.999
107.691
107.378
107.062
106.742
106.417
106.09
105.759
105.426
105.09
104.751
104.411
104.068
103.724
103.379
103.032
102.684
102.335
101.985
101.634
101.282
100.93
100.577
100.223
99.8685
99.5133
99.1571
98.8
98.4419
98.0825
97.7219
97.3599
96.9963
96.6309
96.2637
95.8944
95.523
95.1492
94.7728
94.3938
94.0119
93.627
93.2389
92.8474
92.4524
92.0537
91.6512
91.2447
90.8339
90.4189
89.9993
89.575
89.1458
88.7117
88.2723
87.8274
87.377
86.9208
86.4586
85.9902
85.5153
85.0337
84.5452
84.0495
83.5464
83.0355
82.5165
81.9892
81.4532
80.9081
80.3536
79.7892
79.2147
78.6295
78.0333
77.4257
76.8057
76.1736
75.5286
74.87
74.1973
73.5094
72.8068
72.0882
71.3532
70.601
69.831
69.0426
68.2352
67.4084
66.5619
65.6954
64.8091
63.9036
62.98
62.0403
61.0884
60.128
59.1675
58.2187
57.2993
56.4368
55.6701
55.0578
54.6751
54.5951
54.8514
55.4125
56.2085
57.166
58.2291
59.3571
60.522
61.7062
62.8961
64.0841
65.2632
66.4301
67.5827
68.7179
69.8354
70.935
72.0152
73.0767
74.12
75.1442
76.1502
77.1384
78.1096
79.0633
80.0003
80.9213
81.8264
82.7162
83.5915
84.4518
85.2979
86.1302
86.949
87.7547
88.5475
89.3277
90.0958
90.8517
91.5959
92.3286
93.0499
93.7598
94.4591
95.1476
95.8255
96.4929
97.15
97.7965
98.4332
99.0598
99.6764
100.283
100.88
101.466
102.043
102.61
103.167
103.714
104.252
104.779
105.296
105.802
106.299
106.784
107.26
107.724
108.177
108.619
109.05
109.469
109.875
110.27
110.651
111.019
111.374
111.715
112.04
112.35
112.645
110.433
110.173
109.907
109.634
109.356
109.072
108.782
108.487
108.186
107.88
107.57
107.255
106.936
106.613
106.286
105.955
105.621
105.284
104.944
104.602
104.257
103.91
103.561
103.21
102.858
102.503
102.148
101.791
101.433
101.073
100.713
100.351
99.9881
99.6239
99.2584
98.8915
98.5231
98.1533
97.7818
97.4085
97.0333
96.6562
96.2768
95.8952
95.5111
95.1244
94.7349
94.3426
93.9471
93.5485
93.1464
92.7408
92.3315
91.9183
91.501
91.0796
90.6537
90.2233
89.7882
89.3483
88.9032
88.4529
87.9972
87.5358
87.0687
86.5955
86.116
85.6302
85.1376
84.6381
84.1314
83.6173
83.0954
82.5656
82.0274
81.4805
80.9247
80.3596
79.7847
79.1997
78.6043
77.998
77.3803
76.751
76.1091
75.4548
74.7869
74.1056
73.41
72.699
71.9731
71.231
70.4718
69.6958
68.902
68.0892
67.2581
66.4077
65.5378
64.6484
63.7391
62.812
61.8678
60.9089
59.9388
58.9631
57.9904
57.0332
56.1109
55.2522
54.5
53.9153
53.5749
53.5474
53.8559
54.4595
55.285
56.2621
57.3365
58.4717
59.6416
60.8288
62.0209
63.211
64.3929
65.5623
66.7177
67.8563
68.9781
70.0819
71.1667
72.2337
73.2816
74.312
75.3238
76.3181
77.2956
78.2558
79.2
80.1276
81.0396
81.9369
82.8187
83.6861
84.5398
85.3793
86.2054
87.0183
87.8188
88.6064
89.3817
90.145
90.8966
91.6366
92.3656
93.0832
93.7899
94.4857
95.171
95.8458
96.5102
97.1644
97.8085
98.4425
99.0665
99.6805
100.285
100.879
101.463
102.038
102.602
103.157
103.702
104.236
104.761
105.275
105.779
106.272
106.755
107.226
107.687
108.137
108.575
109.001
109.415
109.817
110.205
110.581
110.943
111.29
111.623
111.94
112.241
110.548
110.292
110.03
109.762
109.487
109.206
108.919
108.627
108.329
108.025
107.717
107.403
107.085
106.763
106.436
106.106
105.771
105.434
105.092
104.748
104.401
104.052
103.7
103.345
102.988
102.63
102.269
101.907
101.543
101.177
100.81
100.44
100.07
99.6974
99.3233
98.9475
98.57
98.1905
97.8091
97.4256
97.0399
96.6519
96.2615
95.8685
95.4729
95.0744
94.673
94.2684
93.8605
93.4493
93.0344
92.6158
92.1932
91.7666
91.3358
90.9006
90.4609
90.0163
89.567
89.1125
88.6527
88.1876
87.7168
87.2401
86.7575
86.2686
85.7732
85.2712
84.7623
84.2462
83.7227
83.1916
82.6525
82.1051
81.5491
80.9843
80.4103
79.8266
79.2331
78.6292
78.0146
77.3889
76.7516
76.1023
75.4404
74.766
74.0777
73.3754
72.6591
71.9272
71.1797
70.4166
69.6362
68.839
68.0235
67.1903
66.3383
65.4668
64.5767
63.6669
62.7392
61.794
60.832
59.8574
58.8734
57.8861
56.9041
55.9423
55.0208
54.1703
53.4364
52.8832
52.5878
52.6149
52.975
53.619
54.472
55.4663
56.5514
57.692
58.8645
60.0526
61.2447
62.4345
63.6162
64.7861
65.9418
67.0817
68.204
69.3093
70.3968
71.4662
72.517
73.5505
74.5665
75.5646
76.5462
77.5113
78.4595
79.3924
80.3094
81.2117
82.0989
82.9722
83.8313
84.6764
85.5082
86.3273
87.1332
87.9272
88.7084
89.4781
90.2358
90.9819
91.7171
92.4409
93.1538
93.8559
94.5478
95.2289
95.8997
96.5603
97.2111
97.8515
98.4819
99.1025
99.7131
100.314
100.905
101.486
102.058
102.619
103.17
103.712
104.243
104.764
105.274
105.775
106.264
106.743
107.21
107.667
108.112
108.544
108.965
109.374
109.769
110.151
110.52
110.874
111.213
111.536
111.843
110.621
110.369
110.111
109.846
109.575
109.297
109.013
108.724
108.428
108.127
107.82
107.508
107.191
106.87
106.543
106.213
105.878
105.54
105.198
104.852
104.503
104.151
103.796
103.439
103.079
102.716
102.351
101.984
101.614
101.243
100.869
100.493
100.116
99.7359
99.3542
98.9704
98.5845
98.1963
97.8059
97.4131
97.0179
96.6202
96.2197
95.8165
95.4103
95.0011
94.5887
94.1729
93.7537
93.3309
92.9043
92.4738
92.0392
91.6003
91.1571
90.7092
90.2567
89.7992
89.3366
88.8688
88.3956
87.9167
87.432
86.9413
86.4444
85.9411
85.4311
84.9142
84.3902
83.8589
83.32
82.7731
82.2181
81.6546
81.0824
80.501
79.9103
79.3097
78.699
78.0778
77.4457
76.8022
76.147
75.4796
74.7996
74.1064
73.3996
72.6792
71.9437
71.1931
70.4268
69.6443
68.8455
68.0291
67.1948
66.3431
65.4723
64.5828
63.6752
62.7486
61.8047
60.8434
59.8673
58.8798
57.8841
56.8881
55.901
54.9368
54.0189
53.179
52.4669
51.9486
51.7016
51.7837
52.1943
52.8764
53.7553
54.7653
55.8591
57.0039
58.1777
59.3655
60.5574
61.7454
62.9251
64.0932
65.2473
66.3859
67.508
68.613
69.7004
70.7703
71.8225
72.8573
73.8743
74.8749
75.8588
76.8263
77.778
78.7139
79.6342
80.54
81.4313
82.3084
83.1712
84.0209
84.8573
85.6804
86.4913
87.2898
88.0758
88.8503
89.6128
90.3643
91.1045
91.8334
92.5518
93.2591
93.9563
94.6427
95.3188
95.9852
96.6411
97.2874
97.9234
98.5495
99.1661
99.7726
100.369
100.957
101.534
102.101
102.658
103.206
103.743
104.27
104.787
105.293
105.789
106.273
106.747
107.21
107.661
108.1
108.527
108.942
109.343
109.732
110.106
110.466
110.811
111.14
111.453
110.652
110.405
110.151
109.889
109.621
109.347
109.066
108.778
108.485
108.186
107.881
107.571
107.255
106.934
106.609
106.279
105.944
105.605
105.262
104.915
104.565
104.211
103.854
103.493
103.13
102.764
102.395
102.023
101.649
101.272
100.893
100.512
100.128
99.7416
99.353
98.962
98.5686
98.1726
97.7742
97.3731
96.9692
96.5626
96.1531
95.7405
95.3248
94.9059
94.4835
94.0577
93.6281
93.1948
92.7575
92.3161
91.8705
91.4204
90.9658
90.5065
90.0422
89.5728
89.0983
88.6182
88.1326
87.6412
87.1438
86.6402
86.1302
85.6136
85.0902
84.5597
84.0219
83.4766
82.9234
82.3622
81.7926
81.2144
80.6273
80.0308
79.4247
78.8087
78.1824
77.5453
76.8972
76.2376
75.566
74.8823
74.1858
73.476
72.7526
72.015
71.2627
70.4952
69.712
68.9127
68.0967
67.2635
66.4128
65.5441
64.6573
63.7522
62.8294
61.8882
60.9298
59.9556
58.9682
57.9696
56.9652
55.9627
54.9713
54.0075
53.0956
52.2695
51.5813
51.101
50.9046
51.0421
51.5016
52.2199
53.1221
54.1468
55.2483
56.3972
57.5715
58.758
59.9478
61.1329
62.3096
63.4752
64.6265
65.7625
66.8824
67.9855
69.072
70.1408
71.1924
72.2268
73.2445
74.2455
75.2301
76.1987
77.1516
78.0893
79.0119
79.9198
80.8134
81.693
82.5589
83.4114
84.2509
85.0776
85.8918
86.6937
87.4833
88.2614
89.0281
89.7835
90.5273
91.2606
91.9831
92.695
93.3962
94.0873
94.7682
95.4387
96.0995
96.7504
97.3911
98.0223
98.6435
99.2552
99.8568
100.449
101.031
101.604
102.166
102.719
103.261
103.794
104.316
104.828
105.329
105.819
106.299
106.767
107.224
107.668
108.101
108.521
108.928
109.322
109.702
110.067
110.418
110.752
111.07
110.643
110.4
110.149
109.891
109.627
109.355
109.077
108.793
108.502
108.205
107.902
107.593
107.279
106.959
106.634
106.304
105.97
105.631
105.287
104.939
104.588
104.232
103.873
103.51
103.144
102.775
102.403
102.027
101.649
101.268
100.884
100.497
100.108
99.716
99.3214
98.924
98.5239
98.121
97.7154
97.3068
96.8953
96.4807
96.063
95.6421
95.2178
94.7901
94.3588
93.9238
93.4849
93.0421
92.5951
92.1438
91.6882
91.228
90.763
90.2931
89.8182
89.3381
88.8525
88.3613
87.8644
87.3615
86.8525
86.3371
85.8152
85.2865
84.7508
84.2078
83.6574
83.0993
82.5332
81.9589
81.376
80.7843
80.1835
79.5733
78.9533
78.3232
77.6826
77.0312
76.3685
75.6943
75.0082
74.3093
73.5979
72.8732
72.1343
71.3816
70.6142
69.8316
69.0328
68.2184
67.3875
66.5395
65.6742
64.7912
63.8903
62.9715
62.0349
61.081
60.1107
59.1254
58.1275
57.1202
56.1088
55.1009
54.1077
53.1462
52.2416
51.432
50.7708
50.3307
50.1867
50.3793
50.8858
51.6384
52.5626
53.6004
54.7094
55.8604
57.0355
58.2202
59.4072
60.5889
61.7625
62.9238
64.072
65.2045
66.3218
67.4219
68.5053
69.5724
70.6222
71.6557
72.6722
73.6723
74.6565
75.6254
76.5785
77.5165
78.4397
79.349
80.2437
81.1246
81.9921
82.8464
83.6878
84.5165
85.333
86.1373
86.9298
87.7106
88.4801
89.2383
89.9855
90.7219
91.4477
92.1629
92.8678
93.5624
94.2469
94.9214
95.586
96.2403
96.8853
97.5204
98.1459
98.7617
99.3675
99.964
100.551
101.128
101.695
102.252
102.799
103.336
103.863
104.38
104.886
105.381
105.865
106.338
106.8
107.25
107.687
108.112
108.525
108.923
109.308
109.679
110.034
110.373
110.696
110.594
110.355
110.108
109.853
109.592
109.324
109.048
108.767
108.478
108.183
107.882
107.575
107.263
106.944
106.62
106.291
105.957
105.618
105.274
104.926
104.573
104.216
103.856
103.491
103.123
102.751
102.376
101.997
101.616
101.231
100.843
100.452
100.058
99.6607
99.2607
98.8577
98.4518
98.0428
97.6308
97.2156
96.7973
96.3756
95.9507
95.5223
95.0903
94.6548
94.2154
93.7722
93.3249
92.8735
92.4178
91.9577
91.493
91.0236
90.5493
90.0699
89.5853
89.0953
88.5998
88.0986
87.5914
87.0781
86.5585
86.0324
85.4996
84.9598
84.4129
83.8586
83.2968
82.727
82.1491
81.5628
80.9679
80.3639
79.7507
79.1279
78.4953
77.8524
77.1989
76.5344
75.8586
75.1711
74.4715
73.7592
73.0344
72.2958
71.5438
70.777
69.9961
69.2
68.3877
67.5599
66.7151
65.854
64.9757
64.0794
63.1661
62.2352
61.287
60.3215
59.3409
58.346
57.3396
56.3251
55.3082
54.2962
53.3027
52.345
51.45
50.658
50.0263
49.6294
49.5392
49.7864
50.3377
51.122
52.0671
53.1169
54.2321
55.386
56.5601
57.7436
58.9275
60.1061
61.275
62.4327
63.5767
64.7051
65.8185
66.9157
67.9957
69.0598
70.1069
71.138
72.1524
73.1514
74.1341
75.1019
76.0541
76.9919
77.9148
78.824
79.7189
80.6002
81.4686
82.3237
83.166
83.9964
84.8141
85.6199
86.4144
87.1969
87.9683
88.7285
89.4779
90.2169
90.945
91.6627
92.3702
93.0675
93.7548
94.4321
95.0997
95.7574
96.4055
97.0439
97.6727
98.2919
98.9015
99.5014
100.092
100.672
101.243
101.805
102.356
102.897
103.428
103.948
104.459
104.958
105.447
105.924
106.39
106.845
107.287
107.716
108.133
108.536
108.926
109.3
109.66
110.004
110.33
110.505
110.269
110.026
109.776
109.518
109.253
108.98
108.701
108.416
108.123
107.824
107.519
107.208
106.891
106.568
106.24
105.907
105.568
105.224
104.876
104.523
104.165
103.803
103.437
103.068
102.694
102.316
101.935
101.551
101.162
100.771
100.376
99.978
99.5767
99.1722
98.7644
98.3534
97.939
97.5215
97.1005
96.6762
96.2484
95.817
95.382
94.9432
94.5007
94.0542
93.6036
93.1489
92.6898
92.2263
91.7583
91.2854
90.8077
90.325
89.8371
89.3438
88.845
88.3405
87.8301
87.3136
86.7909
86.2617
85.7259
85.1832
84.6335
84.0765
83.5119
82.9396
82.3593
81.7707
81.1736
80.5676
79.9526
79.3282
78.694
78.0499
77.3953
76.7301
76.0539
75.3662
74.6667
73.9548
73.2309
72.4936
71.7428
70.9782
70.1997
69.4061
68.5974
67.7735
66.9332
66.0771
65.2036
64.3132
63.4061
62.4812
61.5397
60.5813
59.6061
58.6163
57.6126
56.5989
55.5784
54.5564
53.5429
52.5502
51.5969
50.7132
49.9412
49.3414
48.9898
48.9542
49.2549
49.8494
50.6636
51.6277
52.6884
53.8092
54.965
56.1392
57.3205
58.5012
59.676
60.8413
61.9945
63.1341
64.2588
65.3673
66.4603
67.5372
68.5977
69.642
70.6696
71.6818
72.6783
73.6593
74.6247
75.5758
76.5122
77.434
78.3423
79.2365
80.1178
80.986
81.841
82.6839
83.5142
84.3328
85.1392
85.9346
86.7181
87.4906
88.2524
89.0032
89.7437
90.4734
91.1929
91.9025
92.6018
93.2911
93.971
94.6407
95.3008
95.9514
96.5926
97.224
97.8459
98.4583
99.0612
99.6548
100.239
100.813
101.377
101.931
102.476
103.01
103.535
104.049
104.552
105.044
105.525
105.995
106.453
106.899
107.333
107.754
108.161
108.554
108.933
109.296
109.644
109.974
110.376
110.145
109.905
109.658
109.404
109.142
108.873
108.597
108.314
108.024
107.728
107.425
107.116
106.801
106.479
106.152
105.82
105.482
105.138
104.79
104.437
104.079
103.717
103.35
102.979
102.604
102.224
101.841
101.454
101.064
100.669
100.271
99.87
99.4651
99.0567
98.6448
98.2295
97.8106
97.3883
96.9623
96.5328
96.0996
95.6626
95.2218
94.7771
94.3285
93.8757
93.4186
92.9573
92.4915
92.021
91.5459
91.0658
90.5807
90.0905
89.5949
89.0938
88.5871
88.0745
87.5559
87.0311
86.4999
85.9621
85.4176
84.866
84.3073
83.7411
83.1673
82.5855
81.9957
81.3974
80.7905
80.1746
79.5495
78.9149
78.2705
77.616
76.951
76.2752
75.5882
74.8898
74.1795
73.457
72.7218
71.9735
71.2118
70.4362
69.6464
68.8418
68.0221
67.1869
66.3364
65.469
64.5851
63.6843
62.7671
61.8324
60.8807
59.9132
58.9294
57.931
56.9207
55.9
54.8744
53.849
52.8336
51.8428
50.8965
50.025
49.275
48.7091
48.4051
48.4251
48.7781
49.4133
50.2558
51.2373
52.3081
53.4339
54.5919
55.7655
56.9445
58.122
59.2929
60.4539
61.6033
62.7382
63.8584
64.963
66.0517
67.1244
68.1811
69.2216
70.2463
71.2553
72.2489
73.2272
74.1907
75.139
76.0735
76.994
77.9008
78.7941
79.6743
80.5412
81.3959
82.2383
83.0686
83.8866
84.6935
85.4889
86.2727
87.046
87.8085
88.5599
89.3013
90.0319
90.7528
91.4633
92.1642
92.8549
93.5363
94.2077
94.8698
95.5222
96.1653
96.7988
97.4231
98.0376
98.6428
99.2388
99.8249
100.402
100.969
101.526
102.073
102.611
103.138
103.655
104.161
104.657
105.141
105.615
106.076
106.525
106.962
107.386
107.797
108.194
108.576
108.943
109.293
109.627
110.208
109.98
109.745
109.502
109.251
108.993
108.727
108.454
108.174
107.887
107.594
107.293
106.986
106.673
106.353
106.028
105.697
105.36
105.017
104.67
104.317
103.959
103.597
103.229
102.858
102.481
102.101
101.716
101.328
100.935
100.539
100.138
99.7343
99.3265
98.915
98.4997
98.0807
97.6581
97.2317
96.8016
96.3676
95.9298
95.488
95.0423
94.5925
94.1385
93.6802
93.2175
92.7504
92.2786
91.8021
91.3207
90.8342
90.3427
89.8458
89.3434
88.8354
88.3216
87.8018
87.2759
86.7436
86.2049
85.6594
85.107
84.5475
83.9807
83.4062
82.8241
82.2339
81.6354
81.0284
80.4127
79.7879
79.1538
78.51
77.8564
77.1924
76.518
75.8327
75.1361
74.4279
73.7078
72.9754
72.2304
71.4723
70.7007
69.9148
69.1151
68.3007
67.4712
66.6262
65.7654
64.8885
63.9951
63.085
62.1581
61.2145
60.2544
59.2787
58.2872
57.2817
56.2643
55.238
54.2076
53.1801
52.1645
51.1759
50.2371
49.38
48.6535
48.1248
47.8701
47.9459
48.3498
49.0239
49.8919
50.8901
51.9701
53.101
54.2597
55.4324
56.6099
57.7841
58.9518
60.1085
61.2528
62.3838
63.4993
64.5994
65.6837
66.7527
67.8052
68.8418
69.8628
70.8683
71.8591
72.8343
73.7949
74.7411
75.6732
76.5915
77.4962
78.3877
79.2663
80.1322
80.9857
81.827
82.6564
83.4741
84.2804
85.0754
85.8593
86.632
87.3945
88.1464
88.888
89.6194
90.3404
91.0518
91.7535
92.4454
93.1274
93.8001
94.4634
95.117
95.7615
96.3967
97.0222
97.6387
98.2459
98.8434
99.4318
100.01
100.58
101.139
101.689
102.229
102.758
103.278
103.787
104.285
104.772
105.248
105.712
106.165
106.605
107.032
107.445
107.845
108.23
108.6
108.953
109.29
109.999
109.776
109.545
109.306
109.059
108.804
108.542
108.273
107.996
107.712
107.421
107.124
106.819
106.508
106.191
105.867
105.538
105.202
104.861
104.515
104.163
103.805
103.443
103.076
102.704
102.328
101.947
101.561
101.172
100.778
100.38
99.9775
99.5714
99.1613
98.7473
98.3294
97.9076
97.4819
97.0522
96.6186
96.181
95.7393
95.2935
94.8436
94.3894
93.9309
93.4679
93.0004
92.5283
92.0514
91.5696
91.0827
90.5907
90.0935
89.5908
89.0824
88.5683
88.0483
87.5222
86.9898
86.4509
85.9054
85.3531
84.7937
84.2271
83.6531
83.0713
82.4817
81.8839
81.2778
80.6631
80.0394
79.4066
78.7643
78.1124
77.4504
76.778
76.0951
75.4012
74.6959
73.9791
73.2502
72.5091
71.7548
70.9879
70.207
69.4127
68.6041
67.7803
66.9419
66.0881
65.2186
64.3324
63.4305
62.512
61.577
60.6253
59.6575
58.6738
57.6753
56.6628
55.6397
54.6087
53.5746
52.5446
51.5301
50.5453
49.6147
48.7735
48.0731
47.5832
47.3799
47.5116
47.9646
48.675
49.5677
50.5802
51.6692
52.8041
53.964
55.1364
56.3116
57.4826
58.6465
59.799
60.9395
62.0653
63.1769
64.2724
65.3529
66.4169
67.4657
68.4983
69.5159
70.5177
71.5044
72.4769
73.4344
74.3776
75.3074
76.2231
77.1255
78.0148
78.8919
79.7559
80.6077
81.4475
82.2755
83.092
83.8977
84.6918
85.4749
86.2474
87.0093
87.7609
88.5023
89.2336
89.9549
90.6664
91.3683
92.0605
92.7433
93.4166
94.0802
94.7348
95.3802
96.0163
96.6432
97.2608
97.8692
98.468
99.0578
99.6382
100.209
100.77
101.322
101.864
102.395
102.917
103.428
103.928
104.418
104.896
105.363
105.817
106.26
106.689
107.105
107.507
107.895
108.267
108.623
108.962
109.749
109.531
109.304
109.069
108.827
108.576
108.318
108.052
107.779
107.499
107.211
106.916
106.615
106.307
105.992
105.671
105.343
105.01
104.67
104.325
103.974
103.618
103.257
102.89
102.519
102.143
101.762
101.376
100.986
100.591
100.192
99.789
99.3815
98.9699
98.5541
98.1342
97.7102
97.2821
96.8499
96.4135
95.973
95.5282
95.0792
94.6258
94.168
93.7058
93.2389
92.7673
92.2909
91.8097
91.3234
90.8319
90.3351
89.8329
89.3252
88.8117
88.2923
87.7668
87.2352
86.6971
86.1524
85.601
85.0427
84.4772
83.9043
83.3238
82.7356
82.1394
81.5349
80.9219
80.3002
79.6695
79.0295
78.38
77.7207
77.0513
76.3714
75.6808
74.9792
74.2662
73.5415
72.8048
72.0554
71.2933
70.5184
69.7295
68.9272
68.11
67.2787
66.4318
65.5701
64.6921
63.7987
62.8884
61.9623
61.0198
60.0603
59.0854
58.095
57.0896
56.0719
55.0437
54.0085
52.9709
51.9397
50.9257
49.9457
49.025
48.2014
47.5293
47.0808
46.9304
47.1175
47.6178
48.3624
49.2776
50.3043
51.4011
52.5395
53.7009
54.8723
56.0452
57.213
58.3732
59.5223
60.6584
61.7798
62.8868
63.9785
65.0539
66.1141
67.1587
68.1872
69.2008
70.1994
71.1824
72.1514
73.1055
74.0461
74.9725
75.8859
76.7856
77.6729
78.5471
79.409
80.2592
81.0972
81.9239
82.7389
83.5426
84.3359
85.1179
85.8893
86.6504
87.4015
88.1422
88.8729
89.5939
90.3055
91.0071
91.6992
92.3819
93.0553
93.7195
94.3744
95.0202
95.6568
96.2846
96.9029
97.5121
98.112
98.7028
99.2842
99.8563
100.419
100.971
101.515
102.048
102.571
103.084
103.586
104.077
104.558
105.026
105.483
105.927
106.359
106.777
107.181
107.57
107.945
108.303
108.644
109.458
109.244
109.023
108.792
108.554
108.308
108.054
107.793
107.523
107.247
106.963
106.671
106.373
106.068
105.756
105.437
105.113
104.781
104.444
104.101
103.752
103.398
103.038
102.672
102.302
101.926
101.546
101.161
100.77
100.376
99.9766
99.5728
99.1647
98.7521
98.3353
97.9141
97.4886
97.0589
96.6248
96.1864
95.7436
95.2965
94.8449
94.3888
93.9282
93.4629
92.9928
92.5179
92.0381
91.5532
91.0631
90.5678
90.067
89.5607
89.0486
88.5307
88.0068
87.4767
86.9402
86.3973
85.8476
85.2911
84.7275
84.1566
83.5782
82.9922
82.3983
81.7962
81.1858
80.5668
79.9389
79.302
78.6557
77.9997
77.3339
76.6578
75.9712
75.2738
74.5653
73.8454
73.1136
72.3696
71.6131
70.8443
70.0618
69.2657
68.4556
67.6313
66.7927
65.9386
65.0691
64.1845
63.2833
62.366
61.433
60.483
59.5175
58.5356
57.5391
56.528
55.5051
54.4717
53.4328
52.3928
51.361
50.3489
49.374
48.4646
47.6603
47.0183
46.6137
46.5178
46.7597
47.3051
48.0824
49.0185
50.0579
51.1617
52.3033
53.4653
54.6356
55.8062
56.9716
58.1281
59.2732
60.4051
61.5227
62.6253
63.7126
64.7842
65.8401
66.8805
67.9054
68.9145
69.9092
70.889
71.8545
72.8052
73.7425
74.6662
75.5766
76.4735
77.3581
78.2303
79.0897
79.9377
80.7735
81.5983
82.4118
83.2138
84.0054
84.786
85.5565
86.3163
87.0663
87.806
88.5358
89.2563
89.9669
90.6683
91.3599
92.0423
92.7157
93.3797
94.0345
94.6806
95.3173
95.945
96.5636
97.1735
97.7739
98.3652
98.9473
99.5201
100.084
100.638
101.182
101.716
102.24
102.754
103.258
103.751
104.232
104.702
105.16
105.606
106.04
106.459
106.865
107.256
107.632
107.992
108.335
109.124
108.916
108.699
108.474
108.24
107.999
107.75
107.492
107.228
106.955
106.675
106.388
106.093
105.791
105.483
105.168
104.846
104.517
104.183
103.842
103.496
103.143
102.785
102.422
102.053
101.678
101.299
100.915
100.525
100.131
99.7324
99.3288
98.9206
98.5078
98.0906
97.6688
97.2425
96.8118
96.3766
95.9368
95.4926
95.0438
94.5904
94.1323
93.6695
93.2019
92.7294
92.2519
91.7693
91.2816
90.7885
90.29
89.7859
89.2762
88.7606
88.239
87.7113
87.1773
86.6368
86.0897
85.5358
84.9748
84.4067
83.8312
83.2482
82.6573
82.0584
81.4513
80.8357
80.2114
79.5782
78.9357
78.2838
77.6222
76.9506
76.2686
75.5761
74.8727
74.158
73.4319
72.6938
71.9436
71.1809
70.4052
69.6163
68.8137
67.9972
67.1662
66.3206
65.46
64.5839
63.6922
62.7846
61.8614
60.9214
59.9652
58.993
58.0052
57.0032
55.9868
54.9585
53.9217
52.879
51.8371
50.8053
49.7954
48.8278
47.9304
47.1471
46.5379
46.1794
46.1386
46.4345
47.0234
47.8304
48.7858
49.8375
50.9476
52.0921
53.2551
54.4242
55.5924
56.7548
57.9084
59.0495
60.1773
61.2906
62.389
63.4719
64.5392
65.5915
66.6277
67.6486
68.6542
69.645
70.6212
71.583
72.5307
73.4646
74.3851
75.2919
76.1864
77.0682
77.9376
78.795
79.6405
80.474
81.2966
82.108
82.9085
83.6983
84.4771
85.246
86.0047
86.753
87.4917
88.2208
88.9398
89.6497
90.3498
91.0411
91.7231
92.3956
93.0594
93.7138
94.3595
94.996
95.6239
96.2424
96.8523
97.4529
98.0444
98.6271
99.2002
99.7643
100.319
100.863
101.399
101.924
102.439
102.943
103.437
103.92
104.391
104.851
105.298
105.732
106.153
106.56
106.953
107.33
107.691
108.034
108.745
108.543
108.331
108.112
107.884
107.647
107.403
107.151
106.891
106.623
106.347
106.064
105.774
105.476
105.171
104.86
104.542
104.217
103.885
103.548
103.204
102.854
102.499
102.138
101.771
101.398
101.021
100.638
100.25
99.8571
99.4592
99.0565
98.6489
98.2366
97.8195
97.3978
96.9715
96.5404
96.1048
95.6644
95.2193
94.7696
94.3151
93.8557
93.3915
92.9223
92.4481
91.9687
91.4841
90.9942
90.4988
89.9979
89.4913
88.9789
88.4604
87.9359
87.4051
86.868
86.3242
85.7736
85.2161
84.6515
84.0797
83.5002
82.9132
82.3182
81.7151
81.1036
80.4836
79.8547
79.2168
78.5696
77.9129
77.2463
76.5696
75.8825
75.1847
74.476
73.7559
73.0242
72.2806
71.5249
70.7561
69.9747
69.1801
68.3717
67.5488
66.712
65.8604
64.9938
64.1118
63.2142
62.3006
61.371
60.4252
59.4633
58.4855
57.4923
56.4845
55.4633
54.4308
53.3897
52.3444
51.3012
50.27
49.2635
48.303
47.4195
46.6592
46.0852
45.7748
45.79
46.1386
46.7685
47.6037
48.5776
49.6393
50.7558
51.9027
53.0659
54.2337
55.4003
56.5596
57.7097
58.847
59.9714
61.0806
62.1747
63.254
64.3171
65.3647
66.3974
67.4142
68.4159
69.4029
70.3753
71.3341
72.2783
73.2089
74.1261
75.0302
75.9216
76.8005
77.6671
78.5223
79.3653
80.1967
81.0169
81.8261
82.6245
83.4118
84.1891
84.9562
85.7132
86.4602
87.1975
87.925
88.6431
89.3514
90.0508
90.741
91.422
92.094
92.7567
93.4107
94.0559
94.6922
95.3192
95.9378
96.5474
97.1477
97.7395
98.3218
98.8953
99.4596
100.014
100.56
101.095
101.621
102.136
102.641
103.136
103.619
104.091
104.552
105
105.435
105.857
106.265
106.659
107.037
107.398
107.743
108.321
108.124
107.919
107.705
107.482
107.252
107.013
106.766
106.511
106.249
105.978
105.7
105.414
105.121
104.821
104.514
104.199
103.878
103.551
103.217
102.877
102.53
102.178
101.819
101.455
101.086
100.71
100.33
99.9437
99.5526
99.1564
98.7551
98.3488
97.9376
97.5215
97.1005
96.6748
96.2441
95.8087
95.3684
94.9233
94.4733
94.0184
93.5584
93.0935
92.6234
92.1482
91.6676
91.1817
90.6904
90.1934
89.6908
89.1823
88.6679
88.1474
87.6206
87.0875
86.5478
86.0014
85.4481
84.8878
84.3202
83.7453
83.1627
82.5723
81.9738
81.3672
80.7521
80.1283
79.4956
78.8538
78.2025
77.5416
76.8707
76.1896
75.4981
74.7957
74.0823
73.3575
72.621
71.8725
71.1115
70.3381
69.5512
68.7514
67.9373
67.1097
66.2676
65.4102
64.5382
63.6508
62.7472
61.8282
60.8932
59.9421
58.9744
57.9915
56.9933
55.9808
54.9552
53.9188
52.8745
51.8263
50.7823
49.7518
48.7496
47.7979
46.9303
46.1944
45.6579
45.3978
45.4694
45.869
46.5378
47.3998
48.3897
49.4619
50.5836
51.7333
52.8959
54.0629
55.2272
56.3835
57.5301
58.6643
59.7841
60.8898
61.9798
63.055
64.114
65.1581
66.1861
67.1996
68.1975
69.1812
70.1499
71.105
72.0458
72.973
73.8874
74.7884
75.6767
76.5531
77.4168
78.2688
79.1091
79.9384
80.7562
81.563
82.3591
83.1447
83.9204
84.6855
85.4405
86.1858
86.9213
87.6473
88.3638
89.0711
89.7691
90.458
91.1379
91.8088
92.4708
93.1239
93.7682
94.4037
95.0304
95.6483
96.2571
96.8573
97.4487
98.0311
98.6044
99.1685
99.7231
100.268
100.804
101.33
101.846
102.351
102.846
103.33
103.803
104.264
104.712
105.148
105.571
105.979
106.374
106.752
107.115
107.46
107.847
107.657
107.458
107.251
107.035
106.81
106.578
106.337
106.088
105.831
105.566
105.293
105.012
104.725
104.429
104.127
103.817
103.501
103.178
102.848
102.512
102.169
101.821
101.466
101.105
100.739
100.366
99.9886
99.6054
99.2167
98.8228
98.4237
98.0194
97.61
97.1955
96.776
96.3515
95.922
95.4875
95.048
94.6035
94.154
93.6993
93.2395
92.7746
92.3044
91.8288
91.3478
90.8613
90.3692
89.8714
89.3677
88.8581
88.3424
87.8205
87.2922
86.7574
86.2159
85.6676
85.1123
84.5498
83.9799
83.4026
82.8175
82.2245
81.6233
81.0138
80.3957
79.7689
79.133
78.4878
77.8332
77.1687
76.4942
75.8094
75.1141
74.4078
73.6904
72.9614
72.2207
71.4681
70.7026
69.9244
69.133
68.3287
67.51
66.6777
65.8304
64.9681
64.0913
63.1985
62.2905
61.3661
60.4261
59.4695
58.4976
57.51
56.5066
55.4898
54.4603
53.4197
52.3727
51.3234
50.2785
49.2499
48.2527
47.3108
46.4596
45.7508
45.254
45.0461
45.1741
45.6232
46.3286
47.2151
48.221
49.3021
50.4285
51.58
52.7431
53.9087
55.0699
56.2238
57.367
58.4975
59.6141
60.7159
61.8018
62.873
63.9285
64.9686
65.9927
67.0023
67.9969
68.9763
69.942
70.8935
71.8308
72.7551
73.6657
74.564
75.4492
76.3226
77.1835
78.0331
78.8706
79.6974
80.5126
81.3174
82.1112
82.8945
83.668
84.4309
85.184
85.9277
86.6614
87.3856
88.1005
88.8065
89.5031
90.1905
90.869
91.539
92.1998
92.8518
93.495
94.1296
94.7554
95.3725
95.9808
96.5804
97.1715
97.7533
98.3262
98.89
99.4445
99.9897
100.525
101.051
101.567
102.072
102.567
103.051
103.524
103.985
104.434
104.871
105.294
105.703
106.097
106.476
106.839
107.184
107.322
107.139
106.947
106.747
106.538
106.32
106.094
105.86
105.617
105.367
105.108
104.841
104.567
104.285
103.995
103.698
103.394
103.083
102.765
102.44
102.108
101.77
101.426
101.075
100.719
100.356
99.9876
99.6134
99.2336
98.8482
98.4573
98.061
97.6594
97.2525
96.8404
96.4231
96.0006
95.5729
95.1401
94.7021
94.2589
93.8105
93.3569
92.898
92.4337
91.9641
91.4889
91.0082
90.5218
90.0296
89.5316
89.0277
88.5176
88.0013
87.4787
86.9495
86.4138
85.8712
85.3216
84.765
84.201
83.6296
83.0505
82.4636
81.8686
81.2654
80.6537
80.0333
79.404
78.7656
78.1178
77.4604
76.793
76.1156
75.4277
74.7291
74.0196
73.2987
72.5663
71.8219
71.0652
70.2965
69.5145
68.7192
67.9104
67.0877
66.2507
65.3991
64.5332
63.6514
62.7542
61.8412
60.9128
59.9679
59.0068
58.0304
57.0379
56.031
55.0096
53.9759
52.9328
51.8828
50.8322
49.7882
48.7615
47.7703
46.8389
46.0062
45.3266
44.8722
44.7179
44.9017
45.3986
46.1386
47.0479
48.0679
49.1579
50.2884
51.4414
52.6042
53.7682
54.9276
56.0786
57.2184
58.3453
59.458
60.5559
61.6385
62.7057
63.7573
64.7934
65.8142
66.82
67.8109
68.7872
69.7492
70.6967
71.631
72.552
73.4599
74.355
75.2371
76.1074
76.9659
77.8121
78.6474
79.4715
80.2841
81.0864
81.8782
82.6591
83.4304
84.1912
84.9425
85.6838
86.416
87.1383
87.8518
88.5557
89.2509
89.9368
90.6142
91.2824
91.9418
92.5929
93.2349
93.8683
94.4934
95.1095
95.7169
96.316
96.9059
97.4871
98.0593
98.6228
99.1768
99.7216
100.257
100.782
101.298
101.804
102.298
102.783
103.255
103.716
104.165
104.602
105.025
105.434
105.828
106.207
106.57
106.915
106.742
106.567
106.383
106.19
105.989
105.779
105.56
105.333
105.098
104.854
104.602
104.342
104.074
103.799
103.515
103.225
102.927
102.621
102.309
101.99
101.664
101.331
100.992
100.646
100.294
99.9364
99.5724
99.2025
98.8268
98.4453
98.0582
97.6655
97.2674
96.8637
96.4547
96.0402
95.6205
95.1954
94.765
94.3292
93.8881
93.4417
92.9898
92.5325
92.0697
91.6012
91.1272
90.6475
90.1619
89.6705
89.173
88.6694
88.1596
87.6435
87.1208
86.5915
86.0555
85.5125
84.9624
84.4051
83.8403
83.268
82.6879
82.0998
81.5035
80.8988
80.2856
79.6636
79.0325
78.3922
77.7424
77.0828
76.4133
75.7335
75.0431
74.342
73.6297
72.906
72.1707
71.4233
70.6635
69.8912
69.1059
68.3073
67.495
66.6688
65.8281
64.9728
64.1025
63.2169
62.3157
61.3987
60.4658
59.5167
58.5516
57.5706
56.5747
55.5634
54.5384
53.5015
52.4558
51.4038
50.3517
49.3085
48.285
47.3001
46.3815
45.5686
44.9204
44.5107
44.4113
44.6505
45.1929
45.9654
46.8959
47.9296
49.0264
50.1614
51.3156
52.4778
53.6408
54.7978
55.9457
57.0828
58.2061
59.3151
60.4091
61.4878
62.5517
63.5994
64.6316
65.6487
66.6506
67.6378
68.6105
69.5689
70.5135
71.4444
72.3621
73.2667
74.1586
75.0382
75.9055
76.761
77.6049
78.4374
79.2587
80.0692
80.8685
81.6578
82.4368
83.2057
83.9647
84.7135
85.4531
86.1832
86.9036
87.6152
88.3176
89.0107
89.6953
90.3711
91.0377
91.696
92.3453
92.9864
93.6188
94.2424
94.8577
95.464
96.0621
96.6511
97.2317
97.8031
98.3655
98.9192
99.4633
99.9982
100.523
101.038
101.544
102.038
102.522
102.995
103.456
103.905
104.341
104.764
105.173
105.567
105.946
106.308
106.653
106.103
105.936
105.761
105.577
105.384
105.183
104.972
104.753
104.526
104.29
104.045
103.793
103.533
103.264
102.988
102.704
102.413
102.115
101.809
101.496
101.176
100.849
100.516
100.176
99.83
99.4774
99.1186
98.7538
98.3829
98.0062
97.6236
97.2353
96.8413
96.4417
96.0366
95.6258
95.2096
94.7878
94.3606
93.9278
93.4896
93.0458
92.5964
92.1414
91.6808
91.2144
90.7423
90.2642
89.7803
89.2902
88.7941
88.2916
87.7828
87.2675
86.7455
86.2168
85.6812
85.1385
84.5885
84.0313
83.4664
82.8938
82.3133
81.7248
81.1279
80.5224
79.9083
79.2853
78.6532
78.0116
77.3604
76.6993
76.0282
75.3466
74.6544
73.9513
73.2369
72.511
71.7733
71.0235
70.2611
69.4862
68.6983
67.8963
67.0811
66.2518
65.4075
64.549
63.6753
62.7863
61.8816
60.961
60.0239
59.0711
58.1024
57.1177
56.1176
55.1029
54.0747
53.0349
51.9862
50.9326
49.8802
48.8384
47.8188
46.8416
45.9361
45.1453
44.5309
44.1681
44.1247
44.4183
45.0038
45.8071
46.7579
47.803
48.9073
50.0455
51.2006
52.3628
53.5234
54.6786
55.8235
56.9572
58.0769
59.1828
60.273
61.3479
62.4079
63.4518
64.4808
65.4941
66.4923
67.4758
68.4455
69.4004
70.3415
71.2691
72.1839
73.0853
73.9741
74.8505
75.7149
76.5674
77.4089
78.2386
79.0573
79.8651
80.6623
81.4491
82.2257
82.9922
83.7489
84.4959
85.2333
85.9614
86.6801
87.3893
88.0899
88.7816
89.4644
90.1385
90.8038
91.4602
92.1084
92.748
93.379
94.0016
94.6153
95.2208
95.8177
96.4057
96.9852
97.556
98.1176
98.6704
99.214
99.748
100.273
100.787
101.292
101.786
102.269
102.742
103.202
103.651
104.087
104.509
104.918
105.312
105.69
106.052
106.397
105.4
105.243
105.078
104.903
104.72
104.527
104.326
104.116
103.897
103.67
103.434
103.19
102.938
102.678
102.409
102.134
101.85
101.559
101.261
100.955
100.642
100.322
99.9959
99.6626
99.3227
98.9764
98.6237
98.2647
97.8996
97.5284
97.1513
96.7681
96.3792
95.9844
95.5839
95.1777
94.7658
94.3482
93.9249
93.4959
93.0613
92.621
92.1749
91.7231
91.2654
90.8018
90.3323
89.8568
89.3752
88.8873
88.3931
87.8926
87.3855
86.8718
86.3513
85.8238
85.2893
84.7477
84.1986
83.642
83.0778
82.5056
81.9255
81.3371
80.7402
80.1348
79.5205
78.8971
78.2645
77.6223
76.9704
76.3084
75.6363
74.9536
74.2601
73.5556
72.8397
72.1122
71.3727
70.621
69.8567
69.0798
68.2891
67.4854
66.6673
65.8354
64.9885
64.1272
63.2501
62.3581
61.4498
60.5261
59.5862
58.6302
57.6576
56.6696
55.6663
54.6485
53.6168
52.5745
51.5239
50.4692
49.4169
48.3763
47.3614
46.3931
45.5024
44.7356
44.1568
43.8432
43.8563
44.2029
44.83
45.6617
46.6308
47.6877
48.7981
49.9385
51.095
52.2564
53.4157
54.5677
55.7102
56.8406
57.9567
59.059
60.146
61.2171
62.2732
63.3139
64.3386
65.3487
66.3433
67.3237
68.2892
69.2412
70.1789
71.1036
72.0147
72.9129
73.799
74.6724
75.5338
76.3839
77.222
78.049
78.8654
79.6705
80.4652
81.2495
82.024
82.7882
83.5425
84.2873
85.0225
85.7488
86.4655
87.1731
87.8717
88.5615
89.2425
89.9148
90.5785
91.2336
91.8801
92.5182
93.1478
93.769
94.3817
94.9859
95.5815
96.1686
96.7471
97.3165
97.8774
98.4292
98.972
99.5054
100.029
100.543
101.047
101.541
102.024
102.495
102.955
103.403
103.839
104.261
104.669
105.062
105.44
105.801
106.145
104.628
104.482
104.327
104.163
103.99
103.808
103.616
103.416
103.207
102.99
102.764
102.529
102.286
102.035
101.776
101.509
101.234
100.951
100.661
100.363
100.059
99.7468
99.4279
99.1021
98.7696
98.4304
98.0847
97.7325
97.374
97.0093
96.6384
96.2613
95.8783
95.4893
95.0943
94.6934
94.2867
93.8741
93.4556
93.0313
92.6012
92.1652
91.7232
91.2753
90.8214
90.3615
89.8955
89.4232
88.9447
88.4598
87.9685
87.4706
86.966
86.4546
85.9363
85.4109
84.8783
84.3384
83.7909
83.2358
82.6729
82.1019
81.5228
80.9353
80.3392
79.7343
79.1205
78.4974
77.865
77.2229
76.5709
75.9087
75.2362
74.553
73.8589
73.1537
72.4369
71.7083
70.9677
70.2146
69.4488
68.6699
67.8781
67.0722
66.2521
65.4177
64.5691
63.705
62.8255
61.931
61.02
60.0935
59.1503
58.1914
57.2158
56.225
55.2182
54.1977
53.1635
52.119
51.0668
50.0108
48.9591
47.9211
46.9116
45.9525
45.0783
44.3374
43.7972
43.5347
43.6049
44.003
44.6693
45.5276
46.5137
47.5806
48.6966
49.8402
50.9971
52.1575
53.3149
54.4649
55.6044
56.7314
57.8446
58.9431
60.0264
61.0937
62.1461
63.183
64.2045
65.2103
66.2018
67.1787
68.1412
69.0892
70.024
70.9454
71.8532
72.7487
73.6313
74.5021
75.3609
76.2076
77.0434
77.8676
78.6812
79.4838
80.2763
81.058
81.8297
82.5919
83.3439
84.0868
84.8198
85.5435
86.2585
86.9641
87.6608
88.349
89.0281
89.6986
90.3605
91.0142
91.6592
92.2957
92.9237
93.5434
94.155
94.7579
95.3522
95.9381
96.5153
97.0839
97.6437
98.1945
98.7363
99.2687
99.7917
100.305
100.808
101.301
101.783
102.254
102.714
103.161
103.596
104.017
104.425
104.817
105.194
105.555
105.897
103.78
103.646
103.503
103.351
103.189
103.018
102.838
102.649
102.451
102.244
102.029
101.805
101.572
101.331
101.082
100.825
100.559
100.286
100.006
99.7173
99.4216
99.1186
98.8083
98.4911
98.1669
97.8358
97.4981
97.1537
96.8028
96.4454
96.0817
95.7117
95.3356
94.9532
94.5647
94.1701
93.7695
93.3628
92.9501
92.5314
92.1066
91.6758
91.2388
90.7958
90.3465
89.8911
89.4294
88.9612
88.4867
88.0056
87.5179
87.0235
86.5222
86.0139
85.4986
84.9761
84.4461
83.9087
83.3637
82.8108
82.2499
81.6808
81.1035
80.5175
79.923
79.3194
78.7067
78.0847
77.4531
76.8118
76.1603
75.4987
74.8264
74.1434
73.4493
72.7439
72.0268
71.2978
70.5565
69.8028
69.0361
68.2563
67.4629
66.6557
65.8343
64.9984
64.1476
63.2821
62.4007
61.5035
60.5903
59.661
58.7159
57.754
56.7758
55.7825
54.7732
53.7497
52.714
51.6671
50.613
49.5574
48.5062
47.4713
46.4675
45.52
44.6632
43.9504
43.4511
43.2415
43.3686
43.8164
44.5199
45.4032
46.4048
47.4817
48.6027
49.7485
50.9055
52.0648
53.2208
54.3681
55.5045
56.6281
57.7378
58.8326
59.9122
60.9763
62.0249
63.058
64.0758
65.0785
66.0664
67.0397
67.9988
68.9438
69.8753
70.7934
71.6979
72.5902
73.4701
74.3379
75.1938
76.0376
76.8705
77.6924
78.5033
79.3032
80.0931
80.8728
81.642
82.4017
83.1514
83.892
84.6232
85.3448
86.0576
86.7611
87.4562
88.1421
88.8197
89.4883
90.1488
90.8005
91.4441
92.0789
92.7055
93.3239
93.9337
94.5352
95.1285
95.713
96.289
96.8567
97.4153
97.965
98.506
99.0374
99.5594
100.072
100.574
101.066
101.547
102.018
102.476
102.923
103.357
103.777
104.184
104.576
104.952
105.312
105.653
102.848
102.728
102.598
102.459
102.31
102.152
101.984
101.808
101.622
101.427
101.224
101.011
100.79
100.561
100.323
100.077
99.8222
99.5598
99.2896
99.0117
98.7261
98.433
98.1326
97.825
97.5102
97.1884
96.8597
96.5241
96.1819
95.833
95.4776
95.1157
94.7474
94.3727
93.9917
93.6044
93.2109
92.8111
92.4051
91.9929
91.5745
91.1498
90.7188
90.2815
89.8379
89.3878
88.9313
88.4682
87.9986
87.5222
87.039
86.5489
86.0518
85.5475
85.036
84.5171
83.9907
83.4566
82.9147
82.3649
81.8068
81.2405
80.6657
80.0821
79.4897
78.8882
78.2775
77.6572
77.0272
76.3873
75.7371
75.0766
74.4054
73.7231
73.0297
72.3247
71.608
70.8792
70.138
69.384
68.6171
67.8369
67.043
66.2346
65.4124
64.5754
63.7234
62.8562
61.9732
61.0744
60.1595
59.2283
58.2806
57.3166
56.3363
55.3401
54.3287
53.3038
52.2657
51.2175
50.1627
49.1066
48.0576
47.0259
46.0293
45.0939
44.2567
43.5736
43.1177
42.9625
43.1461
43.642
44.3804
45.2867
46.3035
47.3883
48.5138
49.6619
50.8189
51.9775
53.1307
54.2753
55.4092
56.5295
57.6355
58.7273
59.8031
60.8635
61.9083
62.9382
63.9523
64.9514
65.9356
66.9053
67.8609
68.803
69.7311
70.6459
71.5477
72.4369
73.3137
74.1784
75.0313
75.8727
76.7027
77.5218
78.3301
79.1273
79.9146
80.6917
81.4589
82.2162
82.964
83.7018
84.4308
85.1506
85.8613
86.5631
87.2558
87.9401
88.6158
89.2826
89.9412
90.5915
91.233
91.8666
92.4915
93.1084
93.7171
94.317
94.9089
95.4921
96.0671
96.6332
97.1909
97.7394
98.2793
98.8096
99.3308
99.8421
100.344
100.835
101.315
101.785
102.242
102.688
103.121
103.541
103.947
104.338
104.713
105.071
105.411
101.824
101.719
101.604
101.479
101.345
101.201
101.047
100.885
100.712
100.531
100.341
100.142
99.9337
99.7169
99.4916
99.2578
99.0157
98.7654
98.507
98.2407
97.9666
97.6848
97.3954
97.0986
96.7945
96.4832
96.1647
95.8392
95.5068
95.1676
94.8216
94.4689
94.1096
93.7437
93.3713
92.9924
92.6071
92.2153
91.8171
91.4125
91.0014
90.5839
90.1599
89.7294
89.2924
88.8487
88.3984
87.9413
87.4774
87.0067
86.529
86.0441
85.5521
85.0527
84.5459
84.0316
83.5096
82.9797
82.4418
81.8958
81.3415
80.7786
80.2071
79.6268
79.0374
78.4388
77.8307
77.213
76.5853
75.9476
75.2994
74.6407
73.9712
73.2905
72.5984
71.8946
71.1789
70.4509
69.7103
68.9567
68.1903
67.4098
66.616
65.808
64.9849
64.1475
63.2949
62.4262
61.5423
60.6424
59.7262
58.7935
57.8437
56.878
55.8959
54.898
53.8849
52.8577
51.8182
50.7689
49.7138
48.6584
47.6109
46.5838
45.5952
44.6726
43.8568
43.2066
42.796
42.6966
42.936
43.4779
44.2486
45.177
46.207
47.2995
48.4297
49.5793
50.7359
51.8931
53.0447
54.1865
55.3172
56.434
57.5371
58.6245
59.6972
60.7538
61.7954
62.821
63.8314
64.8273
65.808
66.7741
67.7267
68.6649
69.5896
70.5016
71.4001
72.2861
73.1598
74.022
74.8719
75.7104
76.5376
77.3539
78.1595
78.9549
79.7396
80.5142
81.2789
82.0338
82.7792
83.5152
84.2419
84.9595
85.6681
86.3679
87.0588
87.7412
88.4149
89.0798
89.7367
90.3852
91.0254
91.6572
92.2809
92.8959
93.503
94.1018
94.6923
95.2741
95.8477
96.4128
96.9693
97.5166
98.0552
98.5847
99.1045
99.615
100.116
100.605
101.085
101.553
102.01
102.455
102.887
103.306
103.711
104.101
104.475
104.832
105.171
100.697
100.608
100.51
100.401
100.283
100.155
100.018
99.8704
99.7137
99.5477
99.3724
99.188
98.9945
98.7921
98.5809
98.3611
98.1327
97.8959
97.6509
97.3977
97.1365
96.8674
96.5905
96.3059
96.0138
95.7143
95.4074
95.0933
94.772
94.4437
94.1085
93.7663
93.4172
93.0614
92.6988
92.3295
91.9536
91.571
91.1818
90.7858
90.3833
89.9741
89.5582
89.1356
88.7062
88.27
87.827
87.377
86.92
86.4559
85.9846
85.506
85.02
84.5266
84.0255
83.5167
83
82.4752
81.9423
81.401
80.8513
80.2928
79.7256
79.1493
78.5638
77.9688
77.3642
76.7498
76.1253
75.4905
74.8452
74.1891
73.522
72.8435
72.1535
71.4517
70.7376
70.0111
69.2719
68.5194
67.754
66.9744
66.1813
65.3732
64.5504
63.7131
62.8599
61.9915
61.1066
60.206
59.289
58.3547
57.4044
56.4375
55.4535
54.4542
53.4398
52.4107
51.3702
50.3204
49.2653
48.211
47.1657
46.1438
45.1643
44.2564
43.4638
42.8479
42.4852
42.4425
42.7367
43.3222
44.1241
45.0724
46.1147
47.2149
48.3485
49.4992
50.6554
51.811
52.9602
54.0997
55.2266
56.3405
57.44
58.5243
59.5926
60.6459
61.6838
62.7056
63.7128
64.7045
65.6821
66.6452
67.5937
68.529
69.4503
70.3589
71.2543
72.1376
73.0082
73.8668
74.7142
75.5498
76.3747
77.1882
77.991
78.7838
79.5659
80.338
81.1002
81.8531
82.5961
83.3298
84.0543
84.7701
85.4766
86.1742
86.8632
87.5435
88.2154
88.8788
89.5341
90.1809
90.8193
91.4495
92.0715
92.6853
93.2908
93.8881
94.4772
95.0579
95.6302
96.1939
96.7488
97.2952
97.8326
98.3609
98.8799
99.3892
99.8887
100.378
100.856
101.324
101.78
102.224
102.655
103.072
103.476
103.865
104.238
104.594
104.931
99.4524
99.383
99.3034
99.2136
99.1137
99.0038
98.8841
98.7545
98.6152
98.4663
98.3079
98.1401
97.963
97.7768
97.5816
97.3775
97.1646
96.9431
96.713
96.4746
96.2279
95.9731
95.7103
95.4396
95.161
94.8748
94.5811
94.2799
93.9712
93.6553
93.3322
93.0019
92.6645
92.3201
91.9687
91.6104
91.2452
90.8731
90.4941
90.1082
89.7154
89.3158
88.9092
88.4957
88.0752
87.6476
87.213
86.7712
86.3222
85.8659
85.4022
84.931
84.4522
83.9657
83.4713
82.9691
82.4587
81.9401
81.4131
80.8776
80.3334
79.7803
79.2182
78.6469
78.0661
77.4758
76.8756
76.2654
75.6449
75.0139
74.3723
73.7196
73.0557
72.3803
71.6931
70.9939
70.2823
69.5581
68.8209
68.0707
67.3066
66.5285
65.7362
64.9292
64.1079
63.2708
62.418
61.5494
60.6652
59.7639
58.8466
57.9119
56.9603
55.9926
55.0078
54.0075
52.9915
51.9623
50.9206
49.8706
48.8155
47.7628
46.7216
45.705
44.7355
43.8438
43.0757
42.4971
42.1844
42.199
42.5467
43.1742
44.0048
44.9716
46.0252
47.1317
48.2684
49.4199
50.576
51.7298
52.8766
54.0132
55.1373
56.2477
57.3435
58.424
59.4891
60.5386
61.5726
62.5913
63.5942
64.5827
65.5566
66.5161
67.4616
68.3929
69.3113
70.2166
71.1087
71.9888
72.8568
73.7123
74.5568
75.3899
76.2114
77.0226
77.8227
78.6128
79.3924
80.1623
80.9221
81.6726
82.4132
83.145
83.8672
84.5805
85.2852
85.9808
86.6677
87.3465
88.0164
88.6779
89.3314
89.9764
90.6131
91.242
91.8623
92.4745
93.0785
93.6744
94.2623
94.8415
95.4125
95.9749
96.5288
97.0739
97.6101
98.1373
98.6554
99.1636
99.6619
100.15
100.628
101.094
101.549
101.992
102.422
102.838
103.241
103.628
104
104.355
104.691
98.0765
98.0287
97.9703
97.9016
97.8225
97.7331
97.6336
97.5239
97.4043
97.2747
97.1355
96.9865
96.828
96.6601
96.4829
96.2965
96.1011
95.8968
95.6837
95.462
95.2317
94.993
94.7461
94.491
94.2279
93.9567
93.6779
93.3912
93.0968
92.7949
92.4856
92.1688
91.8446
91.5132
91.1746
90.8287
90.4757
90.1155
89.7482
89.3738
88.9922
88.6035
88.2076
87.8045
87.3942
86.9767
86.5517
86.1195
85.6797
85.2324
84.7775
84.3149
83.8444
83.366
82.8796
82.385
81.882
81.3707
80.8507
80.3221
79.7844
79.2378
78.6818
78.1165
77.5416
76.9568
76.362
75.7569
75.1414
74.5151
73.878
73.2297
72.5699
71.8984
71.2149
70.5192
69.8108
69.0897
68.3553
67.6076
66.846
66.0702
65.28
64.4748
63.6546
62.8188
61.9672
61.0995
60.2154
59.3146
58.3969
57.4629
56.5112
55.5426
54.5574
53.5567
52.5402
51.51
50.4688
49.4185
48.3644
47.314
46.2761
45.267
44.3081
43.4334
42.6929
42.1537
41.8928
41.965
42.3648
43.0314
43.8893
44.8733
45.9372
47.0501
48.1894
49.3414
50.4966
51.6492
52.7933
53.9268
55.0476
56.1544
57.2464
58.3237
59.3849
60.4306
61.4607
62.4755
63.4751
64.4599
65.4301
66.386
67.328
68.2563
69.1713
70.0732
70.9625
71.8389
72.7037
73.5567
74.3982
75.2283
76.0475
76.8554
77.6532
78.4407
79.218
79.985
80.7427
81.4908
82.2291
82.9586
83.679
84.39
85.0926
85.7861
86.4714
87.1478
87.8162
88.4758
89.1276
89.7707
90.4061
91.0329
91.652
92.2626
92.8654
93.4598
94.0462
94.6241
95.1936
95.7551
96.3076
96.8515
97.3868
97.9128
98.4294
98.9365
99.434
99.921
100.397
100.863
101.317
101.758
102.187
102.603
103.004
103.391
103.761
104.114
104.449
