37.2753
37.7023
38.0435
38.3159
38.5326
38.7039
38.8376
38.9399
39.0154
39.0681
39.1007
39.1156
39.1145
39.0986
39.0691
39.0267
38.972
38.9053
38.8271
38.7376
38.637
38.5255
38.4033
38.2706
38.1276
37.9744
37.8112
37.6383
37.4559
37.2641
37.0633
36.8536
36.6352
36.4085
36.1736
35.9307
35.6802
35.4221
35.1566
34.884
34.6043
34.3177
34.0242
33.724
33.4169
33.103
32.7823
32.4546
32.1199
31.7779
31.4285
31.0715
30.7068
30.3341
29.9531
29.5637
29.1657
28.7588
28.3429
27.9176
27.4828
27.0384
26.5841
26.1197
25.6449
25.1595
24.6634
24.1561
23.6374
23.1071
22.5646
22.0096
21.4417
20.8601
20.2647
19.6543
19.0284
18.3862
17.7273
17.0503
16.3547
15.6404
14.9081
14.1593
13.4
12.6433
11.9182
11.2837
10.841
10.6984
10.8742
11.2688
11.7602
12.2744
12.776
13.2489
13.6853
14.0815
14.435
14.7447
37.1489
37.5678
37.9053
38.1777
38.3975
38.5742
38.7155
38.827
38.9134
38.9781
39.0237
39.0525
39.0659
39.065
39.0507
39.0237
38.9844
38.9331
38.87
38.7953
38.7093
38.6119
38.5034
38.384
38.2537
38.1128
37.9614
37.7998
37.6283
37.4469
37.2561
37.056
36.8468
36.629
36.4027
36.1682
35.9257
35.6755
35.4177
35.1527
34.8804
34.6011
34.3149
34.0217
33.7217
33.4148
33.101
32.78
32.4519
32.1163
31.7732
31.4222
31.0631
30.6957
30.3196
29.9348
29.5408
29.1375
28.7247
28.302
27.8693
27.4264
26.9731
26.509
26.0341
25.548
25.0506
24.5415
24.0205
23.4871
22.9409
22.3819
21.8089
21.2222
20.6203
20.0034
19.3701
18.7202
18.0522
17.3657
16.6605
15.9357
15.1925
14.434
13.6663
12.905
12.1832
11.567
11.1639
11.0769
11.3059
11.7411
12.2653
12.8111
13.3467
13.8566
14.3332
14.7725
15.1725
15.5314
36.965
37.3756
37.7093
37.9816
38.2044
38.3867
38.5359
38.6572
38.7549
38.8323
38.8919
38.9355
38.9644
38.9795
38.9817
38.9712
38.9484
38.9135
38.8666
38.8077
38.7371
38.6547
38.5607
38.4551
38.3382
38.2101
38.071
37.9211
37.7608
37.5901
37.4095
37.2192
37.0195
36.8107
36.5931
36.367
36.1326
35.8903
35.6403
35.3828
35.118
34.8461
34.5672
34.2813
33.9885
33.6887
33.3819
33.0678
32.7465
32.4175
32.0807
31.7357
31.3823
31.0202
30.6492
30.2687
29.8787
29.4787
29.0686
28.6481
28.217
27.7751
27.322
26.8577
26.3818
25.8942
25.3946
24.8827
24.3582
23.8209
23.2703
22.7057
22.1272
21.5339
20.9251
20.3005
19.6589
19.0002
18.3229
17.6269
16.9112
16.1765
15.4232
14.655
13.8804
13.1161
12.4
11.8052
11.4436
11.41
11.6854
12.1521
12.6991
13.2651
13.822
14.355
14.8569
15.3236
15.7531
16.1436
36.7218
37.1238
37.4535
37.7257
37.9516
38.1398
38.2972
38.4289
38.5388
38.6299
38.7044
38.764
38.8098
38.8424
38.8622
38.8697
38.8649
38.8477
38.8182
38.7765
38.7224
38.656
38.5773
38.4866
38.3838
38.2692
38.143
38.0055
37.8568
37.6973
37.5274
37.3472
37.1572
36.9577
36.7491
36.5316
36.3057
36.0716
35.8296
35.5799
35.3229
35.0587
34.7875
34.5092
34.224
33.9318
33.6325
33.326
33.012
32.6901
32.3602
32.0219
31.6748
31.3185
30.9527
30.577
30.1911
29.7947
29.3875
28.9691
28.5395
28.0983
27.6453
27.1803
26.7031
26.2135
25.7112
25.1959
24.6674
24.1253
23.5693
22.999
22.414
21.8133
21.197
20.5642
19.9138
19.2458
18.5592
17.8528
17.1273
16.3819
15.6192
14.8422
14.0611
13.2951
12.5869
12.0154
11.697
11.7149
12.031
12.5227
13.0857
13.6649
14.2348
14.7819
15.2992
15.7828
16.2305
16.6402
36.4163
36.8095
37.1352
37.4072
37.6363
37.8308
37.997
38.1397
38.2627
38.3687
38.4596
38.5367
38.6009
38.6525
38.692
38.7191
38.7338
38.7361
38.7256
38.7023
38.6661
38.617
38.5549
38.4799
38.3923
38.292
38.1795
38.0549
37.9186
37.7708
37.612
37.4425
37.2627
37.073
36.8737
36.6653
36.4481
36.2225
35.989
35.7476
35.4989
35.243
34.98
34.71
34.4332
34.1494
33.8585
33.5604
33.2546
32.941
32.619
32.2882
31.9483
31.5987
31.2391
30.8689
30.4878
30.0954
29.6915
29.2757
28.8477
28.4074
27.9545
27.4888
27.0101
26.5182
26.0129
25.4938
24.9609
24.4135
23.8517
23.2749
22.6828
22.0747
21.4501
20.8085
20.1489
19.4711
18.7744
18.0581
17.3217
16.5665
15.794
15.0085
14.2214
13.4546
12.7555
12.21
11.9362
12.0033
12.3551
12.8664
13.4406
14.0279
14.6053
15.1603
15.6861
16.1796
16.6378
17.0588
36.0451
36.4293
36.7506
37.0224
37.2549
37.4558
37.6314
37.7861
37.9233
38.0455
38.1543
38.2508
38.3354
38.4083
38.4693
38.5182
38.5546
38.5781
38.5885
38.5854
38.5687
38.5382
38.4939
38.436
38.3644
38.2795
38.1815
38.0707
37.9474
37.812
37.6649
37.5066
37.3374
37.1578
36.9684
36.7695
36.5616
36.3451
36.1204
35.888
35.6482
35.4012
35.1472
34.8865
34.6191
34.3448
34.0635
33.775
33.4789
33.1748
32.8621
32.5404
32.2091
31.8675
31.5152
31.1517
30.7765
30.3891
29.9893
29.5767
29.151
28.712
28.2595
27.7932
27.3131
26.8189
26.3104
25.7874
25.2496
24.697
24.1289
23.5452
22.9454
22.3291
21.6957
21.0448
20.3756
19.6873
18.98
18.2529
17.5061
16.7403
15.9574
15.1638
14.371
13.6045
12.9156
12.3983
12.1697
12.2833
12.6666
13.1931
13.7747
14.3664
14.9474
15.5057
16.0359
16.5341
16.9974
17.4241
35.6041
35.9786
36.2952
36.5665
36.8023
37.0101
37.1956
37.3632
37.516
37.656
37.7847
37.9027
38.0101
38.1067
38.1919
38.265
38.3255
38.3727
38.4061
38.4252
38.4297
38.4195
38.3946
38.3549
38.3006
38.2321
38.1495
38.0532
37.9437
37.8213
37.6865
37.5398
37.3818
37.2129
37.0337
36.8448
36.6466
36.4397
36.2245
36.0016
35.7714
35.5342
35.2903
35.0398
34.7829
34.5195
34.2494
33.9722
33.6875
33.3948
33.0933
32.7825
32.4616
32.1299
31.7868
31.4315
31.0636
30.6826
30.2881
29.8797
29.4571
29.0202
28.5686
28.1023
27.621
27.1247
26.6131
26.086
25.5434
24.9849
24.4102
23.8191
23.2111
22.586
21.9435
21.2826
20.6029
19.9041
19.1856
18.4471
17.6888
16.9115
16.1186
15.316
14.5175
13.7514
13.0745
12.5872
12.4042
12.5615
12.9717
13.5101
14.0961
14.6894
15.2706
15.8297
16.3604
16.8597
17.3247
17.7526
35.0886
35.4526
35.7638
36.0341
36.273
36.4876
36.6836
36.865
37.0347
37.1945
37.3454
37.4876
37.6207
37.744
37.8565
37.957
38.0445
38.1182
38.177
38.2206
38.2486
38.2605
38.2565
38.2366
38.2009
38.1498
38.0836
38.0027
37.9076
37.7988
37.6768
37.5423
37.3958
37.238
37.0694
36.8908
36.7027
36.5057
36.3006
36.0877
35.8678
35.6412
35.4083
35.1694
34.9244
34.6735
34.4163
34.1524
33.8813
33.6023
33.3145
33.0171
32.7091
32.3896
32.0579
31.7131
31.3545
30.9817
30.5941
30.1913
29.7731
29.3393
28.8896
28.4239
27.9421
27.444
26.9296
26.3986
25.851
25.2865
24.7048
24.1062
23.4896
22.8551
22.2022
21.5309
20.8399
20.1294
19.3987
18.6479
17.8774
17.0885
16.2844
15.4724
14.6678
13.9024
13.2391
12.7834
12.6457
12.8435
13.2762
13.8233
14.4112
15.0038
15.5832
16.1404
16.6692
17.1665
17.63
18.0564
34.4937
34.8459
35.1503
35.4186
35.6599
35.8812
36.0879
36.2839
36.472
36.6536
36.8294
36.999
37.1614
37.3152
37.4588
37.5905
37.7086
37.812
37.8995
37.9704
38.0241
38.0604
38.0793
38.0808
38.0651
38.0326
37.9838
37.9191
37.8391
37.7444
37.6357
37.5136
37.379
37.2323
37.0746
36.9063
36.7285
36.5418
36.3468
36.1445
35.9354
35.7202
35.4992
35.2729
35.0414
34.8047
34.5625
34.3144
34.0595
33.797
33.5258
33.2448
32.9528
32.6486
32.3311
31.9995
31.6529
31.2906
30.9121
30.517
30.1049
29.6757
29.2292
28.7652
28.2838
27.7846
27.2679
26.7333
26.1809
25.6103
25.0219
24.4149
23.7895
23.145
22.4813
21.7984
21.0952
20.3718
19.628
18.8642
18.0802
17.2782
16.4619
15.6396
14.8283
14.0637
13.4148
12.9922
12.8993
13.1338
13.5852
14.138
14.7254
15.3155
15.8912
16.4441
16.969
17.4627
17.922
18.3447
33.8147
34.1529
34.4486
34.7131
34.9554
35.1823
35.3995
35.6106
35.8184
36.0242
36.228
36.4288
36.6248
36.8138
36.9932
37.1607
37.3138
37.451
37.5709
37.6724
37.755
37.8182
37.8622
37.887
37.893
37.8805
37.8502
37.8026
37.7384
37.6583
37.5632
37.4538
37.3309
37.1954
37.0483
36.8903
36.7225
36.5458
36.3611
36.1692
35.9712
35.7676
35.5593
35.3467
35.1301
34.9094
34.6845
34.4547
34.2191
33.9765
33.7255
33.4647
33.1923
32.9071
32.6076
32.2926
31.9612
31.6124
31.2459
30.8609
30.4573
30.0348
29.5933
29.1327
28.6528
28.1538
27.6356
27.0981
26.5413
25.9653
25.3695
24.7545
24.1194
23.4646
22.7894
22.094
21.3775
20.6402
19.8823
19.1033
18.3044
17.4882
16.6583
15.8244
15.0057
14.2418
13.6082
13.2199
13.17
13.4372
13.9035
14.4593
15.0444
15.63
16.2003
16.7474
17.2666
17.7543
18.2079
18.6246
33.0476
33.3685
33.6523
33.9101
34.1508
34.3815
34.6079
34.834
35.0625
35.2946
35.5298
35.7664
36.0015
36.2314
36.4526
36.6614
36.8551
37.0311
37.1878
37.324
37.439
37.5324
37.6043
37.6549
37.6845
37.6937
37.6833
37.6538
37.6062
37.5413
37.46
37.3632
37.252
37.1273
36.9902
36.8419
36.6835
36.5161
36.3408
36.1589
35.9714
35.7795
35.5839
35.3856
35.1848
34.9819
34.7764
34.5678
34.3548
34.136
33.9094
33.6731
33.4251
33.1634
32.8862
32.5921
32.2799
31.9486
31.5974
31.2259
30.8337
30.4206
29.9865
29.5314
29.0552
28.5579
28.0397
27.5005
26.9402
26.3591
25.7569
25.1334
24.489
23.8234
23.1359
22.4272
21.6963
20.9441
20.1699
19.3748
18.5593
17.7263
16.8814
16.0343
15.2071
14.4439
13.8263
13.4722
13.4634
13.7592
14.2365
14.7923
15.3731
15.9521
16.5154
17.0553
17.5671
18.0475
18.4938
18.9025
32.1902
32.4893
32.7566
33.0031
33.238
33.4688
33.7016
33.9411
34.1904
34.4506
34.721
34.9986
35.2791
35.5572
35.8273
36.0847
36.3255
36.5464
36.7455
36.9213
37.0731
37.2006
37.3039
37.3832
37.4391
37.4724
37.4836
37.4738
37.4439
37.3948
37.3277
37.2436
37.1437
37.0293
36.9015
36.7617
36.6113
36.4518
36.2845
36.111
35.9328
35.7513
35.5678
35.3834
35.1989
35.0148
34.8307
34.646
34.4592
34.2684
34.071
33.8645
33.6461
33.4133
33.1637
32.8956
32.6074
32.298
31.9666
31.6125
31.2355
30.8353
30.4119
29.9652
29.4953
29.0022
28.4861
27.947
27.3847
26.7997
26.1919
25.5611
24.9075
24.2305
23.5308
22.808
22.0619
21.2931
20.5012
19.6879
18.8542
18.0028
17.1403
16.278
15.4406
14.6772
14.0759
13.7562
13.7854
14.1049
14.5892
15.1427
15.7172
16.2882
16.8428
17.3738
17.8768
18.3482
18.7852
19.1845
31.2436
31.5147
31.759
31.9877
32.2102
32.435
32.6689
32.9179
33.1861
33.4752
33.7841
34.1088
34.4426
34.7776
35.1057
35.4203
35.7161
35.9892
36.2373
36.4586
36.6526
36.819
36.958
37.07
37.1557
37.2159
37.2515
37.2635
37.253
37.2211
37.169
37.0979
37.0093
36.9045
36.7849
36.6523
36.5081
36.3543
36.1927
36.0251
35.8535
35.68
35.5063
35.3343
35.1652
34.9998
34.8382
34.6797
34.5226
34.3642
34.2014
34.0304
33.8478
33.65
33.4342
33.198
32.9395
32.6574
32.3509
32.0191
31.6619
31.2789
30.8702
30.4358
29.9758
29.4902
28.9791
28.4428
27.8813
27.2945
26.6827
26.0454
25.3834
24.6964
23.9844
23.2473
22.4851
21.6987
20.8882
20.0548
19.1998
18.3279
17.4449
16.5655
15.7164
14.9511
14.3661
14.0797
14.1431
14.4811
14.9685
15.5172
16.0829
16.644
17.1883
17.7085
18.2009
18.6618
19.0881
19.4764
30.2143
30.4496
30.6624
30.8641
31.0648
31.274
31.5002
31.7512
32.0329
32.3491
32.699
33.0772
33.4737
33.8764
34.2736
34.6557
35.0159
35.3497
35.6544
35.9283
36.1708
36.3819
36.5619
36.7115
36.8314
36.9227
36.9862
37.0232
37.0349
37.0223
36.9869
36.9301
36.8532
36.7579
36.6459
36.519
36.379
36.2283
36.069
35.9036
35.7347
35.565
35.3972
35.2338
35.077
34.9286
34.7891
34.658
34.5333
34.4119
34.2891
34.1602
34.0201
33.8643
33.6891
33.4914
33.2691
33.0205
32.7447
32.4409
32.1089
31.7484
31.3594
30.942
30.4964
30.0226
29.5207
28.9909
28.4334
27.848
27.2349
26.5942
25.9259
25.2301
24.5067
23.7559
22.978
22.173
21.3424
20.4872
19.6097
18.7143
17.8085
16.9087
16.045
15.2769
14.7075
14.4522
14.5449
14.8959
15.3822
15.9228
16.4776
17.0267
17.5583
18.0666
18.5467
18.9951
19.4089
19.7845
29.1153
29.3057
29.4769
29.6402
29.8068
29.9873
30.1921
30.432
30.7167
31.0534
31.4439
31.8819
32.3522
32.8358
33.315
33.7766
34.212
34.616
34.9858
35.32
35.6182
35.8807
36.1081
36.3011
36.4609
36.5884
36.6848
36.7513
36.7892
36.7996
36.784
36.7438
36.6806
36.5959
36.4916
36.3697
36.2324
36.0822
35.9218
35.7542
35.5827
35.4109
35.2425
35.0815
34.9314
34.7951
34.6746
34.57
34.4794
34.3986
34.3215
34.2413
34.1511
34.0449
33.9176
33.7657
33.5864
33.3781
33.1395
32.87
32.5692
32.2372
31.8738
31.4792
31.0535
30.5969
30.1094
29.5912
29.0423
28.4628
27.8527
27.2124
26.5411
25.8393
25.107
24.3442
23.5514
22.729
21.878
21
20.0979
19.1763
18.2452
17.3219
16.4408
15.6682
15.1124
14.8851
15.0012
15.3596
15.8398
16.3689
16.91
17.4444
17.9618
18.4556
18.9211
19.3555
19.7547
20.1155
27.9674
28.1039
28.2225
28.335
28.453
28.5884
28.7539
28.9638
29.2331
29.5762
30.0014
30.5035
31.06
31.6398
32.2157
32.7698
33.2915
33.7756
34.2195
34.6221
34.9837
35.3049
35.5866
35.8298
36.0359
36.206
36.3414
36.4432
36.5128
36.5514
36.5604
36.5412
36.4951
36.424
36.3296
36.2139
36.0793
35.9283
35.7641
35.5901
35.4103
35.2293
35.0522
34.8844
34.7314
34.5986
34.4901
34.4077
34.35
34.3122
34.2857
34.261
34.2281
34.179
34.1074
34.0085
33.8795
33.7183
33.5237
33.2952
33.0324
32.7353
32.4041
32.0387
31.6395
31.2065
30.7397
30.2393
29.7053
29.1378
28.5364
27.9012
27.232
26.5292
25.7921
25.0209
24.216
23.3779
22.5076
21.6071
20.6796
19.731
18.7718
17.8221
16.9208
16.1409
15.5967
15.3927
15.5255
15.884
16.3533
16.8669
17.3908
17.9078
18.4079
18.8844
19.3331
19.7508
20.1333
20.4771
26.7987
26.8732
26.9296
26.9794
27.0346
27.1078
27.214
27.3709
27.6004
27.9274
28.373
28.9387
29.5922
30.2829
30.9692
31.6273
32.2455
32.8186
33.3447
33.8235
34.2558
34.6428
34.9858
35.2862
35.5456
35.7652
35.9464
36.0905
36.1987
36.2722
36.3123
36.3203
36.2974
36.2453
36.1654
36.0597
35.9304
35.7802
35.6119
35.4295
35.2373
35.0406
34.8457
34.6599
34.4914
34.3485
34.2392
34.1692
34.1393
34.144
34.1718
34.2084
34.2399
34.2552
34.2462
34.2073
34.1352
34.0277
33.8838
33.7029
33.4848
33.2296
32.9373
32.6082
32.2425
31.8402
31.4014
30.9262
30.4145
29.866
29.2805
28.6581
27.9981
27.3003
26.5649
25.7911
24.9792
24.1298
23.2441
22.3235
21.3718
20.3956
19.4071
18.4288
17.5045
16.7147
16.1788
15.9923
16.1332
16.4843
16.9368
17.4301
17.9328
18.4286
18.9076
19.3641
19.793
20.1908
20.554
20.8777
25.6415
25.6488
25.6362
25.6147
25.596
25.5932
25.6226
25.7053
25.8705
26.156
26.6023
27.2232
27.9759
28.7838
29.5871
30.3553
31.0757
31.7433
32.3571
32.9176
33.4262
33.8849
34.2953
34.6592
34.9783
35.2542
35.4883
35.6818
35.8361
35.9521
36.0311
36.0742
36.0823
36.0569
35.999
35.9104
35.7929
35.6486
35.4804
35.2917
35.0868
34.8714
34.6524
34.4385
34.2403
34.0701
33.9414
33.8667
33.8525
33.8947
33.9776
34.0797
34.1809
34.266
34.3249
34.3514
34.3415
34.2934
34.2058
34.0784
33.9112
33.7042
33.4576
33.1718
32.8468
32.4828
32.0798
31.6377
31.1564
30.6354
30.0747
29.4734
28.8315
28.1479
27.4226
26.6545
25.8437
24.9907
24.0953
23.1599
22.1886
21.1876
20.1707
19.1634
18.2146
17.4126
16.8809
16.7043
16.844
17.1789
17.6075
18.0745
18.5508
19.0206
19.4746
19.9065
20.3117
20.6862
21.0263
21.3269
24.5283
24.4669
24.3828
24.2863
24.1884
24.1022
24.0449
24.0407
24.1254
24.3519
24.7817
25.4428
26.2814
27.196
28.1086
28.9822
29.802
30.5631
31.2648
31.9083
32.4955
33.0287
33.51
33.9416
34.3253
34.6628
34.9555
35.2049
35.4122
35.5782
35.7041
35.7907
35.8388
35.8493
35.8231
35.7614
35.6654
35.5367
35.3774
35.1904
34.9792
34.7489
34.5062
34.2601
34.0225
33.809
33.6393
33.5356
33.5167
33.5846
33.7183
33.8854
34.057
34.2132
34.3417
34.4356
34.4907
34.5051
34.4777
34.4082
34.2966
34.1432
33.9482
33.7118
33.4344
33.1158
32.7562
32.3553
31.9129
31.4287
30.9017
30.3318
29.718
29.0589
28.3545
27.6031
26.8046
25.9579
25.0636
24.1234
23.1399
22.1213
21.081
20.0474
19.075
18.2602
17.7282
17.5526
17.6799
17.9888
18.385
18.8178
19.2611
19.699
20.1223
20.5251
20.9018
21.2486
21.5611
21.8346
23.4866
23.3591
23.2056
23.0356
22.8596
22.6906
22.5461
22.4532
22.4546
22.6172
23.0219
23.7059
24.605
25.599
26.598
27.5591
28.4651
29.31
30.0928
30.8144
31.4771
32.0833
32.6352
33.1351
33.585
33.9866
34.3415
34.651
34.9162
35.1381
35.3175
35.4551
35.5516
35.6074
35.6231
35.5992
35.5366
35.4361
35.2989
35.1269
34.9226
34.6898
34.4339
34.1629
33.8882
33.6264
33.4012
33.2456
33.1962
33.2688
33.439
33.6606
33.894
34.1144
34.3074
34.4652
34.5833
34.6595
34.6927
34.6826
34.6292
34.5327
34.3932
34.2111
33.9866
33.7195
33.41
33.0577
32.6623
32.2232
31.7397
31.211
30.6357
30.0131
29.3418
28.6199
27.8468
27.0208
26.142
25.2102
24.2289
23.2041
22.1513
21.0996
20.1092
19.2822
18.7461
18.5616
18.6639
18.9349
19.2888
19.6791
20.0811
20.4797
20.8657
21.2325
21.575
21.8887
22.1689
22.4105
22.536
22.3476
22.1304
21.893
21.6453
21.4001
21.1757
21.0016
20.9272
21.0317
21.4104
22.1029
23.0338
24.0733
25.1269
26.1487
27.1191
28.0303
28.88
29.6689
30.3984
31.0709
31.6883
32.253
32.7667
33.2313
33.6482
34.0187
34.3438
34.6245
34.8614
35.0552
35.2061
35.3145
35.3807
35.4047
35.3869
35.3274
35.2269
35.0861
34.9064
34.6903
34.4413
34.1656
33.8725
33.5772
33.3037
33.0917
32.9946
33.0456
33.223
33.4713
33.7427
34.0079
34.2501
34.46
34.6323
34.764
34.8536
34.9004
34.904
34.8644
34.7818
34.6561
34.4876
34.2761
34.0215
33.7235
33.3815
32.9948
32.5629
32.0846
31.5585
30.9834
30.3575
29.6787
28.9458
28.1568
27.31
26.4055
25.4447
24.4328
23.3847
22.3302
21.3329
20.5
19.9572
19.7533
19.8169
20.0371
20.3369
20.674
21.0253
21.3759
21.7165
22.0401
22.3418
22.6163
22.8586
23.063
21.686
21.4439
21.1707
20.8743
20.5642
20.2531
19.9601
19.7171
19.5796
19.6374
19.9945
20.6858
21.625
22.6793
23.756
24.8096
25.8189
26.7744
27.6726
28.5128
29.2959
30.0235
30.6972
31.3189
31.8902
32.4128
32.8879
33.3166
33.7001
34.039
34.334
34.5854
34.7936
34.9586
35.0806
35.1594
35.1948
35.1869
35.1355
35.0408
34.9033
34.7243
34.5062
34.253
33.9722
33.6763
33.3872
33.1444
33.0062
33.0164
33.1636
33.3973
33.6692
33.9477
34.2134
34.4548
34.6648
34.8391
34.9749
35.0707
35.1255
35.1389
35.1105
35.0401
34.9275
34.7726
34.5749
34.3342
34.0497
33.7207
33.3464
32.9256
32.4569
31.9388
31.3693
30.7463
30.068
29.3319
28.536
27.6789
26.7607
25.7862
24.7676
23.7341
22.7497
21.9227
21.3731
21.1397
21.1509
21.3064
21.5395
21.812
22.102
22.3953
22.6818
22.9551
23.2089
23.4376
23.636
23.7975
20.9372
20.649
20.328
19.9818
19.6194
19.2535
18.9041
18.6056
18.4194
18.4439
18.7864
19.4719
20.4035
21.4502
22.5251
23.5853
24.6095
25.5872
26.5139
27.3877
28.2086
28.9774
29.695
30.363
30.9826
31.555
32.0813
32.5625
32.9994
33.3927
33.7428
34.05
34.3146
34.5365
34.7157
34.8519
34.945
34.9944
35.0001
34.9617
34.8794
34.7539
34.5868
34.3812
34.143
33.883
33.6201
33.3882
33.2369
33.2078
33.3022
33.487
33.7236
33.9821
34.2419
34.4895
34.7157
34.9142
35.081
35.2132
35.3089
35.3668
35.3859
35.3655
35.3051
35.2042
35.0621
34.8783
34.6521
34.3825
34.0688
33.7095
33.3036
32.849
32.3441
31.7868
31.1748
30.5056
29.7766
28.9866
28.1347
27.2239
26.2644
25.2831
24.3391
23.5362
22.9842
22.7135
22.6595
22.738
22.8927
23.0899
23.309
23.5359
23.761
23.9763
24.1756
24.3528
24.5014
24.6148
20.2833
19.9562
19.5953
19.2076
18.8022
18.3918
17.9975
17.6562
17.435
17.4395
17.7759
18.4549
19.3703
20.3956
21.452
22.5004
23.5204
24.5015
25.4385
26.3288
27.1716
27.9668
28.7151
29.4171
30.0737
30.6858
31.2542
31.7797
32.2627
32.7039
33.1035
33.4617
33.7787
34.0545
34.2888
34.4815
34.6321
34.7403
34.8059
34.8284
34.808
34.7451
34.6411
34.4989
34.3237
34.1248
33.9182
33.7302
33.5967
33.5492
33.597
33.7255
33.9102
34.1278
34.3597
34.5917
34.8136
35.0177
35.1986
35.3522
35.4755
35.5663
35.6228
35.6439
35.6284
35.5754
35.484
35.3534
35.1827
34.9709
34.717
34.4196
34.0776
33.6893
33.2531
32.7667
32.2282
31.6353
30.9858
30.2779
29.5111
28.6875
27.8158
26.919
26.0484
25.2932
24.7472
24.4361
24.3098
24.3035
24.3723
24.4871
24.6286
24.7834
24.941
25.0934
25.2332
25.3539
25.4485
25.5094
19.714
19.3543
18.96
18.5382
18.0977
17.6516
17.222
16.849
16.6053
16.6023
16.9409
17.6152
18.511
19.5085
20.5373
21.5623
22.5651
23.5356
24.4685
25.361
26.2115
27.0198
27.7856
28.5094
29.1915
29.8326
30.433
30.9932
31.5137
31.9947
32.4364
32.8389
33.2023
33.5265
33.8112
34.0563
34.2613
34.426
34.55
34.6332
34.6756
34.6778
34.6413
34.5686
34.4647
34.3376
34.2003
34.072
33.9767
33.9364
33.9619
34.0503
34.1893
34.3639
34.5598
34.7649
34.9692
35.1649
35.3457
35.5069
35.6448
35.7563
35.8391
35.8913
35.9114
35.8979
35.8498
35.7657
35.6448
35.4858
35.2876
35.0491
34.7688
34.4453
34.0771
33.6624
33.1994
32.6863
32.1214
31.5038
30.8329
30.1115
29.3473
28.5598
27.7898
27.106
26.5793
26.2333
26.0377
25.9488
25.9325
25.9648
26.0281
26.1091
26.1977
26.2849
26.3632
26.4253
26.4633
26.4691
19.2171
18.8298
18.4078
17.9577
17.4886
17.0139
16.5571
16.1619
15.9066
15.9071
16.2556
16.9281
17.8043
18.7724
19.7699
20.766
21.7441
22.6951
23.6139
24.4979
25.3452
26.1552
26.9275
27.6621
28.359
29.0186
29.6411
30.2266
30.7753
31.2875
31.7631
32.2022
32.6047
32.9704
33.2992
33.5908
33.8448
34.0611
34.2393
34.3795
34.4818
34.5469
34.5762
34.5723
34.5396
34.4849
34.4182
34.3533
34.3062
34.2919
34.3197
34.3917
34.5033
34.6463
34.8115
34.9896
35.1726
35.3533
35.5259
35.6854
35.8279
35.95
36.049
36.1226
36.1688
36.1859
36.1724
36.127
36.0484
35.9353
35.7866
35.601
35.3772
35.1138
34.8097
34.4631
34.0728
33.6377
33.1565
32.6287
32.0553
31.4396
30.7887
30.1192
29.4617
28.863
28.3713
28.0076
27.7597
27.6026
27.5127
27.471
27.4622
27.4742
27.4968
27.5213
27.5394
27.5434
27.5251
27.4755
18.7804
18.3698
17.9243
17.4507
16.958
16.4604
15.9831
15.5734
15.3162
15.3297
15.6945
16.3682
17.2268
18.1669
19.1332
20.0987
21.0488
21.9756
22.8746
23.743
24.5795
25.3829
26.153
26.8895
27.5923
28.2615
28.897
29.499
30.0674
30.6023
31.1036
31.5713
32.0051
32.4051
32.7708
33.102
33.3986
33.6602
33.8867
34.0782
34.235
34.3577
34.4479
34.508
34.5417
34.5546
34.5543
34.5506
34.5545
34.5763
34.6233
34.6989
34.8024
34.9299
35.0761
35.2349
35.4003
35.5667
35.7291
35.8831
36.0249
36.1513
36.2593
36.3466
36.4111
36.4508
36.4641
36.4494
36.4055
36.3309
36.2244
36.0847
35.9106
35.7009
35.4545
35.17
34.8467
34.4836
34.0804
33.6371
33.1554
32.6391
32.0952
31.5371
30.9868
30.4746
30.0305
29.6717
29.3972
29.195
29.0508
28.9507
28.8824
28.8353
28.7998
28.7676
28.7305
28.6803
28.6086
28.5057
18.3929
17.962
17.4965
17.003
16.4908
15.9748
15.4825
15.0653
14.8143
14.8489
15.235
15.9125
16.7561
17.6709
18.6082
19.5442
20.4661
21.3672
22.2434
23.0927
23.9134
24.7049
25.4668
26.1987
26.9004
27.5719
28.2131
28.824
29.4046
29.9547
30.4742
30.9629
31.4208
31.8476
32.2431
32.607
32.939
33.2391
33.5072
33.7434
33.948
34.1219
34.2663
34.3834
34.4765
34.5499
34.6094
34.6621
34.7156
34.7772
34.8524
34.9446
35.0546
35.181
35.3209
35.4706
35.6261
35.7833
35.9382
36.0873
36.2273
36.3553
36.4687
36.5651
36.6425
36.6989
36.7327
36.7423
36.7263
36.6833
36.6121
36.5114
36.38
36.217
36.0212
35.7918
35.528
35.2295
34.8961
34.5288
34.1293
33.7014
33.252
32.7913
32.3348
31.9017
31.511
31.1755
30.8981
30.6749
30.498
30.358
30.2457
30.1525
30.07
29.9902
29.9054
29.8073
29.6873
29.5353
18.0446
17.5962
17.1133
16.6029
16.0743
15.5438
15.0409
14.6221
14.3847
14.4468
14.8578
15.5413
16.3725
17.2651
18.1764
19.0852
19.9804
20.8563
21.7094
22.538
23.3408
24.1174
24.8672
25.59
26.2858
26.9544
27.5958
28.2097
28.7962
29.3552
29.8864
30.3898
30.8651
31.3121
31.7306
32.1203
32.4812
32.813
33.1159
33.3898
33.6353
33.853
34.0443
34.2109
34.3555
34.4817
34.5937
34.6967
34.7961
34.8972
35.0041
35.1197
35.2454
35.3808
35.5246
35.6746
35.8283
35.9827
36.1351
36.2826
36.4226
36.5526
36.6705
36.7741
36.8616
36.9312
36.9814
37.0105
37.0173
37.0004
36.9586
36.8908
36.7958
36.6729
36.521
36.3394
36.1277
35.8858
35.6139
35.313
34.9853
34.6341
34.2653
33.8867
33.5094
33.1457
32.808
32.5052
32.2413
32.0158
31.8246
31.6619
31.5212
31.3955
31.2777
31.1607
31.0369
30.8986
30.7367
30.541
17.7272
17.2633
16.7654
16.2403
15.698
15.156
14.6466
14.2315
14.0141
14.109
14.5471
15.2378
16.0591
16.9328
17.8212
18.7057
19.5765
20.4288
21.2597
22.0677
22.8521
23.6124
24.3483
25.0596
25.7465
26.4086
27.0461
27.6588
28.2466
28.8095
29.3473
29.8598
30.3469
30.8084
31.244
31.6536
32.0371
32.3944
32.7255
33.0306
33.3101
33.5647
33.7955
34.0041
34.1926
34.3637
34.5208
34.6676
34.8082
34.9461
35.0848
35.2264
35.3723
35.5227
35.6772
35.8346
35.993
36.1507
36.3055
36.4555
36.5985
36.7326
36.856
36.9669
37.0637
37.1449
37.2091
37.2548
37.2809
37.2861
37.2693
37.2295
37.1658
37.0773
36.9633
36.8232
36.6568
36.4641
36.2455
36.0022
35.7362
35.4505
35.1497
34.84
34.5289
34.225
33.9364
33.6694
33.4276
33.2116
33.0195
32.8476
32.6913
32.545
32.4028
32.2583
32.1045
31.9337
31.7369
31.5035
17.4338
16.9562
16.4449
15.9071
15.3534
14.8025
14.2902
13.8837
13.692
13.8237
14.2901
14.9887
15.8018
16.6595
17.5281
18.3912
19.2402
20.071
20.8813
21.67
22.4363
23.1803
23.9017
24.6004
25.2767
25.9303
26.5614
27.1699
27.7558
28.319
28.8594
29.3769
29.8713
30.3425
30.7903
31.2147
31.6155
31.9926
32.3462
32.6764
32.9837
33.2686
33.5321
33.7756
34.0007
34.2096
34.4048
34.5891
34.7655
34.9366
35.105
35.2725
35.4401
35.6085
35.7775
35.9464
36.1142
36.2795
36.4409
36.597
36.7461
36.8867
37.0173
37.1366
37.2431
37.3356
37.4128
37.4736
37.5168
37.5415
37.5466
37.5313
37.4948
37.4363
37.3553
37.2513
37.1243
36.9743
36.802
36.6083
36.395
36.1649
35.9215
35.6695
35.4142
35.1615
34.9171
34.6853
34.4689
34.2688
34.084
33.9122
33.7497
33.5922
33.4346
33.2711
33.095
32.8987
32.6734
32.408
17.1586
16.6687
16.1456
15.5967
15.0334
14.4762
13.9642
13.571
13.4099
13.5812
14.0762
14.7828
15.5895
16.4334
17.2849
18.1292
18.959
19.7706
20.5622
21.3329
22.0824
22.8108
23.5178
24.2038
24.8688
25.5129
26.1362
26.7388
27.3206
27.8816
28.4218
28.9412
29.4395
29.9169
30.373
30.8078
31.2214
31.6137
31.9848
32.3349
32.6644
32.9738
33.264
33.536
33.7913
34.0314
34.2584
34.4743
34.6812
34.8814
35.0765
35.2681
35.4572
35.6441
35.8291
36.0118
36.1914
36.3672
36.5381
36.7029
36.8605
37.0097
37.1493
37.2781
37.3951
37.4992
37.5893
37.6644
37.7237
37.7663
37.7913
37.7979
37.7856
37.7536
37.7017
37.6295
37.5369
37.4242
37.292
37.1411
36.9732
36.7905
36.5956
36.3922
36.1841
35.9754
35.7701
35.5711
35.3806
35.1992
35.0264
34.8603
34.6981
34.5361
34.3698
34.1937
34.0016
33.7858
33.5375
33.2452
16.8966
16.3956
15.8621
15.3037
14.7325
14.1711
13.6627
13.287
13.1611
13.3739
13.8968
14.6113
15.4126
16.2447
17.0813
17.9092
18.722
19.5165
20.2913
21.0458
21.7799
22.4936
23.1871
23.8607
24.5146
25.1489
25.7638
26.3594
26.9358
27.4932
28.0313
28.5503
29.0502
29.5308
29.9922
30.4343
30.8571
31.2607
31.6452
32.0107
32.3577
32.6867
32.9983
33.2934
33.5731
33.8388
34.0919
34.334
34.5667
34.7917
35.0103
35.2236
35.4325
35.6374
35.8384
36.0355
36.2281
36.4157
36.5975
36.7726
36.9403
37.0995
37.2493
37.3887
37.5169
37.633
37.7361
37.8253
37.9001
37.9594
38.0029
38.0297
38.0393
38.0314
38.0055
37.9616
37.8995
37.8196
37.7224
37.6087
37.4799
37.3377
37.1843
37.0222
36.8544
36.6836
36.5127
36.3437
36.178
36.016
35.8573
35.7002
35.5423
35.3803
35.21
35.0262
34.8228
34.5922
34.3252
34.0101
16.6435
16.1326
15.5899
15.0232
14.4459
13.8825
13.3807
13.0268
12.9398
13.1951
13.7448
14.4667
15.2635
16.0854
16.9089
17.7224
18.5201
19.2994
20.0592
20.7991
21.519
22.2193
22.9003
23.5622
24.2053
24.83
25.4364
26.0248
26.5953
27.1479
27.6829
28.2002
28.6998
29.1818
29.6462
30.093
30.5223
30.9341
31.3286
31.706
32.0666
32.4109
32.7395
33.0531
33.3525
33.6388
33.9132
34.1769
34.4311
34.6771
34.9157
35.1481
35.3748
35.5961
35.8124
36.0234
36.229
36.4288
36.622
36.8083
36.9867
37.1566
37.3172
37.4678
37.6077
37.736
37.852
37.9553
38.0449
38.1205
38.1813
38.2269
38.2569
38.2709
38.2687
38.2502
38.2154
38.1646
38.0983
38.0173
37.9225
37.8153
37.6975
37.571
37.4378
37.3
37.1593
37.0172
36.8747
36.7317
36.5877
36.4413
36.29
36.1308
35.9597
35.7716
35.5603
35.3182
35.0359
34.7014
16.3952
15.8757
15.325
14.7514
14.1694
13.6061
13.114
12.7861
12.7413
13.0392
13.6142
14.3428
15.1357
15.9486
16.7606
17.5612
18.3455
19.1112
19.8575
20.5842
21.2913
21.9794
22.6488
23.2998
23.9329
24.5484
25.1466
25.7276
26.2919
26.8395
27.3706
27.8852
28.3835
28.8655
29.3313
29.781
30.2147
30.6323
31.0342
31.4206
31.7917
32.148
32.49
32.8181
33.1333
33.4363
33.7279
34.0092
34.2811
34.5445
34.8002
35.0489
35.2912
35.5273
35.7574
35.9816
36.1996
36.4111
36.6157
36.8129
37.0022
37.183
37.3547
37.5165
37.6681
37.8086
37.9375
38.0544
38.1585
38.2495
38.3268
38.3901
38.4391
38.4733
38.4928
38.4974
38.4873
38.4626
38.4238
38.3714
38.3065
38.23
38.1432
38.0475
37.9444
37.8353
37.7214
37.6036
37.4823
37.3574
37.2281
37.0928
36.9494
36.7947
36.6248
36.4346
36.2178
35.9668
35.6716
35.3199
16.1482
15.6212
15.0636
14.4845
13.8995
13.3385
12.8592
12.5612
12.5613
12.9013
13.4997
14.2343
15.0236
15.8285
16.63
17.4191
18.1913
18.9448
19.6789
20.3936
21.0892
21.7661
22.4249
23.0658
23.6895
24.2964
24.8866
25.4607
26.0189
26.5613
27.0882
27.5996
28.0959
28.577
29.0431
29.4943
29.9307
30.3525
30.7598
31.1529
31.532
31.8976
32.25
32.5897
32.9174
33.2336
33.5392
33.8348
34.1212
34.3991
34.6691
34.9317
35.1874
35.4364
35.679
35.915
36.1444
36.367
36.5824
36.7902
36.99
37.1814
37.3638
37.5368
37.6997
37.8521
37.9936
38.1235
38.2416
38.3473
38.4402
38.5202
38.5868
38.6399
38.6793
38.7051
38.7173
38.7161
38.7019
38.6753
38.6368
38.5872
38.5276
38.459
38.3823
38.2985
38.2084
38.1123
38.0105
37.9025
37.7873
37.6633
37.5282
37.3789
37.2113
37.0205
36.7999
36.5416
36.2353
35.8681
15.8985
15.3653
14.8023
14.219
13.6325
13.0761
12.613
12.3488
12.3958
12.7768
13.3967
14.1364
14.9224
15.7199
16.5119
17.2904
18.0516
18.794
19.517
20.2208
20.9058
21.5724
22.2214
22.8531
23.4681
24.0668
24.6497
25.217
25.7692
26.3065
26.8291
27.3372
27.8309
28.3106
28.7762
29.228
29.6661
30.0906
30.5018
30.8999
31.2851
31.6578
32.0184
32.3672
32.7048
33.0317
33.3485
33.6557
33.954
34.2438
34.5257
34.8001
35.0673
35.3275
35.581
35.8276
36.0674
36.3
36.5254
36.7432
36.953
37.1545
37.3471
37.5306
37.7045
37.8683
38.0217
38.1641
38.2954
38.415
38.5227
38.6182
38.7013
38.7719
38.8297
38.8749
38.9075
38.9277
38.9357
38.932
38.9171
38.8915
38.856
38.8113
38.758
38.6967
38.6278
38.5514
38.4673
38.375
38.2731
38.1601
38.0334
37.8899
37.7255
37.5349
37.3115
37.047
36.7309
36.3493
15.6421
15.1043
14.5372
13.9512
13.3652
12.8157
12.3723
12.1456
12.241
12.6614
13.3006
14.0446
14.8274
15.6179
16.4011
17.1699
17.9209
18.6529
19.3657
20.0594
20.7346
21.3919
22.0317
22.6548
23.2617
23.8529
24.4288
24.9898
25.5363
26.0686
26.5869
27.0915
27.5826
28.0604
28.5251
28.9768
29.4157
29.8421
30.256
30.6577
31.0476
31.4258
31.7928
32.1488
32.4943
32.8297
33.1555
33.4722
33.7802
34.0799
34.3717
34.656
34.9331
35.203
35.466
35.722
35.971
36.2129
36.4474
36.6743
36.8934
37.1043
37.3066
37.5
37.6842
37.8588
38.0234
38.1777
38.3213
38.454
38.5755
38.6855
38.784
38.8707
38.9455
39.0085
39.0597
39.0993
39.1274
39.1444
39.1507
39.1466
39.1326
39.1092
39.0767
39.0355
38.9857
38.9271
38.8593
38.7814
38.6921
38.5895
38.4711
38.3335
38.1725
37.9827
37.7572
37.4874
37.1621
36.7673
15.3744
14.8337
14.2643
13.6774
13.0938
12.554
12.1338
11.9482
12.0928
12.5506
13.2071
13.9546
14.734
15.5179
16.2927
17.0523
17.7937
18.5161
19.2193
19.9036
20.5697
21.2181
21.8495
22.4646
23.0639
23.648
24.2174
24.7724
25.3135
25.841
26.3552
26.8564
27.3447
27.8205
28.2839
28.7351
29.1743
29.6018
30.0176
30.4221
30.8155
31.198
31.5699
31.9316
32.2835
32.6258
32.9589
33.2833
33.5993
33.9072
34.2074
34.5001
34.7856
35.0639
35.3353
35.5996
35.8568
36.107
36.3498
36.5851
36.8127
37.0323
37.2436
37.4463
37.6401
37.8247
37.9998
38.1652
38.3203
38.4652
38.5996
38.7232
38.8358
38.9375
39.028
39.1073
39.1756
39.2328
39.2792
39.315
39.3403
39.3555
39.3609
39.3566
39.3429
39.3198
39.2872
39.2448
39.1918
39.1273
39.0497
38.957
38.8466
38.7149
38.5574
38.3687
38.1415
37.8668
37.5331
37.1253
15.0897
14.5482
13.9787
13.3931
12.8143
12.2871
11.8939
11.7527
11.9469
12.4397
13.1114
13.8615
14.6375
15.4148
16.1816
16.9323
17.6646
18.3778
19.0719
19.7473
20.4047
21.0448
21.6684
22.2759
22.8682
23.4456
24.0088
24.5582
25.0943
25.6172
26.1274
26.6252
27.1108
27.5845
28.0465
28.4969
28.9361
29.3641
29.7813
30.1879
30.5839
30.9698
31.3457
31.712
32.069
32.4169
32.7562
33.0869
33.4096
33.7245
34.0317
34.3316
34.6243
34.91
35.1886
35.4603
35.725
35.9825
36.2329
36.4759
36.7113
36.939
37.1586
37.3699
37.5727
37.7667
37.9516
38.1272
38.2933
38.4495
38.5958
38.7319
38.8577
38.9732
39.0781
39.1725
39.2563
39.3297
39.3928
39.4455
39.4881
39.5208
39.5436
39.5566
39.5599
39.5532
39.5363
39.5086
39.4692
39.4171
39.3504
39.2671
39.1643
39.0382
38.8843
38.6967
38.4681
38.1889
37.8471
37.4267
