37.4999
37.9181
38.2416
38.488
38.6707
38.8007
38.8863
38.9344
38.9506
38.9392
38.9039
38.8478
38.7734
38.6827
38.5774
38.4591
38.3288
38.1876
38.0364
37.8759
37.7067
37.5294
37.3443
37.1519
36.9524
36.7463
36.5336
36.3147
36.0897
35.8588
35.622
35.3796
35.1316
34.8781
34.6192
34.3549
34.0852
33.8102
33.5299
33.2444
32.9535
32.6573
32.3559
32.049
31.7367
31.4189
31.0956
30.7666
30.4319
30.0914
29.7449
29.3922
29.0334
28.6681
28.2963
27.9177
27.5321
27.1394
26.7392
26.3314
25.9157
25.4918
25.0593
24.6181
24.1675
23.7074
23.2373
22.7567
22.265
21.7618
21.2465
20.7181
20.1764
19.62
19.0484
18.4602
17.8544
17.2297
16.5851
15.9185
15.2288
14.5147
13.776
13.0131
12.2315
11.445
10.6861
10.0237
9.57463
9.45857
9.68887
10.1522
10.7177
11.3035
11.8692
12.3974
12.8812
13.318
13.7065
14.0468
37.4245
37.832
38.1487
38.3912
38.5726
38.7032
38.791
38.8427
38.8634
38.8575
38.8284
38.7792
38.7121
38.6291
38.5319
38.4218
38.3001
38.1676
38.0251
37.8734
37.713
37.5445
37.3681
37.1844
36.9936
36.796
36.5919
36.3813
36.1645
35.9417
35.713
35.4785
35.2382
34.9923
34.7409
34.4839
34.2215
33.9536
33.6803
33.4016
33.1175
32.828
32.533
32.2325
31.9265
31.6148
31.2975
30.9744
30.6455
30.3105
29.9695
29.6222
29.2685
28.9083
28.5412
28.1672
27.7861
27.3975
27.0014
26.5973
26.185
25.7643
25.3347
24.896
24.4477
23.9894
23.5208
23.0413
22.5503
22.0472
21.5315
21.0024
20.4589
19.9006
19.326
18.7345
18.1243
17.4947
16.8437
16.1701
15.4729
14.7501
14.0018
13.2302
12.4409
11.6505
10.8965
10.2559
9.85213
9.79768
10.0852
10.5915
11.1909
11.8085
12.4078
12.9726
13.4961
13.9757
14.4102
14.7993
37.2877
37.6843
37.994
38.2327
38.4128
38.544
38.6341
38.6895
38.715
38.7149
38.6925
38.6505
38.5912
38.5164
38.4278
38.3267
38.214
38.0907
37.9576
37.8153
37.6643
37.5052
37.3382
37.1637
36.9821
36.7936
36.5983
36.3966
36.1885
35.9742
35.7538
35.5274
35.2952
35.0572
34.8135
34.5641
34.3091
34.0485
33.7823
33.5106
33.2333
32.9504
32.6619
32.3678
32.068
31.7625
31.4511
31.1339
30.8106
30.4812
30.1455
29.8033
29.4546
29.0991
28.7366
28.367
27.99
27.6053
27.2128
26.812
26.4028
25.9849
25.5578
25.1212
24.6747
24.2179
23.7503
23.2714
22.7806
22.2773
21.7609
21.2303
20.6852
20.1244
19.5467
18.9514
18.3368
17.7021
17.0452
16.3653
15.6604
14.9302
14.174
13.3945
12.5999
11.8083
11.0627
10.4481
10.0926
10.098
10.4362
10.9766
11.6
12.2379
12.8581
13.4456
13.9941
14.5006
14.9643
15.3845
37.0854
37.4711
37.7738
38.0086
38.1874
38.3194
38.4122
38.4715
38.5023
38.5085
38.4932
38.4591
38.4083
38.3426
38.2634
38.1719
38.0692
37.956
37.8331
37.701
37.5603
37.4114
37.2545
37.0901
36.9185
36.7397
36.5541
36.3619
36.1631
35.9579
35.7465
35.5289
35.3053
35.0757
34.8402
34.5988
34.3517
34.0987
33.84
33.5756
33.3055
33.0296
32.748
32.4605
32.1673
31.8681
31.5629
31.2517
30.9343
30.6105
30.2803
29.9435
29.5999
29.2493
28.8915
28.5263
28.1535
27.7728
27.3839
26.9865
26.5804
26.1652
25.7405
25.306
24.8613
24.4058
23.9392
23.4608
22.9702
22.4665
21.9493
21.4176
20.8707
20.3072
19.7268
19.1279
18.5091
17.8695
17.2075
16.5213
15.8102
15.0727
14.3099
13.5243
12.7257
11.935
11.201
10.6155
10.3108
10.3745
10.7578
11.3259
11.9666
12.6179
13.251
13.8523
14.4158
14.939
15.4205
15.8595
36.8125
37.1873
37.483
37.7141
37.8917
38.0248
38.1204
38.1843
38.2209
38.234
38.2267
38.2013
38.1599
38.1041
38.0353
37.9546
37.8628
37.7609
37.6492
37.5285
37.3991
37.2615
37.1158
36.9625
36.8018
36.6339
36.4589
36.277
36.0885
35.8933
35.6917
35.4837
35.2695
35.0491
34.8225
34.5899
34.3512
34.1066
33.8561
33.5996
33.3372
33.0689
32.7946
32.5144
32.2281
31.9358
31.6374
31.3326
31.0215
30.704
30.3797
30.0486
29.7106
29.3653
29.0126
28.6522
28.2839
27.9074
27.5225
27.1288
26.726
26.3138
25.8918
25.4596
25.0168
24.563
24.0975
23.6199
23.1295
22.6257
22.1078
21.5751
21.0265
20.4612
19.8781
19.276
18.6533
18.0094
17.3424
16.6511
15.9337
15.1905
14.4218
13.6311
12.8298
12.0418
11.3217
10.7691
10.5171
10.6372
11.0608
11.6515
12.3048
12.9645
13.6051
14.2142
14.786
15.3187
15.8106
16.2606
36.463
36.8268
37.1155
37.3429
37.5197
37.6542
37.7532
37.822
37.8651
37.886
37.8874
37.8717
37.8408
37.7962
37.739
37.6703
37.5909
37.5014
37.4024
37.2943
37.1776
37.0525
36.9194
36.7784
36.6299
36.4739
36.3108
36.1405
35.9633
35.7793
35.5885
35.3912
35.1874
34.9771
34.7604
34.5375
34.3083
34.0729
33.8313
33.5836
33.3298
33.0698
32.8037
32.5315
32.253
31.9683
31.6773
31.3798
31.0758
30.7651
30.4475
30.1229
29.7911
29.4517
29.1047
28.7498
28.3866
28.015
27.6345
27.245
26.8461
26.4374
26.0185
25.5891
25.1487
24.6968
24.2329
23.7564
23.2668
22.7634
22.2453
21.7118
21.1621
20.595
20.0097
19.4048
18.7791
18.1309
17.4596
16.7633
16.041
15.2924
14.518
13.7235
12.9207
12.1375
11.4335
10.917
10.7192
10.8931
11.3529
11.9619
12.6242
13.2889
13.9332
14.5455
15.1217
15.6591
16.1559
16.6114
36.03
36.3826
36.6644
36.8882
37.0642
37.2004
37.3032
37.3777
37.4281
37.4575
37.4688
37.4641
37.4449
37.4128
37.3687
37.3135
37.248
37.1726
37.0877
36.9939
36.8913
36.7804
36.6612
36.5341
36.3992
36.2567
36.1067
35.9494
35.7849
35.6133
35.4347
35.2493
35.0571
34.8581
34.6526
34.4405
34.2218
33.9968
33.7653
33.5274
33.2832
33.0326
32.7758
32.5125
32.2429
31.9668
31.6842
31.395
31.0991
30.7962
30.4863
30.1691
29.8444
29.5119
29.1715
28.8229
28.4657
28.0997
27.7246
27.34
26.9456
26.5411
26.126
25.7
25.2625
24.8132
24.3515
23.8767
23.3883
22.8857
22.3679
21.8342
21.2837
20.7155
20.1286
19.5214
18.8929
18.2417
17.5664
16.8658
16.1388
15.3848
14.6063
13.8084
13.005
12.2278
11.5428
11.0654
10.9228
11.1478
11.6396
12.2637
12.9322
13.5992
14.244
14.8573
15.434
15.9725
16.471
16.9277
35.5059
35.8471
36.1217
36.3418
36.5172
36.6553
36.7624
36.8431
36.9015
36.9407
36.9631
36.9706
36.9648
36.9469
36.9176
36.8777
36.8279
36.7683
36.6995
36.6217
36.5351
36.4399
36.3365
36.2248
36.1052
35.9777
35.8425
35.6996
35.5493
35.3917
35.2268
35.0547
34.8755
34.6893
34.4962
34.2963
34.0896
33.8762
33.6561
33.4294
33.1961
32.9562
32.7098
32.4568
32.1973
31.9311
31.6582
31.3786
31.0919
30.7982
30.4972
30.1887
29.8724
29.5481
29.2154
28.8742
28.5241
28.1648
27.796
27.4174
27.0285
26.629
26.2186
25.7968
25.3632
24.9172
24.4583
23.986
23.4996
22.9983
22.4814
21.9484
21.3979
20.829
20.2407
19.632
19.0012
18.3471
17.6684
16.9639
16.2326
15.4746
14.692
13.8913
13.0883
12.3187
11.6556
11.2199
11.133
11.4063
11.9259
12.5622
13.2345
13.9016
14.5453
15.157
15.732
16.2687
16.7657
17.2209
34.8825
35.2116
35.4785
35.6947
35.8692
36.0094
36.121
36.2087
36.276
36.326
36.3609
36.3824
36.3918
36.3901
36.3778
36.3554
36.3233
36.2818
36.231
36.1713
36.1027
36.0253
35.9394
35.8451
35.7425
35.6318
35.513
35.3863
35.2519
35.1098
34.9601
34.8029
34.6384
34.4665
34.2875
34.1013
33.908
33.7078
33.5005
33.2865
33.0656
32.8379
32.6034
32.3623
32.1143
31.8596
31.598
31.3295
31.0538
30.7709
30.4804
30.1821
29.8758
29.5612
29.2379
28.9056
28.564
28.2127
27.8515
27.48
27.0978
26.7046
26.3
25.8835
25.4546
25.0129
24.5579
24.0888
23.6052
23.1061
22.5912
22.0591
21.5095
20.9406
20.3517
19.742
19.1094
18.4529
17.7713
17.0638
16.3287
15.5667
14.7804
13.9775
13.1758
12.4154
11.7765
11.3854
11.3541
11.6723
12.2162
12.862
13.5358
14.2018
14.8425
15.4504
16.0219
16.5553
17.0483
17.4998
34.1516
34.4674
34.7255
34.9368
35.11
35.2519
35.3682
35.4631
35.5404
35.6025
35.6517
35.6892
35.7162
35.7331
35.7403
35.738
35.7264
35.7055
35.6753
35.6359
35.5876
35.5302
35.4639
35.3889
35.3053
35.2132
35.1127
35.004
34.8871
34.7622
34.6294
34.4888
34.3405
34.1846
34.0212
33.8504
33.6722
33.4868
33.2941
33.0943
32.8875
32.6737
32.453
32.2253
31.9908
31.7494
31.501
31.2455
30.9828
30.7126
30.4347
30.1487
29.8544
29.5513
29.2392
28.9177
28.5864
28.2449
27.893
27.5302
27.1562
26.7707
26.3731
25.9632
25.5403
25.1041
24.654
24.1894
23.7095
23.2139
22.7014
22.1716
21.6231
21.0553
20.4666
19.8564
19.2227
18.5645
17.8809
17.17
16.4314
15.6662
14.8768
14.0721
13.2726
12.523
11.911
11.567
11.5906
11.95
12.5149
13.1677
13.8416
14.5045
15.1408
15.7437
16.31
16.8378
17.3253
17.771
33.3054
33.6055
33.8527
34.0575
34.2279
34.3706
34.4911
34.5936
34.6814
34.7572
34.8226
34.8788
34.9263
34.9651
34.9953
35.0165
35.0286
35.0314
35.0248
35.0088
34.9832
34.9483
34.9041
34.8506
34.788
34.7165
34.6361
34.5471
34.4495
34.3435
34.2292
34.1068
33.9764
33.838
33.6919
33.538
33.3765
33.2075
33.0311
32.8474
32.6564
32.4583
32.2532
32.041
31.8219
31.5959
31.3629
31.1228
30.8753
30.6204
30.3575
30.0864
29.8065
29.5176
29.2191
28.9106
28.5918
28.2622
27.9216
27.5695
27.2055
26.8294
26.4407
26.0389
25.6236
25.1944
24.7506
24.2916
23.8168
23.3256
22.8171
22.2901
21.7443
21.1783
20.5906
19.9807
19.3466
18.6876
18.0018
17.2887
16.5472
15.7783
14.9864
14.1805
13.3841
12.6475
12.065
11.7697
11.847
12.2442
12.8266
13.4838
14.1561
14.8142
15.4447
16.0414
16.6011
17.1219
17.6026
18.0405
32.3382
32.6187
32.8514
33.0462
33.211
33.3523
33.4754
33.5847
33.6836
33.7744
33.8586
33.9368
34.0088
34.074
34.1316
34.1808
34.2209
34.2514
34.2722
34.2829
34.2835
34.274
34.2545
34.225
34.1858
34.1369
34.0786
34.0111
33.9345
33.849
33.7548
33.652
33.5408
33.4214
33.2939
33.1584
33.015
32.864
32.7054
32.5393
32.3659
32.1852
31.9975
31.8029
31.6013
31.393
31.1779
30.9558
30.7265
30.4897
30.245
29.9918
29.7295
29.4577
29.1758
28.8833
28.5797
28.2647
27.9379
27.5989
27.2473
26.8828
26.5049
26.1133
25.7075
25.287
24.8512
24.3996
23.9313
23.4459
22.9426
22.4203
21.8781
21.3146
20.7293
20.1207
19.487
18.8276
18.1405
17.4255
16.6817
15.91
15.1155
14.3088
13.5165
12.7942
12.244
11.9992
12.1281
12.559
13.1557
13.8155
14.4846
15.1368
15.7602
16.3491
16.9008
17.4134
17.8851
18.314
31.2487
31.5034
31.7154
31.8943
32.0481
32.1833
32.3055
32.4193
32.5284
32.6353
32.7411
32.8458
32.9478
33.0455
33.1367
33.2198
33.2936
33.3572
33.4102
33.4521
33.4828
33.5025
33.5109
33.5085
33.4953
33.4715
33.4374
33.3933
33.3394
33.2758
33.203
33.1211
33.0302
32.9308
32.8229
32.7068
32.5826
32.4505
32.3108
32.1635
32.009
31.8473
31.6786
31.5033
31.3214
31.1331
30.9384
30.7373
30.5295
30.3145
30.0916
29.8602
29.6194
29.3685
29.1069
28.8338
28.549
28.2518
27.9419
27.6189
27.2825
26.9322
26.5678
26.1889
25.7948
25.3853
24.9597
24.5174
24.0579
23.5802
23.0837
22.5671
22.03
21.4711
20.8891
20.2829
19.6506
18.9917
18.3046
17.5882
16.8419
16.068
15.2709
14.4644
13.6773
12.9708
12.4553
12.2621
12.4402
12.9005
13.5083
14.1687
14.8325
15.4774
16.0923
16.6718
17.214
17.7169
18.1786
18.5968
30.0437
30.2634
30.4453
30.599
30.7326
30.853
30.9667
31.0791
31.1949
31.3175
31.4478
31.5847
31.7246
31.8632
31.9966
32.1219
32.237
32.3407
32.4321
32.511
32.5771
32.6305
32.6712
32.6995
32.7156
32.7198
32.7125
32.6939
32.6645
32.6245
32.5743
32.5143
32.4447
32.3658
32.2781
32.1817
32.0769
31.9641
31.8435
31.7154
31.5802
31.438
31.2893
31.1344
30.9736
30.8073
30.6357
30.4587
30.2759
30.0868
29.8904
29.6854
29.4709
29.2456
29.0087
28.7596
28.4975
28.222
27.9328
27.6295
27.3116
26.979
26.6312
26.2679
25.8886
25.4928
25.08
24.6496
24.2009
23.7332
23.2457
22.7374
22.2074
21.6545
21.0775
20.4751
19.846
19.1884
18.5017
17.7847
17.0373
16.2613
15.4623
14.656
13.8747
13.1862
12.7079
12.5662
12.79
13.2757
13.8912
14.5496
15.2067
15.8425
16.447
17.0163
17.5475
18.0388
18.4887
18.8947
28.7418
28.9146
29.0536
29.1685
29.2676
29.3591
29.4504
29.5493
29.6627
29.7965
29.953
30.1294
30.318
30.5099
30.6975
30.8759
31.0423
31.1949
31.3329
31.456
31.5641
31.6571
31.7354
31.7992
31.8488
31.8847
31.9073
31.9171
31.9145
31.9
31.874
31.8369
31.7892
31.7314
31.6637
31.5868
31.501
31.4067
31.3044
31.1946
31.0777
30.9542
30.8247
30.6899
30.5505
30.407
30.2601
30.1099
29.9561
29.7976
29.633
29.4603
29.2778
29.0839
28.8773
28.6572
28.4228
28.1738
27.9097
27.6303
27.3352
27.0241
26.6968
26.3527
25.9917
25.6131
25.2164
24.801
24.3663
23.9115
23.4358
22.9384
22.4179
21.8734
21.3035
20.7069
20.0823
19.4282
18.7434
18.0268
17.2786
16.5007
15.7007
14.8949
14.1203
13.4518
13.0121
12.9215
13.187
13.6937
14.3132
14.967
15.6151
16.2397
16.8327
17.3895
17.9077
18.3861
18.8223
19.2142
27.3759
27.4887
27.5699
27.629
27.6752
27.7171
27.7646
27.8283
27.9204
28.0527
28.2326
28.4566
28.7091
28.9713
29.229
29.4747
29.7046
29.9171
30.1116
30.2877
30.4456
30.5856
30.7079
30.813
30.9014
30.9737
31.0305
31.0723
31.0996
31.1131
31.1133
31.1008
31.0761
31.0397
30.9922
30.9342
30.8663
30.789
30.7031
30.6091
30.5078
30.4001
30.2869
30.1692
30.0486
29.9263
29.8037
29.6817
29.5602
29.4376
29.3112
29.1779
29.0345
28.8788
28.709
28.5239
28.323
28.1058
27.872
27.6213
27.3536
27.0687
26.7662
26.4459
26.1073
25.75
25.3735
24.9771
24.5601
24.1222
23.6618
23.1783
22.6705
22.1376
21.5777
20.9897
20.372
19.7233
19.0421
18.3276
17.5798
16.8015
16.0006
15.1959
14.4288
13.7815
13.3821
13.3407
13.6434
14.1655
14.7853
15.4314
16.068
16.6794
17.2582
17.8001
18.3033
18.7665
19.1871
19.5627
25.992
26.0332
26.0425
26.0292
26.0023
25.9713
25.9476
25.9459
25.9856
26.0905
26.2814
26.5587
26.8933
27.247
27.5941
27.9234
28.2309
28.5154
28.7769
29.0156
29.2321
29.4268
29.6003
29.7534
29.8867
30.001
30.097
30.1753
30.2367
30.2818
30.3113
30.3258
30.3259
30.3123
30.2856
30.2464
30.1956
30.1338
30.0617
29.9803
29.8906
29.7935
29.6907
29.5838
29.4753
29.3679
29.2649
29.1691
29.0813
28.9995
28.9189
28.8335
28.7379
28.6284
28.5026
28.3595
28.1982
28.0186
27.8205
27.604
27.3689
27.1151
26.8425
26.5508
26.2395
25.9083
25.5567
25.184
24.7897
24.3727
23.9321
23.4673
22.9766
22.4589
21.9131
21.3373
20.73
20.0898
19.4154
18.7053
17.96
17.1824
16.3816
15.5785
14.8196
14.1948
13.8357
13.8406
14.1742
14.7061
15.3217
15.9564
16.5782
17.1731
17.7345
18.2593
18.745
19.19
19.5925
19.9492
24.6428
24.6054
24.5336
24.4358
24.3204
24.1968
24.0771
23.9794
23.9311
23.9734
24.1514
24.4783
24.9084
25.3724
25.8265
26.2545
26.6523
27.0197
27.3577
27.6674
27.95
28.2065
28.4379
28.6451
28.8291
28.9909
29.1312
29.2511
29.3512
29.4323
29.4951
29.5402
29.5683
29.5801
29.5761
29.5572
29.524
29.4773
29.4178
29.3465
29.2643
29.1724
29.0726
28.9671
28.8594
28.7545
28.6589
28.58
28.5226
28.485
28.4583
28.4306
28.3924
28.3378
28.2639
28.1694
28.054
27.9178
27.761
27.5838
27.3865
27.169
26.9314
26.6733
26.3946
26.0948
25.7734
25.4297
25.0632
24.6727
24.2576
23.8165
23.3484
22.8515
22.3249
21.7662
21.1743
20.5474
19.8835
19.1817
18.4424
17.6681
16.8691
16.0689
15.319
14.7171
14.3975
14.4435
14.8007
15.3355
15.941
16.5592
17.1618
17.7362
18.2767
18.7801
19.2446
19.6684
20.0493
20.384
23.3776
23.2608
23.106
22.9202
22.7108
22.4862
22.2587
22.0482
21.8901
21.8441
21.985
22.3455
22.8657
23.443
24.0106
24.5443
25.0387
25.4943
25.9133
26.2982
26.6508
26.9729
27.2658
27.5309
27.7694
27.9825
28.1712
28.3367
28.4797
28.601
28.7014
28.7814
28.8417
28.8828
28.9053
28.9099
28.8973
28.8679
28.8226
28.7618
28.6863
28.597
28.4951
28.3828
28.2637
28.1445
28.0362
27.9543
27.9143
27.9187
27.952
27.9912
28.0192
28.0272
28.0115
27.9713
27.9068
27.8186
27.7076
27.5742
27.419
27.2423
27.0442
26.8245
26.5832
26.3199
26.0339
25.7248
25.3919
25.0341
24.6503
24.2396
23.8004
23.331
22.8301
22.2955
21.7258
21.1184
20.4717
19.7846
19.0562
18.2904
17.4969
16.7018
15.962
15.3833
15.0999
15.1798
15.5507
16.0794
16.6672
17.2615
17.8386
18.387
18.9013
19.3791
19.8179
20.216
20.5711
20.8797
22.2322
22.0416
21.8091
21.5407
21.2426
20.9223
20.592
20.2736
20.0097
19.8767
19.9742
20.3508
20.9373
21.6078
22.2759
22.9073
23.4929
24.0328
24.5298
24.9872
25.4078
25.7939
26.1474
26.4701
26.7633
27.0286
27.2671
27.48
27.6683
27.8328
27.9741
28.0929
28.1896
28.2646
28.3186
28.3519
28.3651
28.3585
28.3326
28.2875
28.2235
28.1407
28.0393
27.9202
27.7858
27.642
27.5022
27.3919
27.3448
27.3772
27.4671
27.5742
27.6705
27.7427
27.7868
27.8024
27.7905
27.7522
27.6888
27.6015
27.4909
27.3576
27.202
27.0241
26.8239
26.6011
26.3551
26.0855
25.7914
25.472
25.1261
24.7524
24.3491
23.9149
23.4479
22.9457
22.4067
21.8282
21.2084
20.5447
19.8372
19.0877
18.3072
17.5224
16.7956
16.2385
15.9858
16.088
16.4593
16.9696
17.5288
18.0906
18.6339
19.1485
19.6297
20.0748
20.4818
20.8487
21.1728
21.4504
21.2246
20.9694
20.6693
20.3295
19.9552
19.5538
19.1378
18.7318
18.3856
18.1893
18.2583
18.6459
19.2736
20.0054
20.7459
21.4528
22.1126
22.7236
23.288
23.8092
24.2904
24.7344
25.1434
25.5196
25.8645
26.1797
26.4666
26.7264
26.9602
27.1688
27.3529
27.5131
27.6497
27.7631
27.8536
27.9216
27.9675
27.9913
27.9932
27.9733
27.9312
27.8663
27.7778
27.665
27.528
27.37
27.2026
27.0556
26.9803
27.0136
27.1348
27.29
27.4391
27.5641
27.6593
27.7242
27.76
27.768
27.7499
27.707
27.6401
27.5501
27.4374
27.3023
27.1447
26.9645
26.7612
26.5344
26.2831
26.0066
25.7037
25.3731
25.0131
24.6219
24.1974
23.7372
23.2394
22.7014
22.1204
21.4942
20.8213
20.1027
19.3482
18.5842
17.8759
17.34
17.1083
17.2162
17.569
18.0438
18.5598
19.0759
19.574
20.0447
20.4835
20.8875
21.2553
21.5839
21.8705
22.111
20.3553
20.046
19.6899
19.2917
18.8563
18.3912
17.91
17.4408
17.0405
16.8109
16.875
17.2788
17.9326
18.6985
19.4819
20.2378
20.9497
21.6137
22.2306
22.8033
23.3349
23.8281
24.2854
24.7088
25.1003
25.4614
25.7936
26.098
26.3758
26.6279
26.8551
27.0578
27.2364
27.3912
27.5226
27.6307
27.7157
27.7777
27.8168
27.8327
27.825
27.7929
27.7352
27.6503
27.537
27.3962
27.2356
27.0812
26.9861
26.998
27.1089
27.2692
27.4355
27.5854
27.7104
27.8083
27.879
27.9236
27.943
27.9385
27.9107
27.8604
27.788
27.6938
27.5778
27.4398
27.2795
27.0964
26.8899
26.659
26.4028
26.1198
25.8086
25.467
25.0932
24.6847
24.2393
23.7543
23.2272
22.6549
22.0353
21.3688
20.662
19.9383
19.2611
18.7469
18.5225
18.6125
18.9222
19.3386
19.7919
20.2457
20.6838
21.0977
21.4826
21.8362
22.1556
22.4375
22.679
22.8752
19.6128
19.2592
18.858
18.4134
17.9305
17.4174
16.8892
16.3779
15.948
15.7108
15.7903
16.2176
16.8907
17.6744
18.4796
19.2629
20.0069
20.7062
21.3606
21.972
22.5428
23.0756
23.5728
24.0365
24.4684
24.8701
25.243
25.5884
25.9073
26.2008
26.4695
26.7141
26.9348
27.1322
27.3063
27.4574
27.5858
27.6913
27.7741
27.834
27.8707
27.8835
27.8714
27.8333
27.7681
27.6762
27.5632
27.4474
27.3677
27.364
27.4412
27.5699
27.7166
27.8599
27.9888
28.0987
28.1876
28.255
28.3009
28.3256
28.3295
28.3129
28.2759
28.2187
28.1412
28.0433
27.9245
27.7845
27.6225
27.4379
27.2298
26.9969
26.7379
26.4508
26.1339
25.7849
25.4017
24.9817
24.5223
24.0214
23.4764
22.8864
22.2554
21.6015
20.978
20.4922
20.2612
20.3065
20.5429
20.875
21.243
21.6155
21.9776
22.3206
22.6401
22.9319
23.1932
23.4201
23.6083
23.7526
18.9798
18.59
18.1525
17.6715
17.1521
16.6032
16.0421
15.5048
15.0635
14.8375
14.9464
15.4026
16.0926
16.8859
17.7008
18.4976
19.2594
19.9803
20.6593
21.2976
21.8973
22.4605
22.9893
23.4855
23.951
24.3871
24.7953
25.1768
25.5327
25.8637
26.1708
26.4544
26.7152
26.9534
27.1693
27.3633
27.5353
27.6857
27.8145
27.9215
28.0068
28.0699
28.1104
28.1279
28.1221
28.0943
28.0488
27.9976
27.9631
27.9693
28.0253
28.1202
28.236
28.3574
28.4746
28.5816
28.6751
28.7533
28.8152
28.8602
28.8879
28.8983
28.891
28.8659
28.8229
28.7616
28.6815
28.5824
28.4635
28.3242
28.1638
27.9813
27.7754
27.5447
27.2877
27.0025
26.6872
26.3399
25.9586
25.5414
25.0865
24.5932
24.0635
23.5097
22.9709
22.5316
22.2906
22.2708
22.4103
22.636
22.9
23.1753
23.4475
23.7084
23.9515
24.1727
24.3673
24.5312
24.659
24.7446
18.4372
18.0179
17.551
17.041
16.4932
15.9177
15.3337
14.7821
14.3428
14.1411
14.2887
14.7768
15.4826
16.2819
17.1005
17.9028
18.6734
19.4064
20.1007
20.757
21.3768
21.9622
22.5148
23.0364
23.5286
23.9928
24.4304
24.8424
25.2298
25.5936
25.9344
26.253
26.5497
26.8251
27.0795
27.3132
27.5264
27.7193
27.8921
28.0449
28.1776
28.2904
28.3832
28.4561
28.5096
28.5454
28.5669
28.5817
28.6013
28.6382
28.6993
28.7826
28.881
28.9864
29.0921
29.1933
29.2867
29.3701
29.4418
29.5009
29.5465
29.5782
29.5953
29.5976
29.5845
29.5556
29.5106
29.4489
29.37
29.2734
29.1582
29.0239
28.8693
28.6935
28.4953
28.2733
28.0261
27.7524
27.4509
27.1205
26.7603
26.3702
25.9523
25.5149
25.0837
24.715
24.4778
24.3958
24.4357
24.5507
24.7055
24.8785
25.0562
25.2293
25.3916
25.5369
25.6602
25.7563
25.8189
25.8411
17.9678
17.5237
17.0327
16.4992
15.9292
15.3335
14.7342
14.1769
13.7492
13.5813
13.7731
14.2941
15.0151
15.8187
16.6382
17.4419
18.2161
18.9554
19.6586
20.3263
20.9598
21.5607
22.1308
22.6715
23.1844
23.6708
24.1319
24.5687
24.9823
25.3735
25.743
26.0914
26.4193
26.7271
27.0153
27.2842
27.534
27.7651
27.9776
28.1718
28.3479
28.5061
28.6465
28.7698
28.8766
28.9686
29.0485
29.1208
29.1914
29.2667
29.3508
29.4443
29.5451
29.6495
29.7541
29.8558
29.9522
30.0415
30.1224
30.1936
30.2544
30.3041
30.3419
30.3675
30.3804
30.3799
30.3657
30.3374
30.2943
30.2361
30.162
30.0716
29.964
29.8385
29.6944
29.5306
29.3463
29.1407
28.9131
28.663
28.3905
28.0963
27.7827
27.4564
27.1337
26.8467
26.6347
26.5168
26.4816
26.5052
26.5657
26.647
26.7373
26.8281
26.9123
26.9839
27.0368
27.065
27.0617
27.0192
17.5564
17.0914
16.5803
16.0274
15.4394
14.8285
14.2193
13.6628
13.2546
13.1273
13.3662
13.9201
14.6552
15.4624
16.2815
17.0846
17.8595
18.6016
19.3097
19.9843
20.6267
21.2384
21.821
22.3758
22.9043
23.4078
23.8873
24.344
24.7786
25.1922
25.5853
25.9586
26.3126
26.6478
26.9648
27.2637
27.5451
27.8091
28.0562
28.2864
28.5003
28.698
28.8799
29.0468
29.1993
29.3388
29.4673
29.5875
29.7026
29.8161
29.9302
30.0458
30.1625
30.2789
30.3934
30.5044
30.6105
30.7103
30.8031
30.8879
30.964
31.0308
31.0878
31.1345
31.1705
31.1952
31.2083
31.2094
31.1979
31.1735
31.1356
31.0839
31.0177
30.9366
30.8398
30.727
30.5976
30.4511
30.2874
30.1063
29.9085
29.6951
29.4686
29.2343
29.0024
28.7897
28.6158
28.4926
28.419
28.3853
28.3798
28.392
28.413
28.4356
28.4531
28.4596
28.4489
28.4146
28.3494
28.2449
17.1909
16.7078
16.1795
15.6104
15.0079
14.3853
13.7704
13.2201
12.8377
12.7562
13.0436
13.629
14.3773
15.1874
16.0055
16.8069
17.581
18.3237
19.0341
19.7127
20.3609
20.9799
21.5713
22.1364
22.6765
23.193
23.6867
24.1589
24.6103
25.0417
25.4539
25.8475
26.223
26.5809
26.9218
27.246
27.5538
27.8456
28.1218
28.3827
28.6285
28.8598
29.0769
29.2804
29.4711
29.65
29.8185
29.9784
30.1315
30.2796
30.4242
30.5659
30.7049
30.8406
30.9724
31.0994
31.2208
31.336
31.4443
31.5453
31.6383
31.7232
31.7993
31.8664
31.9241
31.972
32.0098
32.0372
32.0538
32.0593
32.0532
32.0352
32.005
31.9621
31.9061
31.8369
31.7539
31.6572
31.5467
31.4227
31.2858
31.1373
30.9794
30.8161
30.6534
30.5001
30.3657
30.2564
30.1736
30.1139
30.0716
30.0404
30.014
29.9871
29.9538
29.9086
29.8456
29.7581
29.6388
29.4788
16.8614
16.3626
15.8194
15.2364
14.6218
13.9904
13.3735
12.8341
12.483
12.4511
12.7869
13.4019
14.1622
14.9746
15.7913
16.5905
17.3628
18.1048
18.8158
19.4966
20.1482
20.7721
21.3696
21.9421
22.4909
23.0171
23.5218
24.006
24.4705
24.9162
25.3436
25.7535
26.1465
26.523
26.8835
27.2284
27.5581
27.873
28.1734
28.4598
28.7324
28.9916
29.238
29.4719
29.6942
29.9056
30.107
30.2996
30.4846
30.6631
30.8359
31.0036
31.1663
31.3239
31.4761
31.6225
31.7627
31.8962
32.0228
32.1421
32.2538
32.3577
32.4534
32.5409
32.6197
32.6898
32.7507
32.8023
32.8444
32.8766
32.8987
32.9105
32.9116
32.9018
32.8809
32.8486
32.805
32.7498
32.6833
32.6058
32.5179
32.4208
32.3162
32.2067
32.096
31.9886
31.8891
31.8008
31.7246
31.6592
31.6016
31.5479
31.4941
31.4355
31.3675
31.2849
31.1821
31.0527
30.889
30.6818
16.56
16.0473
15.4909
14.8961
14.2713
13.6337
13.0178
12.4935
12.1785
12.199
12.5822
13.2246
13.9955
14.8097
15.6247
16.4212
17.1911
17.9316
18.6423
19.3238
19.9774
20.6043
21.206
21.7838
22.3389
22.8724
23.3854
23.8789
24.3537
24.8105
25.2501
25.6731
26.0801
26.4716
26.8481
27.21
27.5576
27.8915
28.212
28.5193
28.814
29.0963
29.3668
29.6258
29.874
30.112
30.3405
30.5602
30.7719
30.9764
31.1743
31.3658
31.5511
31.7304
31.9035
32.07
32.2299
32.3829
32.5288
32.6674
32.7985
32.922
33.0377
33.1454
33.245
33.3364
33.4194
33.4938
33.5594
33.6161
33.6637
33.702
33.7308
33.75
33.7595
33.759
33.7486
33.7284
33.6985
33.6591
33.6109
33.5548
33.4918
33.4238
33.3528
33.2812
33.2113
33.1445
33.0812
33.0204
32.9604
32.8983
32.8309
32.7545
32.6649
32.5574
32.4265
32.2658
32.0674
31.8219
16.2803
15.7551
15.1872
14.5819
13.9489
13.307
12.695
12.1899
11.9154
11.99
12.4189
13.0863
13.8664
14.6818
15.4948
16.2884
17.0555
17.7939
18.5034
19.1847
19.839
20.4677
21.0721
21.6536
22.2132
22.7522
23.2715
23.7721
24.2549
24.7205
25.1698
25.6033
26.0215
26.4251
26.8145
27.1902
27.5525
27.9019
28.2387
28.5633
28.8761
29.1774
29.4677
29.7473
30.0168
30.2766
30.5273
30.7694
31.0035
31.23
31.4495
31.6621
31.868
32.0674
32.26
32.4459
32.625
32.797
32.9619
33.1195
33.2698
33.4125
33.5477
33.6752
33.795
33.9069
34.0108
34.1066
34.1942
34.2735
34.3444
34.4068
34.4605
34.5055
34.5416
34.5688
34.5872
34.5967
34.5975
34.59
34.5744
34.5514
34.5218
34.4865
34.4468
34.4039
34.3587
34.3117
34.2629
34.2113
34.1553
34.0926
34.0204
33.9353
33.8335
33.7104
33.5604
33.3771
33.1524
32.8763
16.017
15.4806
14.9023
14.288
13.6482
13.0039
12.3987
11.9167
11.6866
11.8163
12.2884
12.9784
13.7663
14.5824
15.3931
16.1835
16.9476
17.6834
18.3911
19.0715
19.7257
20.3552
20.9612
21.545
22.1079
22.6508
23.1749
23.6809
24.1699
24.6424
25.0993
25.5411
25.9684
26.3817
26.7816
27.1684
27.5427
27.9047
28.2549
28.5936
28.9212
29.2381
29.5446
29.8411
30.128
30.4057
30.6747
30.9354
31.1881
31.4333
31.6712
31.9021
32.1261
32.3433
32.5538
32.7573
32.9541
33.1438
33.3265
33.502
33.6703
33.8314
33.9851
34.1313
34.2701
34.4013
34.5249
34.6407
34.7488
34.8491
34.9414
35.0257
35.1019
35.17
35.2299
35.2815
35.325
35.3603
35.3875
35.4068
35.4186
35.4231
35.4208
35.4122
35.398
35.3786
35.3543
35.3251
35.2905
35.2494
35.2003
35.1409
35.0688
34.9806
34.8725
34.7399
34.5772
34.3776
34.1328
33.8322
15.7657
15.2192
14.6317
14.0095
13.3643
12.7195
12.1237
11.6687
11.4864
11.6714
12.1842
12.8942
13.6887
14.5048
15.3129
16.0999
16.8607
17.5936
18.2991
18.9779
19.6314
20.2608
20.8675
21.4528
22.0177
22.5634
23.0909
23.6011
24.0948
24.5727
25.0355
25.4839
25.9185
26.3396
26.748
27.1439
27.5278
27.9002
28.2613
28.6116
28.9513
29.281
29.6008
29.9111
30.2124
30.5048
30.7889
31.0649
31.3332
31.594
31.8476
32.0942
32.3339
32.5667
32.7928
33.0122
33.2247
33.4304
33.6293
33.8211
34.006
34.1838
34.3546
34.5181
34.6744
34.8235
34.9653
35.0996
35.2266
35.346
35.4579
35.5622
35.6588
35.7477
35.8289
35.9023
35.9678
36.0257
36.0758
36.1183
36.1534
36.1811
36.2018
36.2156
36.2227
36.2231
36.2168
36.2034
36.182
36.1515
36.1103
36.0562
35.9867
35.8983
35.7874
35.6491
35.4777
35.2661
35.0056
34.6848
15.5225
14.967
14.3713
13.7423
13.0929
12.4494
11.8659
11.4417
11.3104
11.5499
12.1004
12.8281
13.628
14.4436
15.2488
16.0322
16.7893
17.5191
18.2219
18.8987
19.5508
20.1796
20.7863
21.3721
21.9383
22.4858
23.0158
23.5289
24.0262
24.5082
24.9757
25.4293
25.8696
26.2971
26.7122
27.1155
27.5073
27.8881
28.2582
28.6179
28.9677
29.3078
29.6385
29.9603
30.2733
30.578
30.8745
31.1633
31.4446
31.7185
31.9854
32.2453
32.4984
32.7449
32.9847
33.2178
33.4443
33.6641
33.8773
34.0838
34.2835
34.4764
34.6625
34.8417
35.0139
35.1792
35.3374
35.4887
35.6326
35.7696
35.8992
36.0216
36.1366
36.2443
36.3445
36.4372
36.5225
36.6003
36.6704
36.7332
36.7884
36.8362
36.8766
36.9095
36.9347
36.9523
36.9617
36.9622
36.953
36.9327
36.8995
36.8514
36.7856
36.6987
36.5869
36.4451
36.2675
36.0465
35.7729
35.435
15.2839
14.7203
14.1174
13.4826
12.8304
12.1902
11.6218
11.2323
11.1543
11.4473
12.0324
12.7755
13.5795
14.3942
15.1962
15.9757
16.729
17.4553
18.1551
18.8295
19.4798
20.1073
20.7133
21.2991
21.8657
22.4143
22.9458
23.4611
23.9609
24.446
24.9171
25.3748
25.8196
26.2521
26.6728
27.082
27.4802
27.8679
28.2453
28.6128
28.9708
29.3195
29.6593
29.9904
30.3133
30.628
30.935
31.2344
31.5265
31.8115
32.0896
32.3609
32.6256
32.8837
33.1353
33.3804
33.6191
33.8514
34.0771
34.2965
34.5093
34.7156
34.9153
35.1084
35.2949
35.4747
35.6477
35.814
35.9734
36.1259
36.2716
36.4102
36.5418
36.6662
36.7835
36.8934
36.9962
37.0915
37.1795
37.2598
37.3328
37.3981
37.4555
37.5049
37.5461
37.5786
37.6018
37.6149
37.6167
37.6059
37.5805
37.5384
37.4768
37.3921
37.2804
37.1364
36.9538
36.725
36.4402
36.0868
15.0464
14.4757
13.8667
13.2273
12.5737
11.9387
11.3885
11.0375
11.0148
11.3594
11.9759
12.7323
13.5394
14.3525
15.151
15.9264
16.6756
17.3981
18.0946
18.7662
19.4143
20.04
20.6449
21.23
21.7965
22.3455
22.8778
23.3944
23.896
24.3834
24.8571
25.3179
25.7663
26.2028
26.6278
27.0418
27.4453
27.8386
28.222
28.5959
28.9606
29.3165
29.6638
30.0028
30.3337
30.6569
30.9725
31.2809
31.5822
31.8765
32.1641
32.4451
32.7197
32.9878
33.2496
33.5051
33.7544
33.9974
34.2343
34.4648
34.6892
34.9072
35.119
35.3244
35.5234
35.7161
35.9022
36.0819
36.2551
36.4216
36.5814
36.7344
36.8807
37.0201
37.1524
37.2779
37.396
37.507
37.6105
37.7067
37.795
37.8756
37.948
38.012
38.0672
38.1128
38.1483
38.1725
38.1844
38.1823
38.1643
38.128
38.0706
37.9884
37.8771
37.7315
37.5449
37.3091
37.0139
36.6462
14.8065
14.23
13.6159
12.9732
12.3195
11.6919
11.1632
10.8543
10.8883
11.2822
11.9271
12.6947
13.5039
14.3149
15.1096
15.8806
16.6255
17.3439
18.0368
18.7052
19.3506
19.9742
20.5774
21.1613
21.7271
22.2759
22.8085
23.3257
23.8284
24.3173
24.793
25.2562
25.7073
26.1469
26.5754
26.9933
27.401
27.7988
28.1871
28.5663
28.9367
29.2985
29.652
29.9975
30.3353
30.6655
30.9885
31.3044
31.6134
31.9157
32.2114
32.5007
32.7837
33.0605
33.3311
33.5957
33.8541
34.1066
34.353
34.5935
34.8279
35.0562
35.2785
35.4948
35.7049
35.9089
36.1066
36.2982
36.4834
36.6622
36.8346
37.0006
37.1599
37.3125
37.4583
37.5972
37.7291
37.8538
37.9713
38.0811
38.1831
38.2772
38.3628
38.4396
38.507
38.5643
38.6106
38.645
38.6659
38.6718
38.6606
38.6298
38.5763
38.4965
38.3859
38.2389
38.0485
37.8063
37.5013
37.1198
14.5607
13.9796
13.3618
12.7169
12.065
11.447
10.9433
10.6801
10.7714
11.2121
11.8822
12.6592
13.4695
14.2778
15.0683
15.8347
16.5749
17.289
17.9779
18.6428
19.2851
19.9062
20.5073
21.0896
21.6543
22.2022
22.7345
23.2519
23.7551
24.2449
24.722
25.1868
25.6399
26.0819
26.5132
26.9342
27.3453
27.7468
28.1393
28.5228
28.8978
29.2645
29.6233
29.9743
30.3178
30.654
30.9832
31.3055
31.6211
31.9302
32.2329
32.5294
32.8197
33.104
33.3823
33.6546
33.9212
34.1818
34.4367
34.6857
34.929
35.1664
35.398
35.6238
35.8436
36.0576
36.2656
36.4676
36.6634
36.8532
37.0367
37.214
37.3848
37.5491
37.7068
37.8577
38.0017
38.1386
38.2681
38.3901
38.5042
38.6102
38.7074
38.7956
38.8738
38.9414
38.9975
39.0408
39.0699
39.083
39.0779
39.0521
39.0024
38.9248
38.8148
38.6664
38.4724
38.2239
37.9094
37.5146
14.3046
13.7206
13.1004
12.4551
11.8068
11.2011
10.726
10.5119
10.6607
11.145
11.8375
12.6221
13.4326
14.2376
15.0235
15.7849
16.5201
17.2295
17.9141
18.5751
19.2141
19.8322
20.4308
21.011
21.5741
22.121
22.6525
23.1695
23.6728
24.163
24.6408
25.1067
25.5613
26.0051
26.4385
26.862
27.2759
27.6805
28.0763
28.4634
28.8424
29.2133
29.5764
29.9321
30.2805
30.6218
30.9563
31.2842
31.6055
31.9204
32.2292
32.5319
32.8286
33.1194
33.4044
33.6836
33.9572
34.2251
34.4874
34.744
34.9951
35.2405
35.4803
35.7144
35.9429
36.1657
36.3827
36.5939
36.7991
36.9985
37.1919
37.3792
37.5602
37.7349
37.903
38.0645
38.2192
38.3668
38.5071
38.6398
38.7647
38.8811
38.9886
39.0867
39.1746
39.2514
39.3161
39.3675
39.4039
39.4234
39.4239
39.4026
39.3562
39.2806
39.1709
39.0211
38.8235
38.5687
38.245
37.8368
14.033
13.4481
12.8277
12.1839
11.5413
10.9509
10.5083
10.3463
10.5522
11.077
11.789
12.5795
13.3892
14.1904
14.9712
15.7271
16.457
17.1613
17.8412
18.498
19.1332
19.7479
20.3437
20.9216
21.4827
22.0279
22.5583
23.0746
23.5775
24.0677
24.5459
25.0125
25.4682
25.9133
26.3484
26.7738
27.1899
27.597
27.9956
28.3859
28.7681
29.1426
29.5095
29.8692
30.2218
30.5676
30.9067
31.2393
31.5656
31.8857
32.1998
32.5079
32.8103
33.1069
33.3978
33.6832
33.963
34.2373
34.5062
34.7696
35.0275
35.2801
35.5271
35.7688
36.0049
36.2355
36.4606
36.6799
36.8937
37.1016
37.3037
37.4998
37.6899
37.8737
38.0512
38.2221
38.3863
38.5434
38.6933
38.8355
38.9696
39.0953
39.212
39.3189
39.4154
39.5004
39.5729
39.6313
39.6742
39.6996
39.7051
39.6878
39.6443
39.5703
39.4608
39.3093
39.1081
38.847
38.514
38.0925
