37.4509
37.8744
38.204
38.4572
38.6476
38.7858
38.8803
38.9379
38.9639
38.9629
38.9385
38.8934
38.8302
38.7508
38.6568
38.5496
38.4302
38.2995
38.1582
38.0071
37.8466
37.6773
37.4994
37.3133
37.1194
36.9179
36.7091
36.4932
36.2704
36.0409
35.8049
35.5626
35.314
35.0595
34.7991
34.5328
34.261
33.9836
33.7007
33.4125
33.1189
32.82
32.516
32.2067
31.8922
31.5724
31.2474
30.9169
30.581
30.2395
29.8923
29.5392
29.18
28.8146
28.4426
28.0639
27.6782
27.2853
26.8848
26.4765
26.06
25.6351
25.2015
24.7587
24.3064
23.8442
23.3716
22.8883
22.3937
21.8874
21.3686
20.8367
20.2913
19.7311
19.1558
18.5638
17.9543
17.3261
16.6783
16.0088
15.3166
14.6005
13.8603
13.0962
12.3133
11.5243
10.7606
10.0911
9.63315
9.50357
9.71497
10.1599
10.7109
11.2859
11.8435
12.3661
12.8459
13.28
13.6668
14.0062
37.3652
37.7787
38.1024
38.3528
38.5429
38.683
38.781
38.8436
38.8759
38.8821
38.8657
38.8294
38.7754
38.7057
38.6218
38.5248
38.4158
38.2955
38.1648
38.024
37.8738
37.7145
37.5466
37.3702
37.1857
36.9933
36.7934
36.5861
36.3716
36.1502
35.922
35.6873
35.4461
35.1986
34.9451
34.6856
34.4203
34.1493
33.8726
33.5905
33.303
33.0101
32.7119
32.4084
32.0996
31.7856
31.4662
31.1414
30.8111
30.4751
30.1334
29.7857
29.4318
29.0715
28.7046
28.3307
27.9496
27.561
27.1647
26.7602
26.3473
25.9256
25.4947
25.0544
24.6041
24.1435
23.6721
23.1895
22.6951
22.1883
21.6686
21.1354
20.5876
20.0248
19.4456
18.8496
18.2351
17.6013
16.9463
16.2691
15.5687
14.8433
14.0929
13.3195
12.5281
11.7343
10.9744
10.3257
9.91198
9.84233
10.1098
10.5975
11.1823
11.7887
12.3797
12.9386
13.4579
13.9346
14.3672
14.7552
37.2161
37.6197
37.9373
38.185
38.375
38.5172
38.6192
38.6872
38.7263
38.7403
38.7326
38.7058
38.662
38.603
38.53
38.4443
38.3466
38.2378
38.1185
37.9891
37.85
37.7017
37.5443
37.3783
37.2039
37.0213
36.8308
36.6326
36.4268
36.2138
35.9937
35.7668
35.5331
35.2929
35.0463
34.7936
34.5348
34.2702
33.9997
33.7237
33.442
33.155
32.8625
32.5647
32.2615
31.9531
31.6392
31.3199
30.9951
30.6646
30.3282
29.9858
29.6371
29.2818
28.9197
28.5505
28.1739
27.7894
27.3969
26.996
26.5862
26.1674
25.7389
25.3006
24.8518
24.3923
23.9216
23.4391
22.9443
22.4367
21.9157
21.3801
20.8299
20.2638
19.6807
19.08
18.4601
17.8202
17.1585
16.4742
15.7653
15.0317
14.2725
13.4904
12.6928
11.8967
11.144
10.5204
10.1536
10.1422
10.4594
10.981
11.5897
12.2162
12.828
13.4094
13.9534
14.4569
14.9184
15.3373
36.999
37.3926
37.7044
37.9496
38.1398
38.2845
38.391
38.4651
38.5117
38.5344
38.5365
38.5203
38.4879
38.4407
38.38
38.3068
38.2219
38.1258
38.0192
37.9023
37.7756
37.6393
37.4937
37.3391
37.1757
37.0037
36.8233
36.6349
36.4385
36.2345
36.0231
35.8043
35.5786
35.346
35.1067
34.861
34.609
34.3509
34.0869
33.817
33.5414
33.2603
32.9736
32.6816
32.3842
32.0815
31.7733
31.4597
31.1406
30.8157
30.4849
30.148
29.8047
29.4547
29.0977
28.7334
28.3613
27.9812
27.5927
27.1953
26.7888
26.3728
25.9467
25.5102
25.063
24.6045
24.1342
23.6517
23.1563
22.6475
22.1248
21.5873
21.0342
20.4644
19.8775
19.2721
18.6469
18.0011
17.3331
16.6413
15.9253
15.1833
14.4167
13.6274
12.8247
12.0282
11.2858
10.6903
10.3728
10.418
10.7796
11.3287
11.9547
12.5946
13.2191
13.814
14.3729
14.8927
15.372
15.8096
36.7079
37.0917
37.3979
37.6408
37.8318
37.9795
38.0911
38.1722
38.2273
38.2599
38.2731
38.2689
38.2493
38.2155
38.1688
38.1098
38.0393
37.9577
37.8653
37.7626
37.6497
37.5269
37.3944
37.2524
37.1011
36.9408
36.7717
36.594
36.4079
36.2137
36.0116
35.8018
35.5846
35.3601
35.1287
34.8905
34.6457
34.3945
34.1372
33.8738
33.6047
33.3298
33.0493
32.7635
32.4722
32.1755
31.8735
31.566
31.253
30.9343
30.6096
30.2788
29.9415
29.5973
29.2459
28.887
28.52
28.1447
27.7606
27.3673
26.9643
26.5513
26.1279
25.6936
25.2479
24.7905
24.3208
23.8383
23.3424
22.8325
22.308
21.7682
21.2123
20.6394
20.0485
19.4386
18.8081
18.1565
17.4823
16.7841
16.0604
15.3115
14.5377
13.7421
12.9354
12.1401
11.4103
10.8463
10.5801
10.6799
11.0811
11.6528
12.2912
12.9394
13.5713
14.1738
14.7408
15.27
15.7595
16.208
36.3358
36.7099
37.0107
37.2518
37.4439
37.5954
37.713
37.8021
37.8669
37.9108
37.9365
37.9461
37.9412
37.9229
37.8921
37.8495
37.7954
37.7303
37.6543
37.5676
37.4703
37.3627
37.2449
37.1171
36.9795
36.8322
36.6755
36.5096
36.3349
36.1514
35.9596
35.7596
35.5517
35.3362
35.1133
34.8832
34.6462
34.4026
34.1525
33.8962
33.6339
33.3658
33.0921
32.8129
32.5283
32.2383
31.9431
31.6424
31.3363
31.0246
30.7069
30.383
30.0525
29.7151
29.3702
29.0175
28.6565
28.2867
27.9077
27.519
27.1203
26.7109
26.2906
25.8588
25.4151
24.9591
24.4902
24.0079
23.5117
23.001
22.475
21.9331
21.3745
20.7982
20.2034
19.589
18.9538
18.2963
17.6159
16.9112
16.1811
15.4252
14.6442
13.8433
13.0335
12.2414
11.526
10.9969
10.7828
10.9348
11.3717
11.9616
12.6089
13.2618
13.8972
14.5029
15.0741
15.6078
16.102
16.5559
35.8741
36.2385
36.5341
36.7737
36.9675
37.1235
37.2481
37.3464
37.4224
37.4794
37.5197
37.5452
37.5573
37.5569
37.5447
37.5209
37.4859
37.4397
37.3824
37.314
37.2346
37.1442
37.043
36.9311
36.8087
36.676
36.5332
36.3805
36.2183
36.0468
35.8663
35.6771
35.4795
35.2738
35.0602
34.8391
34.6107
34.3753
34.1332
33.8846
33.6299
33.3692
33.1029
32.8311
32.5539
32.2715
31.984
31.6912
31.393
31.0893
30.7798
30.4641
30.1417
29.8122
29.4751
29.1299
28.776
28.4128
28.04
27.6569
27.2631
26.8582
26.4416
26.0129
25.5717
25.1176
24.6499
24.1682
23.6719
23.1605
22.6332
22.0893
21.528
20.9485
20.3502
19.7314
19.0912
18.4286
17.7422
17.031
16.2942
15.5311
14.7441
13.9379
13.1257
12.3376
11.6396
11.1478
10.987
11.1884
11.6566
12.2615
12.9147
13.5698
14.2055
14.812
15.3836
15.9183
16.414
16.869
35.3132
35.6679
35.9583
36.1966
36.3925
36.5537
36.6864
36.7952
36.8841
36.9561
37.0134
37.0576
37.0897
37.1103
37.1198
37.118
37.1052
37.081
37.0452
36.9979
36.9389
36.8681
36.7857
36.6918
36.5865
36.47
36.3426
36.2046
36.0563
35.898
35.73
35.5527
35.3664
35.1714
34.9681
34.7568
34.5378
34.3115
34.0782
33.8382
33.5918
33.3394
33.0814
32.8179
32.5491
32.2754
31.9967
31.713
31.4242
31.1301
30.8303
30.5244
30.2118
29.892
29.5644
29.2282
28.8829
28.5279
28.1626
27.7863
27.3987
26.9991
26.5872
26.1625
25.7245
25.2728
24.8069
24.3262
23.8302
23.3183
22.7899
22.2444
21.6807
21.0981
20.4957
19.8728
19.2277
18.5595
17.8671
17.1495
16.4059
15.6364
14.843
14.0318
13.2177
12.4349
11.7568
11.3049
11.1974
11.4455
11.9409
12.5577
13.2144
13.8695
14.5038
15.1085
15.6782
16.2109
16.7052
17.1585
34.6429
34.9869
35.2716
35.5085
35.7067
35.8737
36.0152
36.1361
36.2399
36.3294
36.4067
36.4728
36.5286
36.5742
36.6093
36.6338
36.647
36.6484
36.6378
36.6148
36.5792
36.5308
36.4697
36.396
36.3099
36.2115
36.1013
35.9794
35.8464
35.7026
35.5483
35.384
35.21
35.0268
34.8348
34.6342
34.4255
34.2091
33.9853
33.7547
33.5176
33.2744
33.0255
32.7714
32.5123
32.2484
31.98
31.7071
31.4294
31.1468
30.8589
30.565
30.2645
29.9566
29.6406
29.3157
28.9812
28.6362
28.2801
27.9123
27.5323
27.1395
26.7334
26.3137
25.8798
25.4313
24.9677
24.4886
23.9934
23.4814
22.9523
22.405
21.8392
21.2536
20.6474
20.02
19.3698
18.6959
17.9973
17.2734
16.5229
15.7464
14.9465
14.1303
13.3147
12.5385
11.8824
11.4728
11.4184
11.7096
12.2288
12.8546
13.5125
14.1661
14.7973
15.398
15.964
16.4933
16.9834
17.433
33.8523
34.1841
34.4617
34.6961
34.896
35.0687
35.2199
35.354
35.4748
35.5848
35.6855
35.778
35.8623
35.9379
36.004
36.0597
36.104
36.1359
36.1548
36.1601
36.1515
36.1288
36.0919
36.041
35.9763
35.8981
35.8067
35.7027
35.5863
35.4582
35.3187
35.1684
35.0078
34.8372
34.6571
34.468
34.2704
34.0646
33.8513
33.6308
33.4036
33.1705
32.9318
32.6881
32.4399
32.1874
31.9311
31.6709
31.4066
31.138
30.8646
30.5855
30.3
30.0071
29.7057
29.3949
29.0737
28.7413
28.3969
28.0397
27.6692
27.2848
26.8861
26.4726
26.0439
25.5996
25.1393
24.6624
24.1684
23.6571
23.1272
22.5787
22.0104
21.4219
20.8119
20.1799
19.5243
18.8443
18.1395
17.4082
16.6503
15.8669
15.0602
14.2388
13.422
12.6535
12.0216
11.6564
11.6541
11.9849
12.5242
13.1566
13.8141
14.4643
15.0908
15.6863
16.2469
16.7705
17.2551
17.6989
32.9326
33.2487
33.516
33.7453
33.945
34.1221
34.2825
34.4308
34.5704
34.704
34.8328
34.9571
35.0761
35.1885
35.2925
35.3862
35.468
35.5363
35.5902
35.6288
35.6516
35.6585
35.6494
35.6244
35.5838
35.528
35.4574
35.3727
35.2744
35.1631
35.0395
34.904
34.7573
34.5999
34.4323
34.2552
34.0691
33.8744
33.6718
33.4619
33.2453
33.0228
32.795
32.5627
32.3266
32.0871
31.8447
31.5995
31.3514
31.1
30.8445
30.584
30.3173
30.0431
29.7602
29.4672
29.163
28.8464
28.5166
28.1728
27.8143
27.4406
27.0511
26.6457
26.2237
25.7848
25.3287
24.855
24.363
23.8525
23.3227
22.7728
22.2026
21.6109
20.9968
20.3598
19.6984
19.0123
18.2999
17.5612
16.7953
16.0034
15.1897
14.3629
13.545
12.7857
12.1801
11.8604
11.9088
12.2755
12.8316
13.4677
14.1232
14.7682
15.3886
15.9776
16.5314
17.0481
17.5258
17.9618
31.8789
32.1732
32.4246
32.6435
32.8384
33.0164
33.1837
33.3451
33.5047
33.665
33.8269
33.99
34.152
34.3102
34.4611
34.6018
34.7294
34.8418
34.9376
35.0157
35.0756
35.117
35.1399
35.1444
35.1311
35.1004
35.0529
34.9894
34.9106
34.8172
34.7101
34.5901
34.4577
34.3137
34.1588
33.9935
33.8187
33.6349
33.4428
33.2433
33.0371
32.8253
32.6087
32.3883
32.1651
31.94
31.7135
31.4859
31.2571
31.0266
30.7933
30.5561
30.3131
30.0628
29.8033
29.5329
29.2502
28.9537
28.6425
28.3156
27.9723
27.6121
27.2345
26.8392
26.4259
25.9942
25.5439
25.0745
24.5854
24.0765
23.5471
22.9966
22.4242
21.8291
21.2109
20.5685
19.9007
19.2072
18.4867
17.7394
16.9648
16.1638
15.3419
14.5088
13.6899
12.9405
12.3633
12.0903
12.1869
12.5854
13.1548
13.7927
14.4444
15.083
15.6961
16.2771
16.8229
17.3312
17.8
18.2271
30.6947
30.958
31.1841
31.3835
31.5648
31.7359
31.9037
32.0741
32.2522
32.4411
32.6416
32.852
33.0679
33.2839
33.494
33.6932
33.8774
34.0436
34.1899
34.3153
34.4191
34.5012
34.5614
34.6002
34.6182
34.6159
34.5942
34.5541
34.4965
34.4224
34.3328
34.2286
34.1107
33.9799
33.8371
33.683
33.5186
33.3445
33.1618
32.9714
32.7744
32.572
32.3656
32.1566
31.9464
31.7363
31.5273
31.3198
31.1139
30.9088
30.7031
30.495
30.2821
30.0621
29.8323
29.5907
29.3353
29.0644
28.7767
28.4712
28.1473
27.8043
27.4419
27.0598
26.6578
26.2356
25.7929
25.3294
24.845
24.3389
23.8107
23.2595
22.6854
22.0872
21.4644
20.816
20.1409
19.4392
18.7098
17.9524
17.1669
16.3559
15.5239
14.6841
13.8642
13.125
12.5779
12.3519
12.494
12.9199
13.4991
14.1368
14.7825
15.4135
16.0177
16.5892
17.1255
17.6241
18.083
18.4997
29.3964
29.6162
29.8038
29.9697
30.1233
30.2736
30.429
30.5977
30.7874
31.0032
31.2468
31.5146
31.7986
32.0883
32.3735
32.6462
32.9003
33.1321
33.3396
33.5216
33.6777
33.8078
33.9121
33.991
34.0453
34.0759
34.0837
34.0701
34.0362
33.9832
33.9124
33.8248
33.7215
33.6037
33.4722
33.328
33.1722
33.0058
32.8299
32.6458
32.4549
32.259
32.06
31.8599
31.6609
31.465
31.2738
31.0884
30.9089
30.7344
30.5627
30.3911
30.2162
30.0345
29.8425
29.6373
29.4164
29.1777
28.9198
28.6415
28.342
28.021
27.6781
27.3131
26.9259
26.5163
26.0841
25.6291
25.1511
24.6494
24.1238
23.5736
22.9982
22.397
21.7693
21.1144
20.4316
19.7199
18.9796
18.2105
17.413
16.5896
15.7462
14.8978
14.0756
13.3477
12.832
12.6523
12.8361
13.2849
13.8705
14.5052
15.1436
15.7652
16.3588
16.92
17.4454
17.9326
18.3801
18.7847
28.0169
28.1789
28.3118
28.4263
28.5326
28.6411
28.7626
28.9093
29.0936
29.3266
29.6135
29.9493
30.319
30.7029
31.0835
31.4478
31.7877
32.0988
32.3793
32.6286
32.8466
33.0336
33.1898
33.3159
33.4129
33.4819
33.5242
33.5413
33.5347
33.5058
33.4561
33.3868
33.2993
33.1946
33.0739
32.9384
32.7892
32.6276
32.4548
32.2726
32.0828
31.8878
31.6904
31.4936
31.3008
31.1153
30.9401
30.777
30.6268
30.4882
30.3581
30.2321
30.105
29.9715
29.827
29.6675
29.4898
29.2914
29.0706
28.8263
28.5577
28.2645
27.9464
27.6035
27.2357
26.8429
26.4251
25.9821
25.5135
25.019
24.4982
23.9508
23.3756
22.7722
22.1399
21.4781
20.7863
20.064
19.3112
18.528
17.7157
16.8769
16.0201
15.1608
14.3353
13.619
13.1348
12.9999
13.221
13.6884
14.2763
14.9054
15.5344
16.1444
16.7266
17.2755
17.7881
18.2629
18.697
19.0881
26.6044
26.6953
26.7577
26.8022
26.8393
26.8805
26.9394
27.0327
27.1813
27.4079
27.7285
28.1397
28.6145
29.1167
29.6159
30.0922
30.5346
30.939
31.3046
31.632
31.922
32.1751
32.392
32.5734
32.7205
32.8347
32.9177
32.9712
32.997
32.9968
32.9722
32.9245
32.8552
32.7656
32.6567
32.5297
32.3859
32.2265
32.0531
31.8675
31.6721
31.47
31.265
31.0616
30.8653
30.6814
30.5155
30.3715
30.2514
30.1538
30.0739
30.0043
29.9368
29.8636
29.7779
29.6747
29.55
29.401
29.2258
29.0233
28.7929
28.5343
28.2476
27.9329
27.5903
27.2199
26.8216
26.3953
25.9407
25.4578
24.9454
24.4033
23.8307
23.2272
22.5916
21.9235
21.2224
20.488
19.7207
18.921
18.0908
17.2344
16.3604
15.4875
14.6566
13.9509
13.4983
13.4055
13.6588
14.139
14.7257
15.3463
15.9634
16.5602
17.1285
17.6629
18.1612
18.6214
19.0406
19.4163
25.2158
25.227
25.2078
25.1679
25.1175
25.0685
25.0358
25.0406
25.1133
25.2947
25.624
26.108
26.7032
27.3451
27.9835
28.5892
29.1486
29.658
30.1188
30.5334
30.904
31.2318
31.5175
31.7623
31.9672
32.1341
32.265
32.3618
32.4266
32.4612
32.4675
32.4469
32.4008
32.3303
32.2366
32.1206
31.9833
31.826
31.6499
31.457
31.2497
31.0316
30.8075
30.5838
30.3684
30.1704
29.9993
29.8641
29.77
29.7166
29.6962
29.6961
29.7023
29.7028
29.6885
29.6528
29.5914
29.5013
29.3805
29.2281
29.0438
28.8274
28.5793
28.2999
27.9894
27.648
27.2757
26.8725
26.4382
25.972
25.4734
24.942
24.3765
23.7762
23.1404
22.4679
21.7584
21.0118
20.229
19.4106
18.5594
17.6811
16.7859
15.8957
15.0567
14.3601
13.9374
13.8826
14.1617
14.6491
15.2304
15.8389
16.4414
17.0224
17.5739
18.0922
18.5738
19.0169
19.4192
19.777
23.9059
23.8355
23.7311
23.6013
23.4553
23.304
23.1626
23.0545
23.0184
23.1155
23.4184
23.9561
24.6684
25.4537
26.2365
26.9771
27.6587
28.2782
28.839
29.3458
29.8019
30.2095
30.5699
30.884
31.1534
31.3799
31.5656
31.713
31.8241
31.901
31.9456
31.9593
31.9435
31.8992
31.8271
31.7279
31.6023
31.4508
31.2745
31.0745
30.8529
30.6132
30.3605
30.1023
29.8491
29.6143
29.4142
29.2663
29.1848
29.1736
29.2211
29.3048
29.4002
29.4886
29.5576
29.5999
29.6109
29.5881
29.5298
29.4353
29.3045
29.1378
28.9358
28.6991
28.4282
28.1234
27.7848
27.4122
27.0055
26.5637
26.0865
25.5724
25.0208
24.4301
23.7994
23.1271
22.4126
21.6562
20.8576
20.0192
19.145
18.241
17.3203
16.4081
15.5574
14.8674
14.4714
14.4489
14.7466
15.2347
15.8052
16.3977
16.9818
17.5436
18.0758
18.5742
19.0364
19.4599
19.8423
20.1797
22.7157
22.5686
22.3835
22.168
21.9299
21.679
21.4301
21.2077
21.0569
21.0572
21.3116
21.8719
22.6672
23.566
24.4699
25.3285
26.1213
26.8443
27.5013
28.0978
28.6382
29.1254
29.5611
29.9468
30.284
30.5745
30.8206
31.0246
31.1888
31.3153
31.406
31.4623
31.4853
31.476
31.4346
31.3615
31.2565
31.1197
30.9511
30.7511
30.5206
30.262
29.9796
29.6804
29.3758
29.0823
28.8235
28.6299
28.5334
28.5518
28.6707
28.8502
29.0482
29.2354
29.3961
29.5226
29.6118
29.6617
29.6713
29.6404
29.5691
29.4583
29.3089
29.1219
28.8978
28.6373
28.3404
28.0068
27.6363
27.2279
26.7806
26.2933
25.7646
25.1923
24.5753
23.9113
23.1992
22.4378
21.6278
20.7717
19.8733
18.9419
17.992
17.0534
16.1865
15.4997
15.1257
15.1279
15.4353
15.9164
16.47
17.0405
17.6016
18.1398
18.6485
19.1239
19.5628
19.9631
20.3219
20.6355
21.6667
21.452
21.1962
20.9057
20.5875
20.2507
19.9096
19.5904
19.3441
19.2636
19.4707
20.0274
20.8577
21.8172
22.7956
23.7353
24.6121
25.4192
26.1581
26.8334
27.4493
28.0093
28.5153
28.9693
29.3728
29.7276
30.036
30.3
30.5218
30.7034
30.8466
30.9528
31.0229
31.0576
31.0569
31.0205
30.948
30.8383
30.6905
30.5041
30.2786
30.0149
29.7154
29.3851
29.0332
28.6758
28.3398
28.0683
27.9195
27.9403
28.1203
28.3948
28.6964
28.9825
29.2336
29.4427
29.6085
29.7305
29.8086
29.8428
29.8337
29.7824
29.69
29.5578
29.3866
29.1769
28.929
28.6424
28.3167
27.9508
27.5435
27.0932
26.5978
26.0556
25.4639
24.8198
24.1214
23.3663
22.5546
21.6874
20.7705
19.8129
18.8334
17.8659
16.9797
16.2909
15.9323
15.9492
16.2556
16.7203
17.249
17.7911
18.3228
18.8316
19.3112
19.7579
20.1687
20.5412
20.8722
21.1578
20.7613
20.4897
20.1749
19.8226
19.4393
19.0336
18.6203
18.2277
17.9122
17.7766
17.9499
18.4917
19.3218
20.295
21.3007
22.2797
23.2055
24.0683
24.8666
25.6026
26.2794
26.8996
27.4658
27.9797
28.4433
28.8582
29.2263
29.5494
29.8296
30.0685
30.2677
30.4284
30.5515
30.6372
30.6856
30.6959
30.6672
30.5979
30.4862
30.3307
30.13
29.8836
29.5923
29.2588
28.8885
28.493
28.0967
27.7474
27.5258
27.5161
27.7225
28.0602
28.4374
28.7992
29.1221
29.3992
29.6299
29.8149
29.9547
30.0496
30.1003
30.1076
30.073
29.9977
29.8825
29.7281
29.5345
29.3013
29.0278
28.7125
28.3543
27.951
27.5006
27.0003
26.4473
25.8377
25.1685
24.4361
23.6382
22.776
21.8535
20.8802
19.8772
18.8832
17.9768
17.2832
16.9323
16.9521
17.2439
17.68
18.1731
18.6772
19.1708
19.6423
20.0855
20.4964
20.8729
21.2116
21.5091
21.7613
19.9884
19.67
19.3072
18.9053
18.4705
18.0115
17.5439
17.0984
16.7372
16.5705
16.7278
17.2575
18.0718
19.0304
20.0298
21.0138
21.9561
22.8452
23.6774
24.4524
25.1716
25.8367
26.4496
27.0121
27.526
27.9927
28.4141
28.7915
29.1267
29.421
29.6757
29.8917
30.0698
30.2102
30.3126
30.3761
30.3997
30.3814
30.3193
30.2112
30.0553
29.8509
29.5981
29.2984
28.9547
28.5742
28.1753
27.8018
27.5386
27.4856
27.6649
27.9965
28.3856
28.7722
29.1284
29.4439
29.7165
29.9461
30.1329
30.277
30.3787
30.4386
30.4577
30.437
30.3772
30.2787
30.1414
29.9649
29.748
29.4895
29.1875
28.8398
28.444
27.997
27.4955
26.9353
26.3124
25.622
24.8606
24.0267
23.1222
22.1567
21.1495
20.1428
19.2235
18.526
18.1751
18.1828
18.4434
18.8343
19.2771
19.7301
20.1737
20.5971
20.9939
21.3611
21.695
21.9923
22.2495
22.4617
19.3301
18.9731
18.5715
18.1299
17.6546
17.1546
16.6465
16.1638
15.7749
15.5966
15.7547
16.2813
17.0787
18.0125
18.9883
19.9561
20.8917
21.7836
22.6269
23.4201
24.1631
24.8566
25.5017
26.0999
26.6524
27.1606
27.626
28.0498
28.4333
28.7775
29.0835
29.3519
29.5833
29.7777
29.9348
30.0539
30.1336
30.1725
30.1683
30.1192
30.0235
29.8807
29.6915
29.4575
29.1817
28.8697
28.5358
28.2152
27.976
27.9001
28.0173
28.2786
28.6121
28.9649
29.3069
29.6235
29.908
30.1576
30.371
30.5472
30.6858
30.787
30.8508
30.8778
30.8682
30.822
30.739
30.6184
30.459
30.2592
30.0171
29.7302
29.396
29.0109
28.5716
28.0738
27.5129
26.8839
26.182
25.4049
24.5523
23.6299
22.6549
21.6686
20.7586
20.0659
19.7095
19.6883
19.8952
20.2198
20.5929
20.9777
21.3563
21.7181
22.0575
22.3698
22.6517
22.8993
23.1079
23.2727
18.7666
18.3778
17.9443
17.4708
16.9632
16.4312
15.8927
15.3848
14.9822
14.8075
14.98
15.5127
16.2977
17.2064
18.1541
19.0969
20.0135
20.8936
21.7323
22.5275
23.2787
23.9858
24.6494
25.2704
25.8497
26.3884
26.8876
27.3483
27.7714
28.1578
28.5082
28.823
29.1027
29.3472
29.5561
29.7289
29.8644
29.9613
30.0179
30.0328
30.0049
29.9342
29.822
29.6711
29.4852
29.2707
29.0402
28.8192
28.652
28.5895
28.6568
28.836
29.087
29.3728
29.6673
29.9542
30.2235
30.4696
30.6888
30.8789
31.0386
31.1669
31.2634
31.3276
31.3594
31.3581
31.3233
31.2538
31.1484
31.0054
30.8226
30.5976
30.3274
30.0088
29.6385
29.212
28.7251
28.1733
27.5524
26.8592
26.0925
25.2551
24.36
23.444
22.5894
21.9272
21.5644
21.4935
21.6205
21.8535
22.1349
22.4327
22.7298
23.0165
23.2857
23.5326
23.7525
23.9411
24.0931
24.2026
18.2798
17.8644
17.4043
16.9044
16.3707
15.8135
15.2523
14.7283
14.3233
14.1645
14.3619
14.9078
15.6857
16.5733
17.4944
18.4109
19.3044
20.166
20.9915
21.7789
22.5275
23.2373
23.9084
24.5413
25.1368
25.6957
26.2187
26.7066
27.1602
27.5801
27.9667
28.3205
28.6415
28.9299
29.1851
29.4069
29.5942
29.7461
29.8614
29.9394
29.9795
29.9823
29.9496
29.8847
29.792
29.6783
29.5544
29.438
29.3549
29.3325
29.3872
29.5161
29.7019
29.9242
30.1648
30.4099
30.6497
30.8771
31.0873
31.2771
31.4441
31.5867
31.7036
31.7938
31.8566
31.8908
31.8956
31.8697
31.8117
31.7197
31.5917
31.4253
31.2175
30.9655
30.6658
30.3146
29.9085
29.4439
28.918
28.3289
27.6751
26.9589
26.1902
25.3996
24.655
24.0593
23.6945
23.5583
23.5848
23.7073
23.8803
24.0768
24.2804
24.4807
24.6701
24.8424
24.9923
25.1145
25.2027
25.2502
17.8542
17.4159
16.9334
16.4114
15.8562
15.2789
14.701
14.1682
13.7701
13.637
13.8667
14.4309
15.2062
16.0772
16.9758
17.8684
18.7393
19.581
20.39
21.1649
21.9051
22.6106
23.2816
23.9186
24.5221
25.0927
25.631
26.1377
26.6132
27.0582
27.4729
27.8576
28.2125
28.5374
28.8322
29.0964
29.3294
29.5306
29.6994
29.8354
29.9386
30.0099
30.0515
30.0664
30.0592
30.036
30.0056
29.9797
29.9732
30.0005
30.0714
30.187
30.341
30.5237
30.7247
30.9344
31.1451
31.3507
31.5464
31.7286
31.8947
32.0426
32.1707
32.2776
32.3619
32.4225
32.4581
32.4674
32.4486
32.4002
32.3201
32.206
32.0554
31.8655
31.6336
31.3565
31.0316
30.6568
30.2304
29.7521
29.2225
28.6448
28.0277
27.3951
26.7941
26.291
25.9398
25.7468
25.6778
25.692
25.7572
25.8514
25.9595
26.0708
26.177
26.2716
26.3478
26.3996
26.42
26.4014
17.4769
17.0189
16.5171
15.9763
15.4031
14.8096
14.2198
13.6846
13.3011
13.2014
13.4683
14.0537
14.8299
15.6885
16.5686
17.4409
18.2918
19.1148
19.9074
20.6685
21.398
22.0959
22.7626
23.3986
24.0044
24.5806
25.1278
25.6463
26.1368
26.5997
27.0352
27.4436
27.8249
28.1792
28.5063
28.8059
29.0777
29.3213
29.5364
29.723
29.8815
30.0131
30.1197
30.2041
30.2704
30.3236
30.3703
30.4184
30.4765
30.5529
30.6531
30.7788
30.928
31.0961
31.2776
31.4668
31.6585
31.8481
32.0317
32.2063
32.3694
32.519
32.6533
32.7709
32.8703
32.9503
33.0094
33.0462
33.0593
33.0468
33.0071
32.938
32.8374
32.7031
32.5327
32.324
32.0751
31.7849
31.4533
31.0809
30.6698
30.2243
29.7529
29.2729
28.8131
28.4105
28.0961
27.8792
27.7478
27.6813
27.6597
27.667
27.6908
27.7214
27.7505
27.7711
27.7763
27.7594
27.7127
27.6276
17.1379
16.6625
16.1439
15.5868
14.9985
14.3921
13.7943
13.2621
12.9
12.8397
13.1469
13.7549
14.5339
15.3834
16.2487
17.1041
17.9379
18.7447
19.5223
20.2703
20.9887
21.678
22.3385
22.9709
23.5757
24.1536
24.7051
25.2307
25.7309
26.206
26.6564
27.0823
27.4838
27.861
28.2138
28.542
28.8455
29.1242
29.3781
29.6074
29.8126
29.9949
30.1561
30.2986
30.4257
30.5414
30.6504
30.7581
30.8698
30.9904
31.1233
31.2698
31.4295
31.6001
31.7787
31.962
32.1466
32.3294
32.5077
32.679
32.8415
32.9933
33.1329
33.259
33.3703
33.4654
33.5431
33.6021
33.6409
33.6582
33.6521
33.6211
33.5633
33.477
33.3604
33.2119
33.0306
32.8158
32.5681
32.289
31.981
31.6488
31.2998
30.9456
30.6034
30.2926
30.0299
29.8227
29.6685
29.5585
29.4821
29.429
29.3898
29.3569
29.3227
29.2807
29.224
29.1454
29.0371
28.89
16.829
16.3381
15.8046
15.2333
14.6322
14.0155
13.4135
12.8891
12.5543
12.538
12.887
13.5177
14.3008
15.1434
15.9967
16.8383
17.6577
18.4506
19.2152
19.9515
20.6598
21.3405
21.9944
22.6221
23.2243
23.8017
24.3548
24.8842
25.3904
25.8737
26.3346
26.7732
27.1898
27.5844
27.9572
28.308
28.637
28.9442
29.2297
29.4938
29.7373
29.9612
30.167
30.3568
30.5332
30.6991
30.858
31.0135
31.1692
31.3281
31.4923
31.663
31.8399
32.0222
32.2081
32.3957
32.5827
32.7671
32.947
33.1207
33.2866
33.4434
33.5898
33.7247
33.8471
33.9557
34.0496
34.1275
34.1882
34.2304
34.2529
34.2542
34.2329
34.1876
34.1171
34.0204
33.8969
33.7466
33.5702
33.3694
33.1469
32.9066
32.6542
32.3978
32.1471
31.9128
31.7036
31.5244
31.3753
31.2529
31.1514
31.0647
30.9865
30.9107
30.831
30.7416
30.6358
30.5067
30.3462
30.1448
16.5435
16.0388
15.492
14.9083
14.2962
13.6717
13.0685
12.5565
12.2544
12.2856
12.6766
13.3293
14.117
14.9543
15.7978
16.6278
17.4351
18.2162
18.9698
19.6958
20.3951
21.068
21.7155
22.3384
22.9373
23.5131
24.0663
24.5975
25.1073
25.596
26.0642
26.512
26.9398
27.3477
27.7359
28.1045
28.4536
28.7834
29.0942
29.3864
29.6607
29.918
30.1597
30.3873
30.6029
30.8088
31.0075
31.2014
31.3929
31.5841
31.7764
31.9707
32.1669
32.3647
32.5629
32.7603
32.9556
33.1473
33.334
33.5146
33.6878
33.8527
34.0082
34.1534
34.2875
34.4095
34.5186
34.6137
34.694
34.7583
34.8056
34.8348
34.8449
34.8348
34.8037
34.7509
34.6763
34.5799
34.4628
34.3263
34.1728
34.0054
33.8283
33.6468
33.4667
33.2939
33.1334
32.9877
32.8574
32.7407
32.6347
32.535
32.4375
32.3372
32.2289
32.1074
31.9664
31.7991
31.5973
31.3512
16.2763
15.759
15.2003
14.6057
13.9843
13.3541
12.7527
12.2575
11.9927
12.0739
12.5061
13.1797
13.9719
14.805
15.6403
16.4604
17.2575
18.0284
18.7724
19.4897
20.181
20.8471
21.4888
22.107
22.7026
23.2763
23.8287
24.3606
24.8725
25.3649
25.8382
26.2927
26.7289
27.1469
27.547
27.9294
28.2943
28.6421
28.9729
29.2875
29.5862
29.8701
30.1402
30.3978
30.6445
30.8821
31.1122
31.3367
31.5573
31.7754
31.992
32.2077
32.4226
32.6365
32.8487
33.0585
33.2649
33.4669
33.6635
33.8538
34.0369
34.212
34.3784
34.5353
34.682
34.8177
34.9419
35.0536
35.152
35.2365
35.3062
35.3602
35.3978
35.4182
35.4209
35.4056
35.372
35.3207
35.2523
35.1682
35.0702
34.9605
34.8423
34.7188
34.5936
34.4703
34.3512
34.2381
34.131
34.0288
33.9293
33.8295
33.7259
33.6146
33.4909
33.3499
33.1856
32.9913
32.7586
32.4773
16.0227
15.494
14.9247
14.3204
13.6913
13.0572
12.4606
11.9865
11.7633
11.8958
12.3678
13.0608
13.8572
14.6867
15.5149
16.3265
17.1147
17.8768
18.6125
19.3221
20.0064
20.6663
21.3028
21.9167
22.509
23.0805
23.6319
24.1638
24.6769
25.1717
25.6486
26.1082
26.5506
26.9764
27.3858
27.779
28.1564
28.5183
28.8651
29.1973
29.5154
29.8203
30.1129
30.3942
30.6654
30.9279
31.183
31.432
31.6761
31.9162
32.1533
32.3877
32.6195
32.8487
33.0748
33.2974
33.5157
33.729
33.9367
34.138
34.3323
34.5188
34.697
34.8663
35.0261
35.1758
35.3148
35.4425
35.5584
35.6618
35.752
35.8283
35.8904
35.9377
35.9698
35.9865
35.9879
35.9742
35.9463
35.9049
35.8517
35.7882
35.7165
35.6387
35.5571
35.4735
35.3894
35.3055
35.2216
35.1365
35.0486
34.9552
34.8533
34.7393
34.609
34.4574
34.2788
34.0661
33.8108
33.5023
15.779
15.24
14.6611
14.0484
13.4129
12.7769
12.188
11.739
11.5611
11.7456
12.2554
12.966
13.7663
14.5924
15.4144
16.2183
16.9986
17.7529
18.4813
19.184
19.8621
20.5166
21.1483
21.7583
22.3475
22.9168
23.4668
23.9984
24.5121
25.0085
25.4881
25.9513
26.3987
26.8305
27.2471
27.6488
28.0361
28.4092
28.7686
29.1148
29.4484
29.7699
30.0802
30.3802
30.6708
30.953
31.2279
31.4963
31.7594
32.0176
32.2718
32.5221
32.7687
33.0116
33.2506
33.4853
33.7152
33.9399
34.1587
34.3711
34.5766
34.7747
34.9648
35.1465
35.3193
35.4827
35.6363
35.7794
35.9117
36.0326
36.1418
36.2387
36.3228
36.3939
36.4518
36.4963
36.5275
36.5458
36.5515
36.5456
36.529
36.5029
36.4687
36.4276
36.381
36.33
36.2752
36.2167
36.1541
36.0862
36.0114
35.9272
35.8309
35.7189
35.587
35.4304
35.2432
35.0181
34.7463
34.4165
15.5417
14.9935
14.406
13.7859
13.1453
12.5093
11.9312
11.5114
11.382
11.6183
12.1637
12.8901
13.6935
14.5166
15.3326
16.1297
16.9027
17.65
18.3716
19.0682
19.7407
20.3901
21.0174
21.6238
22.2101
22.7771
23.3258
23.8567
24.3706
24.868
25.3495
25.8156
26.2667
26.7032
27.1256
27.5341
27.9292
28.3113
28.6808
29.0381
29.3839
29.7186
30.0431
30.3578
30.6637
30.9616
31.2522
31.5364
31.8146
32.0877
32.3559
32.6197
32.8791
33.134
33.3845
33.6302
33.8708
34.106
34.3353
34.5583
34.7745
34.9837
35.1852
35.3788
35.564
35.7404
35.9076
36.0654
36.213
36.3504
36.4769
36.5924
36.6964
36.7889
36.8695
36.9382
36.9952
37.0407
37.075
37.0987
37.1125
37.1172
37.1137
37.1026
37.0848
37.0607
37.0306
36.994
36.9505
36.8986
36.8368
36.7626
36.6733
36.5654
36.4347
36.2762
36.0839
35.85
35.5655
35.2185
15.3077
14.7512
14.1562
13.5297
12.8855
12.2515
11.6872
11.3005
11.2222
11.5095
12.0878
12.8283
13.6341
14.4541
15.2648
16.0553
16.8217
17.5624
18.2778
18.9686
19.6358
20.2805
20.9038
21.5066
22.0901
22.655
23.2021
23.7322
24.2459
24.744
25.2268
25.695
26.149
26.5892
27.0161
27.43
27.8314
28.2207
28.5983
28.9646
29.3201
29.6654
30.0011
30.3276
30.6458
30.9562
31.2595
31.5562
31.8469
32.132
32.412
32.687
32.9571
33.2225
33.483
33.7385
33.9888
34.2334
34.4723
34.705
34.9312
35.1505
35.3626
35.5672
35.7639
35.9524
36.1323
36.3034
36.4652
36.6175
36.76
36.8922
37.0142
37.1256
37.2263
37.3163
37.3957
37.4645
37.5232
37.572
37.6114
37.6418
37.6638
37.6777
37.6839
37.6825
37.6733
37.6557
37.6289
37.5915
37.5418
37.4774
37.3954
37.2924
37.1641
37.0052
36.8094
36.569
36.2741
35.9122
15.0739
14.5101
13.9085
13.277
12.6304
12.0004
11.4531
11.1035
11.0785
11.4153
12.0239
12.7765
13.5841
14.401
15.2063
15.9907
16.7506
17.4852
18.1947
18.88
19.5423
20.1825
20.8018
21.4012
21.9818
22.5445
23.0899
23.619
24.1324
24.6306
25.1143
25.584
26.0402
26.4834
26.9139
27.3321
27.7386
28.1337
28.5178
28.8913
29.2547
29.6085
29.9532
30.2893
30.6173
30.9378
31.2512
31.5582
31.859
32.1541
32.4438
32.7283
33.0077
33.282
33.5512
33.8153
34.074
34.3272
34.5746
34.8161
35.0512
35.2797
35.5015
35.716
35.9232
36.1226
36.3141
36.4972
36.6719
36.8377
36.9943
37.1417
37.2797
37.4079
37.5263
37.635
37.7338
37.8229
37.9024
37.9727
38.0337
38.086
38.1295
38.1645
38.191
38.2088
38.2175
38.2163
38.2043
38.1798
38.1411
38.0858
38.0109
37.9128
37.7871
37.6285
37.4303
37.1842
36.8801
36.5047
14.8369
14.267
13.66
13.0246
12.3772
11.7535
11.2266
10.9178
10.9474
11.3319
11.968
12.7311
13.5397
14.3532
15.1532
15.9316
16.6854
17.4139
18.1178
18.7978
19.4552
20.0909
20.7064
21.3025
21.8802
22.4405
22.9842
23.5121
24.0248
24.5229
25.0071
25.4779
25.9357
26.3811
26.8144
27.2362
27.6467
28.0464
28.4358
28.8152
29.185
29.5457
29.8977
30.2415
30.5775
30.9062
31.2281
31.5434
31.8526
32.156
32.4538
32.7463
33.0335
33.3155
33.5924
33.8639
34.1302
34.3909
34.6459
34.8951
35.1383
35.3751
35.6054
35.8289
36.0454
36.2547
36.4565
36.6505
36.8366
37.0144
37.1839
37.3448
37.4968
37.6399
37.7739
37.8989
38.0147
38.1213
38.2189
38.3075
38.3871
38.4579
38.5198
38.5728
38.6166
38.6509
38.675
38.6881
38.689
38.676
38.6472
38.6001
38.5317
38.4382
38.3151
38.1568
37.9563
37.7051
37.3923
37.004
14.5933
14.0186
13.4076
12.7695
12.123
11.5079
11.0051
10.7407
10.8258
11.2556
11.9165
12.6884
13.4973
14.3072
15.1018
15.8742
16.6219
17.3445
18.0427
18.7175
19.37
20.0014
20.6129
21.2056
21.7805
22.3383
22.8801
23.4065
23.9183
24.4161
24.9004
25.3718
25.8308
26.2779
26.7134
27.1379
27.5517
27.9553
28.3489
28.733
29.1081
29.4744
29.8325
30.1826
30.5252
30.8607
31.1894
31.5118
31.828
32.1383
32.4431
32.7424
33.0363
33.325
33.6085
33.8866
34.1595
34.4269
34.6887
34.9448
35.1951
35.4393
35.6773
35.9088
36.1337
36.3518
36.5628
36.7665
36.9628
37.1514
37.3322
37.5049
37.6694
37.8256
37.9733
38.1124
38.243
38.3649
38.478
38.5824
38.678
38.7648
38.8425
38.9109
38.9696
39.0181
39.0557
39.0812
39.0933
39.0904
39.0705
39.0307
38.9682
38.8788
38.758
38.5998
38.3971
38.1407
37.8195
37.4189
14.3389
13.7611
13.1475
12.5085
11.8647
11.261
10.7859
10.5694
10.7103
11.1827
11.8656
12.6447
13.4532
14.2591
15.0482
15.8145
16.556
17.2726
17.9652
18.6346
19.2823
19.9093
20.5169
21.1061
21.6779
22.2332
22.7729
23.2978
23.8084
24.3055
24.7896
25.2613
25.7211
26.1694
26.6067
27.0333
27.4498
27.8564
28.2535
28.6416
29.0209
29.392
29.755
30.1103
30.4585
30.7996
31.1341
31.4623
31.7845
32.1008
32.4114
32.7166
33.0165
33.311
33.6003
33.8843
34.163
34.4364
34.7043
34.9666
35.2233
35.4741
35.719
35.9577
36.19
36.416
36.6352
36.8476
37.0529
37.2511
37.4418
37.6251
37.8006
37.9683
38.128
38.2797
38.4231
38.5581
38.6848
38.8029
38.9124
39.0129
39.1042
39.1859
39.2576
39.3184
39.3675
39.4039
39.426
39.432
39.4198
39.3866
39.3291
39.2434
39.1244
38.9661
38.7609
38.4994
38.1698
37.7566
14.0686
13.4897
12.8756
12.2375
11.5988
11.0096
10.5662
10.4006
10.5969
11.1091
11.8113
12.596
13.4033
14.2048
14.9881
15.7481
16.4833
17.1938
17.8806
18.5446
19.1873
19.8098
20.4133
20.9989
21.5676
22.1202
22.6577
23.1808
23.6901
24.1863
24.67
25.1417
25.6019
26.0511
26.4897
26.918
27.3366
27.7457
28.1458
28.5371
28.9201
29.295
29.6622
30.022
30.3748
30.7207
31.0602
31.3935
31.7207
32.0422
32.358
32.6684
32.9734
33.2731
33.5676
33.8569
34.1409
34.4197
34.6931
34.961
35.2235
35.4803
35.7314
35.9765
36.2156
36.4486
36.6753
36.8953
37.1089
37.3156
37.5153
37.7077
37.893
38.0709
38.2412
38.4037
38.5584
38.705
38.8434
38.9735
39.0948
39.2073
39.3104
39.4037
39.4865
39.5581
39.6175
39.6633
39.6941
39.708
39.7026
39.6751
39.6222
39.5394
39.4219
39.2631
39.0553
38.7885
38.4503
38.0246
