38.127
38.5503
38.8764
39.1231
39.3044
39.4311
39.512
39.5541
39.5632
39.5438
39.4999
39.4345
39.3503
39.2495
39.1338
39.0048
38.8637
38.7117
38.5496
38.3781
38.1979
38.0096
37.8135
37.6102
37.3998
37.1827
36.9592
36.7294
36.4935
36.2517
36.0041
35.7507
35.4917
35.2272
34.9571
34.6816
34.4006
34.1142
33.8223
33.5251
33.2223
32.9141
32.6004
32.2811
31.9562
31.6256
31.2893
30.9472
30.5991
30.2451
29.8849
29.5185
29.1458
28.7665
28.3806
27.9878
27.5881
27.1811
26.7667
26.3446
25.9146
25.4764
25.0297
24.5742
24.1094
23.6349
23.1504
22.6553
22.149
21.6311
21.1007
20.5571
19.9997
19.4271
18.8388
18.2331
17.6088
16.9644
16.2987
15.609
14.8938
14.1512
13.3803
12.5807
11.7574
10.9266
10.1312
9.4657
9.07297
9.06278
9.41245
9.97513
10.6079
11.2353
11.8259
12.3689
12.8615
13.3034
13.6947
14.0362
38.1466
38.5582
38.8762
39.1177
39.2958
39.4213
39.5025
39.5462
39.5579
39.542
39.5023
39.4418
39.363
39.2681
39.1586
39.0362
38.902
38.757
38.6021
38.4379
38.2651
38.0841
37.8955
37.6995
37.4965
37.2867
37.0704
36.8477
36.6189
36.384
36.1432
35.8965
35.6441
35.386
35.1223
34.8529
34.578
34.2975
34.0114
33.7198
33.4225
33.1196
32.8111
32.4969
32.1769
31.8511
31.5194
31.1817
30.8379
30.488
30.1318
29.7692
29.4001
29.0243
28.6416
28.252
27.8551
27.4508
27.0389
26.6191
26.1911
25.7546
25.3094
24.8551
24.3912
23.9173
23.433
22.9378
22.431
21.9121
21.3802
20.8348
20.2746
19.6991
19.1066
18.4966
17.8669
17.2166
16.5433
15.8455
15.1216
14.3691
13.5873
12.7776
11.9454
11.1105
10.3228
9.68705
9.34946
9.40674
9.81426
10.4174
11.0818
11.7398
12.3638
12.9437
13.4765
13.9616
14.3993
14.7898
38.1162
38.516
38.8256
39.0615
39.2365
39.3606
39.4421
39.4873
39.5016
39.4894
39.4541
39.3988
39.3258
39.2371
39.1344
39.019
38.8921
38.7546
38.6074
38.451
38.2861
38.113
37.9322
37.744
37.5488
37.3467
37.1379
36.9227
36.7012
36.4734
36.2396
35.9999
35.7541
35.5026
35.2452
34.9821
34.7132
34.4386
34.1582
33.8721
33.5803
33.2826
32.9791
32.6697
32.3543
32.033
31.7056
31.372
31.0322
30.686
30.3334
29.9741
29.6082
29.2353
28.8554
28.4683
28.0738
27.6716
27.2616
26.8434
26.4168
25.9816
25.5372
25.0834
24.6198
24.1459
23.6613
23.1653
22.6574
22.1369
21.6032
21.055
20.492
19.9129
19.3163
18.7014
18.0662
17.4097
16.7295
16.0244
15.2917
14.5307
13.7397
12.9209
12.0826
11.2468
10.4711
9.87017
9.59006
9.71195
10.1695
10.8034
11.4892
12.1661
12.8106
13.4134
13.9714
14.484
14.9512
15.3733
38.0317
38.4194
38.7206
38.951
39.1227
39.2456
39.3275
39.3745
39.3918
39.3836
39.3533
39.3036
39.237
39.1553
39.06
38.9525
38.8337
38.7047
38.5659
38.4182
38.2619
38.0975
37.9253
37.7457
37.5589
37.3651
37.1645
36.9572
36.7435
36.5235
36.2971
36.0646
35.826
35.5814
35.3307
35.0741
34.8115
34.5429
34.2685
33.988
33.7016
33.4092
33.1108
32.8062
32.4955
32.1786
31.8555
31.5259
31.1899
30.8473
30.4981
30.142
29.7791
29.4089
29.0316
28.6468
28.2543
27.854
27.4456
27.0288
26.6033
26.1689
25.7251
25.2716
24.808
24.3337
23.8484
23.3514
22.8421
22.3198
21.7838
21.2332
20.6671
20.0841
19.4836
18.864
18.2235
17.5611
16.8747
16.1621
15.4222
14.6528
13.8542
13.0282
12.1852
11.3511
10.5914
10.0288
9.80822
9.99195
10.4932
11.1511
11.8513
12.5401
13.197
13.8135
14.3869
14.9165
15.4022
15.8435
37.8868
38.2626
38.5554
38.7803
38.9491
39.071
39.1536
39.2028
39.2237
39.2202
39.1956
39.1526
39.0933
39.0196
38.9329
38.8344
38.725
38.6055
38.4765
38.3385
38.1921
38.0374
37.875
37.7049
37.5275
37.343
37.1514
36.953
36.748
36.5363
36.3181
36.0936
35.8626
35.6255
35.382
35.1323
34.8765
34.6145
34.3462
34.0718
33.7912
33.5044
33.2112
32.9118
32.6059
32.2936
31.9748
31.6494
31.3173
30.9784
30.6326
30.2797
29.9197
29.5524
29.1775
28.795
28.4045
28.006
27.5991
27.1836
26.7591
26.3254
25.8821
25.4288
24.965
24.4904
24.0044
23.5063
22.9956
22.4714
21.9332
21.38
20.8108
20.2246
19.6201
18.996
18.3504
17.6825
16.99
16.2713
15.524
14.7478
13.9423
13.1102
12.264
11.4337
10.6933
10.173
10.0132
10.256
10.7951
11.4718
12.1817
12.8774
13.5412
14.1655
14.7475
15.2871
15.7836
16.2366
37.673
38.037
38.3217
38.5415
38.7076
38.829
38.9129
38.9652
38.9905
38.9927
38.9749
38.9397
38.8892
38.8251
38.7485
38.6606
38.5622
38.4539
38.3363
38.2098
38.0747
37.9313
37.78
37.6209
37.4543
37.2802
37.0989
36.9105
36.7152
36.5129
36.3039
36.0882
35.8658
35.6369
35.4014
35.1594
34.911
34.6561
34.3947
34.1269
33.8525
33.5717
33.2843
32.9903
32.6897
32.3823
32.0682
31.7472
31.4192
31.0842
30.7421
30.3926
30.0357
29.6712
29.299
28.9188
28.5304
28.1338
27.7285
27.3143
26.8909
26.458
26.0153
25.5622
25.0984
24.6235
24.1367
23.6377
23.1256
22.6
22.0597
21.504
20.932
20.3424
19.7342
19.1059
18.456
17.7826
17.0845
16.3597
15.6065
14.8238
14.0115
13.1747
12.3266
11.5028
10.7844
10.3101
10.2117
10.5101
11.0827
11.7736
12.4897
13.189
13.8559
14.4834
15.0701
15.6148
16.1167
16.5758
37.3788
37.7312
38.0082
38.2234
38.3875
38.5092
38.5953
38.6515
38.6823
38.6915
38.6821
38.6566
38.6167
38.5641
38.4998
38.4248
38.3396
38.2448
38.1407
38.0278
37.9062
37.7761
37.6379
37.4916
37.3374
37.1755
37.006
36.8291
36.6448
36.4533
36.2547
36.049
35.8363
35.6166
35.3901
35.1568
34.9166
34.6697
34.416
34.1554
33.8881
33.6139
33.3329
33.0449
32.75
32.4481
32.1391
31.823
31.4996
31.1688
30.8306
30.4848
30.1313
29.77
29.4006
29.023
28.6371
28.2424
27.8389
27.4263
27.0042
26.5723
26.1302
25.6776
25.2139
24.7388
24.2516
23.7517
23.2385
22.7113
22.1692
21.6112
21.0365
20.4439
19.8325
19.2004
18.5461
17.8683
17.165
16.4346
15.6755
14.8863
14.0688
13.2277
12.3789
11.5632
10.8707
10.4452
10.4086
10.7591
11.3602
12.0624
12.7821
13.4824
14.1494
14.778
15.3655
15.9118
16.416
16.8768
36.9889
37.3305
37.6003
37.8115
37.9744
38.0972
38.1865
38.2479
38.2858
38.3038
38.3048
38.2911
38.2645
38.2262
38.1771
38.1179
38.049
37.9707
37.8831
37.7866
37.6812
37.567
37.4443
37.3131
37.1737
37.026
36.8704
36.7068
36.5354
36.3563
36.1696
35.9755
35.7739
35.5649
35.3486
35.1251
34.8944
34.6565
34.4114
34.1591
33.8997
33.633
33.3591
33.078
32.7895
32.4937
32.1905
31.8797
31.5614
31.2354
30.9017
30.56
30.2104
29.8525
29.4864
29.1117
28.7284
28.3362
27.9348
27.5239
27.1033
26.6727
26.2316
25.7796
25.3163
24.8412
24.3538
23.8534
23.3393
22.8108
22.267
21.7074
21.1303
20.535
19.9201
19.2846
18.6264
17.9441
17.236
16.5004
15.7357
14.9413
14.1187
13.2739
12.4255
11.6201
10.9571
10.583
10.608
11.0069
11.6322
12.3429
13.0641
13.7634
14.4288
15.0559
15.6422
16.1873
16.6907
17.1507
36.4839
36.815
37.0784
37.2865
37.449
37.574
37.6678
37.7359
37.7827
37.8117
37.8257
37.827
37.817
37.7968
37.7669
37.7276
37.6791
37.6212
37.5541
37.4777
37.3921
37.2972
37.1932
37.0802
36.9583
36.8276
36.6883
36.5404
36.3841
36.2196
36.0469
35.8661
35.6774
35.4808
35.2764
35.0642
34.8443
34.6168
34.3816
34.1388
33.8884
33.6303
33.3646
33.0912
32.8101
32.5212
32.2245
31.9199
31.6073
31.2867
30.958
30.621
30.2757
29.9219
29.5595
29.1882
28.8079
28.4185
28.0195
27.6108
27.1921
26.7631
26.3232
25.8723
25.4097
24.935
24.4476
23.9469
23.4322
22.9027
22.3579
21.7963
21.2175
20.6197
20.0019
19.3632
18.7013
18.0148
17.3021
16.5619
15.7921
14.9925
14.165
13.3172
12.4705
11.6775
11.0471
10.7272
10.8128
11.2561
11.9021
12.6187
13.3393
14.0366
14.699
15.3226
15.9059
16.4483
16.9486
17.4058
35.8384
36.1598
36.4174
36.623
36.786
36.9142
37.0139
37.0903
37.1481
37.1908
37.2212
37.2415
37.2529
37.256
37.2508
37.2371
37.2144
37.1826
37.1411
37.0898
37.0286
36.9574
36.8763
36.7853
36.6846
36.5742
36.4544
36.3253
36.1869
36.0396
35.8834
35.7184
35.5447
35.3626
35.172
34.973
34.7658
34.5503
34.3266
34.0947
33.8547
33.6065
33.3502
33.0857
32.813
32.5321
32.2429
31.9453
31.6394
31.325
31.002
30.6704
30.3301
29.9809
29.6227
29.2554
28.8787
28.4924
28.0964
27.6904
27.274
26.8469
26.4088
25.9592
25.4976
25.0237
24.5367
24.0361
23.5211
22.9913
22.4452
21.8825
21.3016
20.702
20.0816
19.4399
18.7745
18.0842
17.3676
16.6224
15.8475
15.0434
14.2115
13.3613
12.5173
11.7394
11.1448
10.8811
11.0259
11.5095
12.1727
12.8932
13.6122
14.3059
14.9639
15.583
16.1618
16.6996
17.1953
17.6477
35.0208
35.3326
35.5847
35.7883
35.9524
36.0846
36.1911
36.2774
36.3483
36.4078
36.4588
36.5035
36.5427
36.5764
36.6037
36.6234
36.6345
36.636
36.6272
36.6076
36.577
36.5352
36.4823
36.4183
36.3434
36.2577
36.1614
36.0548
35.9379
35.8111
35.6745
35.5282
35.3724
35.2073
35.0329
34.8495
34.657
34.4556
34.2454
34.0263
33.7984
33.5618
33.3164
33.0622
32.7993
32.5276
32.2471
31.9577
31.6593
31.3521
31.0358
30.7104
30.3758
30.032
29.6787
29.3159
28.9434
28.561
28.1685
27.7656
27.352
26.9274
26.4914
26.0436
25.5836
25.1108
24.6246
24.1245
23.6096
23.0795
22.533
21.969
21.387
20.7855
20.1629
19.5185
18.85
18.1564
17.4353
16.686
15.9064
15.0971
14.2616
13.4095
12.5696
11.8095
11.2541
11.048
11.2503
11.7701
12.4473
13.1696
13.8857
14.5742
15.2268
15.8404
16.4136
16.9456
17.4357
17.8816
33.9932
34.2946
34.5406
34.7415
34.9061
35.0418
35.1552
35.252
35.3376
35.4168
35.4934
35.5696
35.6457
35.7205
35.7915
35.856
35.9117
35.9569
35.9903
36.0112
36.0193
36.0144
35.9966
35.9659
35.9227
35.8672
35.7996
35.7202
35.6294
35.5272
35.4141
35.2901
35.1557
35.0108
34.8558
34.6907
34.5157
34.3309
34.1365
33.9324
33.7188
33.4957
33.2631
33.021
32.7695
32.5086
32.2381
31.9582
31.6687
31.3697
31.0611
30.7429
30.415
30.0774
29.7299
29.3724
29.0048
28.627
28.2385
27.8394
27.4292
27.0076
26.5743
26.1289
25.6708
25.1996
24.7148
24.2156
23.7012
23.1712
22.6244
22.0601
21.477
20.8737
20.2494
19.6026
18.9311
18.2341
17.5092
16.7556
15.9719
15.158
14.3187
13.4654
12.6309
11.8911
11.378
11.231
11.488
12.0397
12.728
13.4507
14.1628
14.8456
15.4919
16.0989
16.6654
17.1905
17.6732
18.1117
32.7171
33.0043
33.2404
33.4351
33.5969
33.733
33.8504
33.9556
34.0551
34.1556
34.2626
34.3793
34.5054
34.637
34.7684
34.8941
35.0099
35.1129
35.2014
35.2746
35.3321
35.3738
35.4
35.411
35.4071
35.3888
35.3563
35.3103
35.2509
35.1787
35.0939
34.9969
34.888
34.7674
34.6354
34.4923
34.3381
34.1731
33.9974
33.8111
33.6144
33.4072
33.1897
32.9619
32.7238
32.4754
32.2168
31.9479
31.6688
31.3794
31.0798
30.77
30.4499
30.1194
29.7786
29.4274
29.0655
28.6929
28.3094
27.9147
27.5086
27.0907
26.6608
26.2182
25.7628
25.2937
24.8106
24.3129
23.7997
23.2703
22.7237
22.1588
21.575
20.9708
20.3449
19.6959
19.0218
18.3217
17.5935
16.8357
16.0472
15.2293
14.3861
13.5326
12.7055
11.9882
11.5206
11.4332
11.7422
12.3215
13.0182
13.7401
14.4467
15.1229
15.7619
16.361
16.9199
17.4372
17.9117
18.3416
31.1723
31.4344
31.65
31.8283
31.9771
32.1039
32.2157
32.3202
32.4263
32.5439
32.6832
32.8508
33.0456
33.2579
33.4748
33.6856
33.8831
34.0633
34.2243
34.3652
34.486
34.587
34.6688
34.7318
34.7768
34.8045
34.8154
34.8102
34.7895
34.7537
34.7034
34.639
34.561
34.4697
34.3654
34.2486
34.1193
33.9779
33.8246
33.6596
33.4829
33.2947
33.0951
32.8841
32.6619
32.4284
32.1837
31.9278
31.6608
31.3827
31.0936
30.7935
30.4825
30.1604
29.8274
29.4834
29.1283
28.762
28.3842
27.9948
27.5936
27.1801
26.7542
26.3153
25.863
25.3968
24.9161
24.4202
23.9086
23.3802
22.8343
22.2698
21.6857
21.0808
20.4536
19.8027
19.1266
18.4231
17.6914
16.9297
16.1372
15.3151
14.4686
13.6151
12.7966
12.1053
11.686
11.6582
12.0154
12.6185
13.321
14.0402
14.7407
15.4094
16.0399
16.631
17.1811
17.6893
18.1546
18.5748
29.4032
29.6165
29.7881
29.9264
30.0388
30.1325
30.2149
30.2949
30.3845
30.5
30.662
30.8878
31.1764
31.5042
31.8424
32.1709
32.4788
32.7613
33.0166
33.2448
33.4464
33.6224
33.7739
33.9021
34.008
34.0926
34.157
34.2021
34.2287
34.2375
34.2292
34.2046
34.164
34.1082
34.0375
33.9523
33.853
33.7401
33.6136
33.4739
33.3212
33.1557
32.9774
32.7866
32.5832
32.3674
32.1391
31.8986
31.6459
31.3811
31.1043
30.8155
30.515
30.2028
29.879
29.5434
29.1962
28.8372
28.4662
28.0831
27.6876
27.2795
26.8584
26.4239
25.9756
25.5129
25.0352
24.542
24.0324
23.5057
22.961
22.3975
21.8135
21.2082
20.58
19.9277
19.2494
18.5436
17.8085
17.0429
16.2462
15.4195
14.5704
13.7178
12.9096
12.2475
11.8784
11.9097
12.3113
12.9347
13.6401
14.3553
15.0486
15.7083
16.3301
16.9118
17.452
17.9506
18.4054
18.8147
27.5557
27.6886
27.7824
27.8448
27.8827
27.903
27.9131
27.9229
27.9481
28.0149
28.1644
28.4398
28.8446
29.3266
29.8258
30.3074
30.7563
31.1677
31.5412
31.8778
32.1795
32.4481
32.6856
32.8938
33.0744
33.229
33.3589
33.4654
33.5497
33.6129
33.6558
33.6793
33.6843
33.6714
33.6412
33.5944
33.5314
33.4526
33.3585
33.2494
33.1255
32.9872
32.8345
32.6677
32.4868
32.2921
32.0835
31.8612
31.6253
31.3761
31.1137
30.8383
30.5502
30.2494
29.9362
29.6106
29.2726
28.9221
28.5592
28.1835
27.7949
27.3931
26.9779
26.5487
26.1052
25.6469
25.173
24.6832
24.1764
23.6522
23.1093
22.5467
21.9634
21.3584
20.7298
20.0762
19.3961
18.6878
17.9496
17.1802
16.3792
15.5489
14.6971
13.846
13.05
12.4198
12.1033
12.1924
12.6344
13.2735
13.9799
14.6895
15.3744
16.0245
16.6362
17.2071
17.7367
18.2242
18.6675
19.0649
25.8157
25.8485
25.8405
25.7987
25.7291
25.6376
25.5312
25.4203
25.3239
25.2806
25.3616
25.6535
26.1697
26.8158
27.4895
28.1376
28.7408
29.2946
29.7998
30.2588
30.6743
31.0494
31.3866
31.6883
31.9567
32.1938
32.4014
32.5811
32.7344
32.8625
32.9668
33.0482
33.1079
33.1466
33.1653
33.1646
33.1451
33.1076
33.0524
32.98
32.8909
32.7852
32.6633
32.5253
32.3715
32.202
32.0168
31.8162
31.6003
31.3695
31.1241
30.8644
30.5908
30.3035
30.0027
29.6887
29.3616
29.0212
28.6677
28.3008
27.9204
27.5262
27.1179
26.6951
26.2575
25.8044
25.3353
24.8497
24.3467
23.8254
23.2849
22.7245
22.1424
21.5378
20.9094
20.255
19.5734
18.8628
18.122
17.3489
16.5439
15.7095
14.8552
14.0064
13.2246
12.6291
12.3667
12.5114
12.9891
13.6403
14.3455
15.0478
15.723
16.3624
16.9624
17.522
18.0396
18.5145
18.9454
19.3292
24.294
24.2285
24.1183
23.9689
23.7853
23.5719
23.3348
23.0841
22.8424
22.6614
22.6443
22.9202
23.5082
24.2746
25.0828
25.8645
26.5963
27.2731
27.8958
28.4675
28.9914
29.4706
29.9079
30.3058
30.6665
30.9922
31.2845
31.5453
31.7759
31.9779
32.1525
32.3009
32.4242
32.5235
32.5995
32.6533
32.6856
32.697
32.6882
32.6598
32.6121
32.5456
32.4606
32.3573
32.2359
32.0966
31.9395
31.7647
31.5727
31.3637
31.1382
30.8969
30.6403
30.3687
30.0826
29.7823
29.4679
29.1395
28.7971
28.4406
28.0698
27.6846
27.2847
26.8696
26.439
25.9925
25.5292
25.0487
24.5504
24.0329
23.496
22.9379
22.3582
21.7547
21.1268
20.4722
19.7895
19.0773
18.3332
17.5566
16.7479
15.9095
15.0529
14.2072
13.4416
12.8834
12.676
12.8736
13.382
14.0416
14.7431
15.4363
16.1003
16.7274
17.3147
17.8608
18.3651
18.8263
19.243
19.612
23.0075
22.8571
22.6582
22.4155
22.1325
21.8126
21.4612
21.089
20.723
20.4284
20.3351
20.5949
21.2161
22.0408
22.9184
23.7744
24.5826
25.3368
26.0376
26.688
27.2909
27.8496
28.3665
28.8441
29.2843
29.6889
30.0595
30.3975
30.704
30.9803
31.2274
31.4464
31.6381
31.8034
31.9432
32.0582
32.1492
32.2169
32.2618
32.2845
32.2854
32.2651
32.2238
32.1617
32.079
31.9758
31.8521
31.7082
31.5444
31.3611
31.1593
30.9396
30.7029
30.4499
30.1811
29.8968
29.5975
29.2832
28.954
28.6098
28.2506
27.8761
27.4862
27.0804
26.6583
26.2196
25.7635
25.2894
24.7967
24.2846
23.7516
23.1974
22.6204
22.0189
21.3922
20.7379
20.0548
19.3406
18.594
17.8143
17.0011
16.1592
15.3004
14.4587
13.7113
13.1929
13.0403
13.2874
13.8215
14.4856
15.1806
15.862
16.5128
17.1259
17.6988
18.2305
18.7197
19.1654
19.566
19.9184
21.9297
21.7091
21.4378
21.1193
20.7565
20.3523
19.9121
19.4485
18.9943
18.6283
18.4999
18.7641
19.4052
20.2512
21.1534
22.0387
22.8805
23.6718
24.4128
25.1058
25.7539
26.3601
26.9269
27.4565
27.9509
28.4117
28.8402
29.2377
29.6052
29.9435
30.2534
30.5355
30.7905
31.0189
31.2213
31.3981
31.5498
31.6768
31.7794
31.8582
31.9133
31.9451
31.9537
31.9392
31.9015
31.8407
31.7565
31.649
31.5185
31.3655
31.1913
30.997
30.7838
30.5526
30.3041
30.039
29.7575
29.46
29.1465
28.817
28.4716
28.11
27.732
27.3374
26.9257
26.4964
26.049
25.5828
25.0972
24.5914
24.0642
23.5146
22.9411
22.3429
21.7181
21.0648
20.3817
19.6664
18.9179
18.1345
17.3177
16.4713
15.6109
14.7739
14.0469
13.5697
13.4713
13.763
14.3171
14.9814
15.6669
16.3347
16.9701
17.567
18.1232
18.6377
19.1097
19.538
19.9206
20.2544
21.0245
20.7467
20.4169
20.038
19.6126
19.1435
18.637
18.1082
17.5965
17.1938
17.0637
17.3517
18.0125
18.8668
19.774
20.6667
21.5197
22.3259
23.0847
23.7985
24.4698
25.1015
25.6961
26.2558
26.7826
27.278
27.7434
28.18
28.5889
28.9707
29.3261
29.6558
29.9602
30.2395
30.4942
30.7244
30.9304
31.1122
31.2699
31.4037
31.5133
31.5989
31.6603
31.6972
31.7092
31.6959
31.6567
31.5911
31.499
31.3812
31.2392
31.0746
30.889
30.6836
30.4593
30.2168
29.9567
29.6792
29.3845
29.0728
28.7439
28.3978
28.0343
27.6532
27.2539
26.8363
26.3996
25.9433
25.4666
24.9684
24.4482
23.9047
23.3366
22.7425
22.1209
21.4695
20.7872
20.0717
19.3211
18.5351
17.7143
16.8638
16.0015
15.1699
14.4646
14.0299
13.9837
14.3148
14.8823
15.5421
16.2145
16.8653
17.4824
18.0603
18.5971
19.0918
19.5441
19.9523
20.3144
20.6271
20.2588
19.9341
19.5568
19.1297
18.6551
18.1361
17.5801
17.0054
16.4583
16.0436
15.9348
16.2594
16.9422
17.8012
18.7066
19.5978
20.452
21.2625
22.0285
22.752
23.4353
24.0812
24.6918
25.2695
25.816
26.333
26.8219
27.284
27.72
28.1311
28.5178
28.8807
29.2202
29.5368
29.8306
30.1019
30.3508
30.5772
30.781
30.9623
31.1206
31.2556
31.367
31.4541
31.5161
31.552
31.5606
31.5406
31.4914
31.4134
31.3084
31.1783
31.0252
30.8503
30.6549
30.4396
30.2051
29.9518
29.6799
29.3895
29.0808
28.7535
28.4077
28.043
27.6592
27.2558
26.8323
26.3881
25.9224
25.4345
24.9234
24.3878
23.8266
23.2382
22.6211
21.973
21.2926
20.5777
19.8265
19.038
18.213
17.3589
16.4946
15.6691
14.9867
14.5946
14.5971
14.9602
15.5347
16.1841
16.8386
17.4685
18.0633
18.6186
19.1323
19.6044
20.0337
20.4184
20.7569
21.0453
19.6046
19.2411
18.8251
18.3589
17.8451
17.2874
16.6942
16.0873
15.5207
15.1115
15.0394
15.4082
16.1144
16.9773
17.8788
18.7652
19.6165
20.4264
21.1944
21.9221
22.6117
23.2657
23.8862
24.4753
25.0349
25.5665
26.0716
26.5513
27.0066
27.4384
27.8475
28.2345
28.5998
28.9438
29.2669
29.5693
29.8509
30.112
30.3523
30.5718
30.7702
30.947
31.1016
31.2333
31.341
31.4234
31.4787
31.5051
31.5011
31.4667
31.4034
31.3133
31.1983
31.0598
30.8989
30.7164
30.513
30.2892
30.0451
29.781
29.497
29.193
28.8691
28.5249
28.1602
27.7746
27.3677
26.9389
26.4873
26.0123
25.5129
24.9878
24.4361
23.8558
23.2453
22.6029
21.9263
21.2135
20.4623
19.6723
18.8446
17.9867
17.1206
16.3018
15.6424
15.2914
15.3371
15.7239
16.2962
16.9284
17.5592
18.1627
18.7301
19.2575
19.7442
20.1889
20.5911
20.9489
21.2597
21.5201
19.0397
18.6436
18.1954
17.6973
17.1518
16.5634
15.9419
15.3129
14.7383
14.3479
14.3232
14.7398
15.4694
16.3361
17.2332
18.1139
18.9606
19.7678
20.5351
21.2641
21.9569
22.6156
23.2424
23.8393
24.408
24.9501
25.4669
25.9597
26.4294
26.877
27.3031
27.7084
28.0936
28.4588
28.8047
29.1313
29.4388
29.7273
29.9967
30.247
30.4779
30.6889
30.8796
31.0492
31.1965
31.3202
31.4184
31.489
31.5304
31.542
31.5247
31.4799
31.4092
31.3137
31.1942
31.0517
30.8864
30.699
30.4895
30.2583
30.0055
29.731
29.4348
29.1168
28.7767
28.4141
28.0288
27.6199
27.1869
26.7293
26.2456
25.7349
25.1959
24.627
24.0268
23.3928
22.723
22.015
21.267
20.4777
19.6485
18.7878
17.9203
17.1081
16.4718
16.1583
16.2391
16.6376
17.1973
17.8031
18.4018
18.9714
19.5043
19.9982
20.4514
20.8635
21.2331
21.5587
21.8373
22.0649
18.5462
18.1226
17.6472
17.1224
16.5509
15.9377
15.2946
14.651
14.0777
13.7165
13.7466
14.2119
14.9639
15.8341
16.7271
17.6019
18.4432
19.2467
20.0121
20.7408
21.4348
22.0962
22.7271
23.3294
23.9047
24.4546
24.9803
25.4831
25.964
26.4238
26.8634
27.2833
27.6842
28.0664
28.4305
28.7766
29.1049
29.4157
29.7088
29.9842
30.2418
30.4812
30.7019
30.9033
31.0843
31.2437
31.38
31.4914
31.5763
31.634
31.6645
31.6686
31.6471
31.6007
31.5299
31.4351
31.3165
31.1743
31.0087
30.8196
30.6072
30.3713
30.1118
29.8287
29.5215
29.1901
28.834
28.4526
28.0455
27.6117
27.1503
26.6605
26.1405
25.589
25.0044
24.3842
23.7263
23.0282
22.2877
21.5037
20.6768
19.8162
18.9492
18.1442
17.5291
17.2466
17.35
17.745
18.2774
18.8445
19.3995
19.9249
20.4145
20.8658
21.2781
21.65
21.9804
22.2675
22.5077
22.6967
18.11
17.6626
17.1641
16.6167
16.0235
15.3901
14.7303
14.0781
13.5136
13.1904
13.28
13.7933
14.566
15.4394
16.3284
17.1973
18.0334
18.8327
19.5953
20.3227
21.0168
21.6796
22.3131
22.9191
23.4992
24.055
24.5876
25.0982
25.5879
26.0575
26.5079
26.9396
27.3532
27.7493
28.1282
28.4903
28.8358
29.1648
29.4774
29.7737
30.0534
30.3164
30.5622
30.7903
31
31.1902
31.3598
31.5074
31.6318
31.7324
31.8088
31.8613
31.89
31.8952
31.877
31.8354
31.7704
31.6819
31.5695
31.4332
31.2725
31.0873
30.8772
30.6417
30.3806
30.0933
29.7794
29.4382
29.0692
28.6715
28.2443
27.7862
27.2963
26.7727
26.214
25.6177
24.9816
24.3034
23.5799
22.8098
21.9939
21.1413
20.2805
19.4855
18.8887
18.6267
18.7341
19.1038
19.5886
20.0982
20.5941
21.0615
21.4951
21.8928
22.2536
22.5764
22.859
23.0992
23.2933
23.4364
17.7199
17.2518
16.7332
16.1665
15.5547
14.9047
14.2321
13.5763
13.0275
12.7495
12.9016
13.4607
14.2522
15.1281
16.0132
16.8765
17.7072
18.5022
19.2617
19.9872
20.6806
21.3438
21.9789
22.5874
23.171
23.7312
24.2691
24.786
25.2827
25.7602
26.2193
26.6606
27.0847
27.4922
27.8833
28.2586
28.6183
28.9625
29.2913
29.6049
29.9032
30.1859
30.4529
30.7036
30.9376
31.1542
31.3523
31.5313
31.6902
31.8285
31.9458
32.042
32.1172
32.1712
32.204
32.2155
32.2053
32.1731
32.1186
32.0412
31.9404
31.8157
31.6664
31.4918
31.2913
31.0641
30.8094
30.5264
30.214
29.8715
29.4977
29.0912
28.6508
28.1746
27.6612
27.1081
26.5132
25.8735
25.1866
24.4499
23.6643
22.838
21.9995
21.2245
20.6449
20.3873
20.4709
20.7839
21.1924
21.6203
22.0357
22.4266
22.7879
23.1176
23.414
23.6753
23.8993
24.0827
24.2213
24.3093
17.3669
16.8805
16.3443
15.7606
15.133
14.4691
13.7871
13.132
12.605
12.3786
12.5945
13.1965
14.0046
14.8823
15.7635
16.6215
17.4469
18.2374
18.9935
19.7167
20.4088
21.0718
21.7076
22.3177
22.9038
23.4673
24.0093
24.531
25.0334
25.5173
25.9835
26.4326
26.8654
27.2823
27.6836
28.0699
28.4413
28.7982
29.1407
29.4688
29.7827
30.0821
30.3669
30.6368
30.8915
31.1304
31.3531
31.5588
31.747
31.9174
32.0695
32.2034
32.3188
32.4156
32.4937
32.5529
32.593
32.6134
32.6139
32.594
32.5529
32.4902
32.4051
32.2967
32.1642
32.0068
31.8234
31.6128
31.3741
31.1057
30.8065
30.4749
30.1091
29.7076
29.2682
28.7884
28.266
27.6982
27.082
26.4154
25.698
24.9369
24.159
23.4334
22.8806
22.6112
22.6357
22.8516
23.1483
23.4645
23.7741
24.0665
24.3362
24.5808
24.7975
24.9836
25.1359
25.2505
25.3223
25.3446
17.0436
16.541
15.9891
15.3905
14.7491
14.0735
13.3849
12.7347
12.2354
12.0659
12.3454
12.9869
13.8093
14.6883
15.5655
16.4181
17.2384
18.0244
18.7769
19.4974
20.1879
20.8501
21.486
22.097
22.6848
23.2506
23.7958
24.3212
24.8281
25.3171
25.7891
26.2448
26.6847
27.1093
27.5192
27.9146
28.296
28.6635
29.0174
29.3579
29.6848
29.9983
30.2983
30.5845
30.8568
31.1148
31.3581
31.5865
31.7994
31.9967
32.1782
32.3436
32.4928
32.6258
32.7424
32.8424
32.9257
32.9918
33.0405
33.0713
33.0837
33.0772
33.0512
33.0049
32.9377
32.8485
32.7365
32.6006
32.4397
32.2525
32.0377
31.7937
31.5188
31.2113
30.8691
30.4899
30.0712
29.6106
29.1056
28.554
27.9562
27.3177
26.6606
26.0396
25.5474
25.2682
25.2104
25.3007
25.4593
25.6417
25.8263
26.0026
26.1652
26.3097
26.4326
26.5302
26.5981
26.6319
26.6252
26.5706
16.7439
16.2267
15.6608
15.0489
14.3954
13.7102
13.0176
12.3762
11.9104
11.8021
12.1438
12.8211
13.6558
14.5352
15.4084
16.2558
17.0709
17.8524
18.6012
19.3189
20.0073
20.6683
21.3037
21.915
22.5037
23.0712
23.6186
24.147
24.6574
25.1505
25.6272
26.0882
26.5339
26.9651
27.382
27.7851
28.1748
28.5514
28.9149
29.2657
29.6039
29.9293
30.2422
30.5423
30.8295
31.1037
31.3647
31.6121
31.8459
32.0658
32.2716
32.4633
32.6408
32.804
32.9527
33.0869
33.2063
33.3108
33.4
33.4738
33.5316
33.5731
33.5978
33.6051
33.5945
33.5653
33.5166
33.4478
33.3578
33.2457
33.1104
32.9506
32.765
32.5522
32.3105
32.0382
31.7336
31.3946
31.0199
30.6085
30.1613
29.6839
29.1929
28.7246
28.3357
28.0778
27.9592
27.9407
27.9766
28.0365
28.1043
28.17
28.2276
28.2721
28.2992
28.3048
28.2839
28.2307
28.1388
27.9996
16.4629
15.9324
15.3539
14.7301
14.066
13.3728
12.6786
12.05
11.6232
11.5796
11.9812
12.6907
13.5355
14.4147
15.2837
16.126
16.9359
17.7129
18.4578
19.1724
19.8585
20.5179
21.1523
21.7634
22.3526
22.9211
23.47
24.0006
24.5137
25.01
25.4905
25.9558
26.4064
26.8429
27.2657
27.6753
28.0719
28.456
28.8278
29.1874
29.535
29.8707
30.1945
30.5064
30.8064
31.0944
31.3703
31.6339
31.8852
32.124
32.3503
32.564
32.765
32.9532
33.1287
33.2912
33.4408
33.5771
33.7001
33.8096
33.9052
33.9867
34.0536
34.1057
34.1424
34.1634
34.1679
34.1555
34.1255
34.0771
34.0096
33.9221
33.8137
33.6834
33.5303
33.3532
33.1511
32.9233
32.6691
32.389
32.0848
31.762
31.4322
31.1166
30.8441
30.6402
30.5108
30.4401
30.4061
30.3906
30.3819
30.3716
30.3538
30.3233
30.2759
30.2065
30.1102
29.9809
29.8113
29.5925
16.1962
15.6537
15.0636
14.4291
13.7556
13.0562
12.3628
11.7511
11.3686
11.3921
11.8506
12.5884
13.4416
14.3198
15.1845
16.0215
16.8264
17.5988
18.3397
19.051
19.7345
20.392
21.0252
21.6356
22.2246
22.7935
23.3435
23.8756
24.3906
24.8895
25.373
25.8417
26.2962
26.7371
27.1648
27.5798
27.9824
28.3729
28.7515
29.1186
29.4743
29.8187
30.1519
30.4739
30.7848
31.0845
31.3731
31.6505
31.9166
32.1713
32.4147
32.6468
32.8674
33.0766
33.2743
33.4605
33.635
33.7979
33.9489
34.088
34.2149
34.3294
34.4313
34.5204
34.5962
34.6584
34.7068
34.7408
34.76
34.7639
34.752
34.7237
34.6786
34.6159
34.5352
34.4358
34.3175
34.1801
34.0237
33.8494
33.6595
33.4583
33.2537
33.0572
32.8825
32.7409
32.6357
32.5612
32.5072
32.4638
32.4229
32.3776
32.3225
32.253
32.164
32.0506
31.9073
31.7276
31.5038
31.2261
15.9399
15.3865
14.7861
14.1419
13.4602
12.756
12.0659
11.4752
11.1424
11.2342
11.7459
12.5085
13.3682
14.2449
15.1052
15.9369
16.7367
17.5043
18.2413
18.9491
19.6297
20.285
20.9165
21.5259
22.1143
22.6832
23.2337
23.7667
24.2832
24.7839
25.2697
25.7411
26.1988
26.6433
27.075
27.4945
27.902
28.2979
28.6824
29.0559
29.4184
29.7702
30.1114
30.4421
30.7623
31.0721
31.3715
31.6605
31.9391
32.2074
32.4652
32.7127
32.9498
33.1765
33.3929
33.5988
33.7942
33.9792
34.1535
34.3172
34.4701
34.612
34.7428
34.8623
34.9703
35.0665
35.1508
35.2227
35.2821
35.3285
35.3618
35.3814
35.3871
35.3786
35.3557
35.318
35.2656
35.1986
35.1176
35.0238
34.9191
34.8068
34.6916
34.5796
34.4775
34.3902
34.3193
34.2624
34.2146
34.17
34.1232
34.069
34.0023
33.9187
33.8133
33.6808
33.5153
33.3098
33.0558
32.7427
15.6908
15.1274
14.5175
13.8647
13.1759
12.4684
11.7843
11.219
10.9407
11.1013
11.6621
12.4461
13.3108
14.1853
15.0409
15.8673
16.6619
17.4248
18.1574
18.8617
19.5392
20.192
20.8216
21.4295
22.017
22.5855
23.1359
23.6694
24.1867
24.6888
25.1762
25.6498
26.11
26.5573
26.9924
27.4156
27.8272
28.2276
28.6171
28.9959
29.3643
29.7225
30.0705
30.4086
30.7368
31.0552
31.3638
31.6628
31.9521
32.2318
32.5019
32.7625
33.0135
33.255
33.487
33.7094
33.9224
34.1258
34.3197
34.5039
34.6784
34.8431
34.9979
35.1427
35.2773
35.4015
35.5152
35.6184
35.7105
35.7916
35.8614
35.9197
35.9663
36.0011
36.024
36.0349
36.0339
36.0215
35.998
35.9646
35.9227
35.8745
35.8227
35.7708
35.7216
35.6776
35.6392
35.6051
35.5724
35.5373
35.496
35.4442
35.3776
35.2918
35.182
35.0428
34.8679
34.6498
34.3794
34.0454
15.4456
14.8732
14.2548
13.5942
12.8995
12.1904
11.5149
10.9796
10.7604
10.9889
11.5945
12.3968
13.265
14.1368
14.9875
15.8085
16.5978
17.3559
18.0842
18.7845
19.4588
20.1089
20.7362
21.3423
21.9285
22.4962
23.0462
23.5796
24.0974
24.6002
25.0889
25.564
26.0261
26.4758
26.9135
27.3397
27.7547
28.1589
28.5526
28.936
29.3094
29.673
30.0269
30.3713
30.7064
31.0322
31.3487
31.6562
31.9546
32.2441
32.5246
32.7963
33.0591
33.3131
33.5584
33.7949
34.0226
34.2416
34.4519
34.6534
34.846
35.0298
35.2046
35.3704
35.5271
35.6746
35.8127
35.9415
36.0606
36.1699
36.2696
36.3592
36.4389
36.5083
36.5678
36.617
36.6565
36.6862
36.7068
36.719
36.7239
36.7227
36.7171
36.7086
36.6988
36.6885
36.6778
36.6653
36.6491
36.6266
36.5944
36.5491
36.4868
36.4033
36.2936
36.1524
35.973
35.7475
35.4663
35.117
15.201
14.6207
13.9948
13.3274
12.6279
11.9188
11.2551
10.7546
10.5982
10.8931
11.5392
12.3568
13.2271
14.0957
14.9413
15.7568
16.5407
17.2937
18.0175
18.7139
19.3847
20.0316
20.6564
21.2605
21.8451
22.4115
22.9607
23.4938
24.0115
24.5147
25.0041
25.4803
25.9438
26.3953
26.8351
27.2638
27.6816
28.089
28.4862
28.8735
29.2511
29.6193
29.9783
30.3282
30.6691
31.0012
31.3246
31.6394
31.9457
32.2435
32.533
32.8142
33.0871
33.3518
33.6083
33.8567
34.097
34.3292
34.5534
34.7695
34.9774
35.1772
35.3689
35.5524
35.7276
35.8944
36.0529
36.2028
36.3443
36.4771
36.6011
36.7163
36.8228
36.9203
37.009
37.089
37.1602
37.2231
37.2778
37.325
37.3652
37.3993
37.4279
37.452
37.472
37.4881
37.4999
37.5062
37.5053
37.495
37.4725
37.4346
37.3777
37.2976
37.1894
37.0475
36.8651
36.6337
36.3432
35.9804
14.9538
14.3666
13.7342
13.0612
12.3582
11.651
11.0022
10.5416
10.4513
10.81
11.4922
12.3225
13.1938
14.0587
14.8989
15.7087
16.487
17.2348
17.9539
18.646
19.313
19.9567
20.5787
21.1804
21.763
22.3279
22.876
23.4083
23.9257
24.4288
24.9185
25.3954
25.8599
26.3127
26.7542
27.1848
27.6049
28.0149
28.415
28.8056
29.1869
29.5591
29.9223
30.2769
30.6229
30.9605
31.2899
31.611
31.924
32.2291
32.5263
32.8156
33.0972
33.371
33.6372
33.8959
34.1469
34.3904
34.6264
34.8549
35.0759
35.2894
35.4953
35.6937
35.8845
36.0677
36.2432
36.411
36.5709
36.7231
36.8673
37.0038
37.1321
37.2526
37.365
37.4696
37.5663
37.6553
37.737
37.8113
37.8788
37.9399
37.9947
38.0437
38.0867
38.1236
38.1536
38.1756
38.188
38.1887
38.175
38.1441
38.0923
38.0155
37.9087
37.7662
37.5807
37.3435
37.0438
36.6677
14.7002
14.1075
13.4699
12.7925
12.0873
11.3843
10.754
10.3382
10.3165
10.7358
11.4498
12.2903
13.1615
14.0221
14.8567
15.6606
16.4331
17.1755
17.8896
18.5773
19.2403
19.8805
20.4993
21.0983
21.6788
22.2418
22.7885
23.3197
23.8363
24.3391
24.8288
25.3059
25.771
26.2248
26.6675
27.0997
27.5216
27.9338
28.3364
28.7297
29.1141
29.4897
29.8567
30.2153
30.5658
30.9081
31.2426
31.5692
31.8881
32.1995
32.5033
32.7997
33.0888
33.3706
33.6452
33.9127
34.173
34.4262
34.6724
34.9116
35.1438
35.3689
35.5871
35.7982
36.0022
36.1993
36.3892
36.572
36.7476
36.916
37.0772
37.231
37.3776
37.5168
37.6488
37.7733
37.8907
38.0008
38.1037
38.1996
38.2886
38.3708
38.4461
38.5145
38.5757
38.6291
38.6739
38.7089
38.7325
38.7425
38.7365
38.7116
38.6642
38.59
38.4841
38.3404
38.1515
37.9082
37.599
37.2094
14.436
13.8394
13.1981
12.5177
11.8122
11.1156
10.5079
10.142
10.1904
10.6666
11.4083
12.2568
13.1268
13.9826
14.8112
15.6088
16.3753
17.1121
17.821
18.5038
19.1626
19.7989
20.4144
21.0105
21.5885
22.1494
22.6943
23.2241
23.7397
24.2419
24.7312
25.2083
25.6737
26.1281
26.5717
27.0051
27.4286
27.8425
28.2471
28.6428
29.0299
29.4084
29.7786
30.1408
30.4951
30.8417
31.1806
31.5121
31.8361
32.153
32.4627
32.7653
33.061
33.3497
33.6316
33.9068
34.1752
34.4369
34.6919
34.9404
35.1822
35.4174
35.6461
35.8681
36.0836
36.2925
36.4947
36.6903
36.8791
37.0613
37.2367
37.4054
37.5672
37.7221
37.8701
38.0112
38.1454
38.2726
38.3929
38.5061
38.6123
38.7113
38.8029
38.8868
38.9625
39.0293
39.0862
39.132
39.1648
39.1827
39.1832
39.1632
39.1194
39.0471
38.9415
38.7961
38.6032
38.3532
38.0342
37.6305
14.156
13.5576
12.9144
12.233
11.5291
10.8418
10.261
9.95007
10.0693
10.5981
11.3637
12.218
13.0858
13.9362
14.7583
15.5494
16.3095
17.0403
17.7436
18.4215
19.0756
19.7079
20.3197
20.9126
21.4878
22.0463
22.5892
23.1175
23.6318
24.133
24.6218
25.0986
25.5641
26.0188
26.4631
26.8974
27.3221
27.7374
28.1439
28.5416
28.9309
29.3121
29.6852
30.0505
30.4082
30.7585
31.1014
31.4371
31.7658
32.0876
32.4025
32.7106
33.0121
33.307
33.5954
33.8773
34.1528
34.4219
34.6848
34.9413
35.1916
35.4356
35.6735
35.9051
36.1304
36.3496
36.5625
36.769
36.9693
37.1633
37.3509
37.5319
37.7066
37.8747
38.0363
38.1912
38.3394
38.4808
38.6153
38.7427
38.8628
38.9755
39.0804
39.1769
39.2645
39.3423
39.4092
39.4638
39.5044
39.5288
39.5347
39.5189
39.4777
39.4067
39.3007
39.153
38.9557
38.6986
38.3693
37.9513
