37.5015
37.9198
38.2434
38.4898
38.6726
38.8027
38.8884
38.9365
38.9528
38.9414
38.9063
38.8503
38.776
38.6854
38.5802
38.4619
38.3318
38.1907
38.0396
37.8793
37.7102
37.5329
37.3479
37.1556
36.9563
36.7502
36.5376
36.3188
36.0939
35.863
35.6263
35.384
35.136
34.8826
34.6237
34.3594
34.0898
33.8149
33.5346
33.2491
32.9583
32.6621
32.3607
32.0538
31.7415
31.4238
31.1005
30.7715
30.4368
30.0963
29.7498
29.3972
29.0384
28.6731
28.3013
27.9227
27.5372
27.1445
26.7444
26.3366
25.9209
25.497
25.0646
24.6234
24.1729
23.7128
23.2428
22.7622
22.2706
21.7675
21.2523
20.724
20.1824
19.6261
19.0548
18.4667
17.8611
17.2367
16.5924
15.9261
15.2367
14.5229
13.7844
13.0217
12.24
11.4528
10.6926
10.0283
9.57739
9.46104
9.69259
10.1574
10.7236
11.3097
11.8751
12.403
12.8863
13.3227
13.7109
14.0509
37.4261
37.8337
38.1505
38.3931
38.5746
38.7052
38.7932
38.8449
38.8657
38.8599
38.831
38.7818
38.7148
38.632
38.5349
38.425
38.3033
38.171
38.0286
37.8771
37.7168
37.5484
37.3722
37.1886
36.9979
36.8004
36.5963
36.3858
36.1692
35.9464
35.7178
35.4833
35.2431
34.9973
34.7459
34.489
34.2266
33.9588
33.6855
33.4068
33.1227
32.8332
32.5382
32.2378
31.9317
31.6201
31.3028
30.9798
30.6508
30.3159
29.9749
29.6276
29.2739
28.9137
28.5467
28.1727
27.7916
27.403
27.0069
26.6028
26.1906
25.7698
25.3403
24.9016
24.4534
23.9952
23.5266
23.0471
22.5562
22.0532
21.5375
21.0086
20.4653
19.9071
19.3326
18.7413
18.1313
17.502
16.8512
16.178
15.481
14.7585
14.0105
13.2391
12.4496
11.6584
10.903
10.2603
9.85492
9.80045
10.0893
10.597
11.1972
11.8148
12.4139
12.9783
13.5014
13.9806
14.4148
14.8035
37.2893
37.6861
37.9958
38.2346
38.4147
38.5461
38.6363
38.6918
38.7174
38.7174
38.6951
38.6533
38.5941
38.5195
38.4311
38.3301
38.2176
38.0945
37.9615
37.8193
37.6685
37.5095
37.3427
37.1683
36.9868
36.7984
36.6033
36.4016
36.1936
35.9794
35.7591
35.5328
35.3007
35.0627
34.8191
34.5697
34.3147
34.0542
33.788
33.5163
33.239
32.9562
32.6677
32.3736
32.0738
31.7683
31.457
31.1397
30.8164
30.487
30.1513
29.8091
29.4604
29.105
28.7425
28.3729
27.9959
27.6112
27.2187
26.818
26.4088
25.9909
25.5638
25.1272
24.6808
24.224
23.7564
23.2776
22.7868
22.2836
21.7673
21.2368
20.6918
20.1312
19.5536
18.9585
18.3441
17.7096
17.053
16.3734
15.6689
14.939
14.183
13.4036
12.6087
11.8163
11.069
10.4524
10.0954
10.1011
10.4407
10.9824
11.6065
12.2443
12.8644
13.4515
13.9995
14.5057
14.969
15.3889
37.087
37.4728
37.7756
38.0105
38.1894
38.3215
38.4144
38.4739
38.5048
38.5111
38.496
38.4621
38.4115
38.3459
38.2669
38.1756
38.0731
37.9601
37.8374
37.7055
37.5649
37.4162
37.2595
37.0953
36.9237
36.7451
36.5597
36.3675
36.1688
35.9638
35.7525
35.535
35.3114
35.0819
34.8464
34.6051
34.358
34.1051
33.8464
33.582
33.3119
33.036
32.7544
32.4669
32.1737
31.8745
31.5693
31.2581
30.9407
30.6169
30.2867
29.9499
29.6063
29.2557
28.8979
28.5327
28.1599
27.7792
27.3903
26.9929
26.5868
26.1716
25.747
25.3125
24.8678
24.4123
23.9457
23.4674
22.9768
22.4732
21.956
21.4245
20.8776
20.3143
19.734
19.1353
18.5167
17.8774
17.2156
16.5296
15.8189
15.0817
14.3192
13.5336
12.7346
11.9429
11.2072
10.6196
10.3136
10.3779
10.7627
11.332
11.9733
12.6245
13.2574
13.8582
14.4213
14.9441
15.4253
15.8639
36.8139
37.1888
37.4847
37.7158
37.8936
38.0269
38.1227
38.1867
38.2235
38.2367
38.2296
38.2044
38.1632
38.1076
38.0391
37.9586
37.8671
37.7653
37.6539
37.5334
37.4042
37.2668
37.1214
36.9682
36.8077
36.6399
36.4651
36.2834
36.0949
35.8999
35.6984
35.4905
35.2763
35.056
34.8295
34.5969
34.3583
34.1137
33.8632
33.6067
33.3443
33.076
32.8017
32.5215
32.2352
31.9429
31.6444
31.3397
31.0286
30.711
30.3867
30.0557
29.7176
29.3723
29.0196
28.6592
28.2909
27.9144
27.5295
27.1358
26.733
26.3208
25.8988
25.4666
25.0238
24.5699
24.1045
23.6269
23.1366
22.6328
22.115
21.5823
21.0338
20.4686
19.8857
19.2837
18.6613
18.0175
17.3508
16.6597
15.9427
15.1997
14.4312
13.6405
12.8388
12.0497
11.3277
10.7731
10.5201
10.6409
11.066
11.6578
12.3115
12.9712
13.6115
14.2202
14.7915
15.3238
15.8154
16.2651
36.4642
36.8281
37.117
37.3445
37.5214
37.6561
37.7553
37.8243
37.8676
37.8887
37.8904
37.8749
37.8443
37.7999
37.743
37.6746
37.5954
37.5062
37.4075
37.2997
37.1832
37.0584
36.9255
36.7848
36.6365
36.4807
36.3177
36.1476
35.9706
35.7867
35.5961
35.3988
35.1951
34.9849
34.7683
34.5454
34.3162
34.0808
33.8393
33.5916
33.3377
33.0778
32.8117
32.5394
32.261
31.9762
31.6852
31.3877
31.0836
30.7729
30.4553
30.1307
29.7988
29.4594
29.1124
28.7574
28.3942
28.0226
27.6421
27.2526
26.8537
26.4449
26.0261
25.5966
25.1562
24.7043
24.2404
23.7639
23.2743
22.7709
22.2529
21.7195
21.1698
20.6028
20.0176
19.4129
18.7873
18.1394
17.4682
16.7722
16.0502
15.3018
14.5276
13.7331
12.9297
12.1453
11.4393
10.9209
10.7222
10.8971
11.3584
11.9684
12.631
13.2956
13.9396
14.5515
15.1273
15.6642
16.1607
16.6159
36.0308
36.3836
36.6655
36.8895
37.0657
37.2021
37.3051
37.3799
37.4304
37.4602
37.4718
37.4673
37.4485
37.4166
37.3729
37.3181
37.2529
37.1778
37.0933
36.9998
36.8976
36.7869
36.6681
36.5412
36.4066
36.2643
36.1145
35.9574
35.7931
35.6216
35.4432
35.2579
35.0658
34.8669
34.6614
34.4494
34.2308
34.0057
33.7742
33.5364
33.2922
33.0416
32.7847
32.5214
32.2518
31.9756
31.693
31.4038
31.1078
30.8049
30.4949
30.1777
29.8529
29.5205
29.18
28.8313
28.4741
28.1081
27.7329
27.3483
26.9539
26.5493
26.1342
25.7082
25.2707
24.8213
24.3596
23.8848
23.3964
22.8937
22.376
21.8423
21.2919
20.7237
20.1369
19.5299
18.9015
18.2505
17.5754
16.875
16.1483
15.3945
14.6161
13.818
13.014
12.2355
11.5484
11.0691
10.926
11.1521
11.6453
12.2704
12.9391
13.6059
14.2504
14.8633
15.4396
15.9777
16.4758
16.9322
35.5061
35.8475
36.1223
36.3426
36.5182
36.6566
36.7639
36.8449
36.9036
36.9431
36.9658
36.9737
36.9683
36.9508
36.9219
36.8825
36.833
36.774
36.7056
36.6281
36.542
36.4472
36.3441
36.2328
36.1135
35.9862
35.8513
35.7087
35.5586
35.4011
35.2363
35.0644
34.8853
34.6993
34.5063
34.3064
34.0997
33.8863
33.6662
33.4395
33.2062
32.9663
32.7198
32.4668
32.2072
31.941
31.6681
31.3884
31.1017
30.8079
30.5069
30.1983
29.882
29.5576
29.2249
28.8837
28.5335
28.1742
27.8053
27.4266
27.0376
26.6381
26.2277
25.8058
25.3721
24.926
24.4671
23.9948
23.5083
23.007
22.4901
21.9571
21.4065
20.8377
20.2494
19.6409
19.0102
18.3562
17.6777
16.9734
16.2423
15.4845
14.702
13.901
13.0973
12.3262
11.661
11.2235
11.1363
11.4109
11.9319
12.5689
13.2414
13.9084
14.5516
15.1629
15.7376
16.2738
16.7705
17.2253
34.882
35.2113
35.4784
35.6947
35.8696
36.01
36.1219
36.2099
36.2776
36.328
36.3633
36.3853
36.3951
36.3939
36.3821
36.3603
36.3287
36.2878
36.2376
36.1783
36.1102
36.0333
35.9479
35.854
35.7517
35.6414
35.5229
35.3965
35.2623
35.1204
34.9709
34.8139
34.6495
34.4778
34.2988
34.1127
33.9195
33.7192
33.512
33.298
33.077
32.8493
32.6148
32.3736
32.1256
31.8708
31.6091
31.3405
31.0648
30.7818
30.4912
30.1929
29.8866
29.5718
29.2485
28.9161
28.5744
28.2231
27.8619
27.4903
27.108
26.7148
26.31
25.8934
25.4644
25.0227
24.5675
24.0984
23.6147
23.1155
22.6006
22.0684
21.5187
20.9499
20.361
19.7513
19.1188
18.4625
17.781
17.0736
16.3387
15.5768
14.7906
13.9873
13.1847
12.4227
11.7816
11.3889
11.3576
11.6771
12.2224
12.8688
13.5427
14.2085
14.8488
15.4563
16.0274
16.5604
17.053
17.5043
34.1501
34.466
34.7243
34.9359
35.1093
35.2516
35.3682
35.4635
35.5411
35.6038
35.6534
35.6915
35.719
35.7366
35.7445
35.7429
35.732
35.7117
35.6822
35.6435
35.5958
35.539
35.4733
35.3988
35.3157
35.224
35.1239
35.0155
34.8989
34.7743
34.6417
34.5013
34.3532
34.1974
34.0341
33.8634
33.6852
33.4998
33.3072
33.1074
32.9005
32.6867
32.4659
32.2382
32.0036
31.762
31.5135
31.258
30.9952
30.7249
30.4469
30.1609
29.8665
29.5634
29.2512
28.9296
28.5982
28.2566
27.9046
27.5417
27.1677
26.782
26.3843
25.9743
25.5513
25.115
24.6647
24.1999
23.7199
23.2242
22.7116
22.1817
21.6331
21.0653
20.4765
19.8663
19.2326
18.5745
17.8909
17.1801
16.4417
15.6766
14.887
14.0819
13.2814
12.5301
11.9159
11.5704
11.5942
11.9551
12.5212
13.1746
13.8485
14.5111
15.147
15.7495
16.3154
16.8428
17.33
17.7754
33.3026
33.6029
33.8503
34.0552
34.2259
34.369
34.4898
34.5927
34.681
34.7573
34.8233
34.8802
34.9284
34.968
34.9991
35.0211
35.0341
35.0378
35.0321
35.0169
34.9922
34.958
34.9144
34.8616
34.7996
34.7286
34.6487
34.5601
34.4628
34.3572
34.2432
34.121
33.9907
33.8525
33.7065
33.5527
33.3913
33.2224
33.046
32.8622
32.6712
32.4731
32.2678
32.0556
31.8364
31.6103
31.3771
31.1369
30.8894
30.6343
30.3714
30.1002
29.8202
29.5312
29.2326
28.9241
28.6052
28.2755
27.9348
27.5825
27.2185
26.8422
26.4533
26.0514
25.6359
25.2065
24.7625
24.3033
23.8283
23.3369
22.8282
22.3011
21.7551
21.189
20.6012
19.9912
19.3571
18.6981
18.0123
17.2993
16.5578
15.7889
14.9968
14.1904
13.3928
12.6543
12.0696
11.773
11.8508
12.2495
12.8331
13.4907
14.163
14.8208
15.4509
16.0471
16.6064
17.1269
17.6072
18.0448
32.3338
32.6144
32.8473
33.0422
33.2072
33.3488
33.4723
33.5821
33.6814
33.7728
33.8577
33.9367
34.0096
34.0759
34.1345
34.1848
34.2261
34.2578
34.2797
34.2915
34.2931
34.2845
34.2659
34.2372
34.1987
34.1505
34.0928
34.0257
33.9496
33.8644
33.7705
33.668
33.5571
33.4378
33.3105
33.1751
33.0318
32.8808
32.7222
32.5561
32.3826
32.202
32.0142
31.8194
31.6177
31.4093
31.194
30.9718
30.7424
30.5056
30.2607
30.0074
29.7451
29.4733
29.1913
28.8987
28.595
28.2799
27.953
27.6138
27.2621
26.8974
26.5193
26.1275
25.7214
25.3006
24.8646
24.4127
23.9442
23.4586
22.9549
22.4324
21.8899
21.3263
20.7408
20.1319
19.4981
18.8386
18.1515
17.4364
16.6926
15.9208
15.126
14.3187
13.525
12.8007
12.2483
12.0025
12.1321
12.5645
13.1622
13.8224
14.4913
15.1432
15.7662
16.3547
16.9059
17.4182
17.8896
18.3182
31.2426
31.4973
31.7093
31.8884
32.0423
32.1777
32.3001
32.4143
32.5238
32.6313
32.7379
32.8435
32.9467
33.0456
33.1382
33.2228
33.2981
33.3632
33.4176
33.461
33.493
33.5139
33.5235
33.522
33.5097
33.4868
33.4533
33.4098
33.3564
33.2933
33.2209
33.1393
33.0487
32.9495
32.8418
32.7258
32.6017
32.4697
32.33
32.1827
32.028
31.8662
31.6975
31.522
31.3399
31.1515
30.9567
30.7555
30.5475
30.3324
30.1095
29.878
29.6371
29.3862
29.1245
28.8515
28.5665
28.2692
27.9592
27.6361
27.2995
26.949
26.5844
26.2051
25.8108
25.4009
24.975
24.5323
24.0724
23.5944
23.0975
22.5806
22.0431
21.4839
20.9016
20.2951
19.6626
19.0035
18.3161
17.5996
16.8531
16.0791
15.2815
14.4742
13.6856
12.977
12.4594
12.2653
12.4443
12.9061
13.5148
14.1755
14.8391
15.4836
16.0981
16.6772
17.219
17.7215
18.1829
18.6008
30.0359
30.2554
30.4371
30.5908
30.7243
30.8448
30.9585
31.0711
31.1872
31.3102
31.4413
31.5792
31.7204
31.8607
31.9959
32.1232
32.2403
32.3459
32.4393
32.52
32.5878
32.6427
32.6849
32.7144
32.7316
32.7368
32.7303
32.7125
32.6837
32.6443
32.5946
32.5349
32.4656
32.3871
32.2995
32.2033
32.0986
31.9859
31.8653
31.7371
31.6018
31.4595
31.3106
31.1555
30.9945
30.8281
30.6562
30.479
30.2962
30.107
29.9105
29.7055
29.491
29.2658
29.0289
28.7798
28.5177
28.2422
27.9528
27.6493
27.3313
26.9985
26.6504
26.2867
25.907
25.5108
25.0976
24.6667
24.2176
23.7494
23.2614
22.7527
22.2221
21.6688
21.0913
20.4885
19.859
19.201
18.514
17.7967
17.0489
16.2726
15.473
14.6656
13.8827
13.1919
12.7116
12.5693
12.7942
13.2813
13.8976
14.5562
15.2131
15.8486
16.4526
17.0215
17.5523
18.0432
18.4929
18.8986
28.7325
28.9048
29.0435
29.158
29.2569
29.348
29.4391
29.5377
29.6511
29.7851
29.9421
30.1194
30.3096
30.5035
30.6935
30.8745
31.0435
31.1988
31.3393
31.4648
31.5751
31.6701
31.7502
31.8155
31.8666
31.9037
31.9274
31.9381
31.9362
31.9224
31.8969
31.8603
31.813
31.7555
31.6881
31.6114
31.5256
31.4314
31.3291
31.2192
31.1022
30.9785
30.8488
30.7137
30.574
30.4303
30.2831
30.1327
29.9787
29.8202
29.6555
29.4829
29.3005
29.1068
28.9003
28.6803
28.446
28.197
27.9329
27.6533
27.358
27.0467
26.719
26.3746
26.0131
25.634
25.2368
24.8209
24.3856
23.9301
23.4538
22.9558
22.4346
21.8894
21.3189
20.7217
20.0965
19.4418
18.7564
18.0394
17.2907
16.5122
15.7114
14.9043
14.1278
13.457
13.0153
12.9244
13.1912
13.6992
14.3194
14.9733
15.6213
16.2455
16.838
17.3944
17.9122
18.3903
18.8262
19.2178
27.3655
27.4777
27.5582
27.6168
27.6622
27.7034
27.7501
27.8131
27.9045
28.0363
28.2162
28.4408
28.695
28.9597
29.2205
29.4696
29.703
29.919
30.1167
30.296
30.4567
30.5992
30.7238
30.8309
30.921
30.9949
31.0529
31.0958
31.1241
31.1383
31.1392
31.1273
31.103
31.067
31.0199
30.9621
30.8944
30.8172
30.7312
30.6371
30.5355
30.4275
30.3139
30.1959
30.0748
29.9521
29.8292
29.7069
29.5851
29.4624
29.3361
29.2029
29.0599
28.9045
28.735
28.5502
28.3495
28.1324
27.8986
27.6479
27.3801
27.0949
26.7921
26.4714
26.1323
25.7744
25.3973
25.0002
24.5825
24.1438
23.6826
23.1982
22.6896
22.1559
21.5951
21.0062
20.3877
19.7381
19.0562
18.3408
17.5923
16.8131
16.0112
15.2049
14.4357
13.786
13.3847
13.3433
13.6473
14.1707
14.7912
15.4374
16.0738
16.6847
17.2631
17.8046
18.3075
18.7704
19.1906
19.5661
25.9813
26.0217
26.0302
26.016
25.988
25.9558
25.9307
25.9275
25.9655
26.0687
26.2585
26.5358
26.8721
27.2289
27.5799
27.9136
28.2257
28.5146
28.7804
29.0231
29.2431
29.441
29.6174
29.7729
29.9083
30.0244
30.1219
30.2015
30.264
30.3101
30.3403
30.3555
30.3563
30.3432
30.3169
30.2781
30.2275
30.1658
30.0937
30.0121
29.922
29.8245
29.7211
29.6136
29.5045
29.3964
29.2928
29.1964
29.1082
29.0263
28.9459
28.8608
28.7657
28.6567
28.5316
28.3889
28.2281
28.0488
27.851
27.6346
27.3995
27.1455
26.8726
26.5805
26.2687
25.9369
25.5846
25.2111
24.8159
24.3979
23.9563
23.4905
22.9987
22.4799
21.933
21.356
20.7476
20.1062
19.4307
18.7194
17.9728
17.194
16.3917
15.5868
14.8255
14.1981
13.8375
13.8426
14.1777
14.711
15.3271
15.9618
16.5834
17.178
17.7389
18.2634
18.7487
19.1934
19.5957
19.9521
24.6326
24.5943
24.5215
24.4226
24.3059
24.1808
24.0593
23.9592
23.9081
23.9471
24.1223
24.4481
24.8798
25.3477
25.8068
26.2403
26.6436
27.0163
27.3595
27.674
27.961
28.2214
28.4562
28.6663
28.8528
29.0166
29.1588
29.2801
29.3815
29.4637
29.5274
29.5733
29.6022
29.6147
29.6114
29.593
29.5602
29.5136
29.4541
29.3825
29.2999
29.2074
29.1067
29.0003
28.8917
28.7858
28.6892
28.6093
28.5512
28.5133
28.4866
28.4595
28.4221
28.3684
28.2954
28.2018
28.0872
27.9516
27.7953
27.6185
27.4213
27.2038
26.966
26.7076
26.4284
26.1279
25.8057
25.4612
25.0936
24.702
24.2858
23.8434
23.374
22.8757
22.3477
21.7876
21.1941
20.5657
19.9002
19.1966
18.4556
17.6795
16.8785
16.0759
15.3234
14.7189
14.398
14.4447
14.8035
15.3396
15.9457
16.564
17.1663
17.7404
18.2805
18.7836
19.2478
19.6713
20.052
20.3865
23.3686
23.251
23.0953
22.9084
22.6976
22.4714
22.2417
22.0283
21.8665
21.8159
21.9524
22.3108
22.8326
23.4143
23.9877
24.5275
25.0279
25.4895
25.9143
26.3046
26.6622
26.9888
27.2856
27.5539
27.7952
28.0106
28.2014
28.3685
28.5129
28.6354
28.7368
28.8177
28.8789
28.9209
28.9443
28.9497
28.9377
28.9087
28.8634
28.8024
28.7264
28.6362
28.5332
28.4196
28.2991
28.1785
28.0686
27.9852
27.9439
27.9476
27.981
28.0209
28.0501
28.0594
28.045
28.0061
27.9427
27.8555
27.7453
27.6126
27.4578
27.2814
27.0833
26.8635
26.6218
26.3578
26.0711
25.7611
25.427
25.068
24.6828
24.2706
23.8298
23.3588
22.8562
22.3198
21.7482
21.1388
20.49
19.8005
19.0696
18.3012
17.5049
16.7069
15.9641
15.3828
15.0986
15.1797
15.5525
16.0826
16.6709
17.2653
17.8423
18.3904
18.9044
19.3819
19.8204
20.2183
20.5732
20.8817
22.225
22.0338
21.8005
21.5311
21.2317
20.9099
20.5775
20.2561
19.988
19.85
19.9429
20.3176
20.9058
21.5806
22.2544
22.8917
23.4831
24.0287
24.5314
24.9943
25.4201
25.811
26.1688
26.4949
26.7912
27.0589
27.2995
27.5142
27.7039
27.8696
28.012
28.1317
28.2294
28.3056
28.3607
28.3951
28.4092
28.4033
28.3776
28.3325
28.268
28.1842
28.0815
27.9607
27.8243
27.6783
27.5363
27.4237
27.3746
27.4059
27.4958
27.6041
27.7018
27.7757
27.8215
27.8387
27.8282
27.7912
27.7289
27.6425
27.5327
27.4001
27.2449
27.0672
26.8669
26.6436
26.3969
26.1263
25.8311
25.5102
25.1627
24.7873
24.3823
23.9462
23.4772
22.973
22.4318
21.8508
21.2283
20.5615
19.8505
19.0973
18.313
17.5243
16.7941
16.2347
15.9819
16.086
16.4596
16.9714
17.5313
18.0932
18.6364
19.1508
19.6317
20.0766
20.4835
20.8502
21.1742
21.4517
21.2195
20.9638
20.6631
20.3225
19.9473
19.5446
19.1268
18.718
18.3678
18.1671
18.2326
18.6194
19.2491
19.9846
20.7297
21.4415
22.1061
22.7219
23.2913
23.8174
24.3036
24.7522
25.1655
25.5453
25.8933
26.2111
26.5002
26.7618
26.9972
27.2071
27.3923
27.5534
27.6911
27.8056
27.8975
27.9668
28.0138
28.0386
28.0412
28.0214
27.9789
27.9131
27.8232
27.7085
27.5692
27.4084
27.238
27.088
27.0101
27.042
27.1633
27.3197
27.4706
27.5974
27.6944
27.761
27.7983
27.8078
27.791
27.7493
27.6835
27.5945
27.4827
27.3481
27.1908
27.0104
26.8066
26.5789
26.3265
26.0485
25.7439
25.4114
25.0493
24.6559
24.2293
23.7668
23.2666
22.7258
22.1416
21.5115
20.8341
20.1105
19.3506
18.5816
17.8693
17.3316
17.1008
17.2117
17.5674
18.044
18.5608
19.0772
19.5752
20.0458
20.4844
20.8883
21.256
21.5846
21.8711
22.1115
20.3523
20.0427
19.6862
19.2875
18.8514
18.3853
17.9026
17.4309
17.0274
16.7943
16.8563
17.2605
17.9165
18.6854
19.472
20.2315
20.9471
21.6148
22.2357
22.8125
23.3483
23.8456
24.3067
24.7337
25.1283
25.492
25.8264
26.1328
26.4123
26.6659
26.8942
27.098
27.2777
27.4337
27.5664
27.6758
27.7622
27.8253
27.8653
27.8816
27.8739
27.8412
27.7823
27.6956
27.58
27.4363
27.2723
27.1147
27.0169
27.0272
27.1382
27.2995
27.4672
27.6187
27.7453
27.8447
27.9169
27.9629
27.9836
27.9803
27.9537
27.9046
27.8334
27.7401
27.6247
27.487
27.3265
27.1428
26.9353
26.703
26.445
26.16
25.8465
25.5026
25.1263
24.7152
24.2672
23.7793
23.2485
22.6718
22.0468
21.374
20.6603
19.9303
19.2487
18.7334
18.5114
18.6055
18.9187
19.3371
19.7913
20.2454
20.6836
21.0975
21.4824
21.8359
22.1552
22.4372
22.6787
22.8748
19.6118
19.258
18.8566
18.4118
17.9285
17.4146
16.8852
16.3718
15.9391
15.6994
15.7778
16.2062
16.8816
17.6676
18.4751
19.2608
20.0075
20.7096
21.367
21.9815
22.5557
23.0919
23.5924
24.0592
24.4939
24.8981
25.2733
25.6207
25.9415
26.2365
26.5066
26.7523
26.9743
27.1728
27.3482
27.5006
27.6302
27.7369
27.8207
27.8813
27.9182
27.9308
27.9179
27.8785
27.8113
27.7169
27.601
27.4825
27.4004
27.3952
27.472
27.6011
27.7487
27.893
28.0232
28.1343
28.2243
28.2929
28.3399
28.3657
28.3707
28.3552
28.3194
28.2633
28.1866
28.0892
27.9706
27.8303
27.6676
27.4818
27.2721
27.0372
26.7759
26.4863
26.1668
25.8151
25.4289
25.0058
24.5426
24.0369
23.486
22.889
22.2503
21.5895
20.9615
20.4754
20.248
20.298
20.5381
20.8721
21.241
21.6139
21.9761
22.3191
22.6387
22.9305
23.1918
23.4188
23.607
23.7514
18.9804
18.5906
18.1532
17.672
17.1524
16.6029
16.0408
15.5017
15.0581
14.83
14.9387
15.3964
16.0885
16.8837
17.7002
18.4986
19.2623
19.9852
20.6664
21.3072
21.9094
22.4752
23.0066
23.5055
23.9734
24.4118
24.8221
25.2055
25.5631
25.8958
26.2043
26.4892
26.7512
26.9906
27.2077
27.4029
27.5761
27.7276
27.8573
27.9652
28.0509
28.114
28.1542
28.1708
28.1638
28.1341
28.0865
28.0332
27.9968
28.0018
28.057
28.1519
28.268
28.39
28.5078
28.6156
28.71
28.7891
28.8519
28.8977
28.9264
28.9377
28.9314
28.9072
28.865
28.8043
28.7246
28.6254
28.5061
28.366
28.2043
28.02
27.812
27.579
27.3194
27.0314
26.7132
26.3626
25.9775
25.5556
25.095
24.5949
24.058
23.4978
22.955
22.5158
22.2783
22.2628
22.4053
22.6324
22.897
23.1726
23.445
23.7059
23.9492
24.1704
24.3651
24.5291
24.6569
24.7427
18.4392
18.02
17.5533
17.0433
16.4955
15.9195
15.3346
14.7813
14.3398
14.1365
14.2843
14.7741
15.4819
16.2827
17.1025
17.906
18.6778
19.4123
20.1082
20.7662
21.3879
21.9753
22.53
23.0536
23.5479
24.0141
24.4534
24.8671
25.2562
25.6215
25.9637
26.2835
26.5815
26.8581
27.1136
27.3484
27.5627
27.7566
27.9303
28.0838
28.2171
28.3302
28.4229
28.4954
28.5482
28.5828
28.603
28.6163
28.6346
28.6705
28.7308
28.8138
28.9122
29.0178
29.1239
29.2256
29.3195
29.4034
29.4758
29.5355
29.5819
29.6142
29.6321
29.635
29.6225
29.5942
29.5494
29.4878
29.4087
29.3115
29.1954
29.0598
28.9035
28.7258
28.5253
28.3007
28.0508
27.774
27.4689
27.1343
26.7692
26.3734
25.9496
25.5071
25.0729
24.7041
24.4692
24.3898
24.4314
24.5471
24.7022
24.8753
25.0531
25.2263
25.3887
25.5341
25.6575
25.7537
25.8164
25.8387
17.9709
17.527
17.0363
16.503
15.9329
15.3369
14.7366
14.1776
13.748
13.5787
13.771
14.294
15.0167
15.8216
16.642
17.4466
18.2216
18.9619
19.6662
20.3352
20.9701
21.5725
22.1441
22.6865
23.201
23.6889
24.1515
24.5899
25.0049
25.3974
25.7681
26.1177
26.4467
26.7557
27.0449
27.3148
27.5656
27.7976
28.0109
28.2059
28.3825
28.541
28.6816
28.8048
28.9112
29.0026
29.0818
29.1531
29.2229
29.2975
29.381
29.4742
29.5747
29.6792
29.7839
29.8859
29.9826
30.0724
30.1536
30.2253
30.2865
30.3366
30.375
30.4011
30.4143
30.4142
30.4003
30.372
30.3288
30.2702
30.1954
30.104
29.9952
29.8682
29.7222
29.5563
29.3696
29.1614
28.9307
28.6772
28.4007
28.1021
27.7842
27.4541
27.129
26.8414
26.6302
26.5133
26.4786
26.5024
26.5628
26.644
26.7343
26.8251
26.9093
26.981
27.0339
27.0622
27.059
27.0166
17.5604
17.0957
16.5849
16.0323
15.4443
14.833
14.2228
13.6646
13.2545
13.1262
13.3659
13.9217
14.6585
15.4667
16.2865
17.0902
17.8657
18.6084
19.3172
19.9928
20.6362
21.2491
21.8328
22.3889
22.9186
23.4233
23.9041
24.3619
24.7978
25.2125
25.6066
25.981
26.336
26.6723
26.9901
27.29
27.5722
27.837
28.0848
28.3157
28.5301
28.7282
28.9104
29.0773
29.2297
29.369
29.4971
29.6168
29.7315
29.8445
29.9582
30.0736
30.1901
30.3065
30.4211
30.5322
30.6385
30.7386
30.8316
30.9166
30.993
31.0602
31.1175
31.1645
31.2007
31.2256
31.2389
31.2399
31.2283
31.2036
31.1652
31.1128
31.0457
30.9633
30.8652
30.7508
30.6194
30.4708
30.3046
30.1209
29.92
29.7034
29.4737
29.2367
29.0028
28.789
28.6148
28.4916
28.4178
28.3838
28.378
28.3899
28.4108
28.4332
28.4507
28.4571
28.4464
28.4121
28.3469
28.2425
17.1956
16.713
16.185
15.6161
15.0136
14.3906
13.7747
13.2227
12.8385
12.7562
13.0447
13.6319
14.3817
15.1926
16.0113
16.8131
17.5875
18.3306
19.0416
19.7209
20.3697
20.9896
21.5819
22.1479
22.689
23.2064
23.7011
24.1743
24.6266
25.059
25.4721
25.8665
26.2429
26.6017
26.9434
27.2683
27.5769
27.8694
28.1463
28.4077
28.6541
28.8857
29.1031
29.3068
29.4976
29.6764
29.8448
30.0045
30.1573
30.3052
30.4496
30.5912
30.7301
30.8659
30.9976
31.1247
31.2463
31.3616
31.4701
31.5713
31.6645
31.7495
31.8258
31.8931
31.9509
31.9989
32.0368
32.0641
32.0806
32.0858
32.0793
32.0607
32.0298
31.986
31.929
31.8585
31.7741
31.6757
31.5633
31.4372
31.2981
31.1473
30.9871
30.8217
30.6573
30.5028
30.3676
30.2577
30.1744
30.1141
30.0713
30.0397
30.013
29.9858
29.9524
29.907
29.8438
29.7562
29.6369
29.4768
16.8667
16.3684
15.8254
15.2428
14.6281
13.9964
13.3783
12.8371
12.4842
12.4518
12.7889
13.4058
14.1674
14.9805
15.7976
16.5969
17.3695
18.1118
18.8232
19.5044
20.1566
20.781
21.3792
21.9524
22.5019
23.0289
23.5343
24.0193
24.4846
24.931
25.3592
25.7698
26.1635
26.5407
26.9018
27.2474
27.5778
27.8933
28.1943
28.4811
28.7542
29.0138
29.2605
29.4947
29.7171
29.9285
30.1299
30.3225
30.5074
30.6858
30.8586
31.0263
31.189
31.3466
31.4989
31.6454
31.7856
31.9193
32.046
32.1654
32.2773
32.3813
32.4772
32.5647
32.6436
32.7136
32.7746
32.8261
32.868
32.9
32.9218
32.9331
32.9337
32.9232
32.9014
32.8682
32.8234
32.7669
32.699
32.62
32.5304
32.4316
32.3253
32.2142
32.1021
31.9936
31.8932
31.8041
31.7271
31.6611
31.6029
31.5488
31.4945
31.4356
31.3672
31.2844
31.1814
31.0518
30.8879
30.6806
16.5658
16.0535
15.4975
14.9029
14.2782
13.64
13.0229
12.4968
12.1801
12.2004
12.585
13.2292
14.0013
14.816
15.6313
16.4279
17.1979
17.9386
18.6495
19.3313
19.9852
20.6126
21.2148
21.7931
22.3487
22.8828
23.3964
23.8905
24.3659
24.8233
25.2635
25.6872
26.0947
26.4868
26.8638
27.2262
27.5745
27.9088
28.2298
28.5375
28.8326
29.1153
29.3861
29.6453
29.8937
30.1318
30.3604
30.5802
30.7919
30.9965
31.1943
31.3859
31.5713
31.7507
31.9238
32.0905
32.2505
32.4036
32.5496
32.6883
32.8195
32.9431
33.0588
33.1666
33.2662
33.3576
33.4405
33.5148
33.5803
33.6368
33.6841
33.722
33.7504
33.769
33.7778
33.7766
33.7653
33.7442
33.7131
33.6726
33.6232
33.5658
33.5016
33.4323
33.3602
33.2876
33.2168
33.1492
33.0852
33.0238
32.9632
32.9005
32.8327
32.7559
32.6659
32.558
32.4269
32.2659
32.0673
31.8216
16.2865
15.7618
15.1942
14.5892
13.9561
13.3135
12.7003
12.1933
11.9172
11.9919
12.4223
13.0914
13.8725
14.6884
15.5015
16.2952
17.0623
17.8008
18.5104
19.1919
19.8464
20.4755
21.0802
21.6621
22.2221
22.7615
23.2813
23.7824
24.2656
24.7318
25.1815
25.6155
26.0342
26.4383
26.8281
27.2042
27.567
27.9168
28.254
28.5789
28.8921
29.1937
29.4842
29.7641
30.0337
30.2937
30.5445
30.7867
31.0209
31.2476
31.4671
31.6798
31.8858
32.0853
32.278
32.464
32.6432
32.8153
32.9803
33.1381
33.2884
33.4312
33.5665
33.694
33.8138
33.9256
34.0295
34.1252
34.2127
34.2918
34.3625
34.4245
34.4779
34.5224
34.558
34.5846
34.6023
34.6111
34.6111
34.6026
34.5862
34.5622
34.5316
34.4954
34.4548
34.4111
34.3651
34.3174
34.268
34.2158
34.1592
34.096
34.0233
33.9378
33.8356
33.7121
33.5618
33.3782
33.1533
32.877
16.0236
15.4876
14.9097
14.2956
13.6556
13.0107
12.4039
11.92
11.6886
11.8186
12.2924
12.9839
13.7728
14.5892
15.3999
16.1903
16.9544
17.6902
18.3979
19.0784
19.7328
20.3625
20.9687
21.5529
22.116
22.6593
23.1837
23.6901
24.1794
24.6523
25.1096
25.5518
25.9794
26.3932
26.7934
27.1806
27.5552
27.9176
28.2681
28.6071
28.935
29.2521
29.5589
29.8556
30.1427
30.4206
30.6897
30.9505
31.2033
31.4486
31.6866
31.9176
32.1418
32.3591
32.5696
32.7733
32.9702
33.16
33.3428
33.5184
33.6868
33.848
34.0017
34.148
34.2868
34.4179
34.5415
34.6572
34.7652
34.8653
34.9574
35.0414
35.1173
35.1851
35.2445
35.2957
35.3386
35.3733
35.3999
35.4186
35.4296
35.4333
35.4303
35.421
35.4061
35.386
35.3611
35.3314
35.2962
35.2545
35.2049
35.1452
35.0726
34.984
34.8755
34.7425
34.5795
34.3796
34.1346
33.8338
15.7725
15.2265
14.6393
14.0173
13.3718
12.7263
12.1289
11.672
11.4886
11.6741
12.1886
12.9
13.6953
14.5117
15.3198
16.1067
16.8674
17.6003
18.3057
18.9846
19.6381
20.2677
20.8746
21.46
22.0252
22.5712
23.0989
23.6094
24.1034
24.5816
25.0447
25.4934
25.9282
26.3497
26.7583
27.1545
27.5388
27.9114
28.2728
28.6233
28.9633
29.2932
29.6132
29.9237
30.2251
30.5178
30.802
31.0781
31.3465
31.6074
31.8611
32.1078
32.3476
32.5806
32.8068
33.0263
33.2389
33.4447
33.6437
33.8356
34.0206
34.1985
34.3692
34.5328
34.6892
34.8382
34.98
35.1142
35.2411
35.3603
35.4721
35.5762
35.6725
35.7611
35.842
35.915
35.9801
36.0375
36.0871
36.1291
36.1636
36.1908
36.2109
36.2242
36.2307
36.2306
36.2238
36.2098
36.188
36.1571
36.1154
36.061
35.991
35.9024
35.7911
35.6525
35.4808
35.2689
35.0081
34.6871
15.5295
14.9745
14.3791
13.7502
13.1006
12.4562
11.871
11.4449
11.3126
11.553
12.1052
12.8342
13.6347
14.4506
15.2557
16.039
16.796
17.5256
18.2284
18.9052
19.5573
20.1862
20.793
21.3789
21.9453
22.493
23.0231
23.5365
24.034
24.5162
24.984
25.4378
25.8783
26.306
26.7214
27.1249
27.517
27.898
28.2683
28.6282
28.9782
29.3184
29.6494
29.9713
30.2845
30.5893
30.886
31.1749
31.4562
31.7303
31.9972
32.2573
32.5105
32.7571
32.997
33.2302
33.4568
33.6767
33.89
34.0965
34.2963
34.4893
34.6754
34.8546
35.0269
35.1922
35.3504
35.5016
35.6455
35.7823
35.9118
36.034
36.1488
36.2562
36.3562
36.4486
36.5336
36.611
36.6808
36.7431
36.7979
36.8452
36.8852
36.9176
36.9424
36.9596
36.9685
36.9687
36.9591
36.9384
36.9049
36.8564
36.7903
36.7031
36.591
36.4489
36.271
36.0498
35.776
35.4379
15.2911
14.7279
14.1253
13.4907
12.8382
12.1969
11.6268
11.2354
11.1567
11.4507
12.0375
12.7818
13.5864
14.4011
15.2031
15.9824
16.7355
17.4617
18.1614
18.8357
19.486
20.1136
20.7197
21.3055
21.8723
22.421
22.9527
23.468
23.9681
24.4533
24.9246
25.3825
25.8275
26.2602
26.681
27.0904
27.4889
27.8767
28.2542
28.6219
28.98
29.3289
29.6689
30.0001
30.3231
30.638
30.9451
31.2446
31.5368
31.8219
32.1001
32.3715
32.6363
32.8944
33.1461
33.3914
33.6301
33.8625
34.0883
34.3077
34.5206
34.727
34.9267
35.1199
35.3063
35.4861
35.6591
35.8254
35.9848
36.1372
36.2828
36.4212
36.5526
36.6768
36.7939
36.9036
37.0061
37.1012
37.1888
37.2689
37.3415
37.4064
37.4635
37.5126
37.5534
37.5856
37.6084
37.6212
37.6226
37.6115
37.5859
37.5435
37.4816
37.3967
37.2847
37.1404
36.9577
36.7286
36.4436
36.09
15.0537
14.4835
13.8747
13.2354
12.5814
11.9452
11.3932
11.0404
11.0173
11.3631
11.9813
12.7387
13.5464
14.3594
15.1578
15.933
16.682
17.4044
18.1007
18.7723
19.4203
20.046
20.6509
21.2361
21.8026
22.3517
22.8841
23.4008
23.9026
24.3901
24.864
25.3249
25.7734
26.2101
26.6352
27.0494
27.453
27.8464
28.23
28.604
28.9689
29.3249
29.6723
30.0114
30.3424
30.6657
30.9815
31.2899
31.5913
31.8857
32.1734
32.4545
32.7291
32.9973
33.2592
33.5148
33.7642
34.0073
34.2442
34.4748
34.6992
34.9173
35.1291
35.3345
35.5336
35.7262
35.9124
36.092
36.2651
36.4315
36.5912
36.7442
36.8904
37.0296
37.1618
37.287
37.405
37.5157
37.619
37.7149
37.803
37.8833
37.9554
38.0191
38.074
38.1193
38.1545
38.1785
38.1902
38.1878
38.1695
38.133
38.0754
37.993
37.8815
37.7356
37.5488
37.3129
37.0175
36.6496
14.814
14.2379
13.6241
12.9813
12.3272
11.6982
11.1677
10.8571
10.8909
11.2862
11.9327
12.7013
13.5109
14.3218
15.1163
15.8871
16.6318
17.35
18.0428
18.7111
19.3564
19.98
20.5831
21.1671
21.733
22.2818
22.8144
23.3317
23.8345
24.3235
24.7993
25.2626
25.7138
26.1535
26.5821
27.0002
27.4079
27.8059
28.1943
28.5736
28.9441
29.306
29.6596
30.0052
30.3431
30.6734
30.9964
31.3124
31.6215
31.9239
32.2197
32.5091
32.7921
33.069
33.3397
33.6043
33.8628
34.1153
34.3618
34.6023
34.8367
35.0651
35.2875
35.5038
35.7139
35.9179
36.1156
36.3071
36.4923
36.671
36.8434
37.0093
37.1685
37.3209
37.4666
37.6054
37.7371
37.8616
37.9789
38.0885
38.1904
38.2842
38.3696
38.4462
38.5133
38.5704
38.6165
38.6507
38.6714
38.677
38.6656
38.6346
38.581
38.501
38.3902
38.243
38.0525
37.8101
37.505
37.1233
14.5683
13.9876
13.37
12.7251
12.0725
11.4531
10.9475
10.6828
10.7742
11.2163
11.888
12.6659
13.4765
14.2847
15.075
15.8411
16.5811
17.295
17.9837
18.6485
19.2907
19.9118
20.5128
21.0951
21.6598
22.2078
22.7401
23.2575
23.7608
24.2507
24.7278
25.1927
25.6459
26.088
26.5194
26.9404
27.3516
27.7533
28.1458
28.5294
28.9045
29.2713
29.6302
29.9812
30.3248
30.6611
30.9904
31.3127
31.6284
31.9376
32.2403
32.5368
32.8272
33.1116
33.3899
33.6623
33.9289
34.1896
34.4445
34.6936
34.9369
35.1743
35.406
35.6317
35.8516
36.0656
36.2735
36.4755
36.6714
36.8611
37.0445
37.2217
37.3924
37.5566
37.7142
37.865
38.0089
38.1456
38.275
38.3968
38.5108
38.6166
38.7136
38.8016
38.8796
38.9471
39.003
39.0461
39.075
39.088
39.0827
39.0568
39.0069
38.9292
38.8189
38.6704
38.4763
38.2277
37.9131
37.5181
14.3123
13.7286
13.1087
12.4632
11.8141
11.2069
10.7299
10.5144
10.6637
11.1496
11.8435
12.6288
13.4395
14.2444
15.0301
15.7912
16.5262
17.2354
17.9198
18.5807
19.2195
19.8375
20.4361
21.0163
21.5794
22.1262
22.6578
23.1748
23.6781
24.1684
24.6462
25.1122
25.5669
26.0108
26.4443
26.8678
27.2817
27.6864
28.0822
28.4695
28.8485
29.2194
29.5827
29.9384
30.2869
30.6283
30.9628
31.2907
31.612
31.927
32.2359
32.5386
32.8353
33.1262
33.4112
33.6905
33.9641
34.2321
34.4944
34.751
35.0021
35.2476
35.4874
35.7215
35.95
36.1728
36.3898
36.601
36.8062
37.0056
37.1989
37.3861
37.567
37.7416
37.9097
38.0711
38.2257
38.3732
38.5134
38.6459
38.7706
38.8869
38.9943
39.0922
39.18
39.2567
39.3212
39.3724
39.4087
39.4281
39.4285
39.407
39.3605
39.2847
39.1749
39.025
38.8273
38.5724
38.2486
37.8402
14.0407
13.4561
12.8359
12.1919
11.5484
10.9565
10.5119
10.3488
10.5553
11.0818
11.7951
12.5862
13.396
14.197
14.9776
15.7333
16.4629
17.167
17.8468
18.5034
19.1384
19.7531
20.3488
20.9266
21.4877
22.033
22.5633
23.0796
23.5826
24.0728
24.551
25.0176
25.4734
25.9186
26.3537
26.7791
27.1953
27.6025
28.0011
28.3914
28.7737
29.1482
29.5152
29.8749
30.2276
30.5734
30.9126
31.2452
31.5716
31.8917
32.2058
32.514
32.8164
33.113
33.404
33.6894
33.9692
34.2436
34.5125
34.7759
35.0339
35.2864
35.5335
35.7751
36.0112
36.2419
36.4669
36.6862
36.9
37.1079
37.31
37.506
37.696
37.8798
38.0572
38.228
38.3921
38.5491
38.6989
38.841
38.975
39.1006
39.2172
39.324
39.4203
39.5052
39.5775
39.6359
39.6787
39.704
39.7093
39.6919
39.6483
39.5742
39.4646
39.313
39.1117
38.8505
38.5174
38.0958
