53.1502
52.8773
52.5999
52.3181
52.0319
51.7416
51.447
51.1484
50.8458
50.5393
50.2289
49.9146
49.5967
49.275
48.9497
48.6209
48.2884
47.9525
47.6131
47.2702
46.9238
46.5739
46.2205
45.8635
45.503
45.1389
44.7711
44.3995
44.0242
43.645
43.2618
42.8746
42.4833
42.0877
41.6878
41.2835
40.8746
40.4611
40.0428
39.6195
39.1911
38.7575
38.3185
37.8738
37.4234
36.9669
36.5042
36.0351
35.5593
35.0765
34.5864
34.0887
33.5832
33.0694
32.5469
32.0154
31.4744
30.9234
30.3619
29.7894
29.2053
28.6089
27.9996
27.3765
26.7389
26.0858
25.4164
24.7296
24.0243
23.2995
22.5541
21.7873
20.9985
20.1879
19.3578
18.5134
17.6681
16.851
16.1248
15.6034
15.4279
15.6598
16.2172
16.9624
17.7928
18.6517
19.5106
20.3562
21.1825
21.987
22.7694
23.5305
24.27
24.9893
25.6894
26.3716
27.0361
27.6841
28.3166
28.9337
29.5364
30.1256
30.701
31.2639
31.8139
32.3521
32.8781
33.3928
33.8961
34.388
34.869
35.339
35.7981
36.246
36.6832
37.1093
37.5242
37.9277
38.3196
38.6995
39.0671
53.226
52.9529
52.6753
52.3933
52.1069
51.8163
51.5216
51.2228
50.92
50.6132
50.3027
49.9883
49.6702
49.3484
49.023
48.6941
48.3616
48.0256
47.6862
47.3433
46.997
46.6472
46.294
45.9372
45.577
45.2132
44.8457
44.4746
44.0997
43.7211
43.3385
42.952
42.5615
42.1668
41.7678
41.3645
40.9567
40.5444
40.1273
39.7054
39.2785
38.8464
38.409
37.966
37.5174
37.0629
36.6022
36.1352
35.6616
35.1811
34.6935
34.1983
33.6954
33.1843
32.6647
32.1362
31.5983
31.0505
30.4924
29.9234
29.3429
28.7503
28.1449
27.5258
26.8925
26.2439
25.579
24.897
24.1968
23.4772
22.7372
21.9759
21.1927
20.3876
19.5622
18.7212
17.8758
17.0512
16.3019
15.7318
15.4831
15.6414
16.149
16.8694
17.6905
18.5481
19.4096
20.2596
21.0911
21.9011
22.6893
23.4552
24.1999
24.9242
25.6295
26.3159
26.9852
27.6375
28.2738
28.8953
29.5019
30.0948
30.6743
31.2404
31.7943
32.3357
32.8655
33.3836
33.8902
34.3854
34.8698
35.3431
35.8055
36.2569
36.6974
37.1266
37.5449
37.9518
38.3471
38.7305
39.1019
53.2972
53.0239
52.7461
52.4639
52.1774
51.8866
51.5917
51.2927
50.9897
50.6828
50.3721
50.0576
49.7394
49.4175
49.092
48.763
48.4305
48.0945
47.7551
47.4123
47.0661
46.7164
46.3634
46.0069
45.6469
45.2834
44.9164
44.5458
44.1714
43.7934
43.4115
43.0258
42.636
42.2422
41.8443
41.442
41.0354
40.6243
40.2086
39.7881
39.3627
38.9323
38.4966
38.0555
37.6088
37.1563
36.6978
36.233
35.7617
35.2837
34.7986
34.3062
33.806
33.2978
32.7812
32.2558
31.7211
31.1768
30.6222
30.0568
29.4801
28.8914
28.29
27.6752
27.0463
26.4022
25.7422
25.0652
24.37
23.6558
22.9214
22.1658
21.3883
20.5888
19.7686
18.9315
18.087
17.2569
16.4885
15.8752
15.5569
15.6394
16.0921
16.7837
17.5933
18.4486
19.3124
20.1667
21.0034
21.8189
22.6128
23.3841
24.1341
24.8639
25.5738
26.2654
26.9389
27.5959
28.2366
28.8622
29.4729
30.0698
30.6531
31.2231
31.7807
32.326
32.8594
33.3808
33.891
34.39
34.8778
35.3546
35.8205
36.2754
36.7194
37.1523
37.5742
37.9846
38.3836
38.7707
39.1456
53.3638
53.0904
52.8124
52.53
52.2433
51.9524
51.6573
51.3582
51.0551
50.748
50.4372
50.1225
49.8042
49.4823
49.1567
48.8277
48.4951
48.1592
47.8198
47.4771
47.1309
46.7815
46.4286
46.0724
45.7128
45.3496
44.983
44.6129
44.2391
43.8617
43.4806
43.0956
42.7068
42.3139
41.917
41.5159
41.1106
40.7008
40.2865
39.8675
39.4437
39.015
38.5812
38.142
37.6974
37.247
36.7908
36.3284
35.8596
35.3842
34.9018
34.4122
33.915
33.4098
32.8964
32.3743
31.8431
31.3022
30.7513
30.1897
29.617
29.0324
28.4352
27.8249
27.2005
26.5612
25.9061
25.2342
24.5444
23.8357
23.107
22.3572
21.5857
20.792
19.9773
19.1445
18.3019
17.4681
16.6841
16.0332
15.6495
15.6551
16.0479
16.7065
17.5023
18.3541
19.2196
20.0781
20.92
21.7413
22.5408
23.3178
24.0736
24.8084
25.5238
26.2199
26.8986
27.56
28.2054
28.8355
29.4504
30.0514
30.6388
31.2131
31.7746
32.3235
32.8607
33.3861
33.9001
34.4027
34.8943
35.3748
35.8443
36.303
36.7506
37.1873
37.6131
38.0274
38.4302
38.8212
39.2001
53.4258
53.1522
52.8741
52.5916
52.3047
52.0136
51.7184
51.4191
51.1159
50.8087
50.4978
50.183
49.8646
49.5426
49.217
48.8879
48.5554
48.2194
47.8801
47.5375
47.1915
46.8422
46.4896
46.1336
45.7743
45.4116
45.0454
44.6758
44.3026
43.9259
43.5455
43.1614
42.7735
42.3816
41.9858
41.586
41.1819
40.7735
40.3607
39.9434
39.5214
39.0945
38.6626
38.2255
37.783
37.335
36.8811
36.4213
35.9551
35.4825
35.003
34.5163
34.0223
33.5204
33.0103
32.4917
31.9641
31.427
30.8799
30.3224
29.7537
29.1734
28.5808
27.975
27.3554
26.721
26.071
25.4045
24.7202
24.0172
23.2944
22.5507
21.7853
20.9978
20.1888
19.3609
18.521
17.6851
16.8886
16.2052
15.7611
15.6899
16.0182
16.6391
17.4184
18.2654
19.1322
19.9946
20.8418
21.6689
22.4743
23.2571
24.0186
24.7589
25.4796
26.1814
26.8647
27.5312
28.1814
28.816
29.4354
30.0408
30.6325
31.211
31.7766
32.3299
32.8711
33.4005
33.9184
34.425
34.9205
35.4049
35.8784
36.341
36.7928
37.2335
37.6631
38.0814
38.4886
38.8837
39.2669
53.4832
53.2095
52.9313
52.6486
52.3616
52.0703
51.7749
51.4755
51.1721
50.8649
50.5538
50.2389
49.9204
49.5983
49.2727
48.9436
48.611
48.2751
47.9359
47.5933
47.2474
46.8983
46.5459
46.1903
45.8313
45.469
45.1033
44.7342
44.3617
43.9857
43.6061
43.2228
42.8359
42.4451
42.0505
41.6519
41.2492
40.8423
40.4312
40.0155
39.5953
39.1704
38.7406
38.3057
37.8655
37.4199
36.9687
36.5115
36.0482
35.5785
35.102
34.6186
34.1278
33.6294
33.1229
32.608
32.0842
31.5511
31.0081
30.4548
29.8906
29.3148
28.7268
28.1259
27.5113
26.8821
26.2375
25.5764
24.8979
24.2008
23.4841
22.7467
21.9877
21.2065
20.4036
19.5811
18.7447
17.9081
17.1019
16.3908
15.8918
15.7451
16.0047
16.5832
17.3428
18.1837
19.0509
19.9172
20.7697
21.6027
22.4141
23.203
23.9704
24.7169
25.4428
26.1499
26.8389
27.5105
28.1656
28.8051
29.4291
30.0392
30.6354
31.2183
31.7884
32.3459
32.8914
33.4254
33.9475
34.4583
34.958
35.4466
35.9243
36.3913
36.8472
37.2922
37.7263
38.149
38.5603
38.9601
39.3477
53.536
53.2621
52.9837
52.7009
52.4137
52.1223
51.8268
51.5272
51.2237
50.9163
50.6051
50.2901
49.9715
49.6493
49.3236
48.9945
48.6619
48.326
47.9868
47.6444
47.2986
46.9497
46.5976
46.2422
45.8835
45.5216
45.1565
44.788
44.4161
44.0408
43.662
43.2797
42.8937
42.5041
42.1107
41.7134
41.3122
40.9069
40.4974
40.0837
39.6654
39.2426
38.8149
38.3824
37.9447
37.5018
37.0532
36.5989
36.1386
35.6721
35.1989
34.7189
34.2317
33.7369
33.2343
32.7233
32.2036
31.6746
31.136
30.5872
30.0277
29.4567
28.8737
28.2778
27.6685
27.0447
26.4057
25.7505
25.078
24.387
23.6767
22.9458
22.1934
21.4189
20.6225
19.8058
18.9736
18.1376
17.3242
16.59
16.0417
15.8218
16.0095
16.5404
17.2771
18.11
18.977
19.8469
20.7047
21.5437
22.3614
23.1566
23.9302
24.6827
25.4148
26.1277
26.8221
27.4991
28.1591
28.8037
29.4331
30.048
30.6494
31.237
31.8117
32.374
32.924
33.4623
33.9889
34.5045
35.0087
35.5018
35.984
36.4556
36.916
37.3658
37.8043
38.2319
38.6479
39.0525
39.445
53.5839
53.3099
53.0314
52.7484
52.461
52.1695
51.8738
51.5741
51.2704
50.9628
50.6515
50.3364
50.0177
49.6954
49.3696
49.0404
48.7078
48.372
48.0328
47.6904
47.3448
46.996
46.6441
46.289
45.9307
45.5692
45.2045
44.8366
44.4654
44.0908
43.7129
43.3315
42.9467
42.5582
42.1661
41.7703
41.3706
40.967
40.5593
40.1474
39.7313
39.3106
38.8854
38.4554
38.0204
37.5802
37.1346
36.6834
36.2263
35.7631
35.2935
34.8171
34.3337
33.8429
33.3443
32.8376
32.3223
31.7978
31.2639
30.7199
30.1653
29.5994
29.0216
28.4312
27.8274
27.2094
26.5763
25.9272
25.261
24.5765
23.8728
23.1488
22.4033
21.6358
20.8462
20.0357
19.2084
18.3743
17.556
16.8027
16.2108
15.9211
16.0346
16.5129
17.2229
18.0459
18.9119
19.785
20.6482
21.4934
22.3176
23.1197
23.8994
24.6582
25.3965
26.1153
26.8156
27.4983
28.1643
28.8142
29.449
30.0695
30.6757
31.2684
31.8481
32.4153
32.9706
33.5137
34.0453
34.5655
35.0748
35.5728
36.0601
36.5363
37.0019
37.4564
37.9001
38.3325
38.7537
39.1633
39.5611
53.627
53.3528
53.0741
52.7909
52.5034
52.2117
51.9158
51.6159
51.312
51.0043
50.6927
50.3775
50.0587
49.7363
49.4104
49.0811
48.7485
48.4126
48.0734
47.7311
47.3856
47.037
46.6852
46.3304
45.9724
45.6114
45.2472
44.8798
44.5093
44.1355
43.7584
43.3781
42.9943
42.6071
42.2163
41.8219
41.4239
41.022
40.6163
40.2065
39.7926
39.3743
38.9516
38.5243
38.0921
37.6549
37.2125
36.7647
36.3111
35.8515
35.3857
34.9133
34.434
33.9474
33.4532
32.951
32.4404
31.9208
31.3919
30.853
30.3037
29.7432
29.1711
28.5865
27.9886
27.3767
26.7499
26.1072
25.4476
24.77
24.0733
23.3564
22.6183
21.8581
21.0757
20.272
19.4504
18.6192
17.7979
17.0293
16.3994
16.0442
16.0821
16.5029
17.1821
17.9931
18.857
19.7332
20.6016
21.4532
22.2841
23.0932
23.8801
24.6455
25.3903
26.1155
26.822
27.5108
28.1827
28.8385
29.4789
30.105
30.7167
31.3149
31.9001
32.4729
33.0333
33.5817
34.1188
34.6443
35.1588
35.6621
36.1547
36.6362
37.1071
37.5669
38.016
38.4539
38.8804
39.2956
39.6989
53.6651
53.3907
53.1117
52.8283
52.5406
52.2486
51.9525
51.6524
51.3483
51.0404
50.7286
50.4132
50.0942
49.7717
49.4457
49.1163
48.7835
48.4476
48.1084
47.7661
47.4207
47.0722
46.7206
46.366
46.0084
45.6477
45.284
44.9172
44.5473
44.1743
43.7981
43.4188
43.0361
42.6502
42.2608
41.868
41.4717
41.0717
40.668
40.2604
39.8488
39.4332
39.0132
38.5887
38.1597
37.7258
37.2868
36.8425
36.3927
35.9371
35.4754
35.0072
34.5323
34.0504
33.561
33.0637
32.5581
32.0438
31.5202
30.9869
30.4433
29.8887
29.3225
28.7441
28.1526
27.5473
26.9272
26.2913
25.6388
24.9685
24.2792
23.5699
22.8395
22.0871
21.3123
20.5159
19.7005
18.8733
18.051
17.2704
16.6079
16.1922
16.1544
16.5131
17.1572
17.9536
18.8144
19.6931
20.5669
21.4251
22.2631
23.0793
23.8734
24.6459
25.3977
26.1297
26.8429
27.5385
28.2167
28.8788
29.5254
30.1576
30.7753
31.3794
31.9707
32.5491
33.1155
33.6697
34.2125
34.7437
35.2639
35.7729
36.2712
36.7584
37.235
37.7008
38.1556
38.5991
39.0316
39.4526
39.8617
53.6979
53.4232
53.1441
52.8604
52.5724
52.2802
51.9838
51.6834
51.379
51.0708
50.7589
50.4432
50.124
49.8012
49.475
49.1455
48.8126
48.4766
48.1373
47.795
47.4496
47.1011
46.7497
46.3953
46.038
45.6777
45.3144
44.9482
44.5789
44.2067
43.8314
43.4531
43.0716
42.687
42.2991
41.908
41.5134
41.1155
40.7139
40.3087
39.8997
39.4867
39.0697
38.6483
38.2226
37.7922
37.357
36.9166
36.4709
36.0195
35.5623
35.0988
34.6288
34.1518
33.6676
33.1756
32.6755
32.1669
31.6492
31.1219
30.5844
30.0362
29.4765
28.9048
28.3202
27.7219
27.109
26.4805
25.8356
25.173
24.4916
23.7904
23.0681
22.324
21.5574
20.7688
19.9604
19.1382
18.3165
17.5271
16.8372
16.3665
16.254
16.5465
17.1508
17.9299
18.7863
19.6672
20.5464
21.4114
22.2568
23.0807
23.8824
24.6625
25.4217
26.1613
26.8816
27.5839
28.2694
28.9382
29.5915
30.2303
30.8545
31.4654
32.0628
32.6478
33.2202
33.7809
34.3297
34.8673
35.3938
35.9089
36.4133
36.9069
37.3894
37.8612
38.3221
38.772
39.2105
39.6376
40.0528
53.7252
53.4503
53.1708
52.8868
52.5985
52.3059
52.0092
51.7085
51.4038
51.0953
50.783
50.4671
50.1476
49.8246
49.4981
49.1683
48.8353
48.4991
48.1597
47.8173
47.4718
47.1234
46.7721
46.4178
46.0607
45.7007
45.3379
44.9722
44.6036
44.2321
43.8578
43.4805
43.1002
42.7169
42.3306
41.9411
41.5485
41.1526
40.7534
40.3507
39.9444
39.5344
39.1205
38.7026
38.2805
37.854
37.4227
36.9867
36.5454
36.0988
35.6464
35.188
34.7232
34.2517
33.7731
33.287
32.793
32.2905
31.7792
31.2585
30.7277
30.1864
29.6338
29.0694
28.4922
27.9015
27.2964
26.6759
26.0391
25.3849
24.712
24.0194
23.306
22.5707
21.8129
21.0328
20.2321
19.4158
18.5963
17.8009
17.0884
16.5685
16.3836
16.6066
17.1663
17.925
18.7756
19.6582
20.5427
21.4148
22.2681
23.1001
23.91
24.6982
25.4658
26.213
26.941
27.6513
28.3439
29.0205
29.681
30.327
30.9583
31.5762
32.1806
32.7725
33.352
33.9193
34.4751
35.0194
35.5522
36.0741
36.5851
37.0852
37.5744
38.0527
38.5197
38.9759
39.4208
39.8541
40.2756
53.7468
53.4715
53.1916
52.9073
52.6186
52.3256
52.0285
51.7274
51.4223
51.1134
50.8008
50.4844
50.1646
49.8412
49.5144
49.1844
48.851
48.5146
48.175
47.8324
47.4869
47.1384
46.7871
46.4329
46.076
45.7163
45.3538
44.9885
44.6206
44.2498
43.8764
43.5001
43.121
42.7392
42.3544
41.9668
41.5762
41.1825
40.7857
40.3857
39.9824
39.5756
39.1652
38.751
38.3328
37.9104
37.4837
37.0522
36.6159
36.1744
35.7274
35.2746
34.8156
34.3501
33.8777
33.3981
32.9106
32.415
31.9107
31.3971
30.8738
30.3401
29.7953
29.2388
28.6697
28.0874
27.4908
26.8791
26.2511
25.6059
24.9423
24.2591
23.5551
22.8293
22.081
21.3101
20.5179
19.7088
18.8929
18.0941
17.3634
16.8002
16.5464
16.6974
17.2077
17.9425
18.7857
19.6695
20.5594
21.439
22.3006
23.1413
23.96
24.7574
25.5333
26.2894
27.0259
27.7445
28.4454
29.13
29.7986
30.4524
31.0915
31.717
32.3293
32.9284
33.5153
34.0901
34.6531
35.2043
35.7445
36.2734
36.7913
37.2982
37.7941
38.279
38.7528
39.2154
39.6667
40.1063
40.534
53.7623
53.4866
53.2062
52.9214
52.6322
52.3388
52.0412
51.7396
51.434
51.1247
50.8115
50.4948
50.1744
49.8506
49.5234
49.193
48.8593
48.5224
48.1826
47.8397
47.494
47.1454
46.794
46.4399
46.083
45.7235
45.3613
44.9965
44.629
44.259
43.8864
43.5111
43.1333
42.7529
42.3698
41.984
41.5955
41.2042
40.8101
40.413
40.0128
39.6095
39.2028
38.7927
38.3788
37.9611
37.5392
37.1129
36.682
36.2462
35.8051
35.3585
34.9059
34.4471
33.9816
33.509
33.0289
32.5408
32.0442
31.5386
31.0234
30.4981
29.9619
29.4141
28.8541
28.2809
27.6937
27.0916
26.4734
25.8381
25.1846
24.5116
23.818
23.1026
22.3645
21.6037
20.8211
20.02
19.2094
18.4095
17.6649
17.0644
16.7459
16.8236
17.2798
17.9871
18.821
19.7053
20.6008
21.4881
22.3588
23.2089
24.0376
24.8442
25.6296
26.3952
27.1413
27.8687
28.5789
29.272
29.9496
30.612
31.2596
31.8935
32.5139
33.1213
33.7162
34.2985
34.8692
35.4281
35.9756
36.5118
37.0367
37.5505
38.0532
38.5447
39.0251
39.4943
39.9517
40.3975
40.8311
53.7713
53.495
53.2142
52.9288
52.639
52.345
52.0468
51.7446
51.4385
51.1285
50.8148
50.4974
50.1765
49.8522
49.5245
49.1935
48.8593
48.5221
48.1818
47.8386
47.4925
47.1436
46.792
46.4378
46.0809
45.7215
45.3595
44.995
44.6281
44.2586
43.8868
43.5126
43.136
42.757
42.3756
41.9918
41.6055
41.2168
40.8254
40.4315
40.0348
39.6352
39.2327
38.8269
38.4178
38.0052
37.5887
37.1681
36.7432
36.3137
35.8792
35.4394
34.994
34.5426
34.0847
33.6201
33.1481
32.6684
32.1804
31.6837
31.1776
30.6616
30.135
29.597
29.0469
28.484
27.9072
27.3157
26.7083
26.0841
25.4417
24.7801
24.0978
23.3938
22.6672
21.9176
21.1454
20.3537
19.5498
18.7513
17.9965
17.3645
16.9865
16.9907
17.3884
18.0642
18.8869
19.7712
20.6722
21.568
22.4483
23.3087
24.1479
24.965
25.7613
26.5368
27.2932
28.031
28.7506
29.4538
30.1409
30.8127
31.4696
32.1121
32.7413
33.3573
33.9604
34.5511
35.1297
35.6963
36.2512
36.7946
37.3265
37.8471
38.3563
38.8545
39.3409
39.8159
40.2791
40.7306
41.1696
53.7733
53.4965
53.2149
52.9288
52.6384
52.3436
52.0448
51.7418
51.435
51.1243
50.8099
50.4918
50.1702
49.8452
49.5168
49.1852
48.8504
48.5125
48.1717
47.828
47.4814
47.1322
46.7803
46.4258
46.0687
45.7092
45.3473
44.9831
44.6165
44.2477
43.8766
43.5034
43.128
42.7504
42.3707
41.9889
41.605
41.2189
40.8306
40.44
40.0471
39.6517
39.2536
38.8528
38.4489
38.0419
37.6314
37.2173
36.7991
36.3766
35.9495
35.5174
35.0799
34.6368
34.1875
33.7316
33.2688
32.7985
32.3202
31.8334
31.3375
30.8319
30.316
29.789
29.2502
28.6987
28.1337
27.5541
26.9589
26.347
25.7172
25.0681
24.3987
23.7075
22.9936
22.2563
21.496
20.715
19.9195
19.1245
18.3632
17.7054
17.2736
17.2055
17.5408
18.181
18.9902
19.8737
20.7806
21.6855
22.5764
23.4482
24.2989
25.1276
25.9354
26.7227
27.4903
28.2387
28.9695
29.6831
30.3805
31.0621
31.7287
32.3809
33.0191
33.6438
34.2554
34.8542
35.4406
36.0147
36.5768
37.127
37.6655
38.1923
38.7078
39.2113
39.7033
40.1836
40.6517
41.1077
41.5513
53.768
53.4903
53.2079
52.921
52.6298
52.3342
52.0344
51.7306
51.4229
51.1114
50.7961
50.4772
50.1547
49.8289
49.4996
49.1672
48.8316
48.493
48.1514
47.807
47.4599
47.11
46.7576
46.4027
46.0453
45.6856
45.3237
44.9595
44.5932
44.2248
43.8544
43.482
43.1077
42.7316
42.3537
41.974
41.5925
41.2092
40.8242
40.4373
40.0484
39.6575
39.2644
38.869
38.471
38.0703
37.6666
37.2595
36.8488
36.4342
36.0154
35.5919
35.1635
34.7296
34.29
33.8441
33.3915
32.9318
32.4645
31.9889
31.5045
31.0108
30.507
29.9925
29.4664
28.9279
28.3761
27.8101
27.2287
26.6309
26.0152
25.3806
24.7256
24.0489
23.3493
22.626
21.8792
21.1106
20.3253
19.5362
18.772
18.0937
17.6144
17.4764
17.7461
18.3465
19.1398
20.0219
20.9348
21.8496
22.7522
23.6365
24.4999
25.3419
26.1621
26.9618
27.7416
28.5022
29.2445
29.9693
30.6773
31.3693
32.0458
32.7074
33.3546
33.9879
34.6076
35.2141
35.8077
36.3886
36.9574
37.5137
38.0578
38.5901
39.1102
39.6183
40.1147
40.5987
41.0704
41.53
41.9766
53.7545
53.4759
53.1926
52.9047
52.6124
52.3158
52.0151
51.7103
51.4015
51.0889
50.7726
50.4526
50.1291
49.8022
49.472
49.1385
48.8019
48.4624
48.1199
47.7746
47.4265
47.0759
46.7228
46.3672
46.0094
45.6493
45.287
44.9227
44.5565
44.1884
43.8185
43.4469
43.0737
42.699
42.3228
41.9452
41.5663
41.186
40.8044
40.4215
40.0371
39.6512
39.2636
38.8742
38.4828
38.0891
37.6929
37.2939
36.8917
36.486
36.0765
35.6628
35.2445
34.8212
34.3925
33.9579
33.517
33.0693
32.6143
32.1515
31.6803
31.2
30.71
30.2097
29.6982
29.1746
28.6381
28.0876
27.5221
26.9404
26.3412
25.723
25.0847
24.4246
23.7415
23.0345
22.3033
21.5491
20.7762
19.9955
19.2318
18.5383
18.018
17.8137
18.0158
18.5722
19.3471
20.227
21.1464
22.0719
22.9875
23.8856
24.7632
25.6192
26.4536
27.2668
28.0595
28.8325
29.5867
30.3228
31.0416
31.7437
32.4297
33.1003
33.7558
34.3969
35.0238
35.6372
36.2368
36.8233
37.3971
37.9579
38.5061
39.0421
39.5654
40.0767
40.5753
41.0617
41.5354
41.9966
42.4446
53.7323
53.4526
53.1681
52.8791
52.5856
52.2878
51.9858
51.6798
51.3698
51.0559
50.7383
50.4171
50.0924
49.7642
49.4327
49.098
48.7602
48.4194
48.0757
47.7293
47.3802
47.0285
46.6744
46.318
45.9593
45.5985
45.2358
44.8711
44.5047
44.1367
43.7671
43.3961
43.0238
42.6504
42.276
41.9005
41.5243
41.1472
40.7693
40.3906
40.0111
39.6307
39.2492
38.8666
38.4825
38.0968
37.7091
37.3191
36.9265
36.531
36.1321
35.7295
35.3227
34.9114
34.4951
34.0734
33.6458
33.2118
32.771
32.3227
31.8665
31.4017
30.9277
30.4436
29.9488
29.4425
28.9236
28.3912
27.8442
27.2813
26.7011
26.1024
25.4835
24.843
24.1794
23.4914
22.7785
22.0414
21.2836
20.5143
19.7547
19.0513
18.4967
18.2309
18.3646
18.8729
19.6267
20.5037
21.4301
22.3676
23.2974
24.2107
25.1036
25.9746
26.8235
27.6506
28.4565
29.2419
30.0077
30.7546
31.4836
32.1948
32.8892
33.5673
34.2297
34.8771
35.5094
36.1272
36.7312
37.3212
37.8976
38.4611
39.0112
39.5487
40.0731
40.585
41.084
41.5705
42.0441
42.5047
42.9522
53.7006
53.4195
53.1337
52.8433
52.5484
52.2492
51.9457
51.6382
51.3267
51.0114
50.6923
50.3695
50.0433
49.7136
49.3806
49.0443
48.705
48.3627
48.0176
47.6697
47.3191
46.9661
46.6107
46.2531
45.8933
45.5316
45.1679
44.8026
44.4358
44.0675
43.698
43.3274
42.9559
42.5836
42.2108
41.8375
41.4639
41.0901
40.7162
40.3422
39.968
39.5937
39.219
38.8439
38.4681
38.0913
37.7133
37.3336
36.952
36.5679
36.1811
35.7912
35.3976
34.9999
34.5978
34.1908
33.7784
33.3601
32.9355
32.504
32.0651
31.6181
31.1624
30.6972
30.2219
29.7356
29.2373
28.726
28.2006
27.6598
27.1023
26.5265
25.9309
25.3137
24.6733
24.0082
23.3174
22.6012
21.8621
21.1078
20.3565
19.6485
19.0667
18.7454
18.811
19.268
19.998
20.8715
21.8052
22.7556
23.7007
24.6301
25.539
26.4252
27.2886
28.1295
28.9477
29.7443
30.5201
31.276
32.0126
32.7311
33.4314
34.1145
34.7813
35.4318
36.0666
36.6866
37.2916
37.8824
38.459
39.022
39.5712
40.1074
40.6302
41.1401
41.6371
42.1209
42.5919
43.0498
43.4943
53.6584
53.3758
53.0883
52.7963
52.4997
52.1988
51.8936
51.5843
51.2711
50.954
50.6331
50.3085
49.9804
49.6489
49.314
48.976
48.6348
48.2906
47.9437
47.5939
47.2416
46.8869
46.5298
46.1705
45.8093
45.4461
45.0813
44.7149
44.3472
43.9783
43.6085
43.238
42.8669
42.4956
42.1242
41.753
41.3821
41.0118
40.642
40.273
39.9047
39.537
39.17
38.8033
38.4368
38.0702
37.7031
37.3352
36.966
36.5951
36.2221
35.8466
35.468
35.086
34.7002
34.31
33.915
33.5148
33.1088
32.6965
32.2775
31.8511
31.4166
30.9734
30.5208
30.0578
29.5837
29.0973
28.5974
28.0829
27.5523
27.004
26.4362
25.8473
25.2352
24.5982
23.9348
23.2446
22.5292
21.7948
21.057
20.3506
19.7491
19.3795
19.3796
19.7827
20.4861
21.3548
22.2962
23.26
24.2207
25.1661
26.0902
26.9908
27.8668
28.7184
29.5462
30.351
31.134
31.8954
32.6362
33.3578
34.0602
34.7445
35.4115
36.0615
36.6953
37.3132
37.9159
38.5036
39.0769
39.6361
40.1812
40.7129
41.2312
41.736
42.2279
42.7067
43.1724
43.6249
44.0639
53.6047
53.3202
53.0309
52.7369
52.4384
52.1354
51.8282
51.5169
51.2016
50.8823
50.5593
50.2326
49.9023
49.5686
49.2315
48.8912
48.5477
48.2013
47.8521
47.5001
47.1455
46.7886
46.4293
46.068
45.7047
45.3397
44.9731
44.6051
44.2361
43.8661
43.4955
43.1246
42.7537
42.3829
42.0127
41.6434
41.2751
40.9082
40.5428
40.1791
39.8172
39.457
39.0984
38.7412
38.3852
38.0301
37.6755
37.3209
36.9659
36.61
36.2528
35.8937
35.5324
35.1683
34.801
34.43
34.055
33.6755
33.2909
32.9008
32.5047
32.102
31.6922
31.2745
30.8482
30.4126
29.9667
29.5095
29.0398
28.5565
28.058
27.5428
27.0089
26.4544
25.8772
25.275
24.646
23.9889
23.3046
22.5972
21.8799
21.1827
20.5706
20.1618
20.1006
20.4486
21.1228
21.9853
22.9335
23.9096
24.8842
25.8429
26.7789
27.6895
28.5735
29.4313
30.2638
31.0714
31.8552
32.6168
33.3564
34.0757
34.7748
35.4553
36.1173
36.7621
37.3898
38.0015
38.5973
39.1781
39.7441
40.2955
40.8331
41.3569
41.8673
42.3644
42.8481
43.3189
43.7766
44.2213
44.6527
53.5383
53.2517
52.9601
52.6638
52.363
52.0577
51.7481
51.4344
51.1166
50.7948
50.4692
50.14
49.8071
49.4707
49.1309
48.7879
48.4417
48.0925
47.7405
47.3857
47.0284
46.6687
46.3067
45.9426
45.5767
45.2091
44.8402
44.47
44.0989
43.7272
43.3553
42.9834
42.6119
42.2412
41.8718
41.504
41.1381
40.7746
40.4138
40.0557
39.7006
39.3485
38.9993
38.6528
38.3087
37.9666
37.6262
37.2868
36.948
36.6092
36.2699
35.9297
35.5879
35.2442
34.8981
34.5491
34.1969
33.8409
33.4808
33.1161
32.7463
32.3709
31.9894
31.6011
31.2054
30.8015
30.3885
29.9655
29.5314
29.0849
28.6245
28.1487
27.6556
27.1431
26.6087
26.05
25.4645
24.8502
24.2066
23.5365
22.8502
22.1732
21.5622
21.126
21.0114
21.3052
21.9478
22.8012
23.7525
24.7363
25.7189
26.684
27.6242
28.5366
29.4202
30.276
31.1042
31.9063
32.6838
33.4374
34.1688
34.8785
35.5681
36.2383
36.8897
37.5236
38.1405
38.7407
39.3253
39.8948
40.4494
40.9895
41.5158
42.0285
42.5278
43.014
43.4872
43.9474
44.3949
44.8294
45.2509
53.4579
53.1687
52.8746
52.5757
52.2721
51.964
51.6517
51.335
51.0143
50.6896
50.361
50.0287
49.6926
49.3531
49.0101
48.6638
48.3143
47.9618
47.6063
47.2481
46.8874
46.5242
46.1587
45.7912
45.4219
45.051
44.6788
44.3056
43.9316
43.5574
43.1832
42.8094
42.4367
42.0653
41.696
41.3292
40.9653
40.605
40.2486
39.8963
39.5486
39.2053
38.8665
38.5319
38.2012
37.8739
37.5495
37.2275
36.9071
36.5878
36.2689
35.95
35.6305
35.31
34.9878
34.6638
34.3373
34.0081
33.6757
33.3398
32.9999
32.6556
32.3063
31.9516
31.5909
31.2233
30.8483
30.4648
30.0718
29.6681
29.2524
28.8231
28.3783
27.9158
27.4332
26.9278
26.3966
25.837
25.2472
24.6283
23.9878
23.3469
22.7546
22.3091
22.1551
22.3992
23.0067
23.8441
24.7894
25.7696
26.7474
27.7054
28.6362
29.537
30.4079
31.249
32.0622
32.8483
33.6094
34.3462
35.0607
35.7534
36.4261
37.0794
37.7141
38.3315
38.932
39.5165
40.0854
40.6392
41.1787
41.7042
42.2161
42.7147
43.2003
43.6731
44.1332
44.5808
45.0158
45.4384
45.8484
53.362
53.0699
52.7726
52.4706
52.1639
51.8526
51.5369
51.2169
50.8927
50.5645
50.2324
49.8964
49.5567
49.2133
48.8665
48.5163
48.1628
47.8062
47.4466
47.0842
46.7191
46.3516
45.9818
45.6099
45.2363
44.8611
44.4846
44.1072
43.7293
43.3513
42.9737
42.5971
42.2219
41.8489
41.4786
41.1119
40.7494
40.3917
40.0394
39.6931
39.353
39.0193
38.6919
38.3706
38.0549
37.7443
37.4382
37.1357
36.8362
36.539
36.2433
35.9485
35.6541
35.3595
35.0644
34.7682
34.4707
34.1715
33.8702
33.5665
33.2601
32.9506
32.6376
32.3207
31.9992
31.6727
31.3405
31.0016
30.6553
30.3004
29.9356
29.5595
29.1702
28.7659
28.344
27.9018
27.4363
26.9442
26.4231
25.8724
25.2975
24.7153
24.1673
23.7397
23.5686
23.7723
24.341
25.1494
26.07
27.025
27.976
28.9059
29.8077
30.6795
31.5211
32.3335
33.1184
33.8773
34.6112
35.3221
36.0112
36.6794
37.3282
37.9586
38.5712
39.1668
39.7466
40.3109
40.8604
41.3955
41.9169
42.4248
42.9197
43.4019
43.8716
44.3291
44.7744
45.2078
45.6291
46.0383
46.4353
53.2489
52.9533
52.6525
52.3468
52.0364
51.7213
51.4017
51.0778
50.7496
50.4173
50.0809
49.7406
49.3965
49.0487
48.6972
48.3423
47.984
47.6224
47.2578
46.8902
46.5199
46.147
45.7718
45.3944
45.0152
44.6343
44.2523
43.8694
43.4862
43.103
42.7205
42.3393
41.9602
41.584
41.2114
40.8435
40.4812
40.1253
39.7766
39.436
39.1037
38.7802
38.4653
38.1587
37.8598
37.5681
37.2825
37.0022
36.7264
36.454
36.1843
35.9165
35.6502
35.3846
35.1194
34.8542
34.5887
34.3226
34.0556
33.7875
33.5181
33.2469
32.9738
32.6984
32.4202
32.1388
31.8536
31.5639
31.269
30.9678
30.6592
30.342
30.0145
29.6748
29.3209
28.9503
28.56
28.1469
27.7085
27.2436
26.7562
26.2601
25.79
25.418
25.2644
25.4464
25.9705
26.7255
27.5892
28.4868
29.3816
30.2576
31.1083
31.9316
32.7277
33.4973
34.2414
34.9619
35.6598
36.3365
36.9928
37.6303
38.2498
38.8522
39.4382
40.0086
40.5641
41.1053
41.6326
42.1466
42.6476
43.1361
43.6123
44.0766
44.5291
44.97
45.3996
45.8176
46.2241
46.6193
47.0027
53.1167
52.817
52.5121
52.2022
51.8874
51.5679
51.2438
50.9153
50.5824
50.2452
49.9039
49.5585
49.2092
48.856
48.499
48.1384
47.7743
47.4068
47.036
46.6622
46.2854
45.9059
45.5238
45.1395
44.7532
44.3652
43.976
43.5859
43.1954
42.8051
42.4157
42.028
41.6429
41.2613
40.8845
40.5134
40.1495
39.794
39.4479
39.1123
38.7878
38.4749
38.1735
37.8832
37.6032
37.3326
37.0703
36.8151
36.5658
36.3213
36.0807
35.843
35.6077
35.3741
35.1419
34.9106
34.68
34.45
34.2202
33.9906
33.761
33.5312
33.301
33.0702
32.8384
32.6052
32.3703
32.1331
31.8928
31.6488
31.3999
31.1452
30.8832
30.6123
30.3308
30.0365
29.7273
29.4005
29.0542
28.6881
28.3059
27.9204
27.5613
27.2876
27.195
27.3783
27.8476
28.5172
29.2873
30.0939
30.9043
31.7031
32.4836
33.2428
33.9801
34.6957
35.3903
36.0646
36.7195
37.3561
37.9753
38.5778
39.1643
39.7357
40.2925
40.8352
41.3645
41.8808
42.3846
42.8761
43.356
43.8241
44.2808
44.7265
45.1612
45.5853
45.9984
46.4008
46.7926
47.1733
47.5431
52.9633
52.6589
52.3493
52.0345
51.7147
51.39
51.0607
50.7267
50.3883
50.0454
49.6983
49.3469
48.9914
48.6318
48.2683
47.901
47.5299
47.1552
46.777
46.3954
46.0107
45.623
45.2326
44.8396
44.4444
44.0473
43.6488
43.2492
42.8491
42.4493
42.0504
41.6535
41.2595
40.8698
40.4857
40.1088
39.7407
39.3833
39.038
38.7062
38.3891
38.0871
37.8003
37.528
37.2692
37.0226
36.7866
36.5597
36.3403
36.127
35.9187
35.7144
35.5132
35.3146
35.1181
34.9235
34.7305
34.539
34.349
34.1603
33.973
33.7868
33.6017
33.4176
33.2341
33.0511
32.8683
32.6851
32.501
32.3155
32.1276
31.9364
31.7408
31.5396
31.3312
31.1142
30.8869
30.6479
30.3965
30.1337
29.8649
29.6032
29.3746
29.2246
29.2186
29.4167
29.8257
30.3921
31.0481
31.7452
32.4559
33.1651
33.8652
34.5522
35.2243
35.8804
36.5208
37.1455
37.7547
38.349
38.9289
39.4947
40.0471
40.5865
41.1132
41.6277
42.1304
42.6218
43.1017
43.5707
44.029
44.477
44.9144
45.3417
45.7588
46.1661
46.5632
46.9504
47.3273
47.6941
48.0502
52.7865
52.4768
52.1616
51.8411
51.5155
51.1849
50.8495
50.5092
50.1643
49.8148
49.4608
49.1024
48.7396
48.3725
48.0012
47.6258
47.2464
46.863
46.4759
46.085
45.6907
45.293
44.8921
44.4884
44.082
43.6734
43.2629
42.8511
42.4385
42.0259
41.6143
41.2045
40.798
40.3962
40.001
39.6143
39.2384
38.8756
38.5283
38.1985
37.8877
37.5968
37.3257
37.0735
36.8387
36.6194
36.4134
36.2186
36.033
35.8547
35.6824
35.5148
35.3509
35.1902
35.0323
34.8769
34.7239
34.5733
34.425
34.2792
34.1358
33.9948
33.8562
33.7198
33.5856
33.4534
33.3229
33.1937
33.0655
32.9377
32.8096
32.6805
32.5495
32.4156
32.2778
32.135
31.9863
31.8314
31.6708
31.5074
31.3482
31.2059
31.1022
31.0686
31.1435
31.3584
31.7164
32.1897
32.7388
33.331
33.9445
34.5657
35.1866
35.8022
36.4097
37.0075
37.5944
38.1702
38.7344
39.2872
39.8286
40.3588
40.8779
41.3861
41.8838
42.3712
42.8481
43.3151
43.7722
44.2197
44.6575
45.0858
45.505
45.9146
46.3152
46.7063
47.0882
47.4607
47.8237
48.1769
48.5204
52.584
52.2681
51.9466
51.6196
51.2874
50.9499
50.6074
50.2598
49.9074
49.5502
49.1882
48.8215
48.4501
48.0742
47.6937
47.3088
46.9194
46.5257
46.1278
45.7257
45.3197
44.9098
44.4962
44.0791
43.6589
43.2358
42.8103
42.3828
41.9541
41.5248
41.096
40.6688
40.2448
39.8258
39.414
39.012
38.6229
38.2498
37.8963
37.5653
37.2592
36.9793
36.7254
36.4962
36.2892
36.1015
35.9303
35.7724
35.6252
35.4864
35.3542
35.2271
35.1041
34.9844
34.8679
34.7542
34.6435
34.5358
34.4312
34.3297
34.2316
34.1367
34.0451
33.9569
33.8718
33.7899
33.7108
33.6343
33.5601
33.4877
33.4166
33.3461
33.2757
33.2046
33.132
33.0576
32.9809
32.9025
32.824
32.7494
32.6857
32.6444
32.6415
32.697
32.8321
33.0616
33.3867
33.7936
34.2609
34.7685
35.3007
35.8462
36.3975
36.9496
37.4991
38.0437
38.582
39.113
39.636
40.1506
40.6568
41.154
41.6424
42.1219
42.5926
43.0548
43.508
43.9525
44.3886
44.816
45.235
45.6453
46.0473
46.4407
46.8257
47.202
47.5698
47.9287
48.2788
48.6197
48.9512
52.3535
52.0305
51.7018
51.3674
51.0275
50.6821
50.3314
49.9756
49.6145
49.2483
48.877
48.5007
48.1194
47.7331
47.3418
46.9456
46.5445
46.1386
45.7278
45.3123
44.8922
44.4676
44.0385
43.6052
43.1679
42.7269
42.2825
41.8353
41.3859
40.935
40.4837
40.0334
39.5856
39.1426
38.7069
38.2821
37.8721
37.4815
37.1154
36.7785
36.4746
36.2056
35.9712
35.7691
35.5953
35.4454
35.315
35.2002
35.0975
35.0037
34.9166
34.8345
34.7563
34.6813
34.6092
34.5402
34.4742
34.4114
34.3521
34.2965
34.2445
34.1965
34.1523
34.1119
34.0754
34.0426
34.0134
33.9875
33.9646
33.9444
33.9265
33.9103
33.8955
33.8815
33.868
33.8548
33.8422
33.8312
33.8238
33.8242
33.8388
33.8764
33.9484
34.0671
34.2438
34.4858
34.7932
35.1588
35.5711
36.018
36.4888
36.975
37.4704
37.9702
38.4711
38.9708
39.4674
39.9599
40.447
40.9282
41.4031
41.8714
42.3326
42.7867
43.2337
43.6731
44.1051
44.5298
44.9468
45.3564
45.7582
46.1525
46.5389
46.9177
47.2887
47.6517
48.0066
48.3534
48.6918
49.0213
49.342
52.0925
51.7617
51.4248
51.0819
50.7333
50.379
50.0191
49.6536
49.2827
48.9062
48.5243
48.1369
47.744
47.3457
46.9419
46.5326
46.1177
45.6974
45.2716
44.8402
44.4034
43.9611
43.5135
43.0606
42.6026
42.1397
41.6722
41.2006
40.7252
40.247
39.7669
39.2862
38.8067
38.331
37.862
37.4041
36.9625
36.5439
36.1556
35.8055
35.4999
35.2421
35.0312
34.8628
34.7303
34.6268
34.5461
34.4826
34.4317
34.3899
34.3541
34.3225
34.2939
34.2677
34.244
34.2227
34.2043
34.1889
34.1769
34.1686
34.1641
34.1635
34.1669
34.1743
34.1856
34.2008
34.2197
34.2422
34.268
34.2968
34.3282
34.3621
34.398
34.4356
34.475
34.5163
34.5599
34.6071
34.6602
34.7228
34.8
34.8985
35.0258
35.1896
35.3963
35.6495
35.9491
36.291
36.6687
37.0748
37.5023
37.9449
38.3978
38.8569
39.3194
39.7828
40.2453
40.7057
41.1628
41.6162
42.0648
42.5082
42.9464
43.3786
43.8049
44.2249
44.6386
45.0457
45.4463
45.84
46.227
46.6071
46.9799
47.3458
47.7045
48.0556
48.3991
48.735
49.0629
49.3825
49.6935
51.7992
51.4595
51.1134
50.7611
50.4028
50.0384
49.668
49.2917
48.9095
48.5214
48.1274
47.7274
47.3214
46.9093
46.4911
46.0667
45.6361
45.1991
44.7557
44.3059
43.8496
43.3867
42.9173
42.4412
41.9586
41.4696
40.9742
40.4728
39.9658
39.4537
38.9375
38.4183
37.898
37.379
36.8649
36.3606
35.8729
35.4111
34.9865
34.6118
34.2985
34.0526
33.8723
33.7488
33.6703
33.6258
33.6064
33.6048
33.6155
33.6339
33.6569
33.6823
33.7091
33.7369
33.7659
33.7964
33.8289
33.8638
33.9016
33.9425
33.9868
34.0346
34.086
34.141
34.1997
34.262
34.3276
34.3966
34.4687
34.5437
34.6213
34.7014
34.7839
34.8685
34.9555
35.0452
35.1382
35.2359
35.3403
35.4543
35.5821
35.7282
35.8978
36.0958
36.3258
36.5899
36.8878
37.2172
37.5743
37.9543
38.3524
38.7642
39.1861
39.6147
40.0477
40.4828
40.9184
41.3533
41.7863
42.2165
42.6436
43.0666
43.4854
43.8993
44.3082
44.7117
45.1098
45.5022
45.8885
46.2688
46.643
47.0106
47.3719
47.7266
48.0744
48.4153
48.749
49.0752
49.3938
49.7046
50.0072
51.4719
51.1223
50.7661
50.4034
50.0342
49.6586
49.2766
48.8883
48.4936
48.0925
47.6849
47.2707
46.85
46.4224
45.988
45.5466
45.0981
44.6422
44.179
43.7082
43.2296
42.7431
42.2486
41.7458
41.2348
40.7153
40.1874
39.651
39.1065
38.554
37.9941
37.4279
36.8567
36.283
35.7103
35.1439
34.5921
34.0668
33.5851
33.1683
32.8376
32.6054
32.4677
32.4069
32.4014
32.4336
32.4907
32.5642
32.6476
32.736
32.826
32.9157
33.0042
33.0916
33.1783
33.265
33.3522
33.4406
33.5307
33.623
33.7176
33.8149
33.9149
34.0178
34.1234
34.2319
34.3432
34.4571
34.5736
34.6924
34.8136
34.937
35.0625
35.1902
35.3205
35.4536
35.5904
35.7321
35.8804
36.0377
36.207
36.3916
36.595
36.8204
37.07
37.3451
37.6455
37.9696
38.3152
38.679
39.058
39.4488
39.8487
40.2552
40.6662
41.0798
41.4947
41.9095
42.3235
42.7355
43.1451
43.5514
43.9544
44.3532
44.7478
45.1377
45.5226
45.9025
46.277
46.646
47.0091
47.3664
47.7177
48.0627
48.4013
48.7333
49.0584
49.3765
49.6872
49.9903
50.2855
51.1096
50.7493
50.3821
50.008
49.627
49.2391
48.8445
48.443
48.0346
47.6192
47.1967
46.767
46.33
45.8854
45.4331
44.973
44.5047
44.028
43.5427
43.0486
42.5454
42.0327
41.5102
40.9777
40.4348
39.8813
39.3168
38.741
38.1539
37.5553
36.9453
36.3245
35.6937
35.0548
34.4107
33.7667
33.1316
32.5199
31.955
31.4707
31.1067
30.8898
30.8126
30.8399
30.9328
31.0634
31.2151
31.378
31.5456
31.7133
31.8781
32.0389
32.1952
32.3475
32.4966
32.6435
32.7889
32.9336
33.0784
33.2238
33.37
33.5176
33.6665
33.8171
33.9693
34.1232
34.2789
34.4363
34.5954
34.7561
34.9184
35.0824
35.2481
35.4156
35.5854
35.7578
35.9337
36.1142
36.3006
36.4948
36.6991
36.9159
37.1475
37.396
37.663
37.9493
38.2546
38.5782
38.9183
39.273
39.64
40.0169
40.4017
40.7925
41.1874
41.5851
41.9843
42.3839
42.7828
43.1805
43.5761
43.9693
44.3595
44.7461
45.1289
45.5077
45.8819
46.2513
46.6159
46.9753
47.3294
47.678
48.0208
48.3576
48.6883
49.0127
49.3305
49.6415
49.9454
50.242
50.5308
50.7123
50.3406
49.9616
49.5753
49.1816
48.7807
48.3725
47.9568
47.5337
47.103
46.6646
46.2182
45.7638
45.301
44.8295
44.3492
43.8598
43.3608
42.852
42.3329
41.8032
41.2625
40.7102
40.1459
39.569
38.979
38.3754
37.7574
37.1246
36.4765
35.8125
35.1326
34.437
33.7264
33.0031
32.2714
31.5396
30.8235
30.1518
29.573
29.1553
28.9528
28.9551
29.0969
29.3128
29.5618
29.8235
30.0875
30.348
30.6017
30.8469
31.0834
31.3116
31.5324
31.7471
31.9567
32.1624
32.3652
32.5659
32.7651
32.9634
33.1612
33.3588
33.5564
33.7542
33.9525
34.1511
34.3504
34.5502
34.7506
34.9518
35.1539
35.357
35.5613
35.7673
35.9755
36.1865
36.4014
36.6212
36.8475
37.0819
37.3262
37.582
37.8509
38.1338
38.4312
38.7432
39.0691
39.4078
39.758
40.1179
40.4862
40.8609
41.2408
41.6244
42.0104
42.3978
42.7858
43.1735
43.5599
43.9448
44.3275
44.7075
45.0842
45.4576
45.8272
46.1926
46.5537
46.9101
47.2617
47.6081
47.9493
48.285
48.615
48.9391
49.257
49.5686
49.8736
50.1717
50.4627
50.7461
50.2811
49.8976
49.5062
49.1071
48.7002
48.2856
47.8631
47.4327
46.9943
46.5476
46.0926
45.6288
45.1563
44.6745
44.1832
43.6821
43.1707
42.6487
42.1157
41.5711
41.0143
40.445
39.8623
39.2657
38.6544
38.0276
37.3845
36.7242
36.0458
35.3483
34.6307
33.8923
33.1324
32.3512
31.5496
30.7309
29.9026
29.0806
28.297
27.6137
27.1298
26.9361
27.0219
27.2864
27.6329
28.0071
28.3838
28.7524
29.1085
29.4502
29.7774
30.091
30.3921
30.6822
30.9629
31.2357
31.5018
31.7624
32.0186
32.271
32.5204
32.7673
33.0122
33.2554
33.4972
33.7379
33.9776
34.2165
34.4549
34.6928
34.9304
35.168
35.4057
35.644
35.8831
36.1237
36.3663
36.6118
36.8612
37.1156
37.3763
37.6445
37.9216
38.2085
38.5061
38.8146
39.134
39.4641
39.804
40.1528
40.5094
40.8725
41.2409
41.6135
41.9892
42.3669
42.7459
43.1251
43.5041
43.8822
44.2587
44.6331
45.0049
45.374
45.7397
46.1019
46.4602
46.8143
47.164
47.5091
47.8492
48.1843
48.5142
48.8385
49.157
49.4695
49.7759
50.076
50.3691
50.6553
50.9341
49.8186
49.4228
49.0189
48.6068
48.1864
47.7578
47.321
46.8756
46.4216
45.9588
45.487
45.0059
44.5151
44.0143
43.5033
42.9814
42.4485
41.9038
41.347
40.7773
40.1943
39.5973
38.9854
38.3579
37.7139
37.0525
36.3726
35.673
34.9527
34.2102
33.4443
32.6538
31.8376
30.995
30.1264
29.2345
28.3261
27.4172
26.5428
25.774
25.232
25.0355
25.1807
25.5439
26.003
26.4892
26.9719
27.4387
27.8855
28.3116
28.7178
29.1057
29.4772
29.8343
30.1788
30.5124
30.8366
31.1528
31.4621
31.7654
32.0635
32.3571
32.6469
32.9332
33.2164
33.497
33.7752
34.0513
34.3256
34.5982
34.8696
35.1399
35.4095
35.6787
35.9479
36.2177
36.4887
36.7615
37.037
37.3162
37.5999
37.8893
38.1852
38.4884
38.7994
39.1186
39.446
39.7813
40.1241
40.4736
40.8291
41.1897
41.5544
41.9223
42.2927
42.6647
43.0375
43.4105
43.7831
44.1547
44.5245
44.8926
45.2582
45.621
45.9808
46.337
46.6895
47.038
47.3824
47.7221
48.0571
48.3871
48.712
49.0316
49.3455
49.6535
49.9555
50.2513
50.5403
50.8226
51.0974
49.3285
48.9207
48.5043
48.0793
47.6457
47.2034
46.7524
46.2924
45.8232
45.3448
44.8567
44.3587
43.8504
43.3316
42.8017
42.2603
41.7069
41.1411
40.5621
39.9695
39.3625
38.7404
38.1023
37.4474
36.7748
36.0833
35.3719
34.6393
33.8841
33.1051
32.3006
31.4694
30.6102
29.7221
28.8054
27.8626
26.9006
25.936
25.0051
24.1829
23.5986
23.3854
23.5529
23.9746
24.5127
25.0853
25.6545
26.2049
26.7313
27.2328
27.7105
28.1663
28.6025
29.0212
29.4246
29.8145
30.1925
30.5601
30.9185
31.2689
31.6121
31.949
32.2801
32.6062
32.9276
33.2449
33.5585
33.8687
34.1759
34.4803
34.7825
35.0826
35.381
35.6782
35.9745
36.2705
36.5668
36.8639
37.1626
37.4635
37.7676
38.0756
38.3882
38.706
39.0295
39.3588
39.6941
40.0352
40.3818
40.7334
41.0894
41.4492
41.8121
42.1774
42.5444
42.9125
43.281
43.6494
44.0173
44.3839
44.7491
45.1122
45.4729
45.8309
46.1858
46.5375
46.8854
47.2293
47.5691
47.9044
48.2353
48.5612
48.882
49.1975
49.5077
49.812
50.1104
50.4025
50.6882
50.967
51.2387
48.8163
48.3969
47.9686
47.5314
47.0851
46.6299
46.1654
45.6917
45.2084
44.7154
44.2122
43.6987
43.1745
42.6392
42.0924
41.5335
40.9621
40.3777
39.7796
39.1673
38.5399
37.8969
37.2372
36.5601
35.8647
35.1497
34.4142
33.6569
32.8765
32.0716
31.2409
30.3829
29.4967
28.5814
27.6376
26.6678
25.6792
24.6884
23.7314
22.8816
22.2659
22.0232
22.1818
22.6256
23.21
23.8416
24.475
25.0909
25.6822
26.2469
26.7858
27.3005
27.7934
28.2666
28.7222
29.1621
29.5882
30.0018
30.4043
30.797
31.1807
31.5565
31.9249
32.2868
32.6427
32.9932
33.3386
33.6796
34.0164
34.3495
34.6793
35.0062
35.3305
35.6528
35.9733
36.2926
36.6113
36.9299
37.2489
37.5692
37.8912
38.2156
38.5431
38.874
39.2088
39.5476
39.8906
40.2377
40.5886
40.943
41.3006
41.6608
42.0231
42.3871
42.7521
43.1177
43.4835
43.8487
44.2131
44.5762
44.9377
45.297
45.654
46.0081
46.3593
46.7072
47.0514
47.3917
47.7278
48.0598
48.3871
48.7095
49.0272
49.3395
49.6464
49.9476
50.2431
50.5322
50.815
51.091
51.36
48.2885
47.8585
47.4192
46.9708
46.5131
46.0462
45.5697
45.0837
44.5878
44.0819
43.5656
43.0387
42.5008
41.9515
41.3904
40.817
40.2308
39.6314
39.018
38.3902
37.7473
37.0884
36.4129
35.7199
35.0085
34.2777
33.5265
32.7537
31.9582
31.1388
30.2942
29.4233
28.5252
27.5994
26.6465
25.6693
24.6749
23.679
22.7157
21.8528
21.2096
20.9268
21.0545
21.4949
22.101
22.7695
23.448
24.1128
24.7544
25.3698
25.9588
26.5227
27.0634
27.5829
28.0833
28.5666
29.0342
29.4879
29.9291
30.3588
30.7782
31.1882
31.5896
31.9831
32.3696
32.7494
33.1232
33.4915
33.8547
34.2133
34.5677
34.9183
35.2657
35.6101
35.952
36.292
36.6304
36.9679
37.3049
37.642
37.9798
38.3188
38.6594
39.0021
39.3471
39.6947
40.045
40.3979
40.7533
41.111
41.4708
41.8322
42.1949
42.5585
42.9226
43.2868
43.6507
44.0138
44.3757
44.7363
45.0951
45.4517
45.8057
46.1569
46.5051
46.8501
47.1913
47.5287
47.8622
48.1911
48.5157
48.8354
49.1504
49.4599
49.7643
50.063
50.3559
50.6427
50.9231
51.1969
51.4637
47.7527
47.3134
46.8646
46.4065
45.939
45.462
44.9754
44.479
43.9727
43.4562
42.9292
42.3915
41.8427
41.2824
40.7103
40.1259
39.5288
38.9185
38.2944
37.6559
37.0025
36.3336
35.6482
34.9458
34.2255
33.4865
32.7277
31.9483
31.1471
30.3232
29.4754
28.6029
27.7048
26.7809
25.8318
24.8603
23.8729
22.884
21.9242
21.0545
20.384
20.0535
20.1355
20.5552
21.1665
21.8568
22.5663
23.267
23.9471
24.6022
25.2314
25.8352
26.4153
26.9734
27.5114
28.0312
28.5343
29.0222
29.4965
29.9581
30.4083
30.848
31.2781
31.6993
32.1124
32.518
32.9167
33.309
33.6954
34.0764
34.4525
34.8241
35.1917
35.5556
35.9164
36.2744
36.6303
36.9843
37.3371
37.689
38.0407
38.3924
38.7447
39.0979
39.4522
39.8078
40.1649
40.5234
40.8833
41.2445
41.6068
41.9699
42.3336
42.6976
43.0615
43.425
43.7877
44.1496
44.51
44.8687
45.2254
45.58
45.9318
46.2808
46.6269
46.9694
47.3083
47.6436
47.9746
48.3014
48.6236
48.9412
49.2538
49.5614
49.8636
50.1601
50.451
50.7359
51.0143
51.2862
51.5512
47.2171
46.7701
46.3137
45.8478
45.3723
44.8874
44.3928
43.8885
43.3741
42.8497
42.3148
41.7692
41.2127
40.6449
40.0654
39.4738
38.8698
38.2529
37.6226
36.9783
36.3196
35.6459
34.9565
34.2508
33.5279
32.7873
32.0279
31.249
30.4497
29.629
28.7859
27.9197
27.0296
26.1155
25.1779
24.2191
23.2449
22.2682
21.3158
20.4414
19.7437
19.3612
19.3874
19.7738
20.3788
21.0808
21.8116
22.5389
23.2486
23.9348
24.5959
25.232
25.8442
26.4341
27.0034
27.5537
28.0866
28.6035
29.1058
29.5947
30.0713
30.5366
30.9914
31.4365
31.8728
32.3007
32.721
33.1343
33.541
33.9416
34.3367
34.7267
35.112
35.4931
35.8704
36.2443
36.6153
36.9839
37.3505
37.7154
38.0792
38.4422
38.8048
39.1673
39.5299
39.8929
40.2562
40.6201
40.9844
41.3491
41.7141
42.0793
42.4443
42.809
43.1732
43.5366
43.8989
44.2599
44.6192
44.9769
45.3322
45.6851
46.0356
46.3829
46.7272
47.068
47.4053
47.7385
48.0678
48.3927
48.7133
49.0289
49.3399
49.6457
49.9463
50.2411
50.5304
50.8136
51.0906
51.361
51.6245
46.6899
46.2372
45.775
45.3034
44.8223
44.3318
43.8317
43.3219
42.8022
42.2726
41.7327
41.1824
40.6214
40.0494
39.4661
38.8711
38.2641
37.6446
37.0123
36.3667
35.7073
35.0336
34.345
33.6408
32.9206
32.1835
31.4288
30.6558
29.8635
29.0511
28.2177
27.3626
26.485
25.5845
24.6618
23.7187
22.76
21.7968
20.8524
19.974
19.2501
18.8143
18.7779
19.121
19.7106
20.4168
21.1622
21.9097
22.6425
23.3535
24.0403
24.7026
25.3411
25.9572
26.5524
27.1282
27.6861
28.2275
28.7536
29.2658
29.7649
30.2521
30.7281
31.1939
31.6501
32.0975
32.5366
32.9681
33.3925
33.8103
34.2219
34.628
35.0288
35.4249
35.8166
36.2045
36.5888
36.9701
37.3487
37.7251
38.0996
38.4725
38.8443
39.215
39.5851
39.9547
40.3238
40.6926
41.0611
41.4293
41.7971
42.1644
42.531
42.8968
43.2617
43.6253
43.9876
44.3482
44.7072
45.0639
45.4185
45.7703
46.1196
46.4657
46.8088
47.1482
47.4841
47.8159
48.1439
48.4675
48.7865
49.1009
49.4104
49.7149
50.014
50.3075
50.5955
50.8774
51.1531
51.4224
51.6847
46.1791
45.7227
45.2569
44.7817
44.2973
43.8035
43.3003
42.7876
42.2653
41.7333
41.1914
40.6393
40.0769
39.5038
38.9199
38.3248
37.7182
37.0997
36.4691
35.8257
35.1692
34.4992
33.815
33.1163
32.4022
31.6723
30.9257
30.1618
29.3796
28.5784
27.7573
26.9155
26.0521
25.1669
24.2599
23.3327
22.3894
21.4394
20.5028
19.6206
18.872
18.3838
18.2807
18.5722
19.1386
19.8428
20.5979
21.3609
22.1122
22.8434
23.5513
24.2352
24.8956
25.5336
26.1505
26.7478
27.3268
27.8888
28.4353
28.9671
29.4856
29.9916
30.4859
30.9695
31.4431
31.9072
32.3628
32.8101
33.2499
33.6826
34.1088
34.5288
34.9432
35.3525
35.7569
36.1569
36.5529
36.9454
37.3346
37.721
38.1049
38.4866
38.8664
39.2446
39.6214
39.9969
40.3714
40.7448
41.1173
41.4888
41.8593
42.2288
42.5972
42.9643
43.33
43.6943
44.0568
44.4176
44.7761
45.1326
45.4864
45.8378
46.1861
46.5316
46.8737
47.2121
47.547
47.878
48.2047
48.5272
48.8452
49.1586
49.467
49.7704
50.0683
50.3609
50.6478
50.9288
51.2035
51.4718
51.7333
45.6915
45.2335
44.7662
44.2897
43.8041
43.3093
42.8054
42.2922
41.7698
41.2379
40.6964
40.1452
39.584
39.0127
38.4309
37.8385
37.2351
36.6204
35.994
35.3556
34.7047
34.041
33.3639
32.6728
31.9673
31.2465
30.51
29.7568
28.9862
28.1974
27.3894
26.5613
25.7124
24.8421
23.9504
23.0384
22.1094
21.1715
20.2419
19.3565
18.5853
18.0472
17.8754
18.1082
18.644
19.3408
20.1014
20.8764
21.6429
22.391
23.1167
23.8188
24.4977
25.1542
25.7895
26.405
27.0019
27.5817
28.1455
28.6944
29.2295
29.7517
30.2619
30.7609
31.2495
31.7284
32.1981
32.6593
33.1126
33.5584
33.9972
34.4296
34.856
35.2767
35.6922
36.103
36.5093
36.9115
37.3101
37.7054
38.0976
38.487
38.874
39.2588
39.6416
40.0226
40.4019
40.7796
41.1558
41.5305
41.9037
42.2754
42.6456
43.0141
43.381
43.746
44.109
44.4699
44.8287
45.1849
45.5387
45.8895
46.2375
46.5824
46.9239
47.2616
47.5958
47.926
48.252
48.5738
48.8908
49.2033
49.5109
49.8135
50.1107
50.4025
50.6886
50.9688
51.2429
51.5105
51.7714
45.233
44.7752
44.3084
43.8325
43.3478
42.8541
42.3516
41.8401
41.3196
40.7899
40.2511
39.7029
39.1451
38.5776
38.0001
37.4124
36.8142
36.2052
35.5851
34.9534
34.3099
33.6541
32.9854
32.3033
31.6074
30.8968
30.171
29.4291
28.6704
27.8939
27.0988
26.2841
25.4489
24.5927
23.7151
22.817
21.9011
20.9741
20.0509
19.1627
18.3715
17.7867
17.5461
17.7145
18.2125
18.8966
19.6592
20.4433
21.2225
21.9849
22.7258
23.4437
24.1384
24.8108
25.462
26.0932
26.7057
27.3008
27.8796
28.4433
28.9928
29.5291
30.0532
30.5657
31.0674
31.5591
32.0413
32.5147
32.9798
33.4371
33.8872
34.3304
34.7672
35.1981
35.6235
36.0436
36.459
36.87
37.2768
37.6799
38.0794
38.4758
38.8693
39.26
39.6482
40.0341
40.4178
40.7995
41.1791
41.5568
41.9327
42.3066
42.6786
43.0486
43.4166
43.7825
44.1463
44.5077
44.8666
45.2231
45.5767
45.9275
46.2753
46.6198
46.9609
47.2982
47.6318
47.9615
48.287
48.6082
48.9248
49.2367
49.5437
49.8456
50.1423
50.4335
50.719
50.9987
51.2722
51.5393
51.7996
44.8078
44.352
43.8873
43.4138
42.9317
42.4409
41.9414
41.4333
40.9165
40.3908
39.8563
39.3127
38.7599
38.1977
37.626
37.0444
36.4527
35.8507
35.2379
34.614
33.9787
33.3315
32.6718
31.9993
31.3132
30.6129
29.8978
29.167
28.4197
27.6551
26.8721
26.0698
25.2474
24.404
23.5392
22.6537
21.7495
20.8324
19.9151
19.0248
18.2161
17.5887
17.2805
17.38
17.8333
18.4995
19.2606
20.0513
20.841
21.6159
22.3701
23.1017
23.8103
24.4967
25.1618
25.8068
26.4329
27.0414
27.6334
28.2099
28.7721
29.3209
29.857
30.3814
30.8947
31.3977
31.8909
32.3751
32.8506
33.3181
33.7781
34.2309
34.6771
35.117
35.551
35.9796
36.403
36.8216
37.2358
37.6458
38.052
38.4545
38.8537
39.2498
39.643
40.0333
40.4211
40.8064
41.1893
41.5699
41.9482
42.3242
42.6981
43.0696
43.4389
43.8058
44.1703
44.5323
44.8919
45.2484
45.6023
45.9532
46.3009
46.6453
46.9861
47.3232
47.6566
47.9859
48.311
48.6318
48.9482
49.2597
49.5662
49.8677
50.164
50.4547
50.74
51.0192
51.2923
51.5591
51.8193
44.4188
43.9664
43.5052
43.0355
42.5573
42.0707
41.5757
41.0722
40.5603
40.0398
39.5107
38.9729
38.4261
37.8703
37.3052
36.7305
36.1461
35.5516
34.9466
34.3309
33.7041
33.0656
32.415
31.7518
31.0754
30.385
29.6801
28.9597
28.2232
27.4695
26.6976
25.9068
25.0959
24.2641
23.411
22.5369
21.6434
20.7352
19.8235
18.9318
18.108
17.4423
17.0691
17.0964
17.4984
18.1412
18.8973
19.6924
20.4909
21.2766
22.0425
22.7864
23.5075
24.2062
24.8837
25.5409
26.1791
26.7994
27.4031
27.9911
28.5645
29.1243
29.6712
30.2061
30.7297
31.2427
31.7458
32.2395
32.7243
33.2009
33.6697
34.131
34.5855
35.0334
35.4752
35.9112
36.3418
36.7674
37.1881
37.6043
38.0164
38.4245
38.8289
39.2298
39.6274
40.0219
40.4134
40.8021
41.188
41.5713
41.9519
42.3301
42.7057
43.0788
43.4493
43.8174
44.1828
44.5455
44.9055
45.2626
45.6168
45.9678
46.3156
46.66
47.0009
47.338
47.6712
48.0004
48.3253
48.6458
48.9618
49.273
49.5793
49.8807
50.1767
50.4672
50.7522
51.0312
51.3041
51.5708
51.8307
44.0672
43.6192
43.1627
42.6978
42.2246
41.7431
41.2534
40.7555
40.2493
39.7348
39.2119
38.6804
38.1402
37.5912
37.0331
36.4657
35.8887
35.3019
34.7049
34.0973
33.4787
32.8488
32.2069
31.5526
30.8852
30.2042
29.5087
28.798
28.0713
27.3276
26.566
25.7854
24.9851
24.1639
23.3213
22.4575
21.5737
20.6739
19.7676
18.8751
18.0386
17.3388
16.9042
16.8573
17.2019
17.8156
18.5631
19.3604
20.166
20.9612
21.7378
22.4926
23.2249
23.9349
24.6234
25.2917
25.9407
26.5717
27.1858
27.7841
28.3676
28.9372
29.4938
30.0381
30.5709
31.0929
31.6048
32.107
32.6002
33.0849
33.5615
34.0306
34.4925
34.9476
35.3963
35.839
36.2761
36.7078
37.1344
37.5562
37.9736
38.3867
38.7958
39.2011
39.6028
40.0011
40.396
40.7878
41.1766
41.5624
41.9453
42.3255
42.7028
43.0775
43.4493
43.8184
44.1848
44.5483
44.9088
45.2665
45.621
45.9724
46.3204
46.6649
47.0058
47.3432
47.6764
48.0055
48.3304
48.6508
48.9669
49.278
49.5841
49.8852
50.1812
50.4716
50.7565
51.0353
51.3081
51.5747
51.8346
43.753
43.3102
42.8591
42.3996
41.932
41.4563
40.9725
40.4806
39.9806
39.4725
38.956
38.4312
37.8978
37.3557
36.8046
36.2445
35.6749
35.0955
34.5061
33.9063
33.2957
32.6737
32.04
31.394
30.7351
30.0626
29.3758
28.674
27.9562
27.2217
26.4693
25.6983
24.9074
24.0958
23.2629
22.4085
21.5337
20.6417
19.7407
18.8482
18.0011
17.2712
16.7794
16.6579
16.9394
17.5181
18.2533
19.0505
19.8618
20.6653
21.4514
22.2163
22.9588
23.6791
24.3778
25.056
25.7148
26.3555
26.9791
27.5867
28.1793
28.7578
29.3231
29.8759
30.417
30.9472
31.4669
31.9769
32.4776
32.9696
33.4534
33.9293
34.3979
34.8595
35.3145
35.7633
36.2061
36.6434
37.0754
37.5023
37.9245
38.3421
38.7555
39.1648
39.5703
39.972
40.3701
40.7648
41.1562
41.5444
41.9295
42.3116
42.6906
43.0668
43.44
43.8102
44.1775
44.5418
44.9032
45.2614
45.6164
45.9682
46.3165
46.6613
47.0024
47.3398
47.6732
48.0024
48.3273
48.6479
48.9638
49.2748
49.5812
49.8822
50.1782
50.4685
50.7534
51.0322
51.3052
51.5717
51.8318
43.4752
43.038
42.5926
42.139
41.6774
41.2077
40.7301
40.2444
39.7507
39.249
38.7391
38.2208
37.6941
37.1588
36.6146
36.0614
35.4988
34.9266
34.3444
33.7519
33.1487
32.5342
31.908
31.2697
30.6185
29.9538
29.275
28.5812
27.8716
27.1454
26.4015
25.639
24.8569
24.0542
23.2301
22.3845
21.518
20.6334
19.7375
18.8456
17.9899
17.234
16.6896
16.4942
16.7078
17.2455
17.9643
18.759
19.5745
20.3853
21.1801
21.9542
22.7062
23.4358
24.1439
24.8313
25.4992
26.1487
26.781
27.3971
27.998
28.5846
29.1578
29.7184
30.2671
30.8046
31.3315
31.8485
32.3561
32.8547
33.3449
33.8271
34.3018
34.7693
35.23
35.6842
36.1324
36.5747
37.0115
37.443
37.8696
38.2914
38.7087
39.1217
39.5306
39.9355
40.3366
40.734
41.1279
41.5184
41.9055
42.2894
42.6701
43.0477
43.4222
43.7936
44.1619
44.5271
44.8892
45.248
45.6035
45.9559
46.3046
46.6497
46.991
47.3287
47.6623
47.9916
48.3168
48.6374
48.9533
49.2647
49.5709
49.8722
50.168
50.4586
50.7435
51.0225
51.2955
51.5623
51.8224
43.2317
42.8004
42.3609
41.9133
41.4577
40.9941
40.5226
40.0431
39.5557
39.0602
38.5566
38.0448
37.5245
36.9957
36.458
35.9113
35.3554
34.7898
34.2143
33.6286
33.0321
32.4245
31.8053
31.1739
30.5298
29.8723
29.2008
28.5144
27.8123
27.0937
26.3575
25.6029
24.8288
24.0343
23.2185
22.381
21.5223
20.6447
19.754
18.8633
18.0007
17.2223
16.6303
16.3631
16.5046
16.9953
17.6933
18.4831
19.3013
20.1184
20.9211
21.7038
22.4645
23.2029
23.9196
24.6156
25.2919
25.9496
26.5899
27.2138
27.8224
28.4164
28.9969
29.5646
30.1202
30.6645
31.198
31.7214
32.2351
32.7398
33.236
33.7239
34.2041
34.677
35.1429
35.6021
36.0551
36.502
36.9432
37.379
37.8096
38.2353
38.6562
39.0725
39.4846
39.8924
40.2963
40.6962
41.0925
41.4851
41.8742
42.2598
42.6422
43.0212
43.3969
43.7694
44.1387
44.5048
44.8677
45.2272
45.5833
45.936
46.2853
46.6308
46.9725
47.3105
47.6443
47.974
48.2993
48.62
48.9363
49.2476
49.5541
49.8556
50.1516
50.4423
50.7273
51.0064
51.2797
51.5466
51.8071
43.02
42.5946
42.161
41.7193
41.2696
40.812
40.3464
39.873
39.3916
38.9021
38.4046
37.8987
37.3845
36.8617
36.3302
35.7896
35.2398
34.6804
34.1111
33.5316
32.9413
32.3401
31.7272
31.1022
30.4646
29.8137
29.1488
28.4691
27.7739
27.0624
26.3334
25.5861
24.8194
24.0325
23.2243
22.3945
21.5433
20.6724
19.7868
18.8979
18.0299
17.2324
16.5977
16.2616
16.3283
16.766
17.4384
18.2205
19.04
19.8624
20.6722
21.4628
22.2317
22.9784
23.7033
24.4072
25.0913
25.7567
26.4045
27.0357
27.6513
28.2522
28.8394
29.4137
29.9757
30.5262
31.0658
31.595
32.1146
32.6248
33.1264
33.6196
34.1049
34.5827
35.0533
35.5172
35.9745
36.4257
36.871
37.3107
37.745
38.1741
38.5983
39.0178
39.4328
39.8434
40.2498
40.6522
41.0506
41.4453
41.8362
42.2236
42.6074
42.9878
43.3648
43.7384
44.1087
44.4757
44.8393
45.1995
45.5564
45.9096
46.2592
46.6053
46.9474
47.2857
47.6198
47.9498
48.2753
48.5965
48.9128
49.2245
49.5312
49.8327
50.1291
50.42
50.7052
50.9846
51.258
51.5253
51.786
42.8375
42.4177
41.9898
41.5539
41.1099
40.658
40.1981
39.7303
39.2546
38.7708
38.2789
37.7787
37.2701
36.753
36.2271
35.6922
35.148
34.5942
34.0306
33.4568
32.8723
32.2768
31.6698
31.0507
30.4191
29.7742
29.1154
28.442
27.7532
27.0481
26.3258
25.5853
24.8257
24.0457
23.2448
22.4222
21.578
20.7137
19.8333
18.9466
18.0747
17.261
16.5884
16.1873
16.1775
16.5563
17.1982
17.9696
18.7887
19.6154
20.4317
21.2297
22.0063
22.7608
23.4933
24.2049
24.8963
25.5689
26.2236
26.8616
27.4838
28.0912
28.6847
29.265
29.833
30.3893
30.9345
31.4692
31.994
32.5095
33.016
33.5141
34.0041
34.4864
34.9614
35.4295
35.8909
36.346
36.7951
37.2383
37.6761
38.1085
38.5358
38.9582
39.3759
39.7891
40.1979
40.6025
41.003
41.3996
41.7922
42.1812
42.5665
42.9483
43.3265
43.7012
44.0725
44.4403
44.8047
45.1657
45.5231
45.877
46.2271
46.5737
46.9162
47.2549
47.5893
47.9196
48.2456
48.5669
48.8837
49.1956
49.5024
49.8043
50.1009
50.392
50.6776
50.9572
51.2309
51.4985
51.7596
42.681
42.2668
41.8443
41.4138
40.9752
40.5286
40.0741
39.6117
39.1412
38.6627
38.176
37.6811
37.1777
36.6658
36.1451
35.6154
35.0764
34.5279
33.9695
33.4009
32.8217
32.2316
31.6299
31.0163
30.3901
29.7508
29.0978
28.4302
27.7473
27.0483
26.3322
25.5981
24.8449
24.0717
23.2776
22.4619
21.6244
20.7664
19.8912
19.0071
18.1325
17.3053
16.5995
16.1378
16.0512
16.3658
16.9717
17.7291
18.546
19.3761
20.1982
21.0031
21.787
22.5488
23.2887
24.0073
24.7058
25.3852
26.0465
26.6909
27.3194
27.9328
28.5321
29.1182
29.6917
30.2533
30.8037
31.3436
31.8733
32.3936
32.9047
33.4073
33.9017
34.3882
34.8673
35.3393
35.8046
36.2633
36.7158
37.1624
37.6033
38.0387
38.4689
38.894
39.3143
39.7298
40.1409
40.5476
40.9501
41.3485
41.7428
42.1333
42.52
42.9031
43.2824
43.6582
44.0305
44.3992
44.7644
45.126
45.4842
45.8385
46.1893
46.5362
46.8793
47.2184
47.5532
47.8839
48.2102
48.5319
48.8488
49.1611
49.4684
49.7705
50.0674
50.3588
50.6447
50.9246
51.1986
51.4667
51.7281
42.5479
42.1388
41.7215
41.296
40.8625
40.4209
39.9714
39.5139
39.0483
38.5747
38.0929
37.6028
37.1043
36.5971
36.0812
35.5563
35.0221
34.4784
33.9248
33.3611
32.7868
32.2016
31.6049
30.9963
30.3753
29.7412
29.0934
28.4313
27.7539
27.0606
26.3503
25.6222
24.8752
24.1084
23.3208
22.5116
21.6807
20.8288
19.9587
19.0776
18.2014
17.3631
16.6283
16.1111
15.9483
16.194
16.7582
17.4981
18.3109
19.1433
19.9706
20.7818
21.5726
22.3415
23.0884
23.8139
24.519
25.2048
25.8724
26.5228
27.1572
27.7764
28.3812
28.9726
29.5513
30.118
30.6734
31.218
31.7523
32.277
32.7925
33.2993
33.7977
34.2882
34.7711
35.2467
35.7155
36.1776
36.6334
37.083
37.5269
37.9651
38.398
38.8256
39.2483
39.6661
40.0793
40.488
40.8923
41.2924
41.6884
42.0803
42.4684
42.8527
43.2332
43.61
43.9832
44.3528
44.7188
45.0811
45.4398
45.7949
46.1462
46.4935
46.8371
47.1766
47.5118
47.8429
48.1695
48.4916
48.809
49.1216
49.4292
49.7315
50.0287
50.3204
50.6066
50.8871
51.1615
51.4298
51.6916
42.4354
42.0311
41.6185
41.1977
40.7689
40.332
39.8871
39.4342
38.9731
38.504
38.0267
37.5411
37.047
36.5443
36.0328
35.5123
34.9826
34.4433
33.8942
33.3349
32.7652
32.1845
31.5925
30.9886
30.3723
29.7432
29.1004
28.4433
27.7712
27.0832
26.3785
25.6561
24.915
24.1542
23.3727
22.5698
21.7451
20.8992
20.0344
19.1566
18.2796
17.4323
16.6726
16.1049
15.868
16.0408
16.5577
17.276
18.0826
18.9161
19.7478
20.5651
21.3624
22.138
22.8915
23.6236
24.3351
25.0271
25.7007
26.3569
26.9968
27.6214
28.2316
28.828
29.4117
29.9831
30.5431
31.0921
31.6308
32.1598
32.6793
33.19
33.6922
34.1864
34.6728
35.1519
35.6239
36.0892
36.548
37.0006
37.4472
37.888
38.3234
38.7534
39.1783
39.5983
40.0135
40.424
40.8301
41.2318
41.6293
42.0227
42.412
42.7975
43.1791
43.5569
43.931
44.3014
44.6682
45.0312
45.3906
45.7463
46.0979
46.4459
46.7899
47.1299
47.4655
47.7969
48.1239
48.4464
48.7641
49.077
49.3849
49.6877
49.9852
50.2773
50.5638
50.8447
51.1195
51.3881
51.6504
42.3409
41.941
41.5329
41.1165
40.692
40.2594
39.8188
39.3701
38.9132
38.4483
37.9751
37.4936
37.0036
36.505
35.9977
35.4813
34.9556
34.4205
33.8755
33.3205
32.755
32.1786
31.5909
30.9914
30.3797
29.755
29.1169
28.4647
27.7975
27.1146
26.4151
25.6982
24.9627
24.2076
23.4321
22.6353
21.8167
20.9766
20.1169
19.2427
18.3659
17.5114
16.7303
16.1173
15.8093
15.9064
16.37
17.0624
17.8603
18.6937
19.5292
20.352
21.1556
21.9376
22.6976
23.4359
24.1536
24.8515
25.5308
26.1926
26.8379
27.4676
28.0828
28.6841
29.2724
29.8484
30.4127
30.966
31.5088
32.0417
32.565
33.0794
33.5853
34.0828
34.5726
35.0549
35.53
35.9982
36.4598
36.9151
37.3643
37.8077
38.2454
38.6777
39.1047
39.5267
39.9437
40.356
40.7637
41.167
41.5659
41.9606
42.3512
42.7378
43.1205
43.4993
43.8743
44.2455
44.6129
44.9767
45.3366
45.6928
46.0452
46.3936
46.7381
47.0785
47.4146
47.7463
48.0736
48.3964
48.7147
49.028
49.3362
49.6393
49.9372
50.2296
50.5165
50.7977
51.0729
51.3419
51.6046
42.2621
41.8664
41.4623
41.05
40.6296
40.201
39.7643
39.3195
38.8665
38.4055
37.9361
37.4585
36.9723
36.4775
35.9739
35.4613
34.9395
34.4083
33.8672
33.3161
32.7545
32.1821
31.5985
31.0032
30.3957
29.7755
29.1418
28.4941
27.8316
27.1536
26.4591
25.7473
25.0171
24.2676
23.4978
22.7069
21.8941
21.0598
20.2053
19.3349
18.4588
17.5988
16.7996
16.1464
15.7711
15.7907
16.1955
16.8571
17.6436
18.4755
19.3142
20.142
20.9515
21.7397
22.5059
23.2504
23.9739
24.6776
25.3625
26.0296
26.68
27.3147
27.9346
28.5405
29.1333
29.7135
30.282
30.8393
31.386
31.9226
32.4497
32.9676
33.4767
33.9776
34.4705
34.9558
35.4338
35.9048
36.3691
36.8269
37.2786
37.7243
38.1642
38.5986
39.0276
39.4514
39.8703
40.2843
40.6936
41.0983
41.4986
41.8945
42.2863
42.674
43.0576
43.4373
43.8131
44.1851
44.5533
44.9177
45.2783
45.6351
45.988
46.3369
46.6818
47.0225
47.3591
47.6913
48.019
48.3422
48.6606
48.9742
49.2828
49.5863
49.8846
50.1774
50.4646
50.7462
51.0217
51.2911
51.5544
42.197
41.8052
41.405
40.9964
40.5797
40.1547
39.7217
39.2805
38.8312
38.3738
37.908
37.4339
36.9513
36.46
35.96
35.451
34.9328
34.4051
33.8677
33.3203
32.7625
32.1939
31.6141
31.0228
30.4193
29.8031
29.1737
28.5304
27.8724
27.199
26.5093
25.8024
25.0775
24.3333
23.569
22.7837
21.9766
21.1479
20.2985
19.4322
18.5575
17.6933
16.879
16.1904
15.7524
15.6939
16.0345
16.6602
17.4323
18.2612
19.1021
19.9346
20.7497
21.5438
22.3161
23.0665
23.7958
24.505
25.1952
25.8675
26.5228
27.1623
27.7868
28.3971
28.9941
29.5785
30.151
30.7121
31.2625
31.8027
32.3331
32.8543
33.3667
33.8707
34.3665
34.8547
35.3354
35.809
36.2758
36.7361
37.1901
37.6379
38.08
38.5163
38.9472
39.3729
39.7934
40.209
40.6197
41.0258
41.4274
41.8246
42.2175
42.6062
42.9908
43.3713
43.748
44.1207
44.4896
44.8546
45.2157
45.5729
45.9263
46.2757
46.621
46.9622
47.2993
47.6318
47.9599
48.2834
48.6022
48.9163
49.2252
49.529
49.8275
50.1208
50.4083
50.6903
50.9662
51.236
51.4997
42.1439
41.7556
41.359
40.9539
40.5406
40.1192
39.6895
39.2518
38.8058
38.3517
37.8892
37.4184
36.9392
36.4513
35.9546
35.4489
34.9341
34.4099
33.8759
33.332
32.7777
32.2127
31.6367
31.049
30.4494
29.8372
29.2117
28.5726
27.9189
27.2499
26.5648
25.8627
25.1427
24.4037
23.6447
22.8648
22.0634
21.2401
20.3959
19.5337
18.6609
17.7939
16.967
16.2475
15.7517
15.6158
15.8875
16.4718
17.2262
18.0504
18.8926
19.7292
20.5496
21.3495
22.1276
22.8838
23.6187
24.3333
25.0288
25.706
26.3662
27.0103
27.6391
28.2537
28.8549
29.4432
30.0194
30.5842
31.1381
31.6817
32.2154
32.7398
33.2552
33.7621
34.2607
34.7516
35.2349
35.711
36.1802
36.6428
37.0989
37.5489
37.9929
38.4311
38.8638
39.2911
39.7132
40.1303
40.5425
40.9499
41.3527
41.751
42.1449
42.5346
42.9201
43.3015
43.6789
44.0524
44.4219
44.7875
45.1492
45.507
45.8608
46.2106
46.5563
46.8978
47.2353
47.5682
47.8966
48.2204
48.5397
48.8539
49.1632
49.4674
49.7663
50.0598
50.3477
50.63
50.9063
51.1766
51.4405
42.1012
41.7162
41.3228
40.9211
40.511
40.0928
39.6663
39.2317
38.7889
38.3379
37.8786
37.4109
36.9348
36.4501
35.9565
35.4541
34.9424
34.4214
33.8907
33.3501
32.7992
32.2376
31.6651
31.081
30.485
29.8766
29.2551
28.6198
27.9703
27.3056
26.625
25.9274
25.2122
24.4782
23.7244
22.9498
22.1538
21.3359
20.4968
19.6389
18.7685
17.8997
17.0624
16.3162
15.7679
15.5564
15.7552
16.2925
17.0254
17.8428
18.6854
19.5256
20.351
21.1565
21.9403
22.702
23.4424
24.1623
24.8628
25.5449
26.2097
26.8583
27.4915
28.1102
28.7152
29.3073
29.8873
30.4555
31.0128
31.5597
32.0965
32.6239
33.1422
33.6518
34.1532
34.6466
35.1324
35.6109
36.0823
36.547
37.0053
37.4572
37.903
38.3431
38.7774
39.2063
39.63
40.0484
40.4619
40.8706
41.2745
41.6739
42.0689
42.4595
42.8458
43.228
43.6062
43.9802
44.3504
44.7165
45.0787
45.4369
45.7913
46.1415
46.4876
46.8294
47.1672
47.5005
47.8292
48.1535
48.4729
48.7874
49.0971
49.4015
49.7008
49.9945
50.2828
50.5654
50.842
51.1127
51.377
42.0674
41.6857
41.2953
40.8966
40.4896
40.0744
39.6509
39.2193
38.7795
38.3314
37.875
37.4103
36.9371
36.4554
35.9648
35.4654
34.9568
34.4388
33.9113
33.3738
32.8261
32.2678
31.6986
31.118
30.5255
29.9207
29.3029
28.6715
28.0259
27.3654
26.689
25.996
25.2853
24.5561
23.8073
23.038
22.2472
21.4347
20.6006
19.7471
18.8794
18.0098
17.1641
16.395
15.7995
15.5153
15.6381
16.1227
16.8298
17.6383
18.4802
19.3235
20.1535
20.9644
21.7536
22.5209
23.2666
23.9917
24.6971
25.384
26.0533
26.7063
27.3436
27.9663
28.5752
29.1709
29.7544
30.326
30.8866
31.4365
31.9764
32.5066
33.0277
33.54
34.0439
34.5397
35.0279
35.5086
35.9822
36.449
36.9092
37.363
37.8106
38.2523
38.6883
39.1187
39.5437
39.9635
40.3782
40.7881
41.1931
41.5935
41.9894
42.3809
42.7681
43.151
43.5298
43.9045
44.2752
44.6418
45.0045
45.3632
45.7178
46.0685
46.4149
46.7571
47.0952
47.4288
47.7578
48.0823
48.402
48.7169
49.0267
49.3315
49.6311
49.9251
50.2137
50.4966
50.7735
51.0445
51.3093
42.0415
41.6627
41.2753
40.8795
40.4754
40.0629
39.6423
39.2135
38.7764
38.3312
37.8776
37.4157
36.9453
36.4664
35.9787
35.4821
34.9764
34.4614
33.9368
33.4023
32.8577
32.3026
31.7366
31.1593
30.5702
29.9688
29.3546
28.727
28.0852
27.4286
26.7564
26.0677
25.3616
24.637
23.8931
23.1287
22.3432
21.5358
20.7068
19.8578
18.9932
18.1235
17.2713
16.4827
15.8451
15.4919
15.5368
15.9632
16.6399
17.4369
18.2769
19.1225
19.957
20.7729
21.5675
22.3402
23.0911
23.8212
24.5315
25.2231
25.8969
26.554
27.1954
27.8219
28.4345
29.0339
29.6207
30.1956
30.7593
31.3122
31.855
32.388
32.9117
33.4265
33.9329
34.4311
34.9214
35.4043
35.88
36.3487
36.8107
37.2663
37.7156
38.1589
38.5964
39.0282
39.4546
39.8756
40.2916
40.7025
41.1086
41.5099
41.9067
42.299
42.6869
43.0705
43.4499
43.8252
44.1964
44.5635
44.9267
45.2858
45.6407
45.9916
46.3385
46.681
47.0193
47.3531
47.6825
48.0071
48.3272
48.6422
48.9523
49.2574
49.557
49.8514
50.1402
50.4232
50.7005
50.9718
51.2369
42.0225
41.6464
41.2618
40.8687
40.4673
40.0575
39.6396
39.2134
38.779
38.3364
37.8855
37.4263
36.9586
36.4823
35.9973
35.5035
35.0005
34.4884
33.9666
33.4351
32.8934
32.3413
31.7784
31.2043
30.6185
30.0205
29.4097
28.7857
28.1476
27.4949
26.8267
26.1422
25.4404
24.7204
23.9812
23.2218
22.4413
21.639
20.8151
19.9706
19.1093
18.2403
17.383
16.5779
15.9032
15.4856
15.4518
15.8145
16.4559
17.2386
18.0752
18.9226
19.7609
20.5818
21.3817
22.1596
22.9157
23.6508
24.3659
25.0619
25.7401
26.4013
27.0467
27.6771
28.2932
28.896
29.4861
30.0642
30.6309
31.1868
31.7323
32.2679
32.7942
33.3115
33.8202
34.3206
34.8131
35.298
35.7756
36.2462
36.7099
37.1672
37.6181
38.0629
38.5018
38.935
39.3626
39.7849
40.2019
40.6139
41.0209
41.4232
41.8208
42.2138
42.6024
42.9866
43.3666
43.7424
44.1141
44.4816
44.8451
45.2045
45.56
45.9111
46.2582
46.6009
46.9395
47.2735
47.6031
47.9279
48.2481
48.5635
48.8736
49.1789
49.4788
49.7734
50.0624
50.3456
50.6232
50.8947
51.16
42.0094
41.636
41.2539
40.8634
40.4646
40.0574
39.642
39.2183
38.7865
38.3464
37.8981
37.4414
36.9762
36.5025
36.0201
35.5289
35.0287
34.5192
34.0002
33.4714
32.9327
32.3835
31.8236
31.2525
30.6698
30.0751
29.4677
28.8471
28.2127
27.5637
26.8994
26.2189
25.5214
24.8058
24.0713
23.3166
22.5411
21.7439
20.9249
20.085
19.2273
18.3595
17.4986
16.6798
15.9726
15.4955
15.3834
15.6776
16.2784
17.0435
17.8752
18.7235
19.5654
20.3909
21.1959
21.979
22.7402
23.4802
24.1999
24.9004
25.5829
26.2482
26.8974
27.5315
28.1511
28.7573
29.3506
29.9318
30.5014
31.06
31.6082
32.1465
32.6752
33.1948
33.7057
34.2083
34.7028
35.1897
35.6692
36.1415
36.6069
37.0658
37.5182
37.9644
38.4047
38.8391
39.2679
39.6913
40.1094
40.5223
40.9302
41.3333
41.7317
42.1254
42.5146
42.8995
43.28
43.6562
44.0283
44.3962
44.7601
45.1198
45.4753
45.8269
46.174
46.5171
46.8558
47.1899
47.5197
47.8448
48.165
48.4804
48.7909
49.0963
49.3964
49.6909
49.9801
50.2636
50.5413
50.813
51.0785
42.0014
41.6305
41.251
40.863
40.4666
40.0618
39.6489
39.2276
38.7982
38.3605
37.9146
37.4604
36.9977
36.5265
36.0466
35.5579
35.0602
34.5533
34.037
33.511
32.9749
32.4286
31.8716
31.3035
30.7239
30.1323
29.5282
28.911
28.28
27.6347
26.9742
26.2977
25.6043
24.893
24.1629
23.4131
22.6423
21.8501
21.0361
20.2008
19.3469
18.4808
17.6173
16.7872
16.0518
15.5204
15.3317
15.5534
16.1079
16.8519
17.6767
18.5251
19.3701
20.2001
21.01
21.7982
22.5644
23.3092
24.0335
24.7385
25.4251
26.0944
26.7475
27.3851
28.0082
28.6177
29.2141
29.7982
30.3707
30.932
31.4828
32.0235
32.5546
33.0765
33.5896
34.0941
34.5907
35.0794
35.5606
36.0346
36.5017
36.962
37.4159
37.8634
38.305
38.7406
39.1705
39.5949
40.014
40.4278
40.8366
41.2404
41.6395
42.0338
42.4236
42.809
43.1899
43.5666
43.939
44.3073
44.6714
45.0313
45.3872
45.7387
46.0861
46.4293
46.7682
47.1023
47.4322
47.7574
48.0778
48.3934
48.7037
49.0092
49.3093
49.6041
49.8934
50.177
50.4547
50.7266
50.9922
41.998
41.6295
41.2524
40.8667
40.4727
40.0703
39.6596
39.2407
38.8136
38.3783
37.9347
37.4828
37.0225
36.5537
36.0762
35.59
35.0948
34.5904
34.0766
33.5532
33.0198
32.4762
31.922
31.3568
30.7802
30.1917
29.5907
28.9768
28.3493
27.7075
27.0507
26.378
25.6886
24.9816
24.256
23.5106
22.7447
21.9574
21.1482
20.3175
19.4676
18.6037
17.7387
16.8993
16.1398
15.5594
15.2967
15.4426
15.9453
16.664
17.4799
18.3273
19.175
20.0092
20.8239
21.617
22.3881
23.1377
23.8666
24.5759
25.2667
25.9399
26.5967
27.2379
27.8644
28.477
29.0765
29.6635
30.2387
30.8027
31.356
31.8991
32.4325
32.9565
33.4716
33.9782
34.4766
34.9671
35.45
35.9256
36.3942
36.8559
37.3112
37.76
38.2027
38.6395
39.0705
39.4958
39.9158
40.3304
40.74
41.1445
41.5442
41.9391
42.3294
42.7152
43.0966
43.4736
43.8463
44.2148
44.5791
44.9392
45.2951
45.6469
45.9944
46.3377
46.6765
47.0108
47.3406
47.6658
47.9863
48.3018
48.6124
48.9178
49.2179
49.5127
49.802
50.0856
50.3634
50.6353
50.9012
41.9984
41.6323
41.2575
40.8741
40.4823
40.0822
39.6737
39.2571
38.8322
38.3991
37.9578
37.5082
37.0501
36.5836
36.1085
35.6246
35.1318
34.6299
34.1186
33.5977
33.067
32.526
31.9745
31.4121
30.8384
30.2529
29.655
29.0443
28.4201
27.7818
27.1286
26.4597
25.7742
25.0714
24.35
23.6092
22.8479
22.0654
21.261
20.435
19.5891
18.7279
17.8622
17.0155
16.2352
15.6112
15.2781
15.346
15.7913
16.4802
17.2849
18.1301
18.9799
19.818
20.6373
21.4353
22.2113
22.9656
23.699
24.4126
25.1075
25.7846
26.445
27.0897
27.7195
28.3353
28.9377
29.5276
30.1055
30.672
31.2278
31.7732
32.3087
32.8348
33.352
33.8604
34.3606
34.8528
35.3373
35.8144
36.2844
36.7476
37.204
37.6541
38.0979
38.5357
38.9677
39.3939
39.8147
40.2301
40.6404
41.0455
41.4458
41.8412
42.2319
42.6181
42.9998
43.3771
43.75
44.1187
44.4832
44.8434
45.1994
45.5512
45.8988
46.242
46.5806
46.915
47.2448
47.57
47.8903
48.2058
48.5163
48.8216
49.1219
49.4166
49.7058
49.9893
50.2671
50.5389
50.8048
42.0023
41.6384
41.2658
40.8846
40.495
40.097
39.6908
39.2763
38.8536
38.4227
37.9835
37.5361
37.0803
36.616
36.1432
35.6616
35.1711
34.6715
34.1627
33.6443
33.116
32.5777
32.0288
31.4692
30.8983
30.3156
29.7208
29.1132
28.4923
27.8573
27.2076
26.5424
25.8609
25.162
24.4448
23.7084
22.9517
22.1739
21.3744
20.553
19.7112
18.853
17.9874
17.1349
16.3371
15.6744
15.2754
15.2643
15.6467
16.3012
17.0918
17.9335
18.7848
19.6264
20.4502
21.253
22.0337
22.7927
23.5306
24.2485
24.9474
25.6283
26.2924
26.9405
27.5735
28.1924
28.7977
29.3904
29.9709
30.5399
31.098
31.6456
32.1833
32.7114
33.2305
33.7408
34.2427
34.7365
35.2225
35.7011
36.1725
36.6369
37.0945
37.5457
37.9906
38.4293
38.8622
39.2893
39.7108
40.1269
40.5378
40.9435
41.3442
41.7401
42.1312
42.5177
42.8996
43.2771
43.6502
44.019
44.3835
44.7438
45.0999
45.4516
45.7989
46.142
46.4808
46.815
47.1447
47.4697
47.7901
48.1054
48.4157
48.7209
49.0208
49.3153
49.6045
49.8879
50.1655
50.4374
50.703
42.0091
41.6474
41.2769
40.8979
40.5104
40.1145
39.7104
39.298
38.8774
38.4485
38.0115
37.5662
37.1125
36.6504
36.1798
35.7004
35.2122
34.7149
34.2084
33.6925
33.1667
32.6308
32.0846
31.5276
30.9594
30.3797
29.7878
29.1832
28.5655
27.9338
27.2876
26.626
25.9482
25.2532
24.5402
23.8081
23.056
22.2828
21.4879
20.6713
19.8337
18.9786
18.1139
17.257
16.4446
15.748
15.2879
15.1979
15.5126
16.1273
16.9008
17.7376
18.5895
19.4344
20.2625
21.0699
21.8554
22.619
23.3613
24.0834
24.7863
25.471
26.1386
26.7901
27.4264
28.0482
28.6565
29.2518
29.8349
30.4063
30.9667
31.5165
32.0562
32.5863
33.1072
33.6192
34.1227
34.6181
35.1056
35.5855
36.0582
36.5238
36.9826
37.4348
37.8806
38.3203
38.7539
39.1818
39.604
40.0207
40.4321
40.8383
41.2394
41.6357
42.0271
42.4138
42.7959
43.1735
43.5467
43.9155
44.28
44.6402
44.9961
45.3478
45.6951
46.038
46.3766
46.7106
47.0402
47.365
47.6849
48
48.3101
48.615
48.9148
49.2091
49.4978
49.7811
50.0585
50.3301
50.5954
42.0184
41.6588
41.2904
40.9134
40.528
40.1341
39.732
39.3217
38.9031
38.4764
38.0414
37.5981
37.1466
36.6866
36.218
35.7409
35.2549
34.7599
34.2556
33.742
33.2186
32.6853
32.1416
31.5872
31.0217
30.4447
29.8557
29.2541
28.6395
28.0111
27.3682
26.7101
26.036
25.3449
24.636
23.9081
23.1604
22.3918
21.6016
20.7896
19.9564
19.1047
18.2413
17.3813
16.5566
15.8306
15.3147
15.1472
15.3899
15.9594
16.7122
17.5423
18.3941
19.2418
20.074
20.886
21.6761
22.4443
23.191
23.9173
24.6241
25.3126
25.9837
26.6386
27.278
27.9028
28.5138
29.1118
29.6973
30.2712
30.8337
31.3857
31.9274
32.4594
32.982
33.4957
34.0008
34.4976
34.9865
35.4677
35.9416
36.4083
36.8681
37.3213
37.768
38.2085
38.6429
39.0714
39.4942
39.9115
40.3233
40.7299
41.1314
41.5279
41.9195
42.3064
42.6886
43.0663
43.4394
43.8082
44.1726
44.5327
44.8884
45.2399
45.5869
45.9296
46.2679
46.6016
46.9309
47.2553
47.5749
47.8896
48.1995
48.504
48.8033
49.0973
49.3857
49.6686
49.9456
50.2168
50.4818
42.0298
41.6722
41.3059
40.931
40.5475
40.1557
39.7555
39.3472
38.9306
38.5058
38.0728
37.6316
37.182
36.7241
36.2577
35.7826
35.2988
34.806
34.304
33.7927
33.2716
32.7407
32.1995
31.6476
31.0848
30.5105
29.9243
29.3257
28.7141
28.0888
27.4493
26.7946
26.1241
25.4369
24.7319
24.0082
23.2648
22.5007
21.7152
20.9078
20.0789
19.2308
18.3693
17.5073
16.6726
15.9212
15.3547
15.1122
15.2794
15.7982
16.5264
17.3477
18.1985
19.0486
19.8846
20.7011
21.4958
22.2685
23.0196
23.75
24.4608
25.153
25.8276
26.4857
27.1282
27.756
28.3697
28.9703
29.5583
30.1344
30.6992
31.2531
31.7968
32.3305
32.8549
33.3701
33.8767
34.375
34.8651
35.3476
35.8226
36.2903
36.7511
37.2052
37.6527
38.0939
38.529
38.9581
39.3814
39.7991
40.2114
40.6182
41.02
41.4166
41.8084
42.1953
42.5776
42.9552
43.3283
43.6969
44.0611
44.4209
44.7764
45.1274
45.4743
45.8166
46.1544
46.4877
46.8166
47.1405
47.4597
47.7741
48.0833
48.3875
48.6863
48.9796
49.2677
49.5499
49.8266
50.0973
50.3617
42.043
41.6875
41.3231
40.9502
40.5686
40.1787
39.7805
39.3741
38.9595
38.5366
38.1056
37.6663
37.2188
36.7629
36.2985
35.8255
35.3437
34.8531
34.3533
33.8442
33.3255
32.7969
32.2581
31.7087
31.1485
30.5769
29.9935
29.3977
28.7891
28.1669
27.5306
26.8794
26.2124
25.5289
24.8278
24.1082
23.3691
22.6095
21.8285
21.0257
20.2012
19.3569
18.4976
17.6345
16.7918
16.0186
15.4069
15.0928
15.1822
15.6445
16.3438
17.1541
18.0027
18.8547
19.6944
20.5151
21.3143
22.0915
22.8469
23.5815
24.2962
24.992
25.6702
26.3315
26.9771
27.6076
28.2241
28.8272
29.4176
29.996
30.5628
31.1188
31.6643
32.1998
32.7257
33.2425
33.7505
34.2501
34.7415
35.2251
35.7011
36.1698
36.6315
37.0864
37.5346
37.9765
38.4121
38.8417
39.2655
39.6835
40.096
40.5032
40.905
41.3018
41.6936
42.0805
42.4626
42.8401
43.213
43.5813
43.9452
44.3047
44.6598
45.0105
45.3567
45.6987
46.036
46.3687
46.697
47.0204
47.3391
47.6528
47.9615
48.2649
48.5632
48.856
49.1433
49.4249
49.7009
49.9709
50.2348
42.0577
41.7042
41.3418
40.9707
40.5911
40.2031
39.8068
39.4022
38.9895
38.5685
38.1394
37.7021
37.2565
36.8025
36.3401
35.8692
35.3895
34.9009
34.4033
33.8964
33.3799
32.8536
32.3172
31.7703
31.2126
30.6436
30.0629
29.47
28.8643
28.2452
27.6121
26.9641
26.3006
25.6207
24.9235
24.2079
23.473
22.7178
21.9413
21.1431
20.3231
19.4826
18.626
17.7626
16.9135
16.1218
15.4701
15.0886
15.0988
15.4993
16.165
16.9617
17.8068
18.66
19.5031
20.328
21.1317
21.9132
22.673
23.4116
24.1302
24.8297
25.5113
26.1758
26.8244
27.4578
28.077
28.6825
29.2753
29.8558
30.4247
30.9825
31.5298
32.067
32.5945
33.1127
33.6221
34.1229
34.6154
35.1001
35.5771
36.0467
36.5092
36.9647
37.4136
37.856
38.2921
38.7222
39.1462
39.5646
39.9773
40.3845
40.7865
41.1832
41.5749
41.9617
42.3436
42.7208
43.0934
43.4614
43.8249
44.1839
44.5385
44.8887
45.2343
45.5757
45.9123
46.2444
46.572
46.8946
47.2126
47.5255
47.8334
48.1361
48.4336
48.7257
49.0121
49.293
49.5681
49.8373
50.1003
