52.9153
52.6337
52.3484
52.0594
51.7669
51.4711
51.1719
50.8696
50.5642
50.2558
49.9446
49.6305
49.3136
48.9941
48.6719
48.3472
48.02
47.6903
47.3582
47.0237
46.6868
46.3475
46.0058
45.6617
45.3151
44.9661
44.6146
44.2604
43.9036
43.544
43.1815
42.8159
42.4472
42.0752
41.6997
41.3206
40.9377
40.5507
40.1596
39.764
39.3639
38.9589
38.5489
38.1335
37.7126
37.2859
36.8532
36.4141
35.9684
35.5157
35.0557
34.5882
34.1127
33.6288
33.1363
32.6346
32.1233
31.6019
31.0701
30.5271
29.9726
29.4059
28.8264
28.2335
27.6264
27.0046
26.3672
25.7136
25.0432
24.3552
23.6493
22.9255
22.1842
21.4269
20.6574
19.8828
19.1172
18.3881
17.7474
17.2842
17.1116
17.2913
17.7674
18.4221
19.163
19.9397
20.7259
21.508
22.2787
23.0344
23.7735
24.4958
25.2005
25.8884
26.5598
27.2159
27.8563
28.4822
29.0944
29.6928
30.2782
30.8514
31.4123
31.9617
32.4996
33.0267
33.5427
34.0485
34.5439
35.0289
35.5041
35.9694
36.4247
36.8699
37.3054
37.7309
38.1463
38.5514
38.946
39.3298
39.7025
52.9731
52.6912
52.4056
52.1163
51.8236
51.5275
51.2281
50.9256
50.6201
50.3116
50.0003
49.6862
49.3694
49.05
48.728
48.4035
48.0766
47.7472
47.4155
47.0815
46.7451
46.4064
46.0655
45.7222
45.3765
45.0285
44.6781
44.3251
43.9695
43.6113
43.2503
42.8864
42.5194
42.1492
41.7757
41.3986
41.0179
40.6332
40.2445
39.8514
39.4539
39.0516
38.6443
38.2318
37.8139
37.3902
36.9606
36.5246
36.0821
35.6328
35.1761
34.712
34.2399
33.7596
33.2706
32.7724
32.2648
31.7471
31.2189
30.6797
30.1289
29.566
28.9904
28.4013
27.7982
27.1804
26.547
25.8976
25.2312
24.5474
23.8456
23.1258
22.3882
21.6342
20.8669
20.0927
19.324
18.585
17.9219
17.4164
17.1809
17.2945
17.7232
18.3528
19.0826
19.8556
20.642
21.4263
22.2004
22.9599
23.7036
24.4298
25.1388
25.831
26.5071
27.167
27.8119
28.4419
29.0577
29.6604
30.2496
30.8267
31.3916
31.9445
32.4862
33.0167
33.5366
34.0459
34.5449
35.0334
35.5121
35.9808
36.4396
36.8885
37.3275
37.7562
38.1751
38.5837
38.9818
39.3691
39.7456
53.0252
52.7429
52.457
52.1674
51.8744
51.5781
51.2786
50.9759
50.6703
50.3617
50.0504
49.7363
49.4196
49.1003
48.7785
48.4542
48.1276
47.7986
47.4674
47.1339
46.7981
46.4601
46.1199
45.7775
45.4328
45.0859
44.7366
44.3849
44.0307
43.674
43.3146
42.9524
42.5873
42.2191
41.8477
41.4728
41.0944
40.7122
40.3261
39.9357
39.5409
39.1415
38.7373
38.3279
37.9131
37.4927
37.0664
36.6339
36.1949
35.749
35.2961
34.8356
34.3672
33.8906
33.4053
32.911
32.4072
31.8935
31.3692
30.8339
30.2872
29.7283
29.1567
28.5717
27.9728
27.3591
26.73
26.0847
25.4226
24.7431
24.0456
23.3298
22.5961
21.8456
21.0809
20.3075
19.5366
18.7894
18.107
17.5634
17.2681
17.3143
17.6911
18.2919
19.0087
19.7769
20.563
21.3492
22.1265
22.89
23.6379
24.3685
25.082
25.779
26.4591
27.1237
27.7726
28.4071
29.0272
29.6339
30.2272
30.8083
31.3771
31.9339
32.4795
33.014
33.5377
34.0505
34.5532
35.0457
35.5281
36.0005
36.463
36.9155
37.3582
37.7908
38.2133
38.6256
39.0274
39.4185
39.7985
53.0713
52.7888
52.5025
52.2127
51.9194
51.6229
51.3232
51.0204
50.7146
50.406
50.0946
49.7806
49.4639
49.1448
48.8232
48.4992
48.1729
47.8444
47.5136
47.1807
46.8455
46.5083
46.169
45.8274
45.4838
45.138
44.7899
44.4396
44.0869
43.7318
43.3741
43.0138
42.6507
42.2846
41.9154
41.543
41.1671
40.7876
40.4042
40.0167
39.625
39.2287
38.8277
38.4216
38.0103
37.5934
37.1708
36.7419
36.3067
35.8647
35.4155
34.959
34.4946
34.0221
33.5409
33.0507
32.551
32.0414
31.5213
30.9903
30.4478
29.8932
29.3259
28.7452
28.1506
27.5413
26.9166
26.2757
25.6181
24.9429
24.2498
23.5384
22.8087
22.0618
21.3
20.528
19.7557
19.0018
18.3026
17.7251
17.3738
17.352
17.6727
18.2408
18.9423
19.7045
20.4896
21.2776
22.0581
22.8256
23.5777
24.3128
25.0313
25.7325
26.4176
27.0863
27.7401
28.3787
29.0034
29.6145
30.212
30.7973
31.3703
31.9315
32.4812
33.0194
33.5471
34.0641
34.5708
35.0672
35.5535
36.0298
36.4962
36.9526
37.3991
37.8356
38.2623
38.6784
39.0841
39.4792
39.8631
53.1116
52.8287
52.5421
52.252
51.9585
51.6617
51.3618
51.0589
50.753
50.4443
50.1329
49.8189
49.5024
49.1834
48.862
48.5383
48.2124
47.8842
47.554
47.2216
46.8872
46.5507
46.2123
45.8717
45.5292
45.1846
44.8378
44.489
44.1379
43.7844
43.4286
43.0703
42.7093
42.3455
41.9788
41.6089
41.2357
40.859
40.4786
40.0943
39.7058
39.3129
38.9154
38.5129
38.1054
37.6923
37.2735
36.8487
36.4175
35.9797
35.5348
35.0825
34.6224
34.1542
33.6774
33.1916
32.6964
32.1913
31.6757
31.1492
30.6112
30.0612
29.4984
28.9224
28.3323
27.7276
27.1075
26.4713
25.8183
25.1478
24.4592
23.7522
23.0268
22.2838
21.5251
20.755
19.9819
19.2226
18.5092
17.9016
17.4982
17.4091
17.6699
18.2008
18.8845
19.6395
20.4231
21.2124
21.9959
22.7674
23.5239
24.2636
24.9868
25.6928
26.3827
27.0565
27.7146
28.3582
28.9876
29.6031
30.2052
30.7949
31.3723
31.9378
32.4918
33.0346
33.5666
34.0878
34.5987
35.0992
35.5897
36.0701
36.5406
37.0012
37.452
37.8927
38.3232
38.7435
39.1535
39.5527
39.9409
53.146
52.8627
52.5758
52.2854
51.9916
51.6945
51.3944
51.0913
50.7853
50.4765
50.1651
49.8511
49.5347
49.2158
48.8946
48.5712
48.2457
47.918
47.5882
47.2565
46.9228
46.5871
46.2496
45.9101
45.5687
45.2253
44.88
44.5326
44.1832
43.8316
43.4777
43.1215
42.7628
42.4015
42.0373
41.6702
41.2999
40.9263
40.5491
40.1682
39.7832
39.394
39.0002
38.6017
38.1982
37.7893
37.3747
36.9542
36.5275
36.0941
35.6538
35.2061
34.7507
34.2872
33.8152
33.3342
32.8438
32.3435
31.8328
31.3111
30.778
30.2328
29.675
29.1038
28.5187
27.9188
27.3036
26.6723
26.0241
25.3584
24.6746
23.9723
23.2514
22.5125
21.7572
20.9893
20.2162
19.4527
18.7272
18.0932
17.6421
17.487
17.6847
18.174
18.8368
19.5832
20.3643
21.1549
21.9412
22.7167
23.4777
24.2222
24.9503
25.6616
26.3561
27.035
27.6983
28.3468
28.981
29.6014
30.2082
30.8026
31.3847
31.9548
32.5134
33.0607
33.5972
34.1232
34.6385
35.1435
35.6384
36.1232
36.5981
37.0633
37.5183
37.9632
38.3984
38.823
39.2372
39.641
40.0336
53.1742
52.8906
52.6033
52.3126
52.0185
51.7212
51.4208
51.1175
50.8113
50.5024
50.191
49.877
49.5606
49.2419
48.9209
48.5978
48.2725
47.9453
47.6161
47.285
46.952
46.6172
46.2805
45.9421
45.6019
45.2599
44.916
44.5703
44.2226
43.8729
43.5211
43.1672
42.8109
42.4521
42.0907
41.7266
41.3594
40.9891
40.6154
40.2381
39.8569
39.4717
39.082
38.6878
38.2886
37.8842
37.4743
37.0585
36.6365
36.2081
35.7727
35.33
34.8798
34.4214
33.9545
33.4787
32.9935
32.4984
31.993
31.4766
30.9487
30.4088
29.8562
29.2903
28.7103
28.1158
27.5057
26.8796
26.2366
25.576
24.8972
24.1998
23.4836
22.749
21.9974
21.2322
20.4598
19.6932
18.9575
18.3004
17.8058
17.5871
17.7191
18.1622
18.801
19.537
20.315
21.1062
21.8954
22.6748
23.4404
24.1898
24.923
25.6396
26.3397
27.0238
27.6924
28.346
28.985
29.6105
30.2227
30.8221
31.4094
31.9845
32.5479
33.1001
33.6414
34.1719
34.6919
35.2019
35.7015
36.191
36.6705
37.1404
37.6
38.0498
38.4893
38.9188
39.3376
39.746
40.1432
53.1964
52.9123
52.6246
52.3335
52.039
51.7414
51.4407
51.1372
50.8308
50.5218
50.2103
49.8963
49.5799
49.2613
48.9405
48.6176
48.2927
47.9659
47.6372
47.3067
46.9745
46.6405
46.3048
45.9675
45.6285
45.2878
44.9455
44.6014
44.2556
43.9079
43.5584
43.2068
42.8531
42.4971
42.1387
41.7777
41.4139
41.0471
40.6772
40.3038
39.9267
39.5458
39.1606
38.7709
38.3765
37.977
37.5721
37.1615
36.7448
36.3216
35.8917
35.4545
35.0097
34.557
34.0957
33.6256
33.1461
32.6567
32.157
31.6463
31.1241
30.5899
30.043
29.4827
28.9084
28.3194
27.715
27.0944
26.4568
25.8016
25.1282
24.4359
23.7247
22.9948
22.2473
21.485
20.7139
19.9452
19.2011
18.524
17.9903
17.7108
17.7756
18.168
18.7791
19.5028
20.2766
21.068
21.8599
22.6433
23.4137
24.1686
24.9068
25.6288
26.3345
27.0241
27.6982
28.3574
29.0022
29.6331
30.2507
30.8558
31.4481
32.0284
32.597
33.1544
33.701
34.2366
34.7617
35.2765
35.7813
36.2757
36.7604
37.2349
37.6996
38.1541
38.5987
39.0328
39.4566
39.8696
40.2717
53.2122
52.9276
52.6395
52.3479
52.053
51.755
51.4541
51.1502
50.8436
50.5344
50.2227
49.9086
49.5923
49.2737
48.953
48.6304
48.3058
47.9794
47.6512
47.3213
46.9898
46.6566
46.3219
45.9857
45.6479
45.3087
44.9679
44.6256
44.2817
43.9362
43.5889
43.2399
42.8889
42.5358
42.1806
41.823
41.4628
41.0999
40.734
40.3648
39.9923
39.6159
39.2356
38.851
38.4618
38.0676
37.6682
37.2632
36.8522
36.4348
36.0108
35.5797
35.141
34.6943
34.2392
33.7753
33.302
32.8189
32.3254
31.8209
31.305
30.777
30.2362
29.6821
29.1139
28.531
27.9326
27.3179
26.6863
26.0369
25.3691
24.6824
23.9765
23.2515
22.5084
21.7496
20.9803
20.2104
19.4594
18.7652
18.1965
17.8599
17.8567
18.194
18.7735
19.4827
20.2513
21.0425
21.8369
22.6242
23.3994
24.1598
24.904
25.6318
26.3433
27.0389
27.7189
28.384
29.0346
29.6713
30.2947
30.9054
31.5033
32.0892
32.6634
33.2266
33.7784
34.3194
34.8501
35.3701
35.8802
36.3798
36.8697
37.3493
37.8192
38.2787
38.7283
39.1676
39.5963
40.0144
40.4215
53.2215
52.9364
52.6478
52.3557
52.0603
51.7619
51.4605
51.1563
50.8494
50.5399
50.228
49.9138
49.5974
49.2788
48.9582
48.6358
48.3114
47.9854
47.6576
47.3283
46.9975
46.6651
46.3314
45.9963
45.6598
45.322
44.9829
44.6423
44.3005
43.9571
43.6123
43.2659
42.9178
42.5679
42.2161
41.8621
41.5058
41.1469
40.7854
40.4209
40.0531
39.6818
39.3068
38.9276
38.5441
38.1557
37.7623
37.3634
36.9587
36.5478
36.1303
35.7057
35.2737
34.8337
34.3854
33.9283
33.4618
32.9855
32.4989
32.0013
31.4922
30.971
30.437
29.8896
29.3281
28.7518
28.16
27.5518
26.9265
26.2834
25.6218
24.941
24.2408
23.5212
22.7829
22.028
21.2611
20.4908
19.7346
19.0256
18.426
18.0362
17.9653
18.2436
18.7871
19.4794
20.2415
21.0319
21.8286
22.62
23.4002
24.1663
24.9164
25.6504
26.3682
27.07
27.7564
28.4281
29.085
29.7279
30.3574
30.9742
31.5781
32.17
32.7504
33.319
33.8768
34.4235
34.9598
35.4854
36.0009
36.506
37.0013
37.4862
37.9613
38.4263
38.8811
39.3253
39.7592
40.1824
40.5946
53.2242
52.9385
52.6492
52.3565
52.0606
51.7617
51.4598
51.1551
50.8479
50.538
50.2259
49.9114
49.5949
49.2762
48.9557
48.6333
48.3091
47.9834
47.6561
47.3273
46.9971
46.6655
46.3327
45.9987
45.6635
45.3272
44.9896
44.651
44.3112
43.9702
43.6279
43.2843
42.9392
42.5926
42.2444
41.8943
41.5421
41.1877
40.8309
40.4713
40.1088
39.743
39.3737
39.0005
38.6231
38.2412
37.8544
37.4622
37.0644
36.6605
36.2501
35.8328
35.4081
34.9756
34.5347
34.0851
33.6262
33.1574
32.6784
32.1883
31.6868
31.173
30.6465
30.1066
29.5525
28.9834
28.3988
27.7977
27.1794
26.5432
25.8883
25.214
24.52
23.8062
23.0732
22.3228
21.5588
20.7891
20.0288
19.3075
18.6807
18.2419
18.1045
18.3203
18.8234
19.496
20.2503
21.0392
21.838
22.6336
23.4191
24.191
24.9476
25.6881
26.4126
27.1215
27.8146
28.4927
29.1566
29.8062
30.4422
31.0655
31.6758
32.2742
32.8605
33.4355
33.9991
34.5519
35.0938
35.6254
36.1466
36.6572
37.158
37.6485
38.1287
38.599
39.059
39.5085
39.9476
40.3758
40.7929
53.22
52.9335
52.6435
52.3501
52.0536
51.754
51.4516
51.1464
50.8386
50.5284
50.2158
49.9011
49.5843
49.2655
48.9448
48.6225
48.2985
47.9729
47.6459
47.3176
46.988
46.6572
46.3253
45.9923
45.6584
45.3235
44.9876
44.6509
44.3132
43.9745
43.6349
43.2942
42.9524
42.6093
42.2649
41.9189
41.5712
41.2215
40.8698
40.5156
40.1588
39.799
39.436
39.0693
38.6987
38.3238
37.9441
37.5594
37.1692
36.773
36.3705
35.9612
35.5446
35.1202
34.6877
34.2464
33.7958
33.3354
32.8647
32.383
31.8898
31.3845
30.8662
30.3345
29.7886
29.2277
28.651
28.0578
27.4473
26.8186
26.1711
25.504
24.8169
24.1095
23.3824
22.637
21.8767
21.1083
20.3453
19.6139
18.9633
18.48
18.278
18.4287
18.8868
19.5364
20.2814
21.0681
21.8689
22.6686
23.4596
24.2379
25.0011
25.7487
26.4807
27.1965
27.8969
28.5825
29.2532
29.9101
30.5531
31.1832
31.8002
32.4052
32.9979
33.5792
34.1492
34.7079
35.2559
35.7933
36.3199
36.8364
37.3426
37.8385
38.3242
38.7997
39.2645
39.7191
40.1631
40.5962
41.0181
53.2085
52.9213
52.6304
52.3363
52.039
51.7387
51.4355
51.1297
50.8213
50.5105
50.1975
49.8823
49.5652
49.2461
48.9253
48.6028
48.2788
47.9534
47.6266
47.2987
46.9696
46.6395
46.3084
45.9765
45.6437
45.3102
44.9761
44.6412
44.3057
43.9695
43.6326
43.2949
42.9565
42.6171
42.2767
41.9351
41.5922
41.2477
40.9014
40.5531
40.2024
39.8492
39.493
39.1335
38.7703
38.4031
38.0314
37.6548
37.273
36.8854
36.4916
36.0911
35.6835
35.2682
34.8448
34.4127
33.9714
33.5203
33.0589
32.5866
32.1027
31.6067
31.0978
30.5752
30.0384
29.4866
28.9189
28.3345
27.7326
27.1125
26.4732
25.8141
25.1346
24.4345
23.714
22.9744
22.2185
21.4525
20.6881
19.9483
19.2774
18.7539
18.4904
18.574
18.9825
19.6056
20.3394
21.1232
21.9256
22.7297
23.5265
24.3114
25.0819
25.8373
26.5766
27.3006
28.0086
28.7018
29.3801
30.0444
30.6945
31.3317
31.9557
32.5674
33.1669
33.7544
34.3305
34.8955
35.4494
35.9922
36.5246
37.0465
37.558
38.0591
38.5498
39.0301
39.4999
39.9593
40.4078
40.8455
41.2719
53.1897
52.9014
52.6097
52.3146
52.0164
51.7152
51.4113
51.1046
50.7955
50.4841
50.1704
49.8547
49.537
49.2176
48.8964
48.5737
48.2496
47.9242
47.5975
47.2698
46.9411
46.6116
46.2813
45.9503
45.6187
45.2866
44.954
44.6211
44.2877
43.954
43.6199
43.2854
42.9505
42.615
42.2789
41.942
41.6042
41.2652
40.9249
40.5829
40.239
39.8928
39.5441
39.1924
38.8374
38.4787
38.1157
37.7482
37.3756
36.9975
36.6133
36.2227
35.825
35.4198
35.0066
34.5848
34.1539
33.7132
33.2622
32.8003
32.3269
31.8413
31.3428
30.8306
30.3041
29.7625
29.2048
28.6305
28.0384
27.4278
26.7979
26.1479
25.4771
24.7852
24.0723
23.3394
22.589
21.8263
21.0618
20.3159
19.6277
19.0685
18.7468
18.7624
19.1169
19.7097
20.4302
21.2102
22.0139
22.8223
23.6252
24.4173
25.1958
25.9589
26.7063
27.4384
28.155
28.8558
29.5422
30.2138
30.8717
31.5161
32.1469
32.7654
33.3714
33.9653
34.5475
35.118
35.6774
36.2259
36.7634
37.2903
37.8066
38.3123
38.8076
39.2923
39.7665
40.2302
40.6828
41.1245
41.5549
53.1631
52.8737
52.5809
52.2847
51.9855
51.6833
51.3784
51.0708
50.7608
50.4485
50.1341
49.8176
49.4993
49.1793
48.8577
48.5346
48.2102
47.8846
47.5579
47.2304
46.9019
46.5728
46.2431
45.9129
45.5824
45.2516
44.9206
44.5895
44.2583
43.9271
43.5959
43.2647
42.9334
42.602
42.2705
41.9386
41.6062
41.2731
40.9391
40.604
40.2674
39.929
39.5885
39.2454
38.8994
38.55
38.1968
37.8392
37.4769
37.1092
36.7358
36.356
35.9695
35.5755
35.1737
34.7633
34.3439
33.9149
33.4756
33.0255
32.5638
32.0899
31.6032
31.1028
30.5879
30.0579
29.5118
28.9487
28.3679
27.7683
27.1492
26.5096
25.8489
25.1665
24.4625
23.7375
22.9937
22.2357
21.4727
20.7226
20.0201
19.4295
19.0538
19.0015
19.298
19.8562
20.5611
21.3362
22.1409
22.9537
23.763
24.5625
25.3491
26.1206
26.877
27.6172
28.3421
29.0515
29.7454
30.425
31.0902
31.7416
32.3795
33.004
33.616
34.2158
34.8034
35.3794
35.9438
36.4969
37.039
37.5702
38.0906
38.6002
39.0992
39.5878
40.0655
40.5324
40.9884
41.4335
41.8671
53.1284
52.8377
52.5436
52.2462
51.9458
51.6424
51.3363
51.0277
50.7166
50.4033
50.0879
49.7706
49.4514
49.1307
48.8084
48.4847
48.1599
47.8339
47.507
47.1794
46.851
46.5222
46.1929
45.8635
45.5338
45.2042
44.8747
44.5454
44.2163
43.8876
43.5593
43.2314
42.9039
42.5768
42.25
41.9234
41.5968
41.2701
40.943
40.6153
40.2867
39.9568
39.6252
39.2916
38.9555
38.6164
38.2738
37.9273
37.5763
37.2204
36.8589
36.4913
36.1171
35.7356
35.3465
34.9489
34.5425
34.1265
33.7004
33.2634
32.8151
32.3545
31.881
31.3939
30.8924
30.3756
29.8427
29.2928
28.7248
28.138
27.5313
26.9039
26.2549
25.5838
24.8903
24.1749
23.4394
22.6877
21.9279
21.1759
20.4622
19.8447
19.4195
19.3005
19.5354
20.0546
20.7412
21.5101
22.3153
23.1325
23.9483
24.7556
25.5505
26.3307
27.0958
27.8449
28.5781
29.2952
29.9971
30.6839
31.356
32.0138
32.6577
33.2881
33.9055
34.5101
35.1024
35.6825
36.2509
36.8078
37.3534
37.8877
38.4112
38.9237
39.4257
39.9166
40.3967
40.8662
41.3245
41.7717
42.2077
53.0851
52.7931
52.4975
52.1987
51.8969
51.5921
51.2847
50.9747
50.6624
50.3478
50.0313
49.7128
49.3927
49.0709
48.7477
48.4233
48.0978
47.7713
47.4439
47.116
46.7875
46.4587
46.1298
45.8008
45.4719
45.1433
44.8151
44.4874
44.1604
43.8341
43.5087
43.1842
42.8606
42.5379
42.2161
41.895
41.5746
41.2547
40.9351
40.6154
40.2955
39.9748
39.6531
39.3299
39.0046
38.6769
38.3462
38.0119
37.6736
37.3305
36.9823
36.6282
36.2678
35.9003
35.5253
35.1422
34.7503
34.3489
33.9376
33.5156
33.0822
32.6367
32.1784
31.7065
31.2201
30.7185
30.2008
29.6659
29.113
28.541
27.949
27.3359
26.7008
26.0431
25.3623
24.6587
23.9337
23.1905
22.4363
21.6849
20.9635
20.3235
19.854
19.6706
19.8413
20.317
20.9821
21.7431
22.5481
23.3693
24.1915
25.0065
25.8098
26.5988
27.3719
28.1292
28.8702
29.5949
30.3037
30.9968
31.6748
32.3379
32.9867
33.6215
34.2428
34.851
35.4465
36.0295
36.6005
37.1597
37.7075
38.2438
38.7689
39.2831
39.7862
40.2784
40.7599
41.2303
41.6897
42.1381
42.575
53.033
52.7393
52.4421
52.1417
51.8382
51.5319
51.2229
50.9114
50.5975
50.2815
49.9636
49.6438
49.3223
48.9993
48.6751
48.3496
48.0231
47.6957
47.3677
47.0392
46.7103
46.3813
46.0524
45.7236
45.3952
45.0674
44.7403
44.4142
44.089
43.7651
43.4426
43.1214
42.8017
42.4835
42.1669
41.8517
41.5379
41.2252
40.9136
40.6026
40.2921
39.9816
39.6706
39.3588
39.0456
38.7305
38.4128
38.0921
37.7677
37.4391
37.1056
36.7665
36.4214
36.0696
35.7104
35.3434
34.9677
34.5828
34.1881
33.7829
33.3664
32.938
32.4969
32.0423
31.5734
31.0893
30.5891
30.0717
29.5363
28.9818
28.407
27.8108
27.1925
26.5509
25.8857
25.1967
24.4851
23.7533
23.0076
22.2602
21.5349
20.8775
20.3695
20.1253
20.2301
20.6577
21.2977
22.049
22.8525
23.6769
24.505
25.3271
26.138
26.9347
27.7157
28.48
29.2274
29.958
30.6721
31.3699
32.0519
32.7185
33.3703
34.0077
34.6311
35.241
35.8378
36.4221
36.9938
37.5534
38.1015
38.6378
39.1628
39.6769
40.1798
40.6718
41.1528
41.623
42.082
42.5301
42.9666
52.9715
52.6759
52.3768
52.0746
51.7692
51.4611
51.1503
50.837
50.5214
50.2037
49.884
49.5626
49.2396
48.9151
48.5894
48.2626
47.9348
47.6063
47.2773
46.9479
46.6183
46.2888
45.9595
45.6307
45.3025
44.9752
44.649
44.324
44.0006
43.6789
43.359
43.0411
42.7254
42.4118
42.1005
41.7914
41.4845
41.1796
40.8765
40.5749
40.2746
39.9751
39.676
39.3767
39.0767
38.7755
38.4723
38.1666
37.8577
37.545
37.2279
36.9056
36.5775
36.2431
35.9016
35.5524
35.195
34.8286
34.4525
34.0662
33.6688
33.2597
32.8382
32.4033
31.9543
31.4902
31.0102
30.5132
29.9982
29.4641
28.9096
28.3338
27.7355
27.1137
26.4677
25.797
25.1024
24.3861
23.653
22.9138
22.1895
21.5204
20.9805
20.6806
20.7193
21.0946
21.7053
22.444
23.2441
24.0703
24.9027
25.7305
26.5474
27.3498
28.1361
28.9052
29.6568
30.3909
31.1076
31.8076
32.4914
33.159
33.8112
34.4485
35.0715
35.6809
36.2766
36.8593
37.4297
37.9876
38.5336
39.0682
39.5911
40.1031
40.6038
41.0938
41.5727
42.0409
42.4982
42.9442
43.3792
52.9001
52.6024
52.3012
51.9968
51.6894
51.3791
51.0662
50.7509
50.4333
50.1135
49.7919
49.4686
49.1436
48.8173
48.4898
48.1613
47.8319
47.502
47.1715
46.8409
46.5102
46.1798
45.8498
45.5205
45.1921
44.8649
44.5392
44.2152
43.8932
43.5733
43.2559
42.9412
42.6293
42.3204
42.0145
41.7117
41.412
41.1153
40.8213
40.5299
40.2407
39.9532
39.6669
39.3814
39.096
38.81
38.5228
38.2337
37.942
37.647
37.3479
37.0442
36.7351
36.4199
36.098
35.7688
35.4316
35.0858
34.7306
34.3654
33.9896
33.6023
33.2028
32.7903
32.3639
31.9228
31.4661
30.9925
30.5013
29.991
29.4607
28.9091
28.3349
27.737
27.1146
26.467
25.7944
25.0985
24.3834
23.6582
22.9409
22.2673
21.7036
21.3549
21.3292
21.6484
22.225
22.9473
23.741
24.566
25.3999
26.2302
27.0498
27.8547
28.6428
29.4135
30.1655
30.8993
31.6152
32.3136
32.9951
33.6605
34.3098
34.9439
35.5636
36.169
36.7607
37.3396
37.9056
38.4595
39.0012
39.5316
40.0503
40.5581
41.0548
41.5408
42.016
42.4802
42.9339
43.3767
43.8084
52.8183
52.5182
52.2147
51.9079
51.5981
51.2854
50.9701
50.6524
50.3324
50.0103
49.6864
49.3607
49.0335
48.705
48.3753
48.0447
47.7133
47.3814
47.0492
46.7168
46.3846
46.0528
45.7216
45.3914
45.0624
44.7348
44.4092
44.0856
43.7646
43.4463
43.131
42.8192
42.5109
42.2065
41.9061
41.6097
41.3175
41.0294
40.7452
40.4646
40.1873
39.9128
39.6407
39.3702
39.1008
38.8317
38.5621
38.2912
38.0184
37.7429
37.4638
37.1806
36.8923
36.5985
36.2984
35.9912
35.6765
35.3535
35.0215
34.6799
34.328
33.965
33.5903
33.203
32.8023
32.3872
31.957
31.5104
31.0465
30.5641
30.062
29.5388
28.9934
28.4246
27.8311
27.2122
26.5678
25.8987
25.2085
24.5046
23.8026
23.1334
22.5558
22.1675
22.0815
22.3421
22.8792
23.5798
24.3623
25.1812
26.0116
26.8392
27.6563
28.4585
29.2431
30.0093
30.7566
31.4852
32.1957
32.8879
33.563
34.2216
34.8641
35.4911
36.1038
36.702
37.2869
37.8585
38.4177
38.9645
39.4997
40.0234
40.5357
41.0373
41.528
42.0079
42.4774
42.9364
43.3849
43.8227
44.2495
52.7255
52.4228
52.1166
51.807
51.4945
51.1791
50.8611
50.5406
50.2179
49.8931
49.5665
49.2381
48.9083
48.5771
48.2448
47.9117
47.5778
47.2434
46.9088
46.5743
46.24
45.9062
45.5733
45.2415
44.9113
44.5828
44.2566
43.933
43.6123
43.2951
42.9815
42.6721
42.3672
42.0671
41.772
41.4821
41.1976
40.9184
40.6444
40.3754
40.1109
39.8506
39.5937
39.3397
39.0878
38.8371
38.5868
38.3361
38.0841
37.8299
37.5728
37.3121
37.0468
36.7764
36.5001
36.2172
35.9272
35.6293
35.3229
35.0073
34.6819
34.346
33.9987
33.6395
33.2675
32.8817
32.4813
32.0653
31.6326
31.1821
30.7126
30.2228
29.7113
29.177
28.6185
28.0348
27.4257
26.7914
26.1347
25.4614
24.7848
24.1314
23.5525
23.1368
22.9977
23.1989
23.6906
24.3624
25.1262
25.9314
26.7503
27.5674
28.374
29.1656
29.9393
30.6943
31.4305
32.1476
32.8462
33.5272
34.1906
34.8379
35.469
36.0853
36.6867
37.2746
37.8489
38.4106
38.9597
39.4972
40.0231
40.5377
41.0416
41.5348
42.0175
42.4899
42.9519
43.4038
43.8455
44.2769
44.6978
52.6212
52.3154
52.0062
51.6936
51.378
51.0595
50.7384
50.4148
50.089
49.7611
49.4313
49.0998
48.7668
48.4325
48.0971
47.7609
47.424
47.0866
46.7491
46.4117
46.0747
45.7383
45.403
45.069
44.7368
44.4067
44.0792
43.7547
43.4338
43.1168
42.8043
42.4968
42.1947
41.8984
41.6084
41.3249
41.0481
40.7781
40.5148
40.2579
40.0072
39.7621
39.5218
39.2857
39.0528
38.8223
38.5932
38.3644
38.1351
37.9044
37.6713
37.435
37.1948
36.9499
36.6996
36.4431
36.18
35.9095
35.6309
35.3438
35.0474
34.741
34.424
34.0957
33.7553
33.4019
33.0347
32.6528
32.2552
31.8407
31.4082
30.9565
30.4842
29.9902
29.4731
28.9318
28.3658
27.7751
27.1616
26.53
25.8913
25.2676
24.703
24.2758
24.0951
24.2387
24.6789
25.3125
26.0468
26.827
27.6231
28.4186
29.2042
29.9751
30.7288
31.4645
32.1813
32.8797
33.5605
34.2237
34.8705
35.5011
36.1167
36.7178
37.3046
37.8784
38.4393
38.9878
39.5246
40.0501
40.5645
41.068
41.5613
42.0444
42.5174
42.9805
43.4338
43.8772
44.3108
44.7345
45.148
52.5045
52.1955
51.8828
51.5669
51.2478
50.9259
50.6012
50.2741
49.9447
49.6132
49.2797
48.9446
48.608
48.27
47.931
47.5911
47.2505
46.9095
46.5684
46.2274
45.8869
45.5472
45.2086
44.8716
44.5365
44.2039
43.8743
43.548
43.2258
42.9082
42.5959
42.2894
41.9893
41.6963
41.4108
41.1333
40.8641
40.6033
40.351
40.107
39.8708
39.642
39.4196
39.2029
38.9908
38.7822
38.576
38.3711
38.1665
37.9612
37.7541
37.5444
37.3312
37.1139
36.8916
36.6636
36.4295
36.1885
35.94
35.6835
35.4183
35.1439
34.8595
34.5647
34.2586
33.9405
33.6095
33.265
32.9059
32.5311
32.1398
31.7307
31.3026
30.8544
30.3848
29.8928
29.3778
28.8397
28.2797
27.7018
27.1148
26.5371
26.0052
25.5862
25.3799
25.4715
25.8544
26.4378
27.1284
27.8686
28.6273
29.3873
30.1393
30.8783
31.6018
32.3084
32.9982
33.6707
34.3269
34.9668
35.5914
36.201
36.7967
37.3788
37.9476
38.5042
39.0488
39.5819
40.1039
40.6151
41.116
41.6069
42.0879
42.5593
43.0211
43.4736
43.9168
44.3506
44.775
45.1899
45.5953
52.375
52.0622
51.7458
51.426
51.1031
50.7772
50.4486
50.1175
49.784
49.4484
49.1108
48.7715
48.4306
48.0884
47.7451
47.4008
47.0559
46.7105
46.365
46.0197
45.6748
45.3308
44.9881
44.647
44.3081
43.9718
43.6388
43.3097
42.9851
42.6657
42.3523
42.0457
41.7467
41.4559
41.1741
40.902
40.6399
40.3882
40.1471
39.9163
39.6954
39.4838
39.2806
39.0848
38.8951
38.7102
38.529
38.35
38.172
37.994
37.8149
37.6337
37.4495
37.2616
37.0692
36.8717
36.6683
36.4587
36.2422
36.0182
35.7862
35.5457
35.2961
35.0369
34.7673
34.4868
34.1946
33.89
33.5722
33.2404
32.8935
32.5307
32.1509
31.753
31.3362
30.8994
30.4423
29.9647
29.4678
28.9549
28.4333
27.9179
27.4385
27.0502
26.8387
26.8884
27.21
27.7297
28.3593
29.042
29.7466
30.4563
31.1615
31.857
32.5401
33.2092
33.864
34.5043
35.1299
35.7416
36.3397
36.9244
37.4966
38.0566
38.6048
39.1416
39.6676
40.1832
40.6886
41.1842
41.6701
42.1468
42.6143
43.0729
43.5225
43.9634
44.3955
44.819
45.2334
45.6388
46.0349
52.2317
51.9148
51.5942
51.2702
50.9429
50.6127
50.2796
49.944
49.6059
49.2657
48.9234
48.5793
48.2335
47.8864
47.538
47.1887
46.8386
46.488
46.1372
45.7866
45.4364
45.0871
44.739
44.3927
44.0486
43.7074
43.3697
43.0363
42.7078
42.3851
42.0692
41.761
41.4614
41.1715
40.8922
40.6243
40.3686
40.1255
39.8953
39.678
39.473
39.2797
39.097
38.9236
38.758
38.5987
38.4443
38.2931
38.1437
37.995
37.8457
37.6948
37.5414
37.3846
37.2237
37.0581
36.8872
36.7105
36.5274
36.3374
36.1402
35.9351
35.7217
35.4996
35.2682
35.0269
34.7751
34.5123
34.2378
33.9508
33.6507
33.3366
33.0077
32.6633
32.3027
31.9252
31.5307
31.1192
30.6923
30.2528
29.8073
29.3681
28.9589
28.623
28.4291
28.4513
28.7109
29.1541
29.7059
30.3141
30.9495
31.5956
32.2426
32.8851
33.5197
34.1446
34.7584
35.361
35.9522
36.5318
37.0998
37.6569
38.2032
38.739
39.2645
39.7801
40.2861
40.7828
41.2704
41.7491
42.2192
42.6807
43.134
43.5789
44.0157
44.4443
44.865
45.2772
45.6811
46.0766
46.4632
52.0739
51.7525
51.4273
51.0985
50.7665
50.4314
50.0934
49.7527
49.4094
49.0639
48.7163
48.3667
48.0154
47.6626
47.3084
46.9531
46.597
46.2402
45.8832
45.5262
45.1695
44.8136
44.459
44.106
43.7554
43.4077
43.0637
42.7241
42.3899
42.0621
41.7417
41.4298
41.1278
40.8368
40.5581
40.2929
40.0422
39.8068
39.5871
39.3831
39.1944
39.0201
38.8591
38.7096
38.5699
38.4381
38.3124
38.1909
38.0721
37.9545
37.8367
37.7178
37.5966
37.4724
37.3444
37.2121
37.0748
36.9321
36.7835
36.6286
36.467
36.2982
36.122
35.9378
35.7453
35.5441
35.3336
35.1133
34.8828
34.6416
34.389
34.1245
33.8476
33.5577
33.2545
32.9377
32.6075
32.2644
31.9102
31.5479
31.1835
30.8278
30.4995
30.2317
30.0749
30.086
30.2882
30.6488
31.112
31.6349
32.1915
32.7657
33.3477
33.9313
34.5125
35.0888
35.6587
36.2209
36.7746
37.32
37.8566
38.3845
38.9035
39.4139
39.9158
40.4093
40.8945
41.3717
41.8409
42.3023
42.7562
43.2023
43.6408
44.0719
44.4955
44.9118
45.3204
45.7213
46.1145
46.4996
46.8766
51.9009
51.5745
51.2442
50.9102
50.5729
50.2324
49.8888
49.5424
49.1935
48.842
48.4884
48.1326
47.7749
47.4156
47.0547
46.6926
46.3294
45.9655
45.6011
45.2365
44.8721
44.5082
44.1455
43.7844
43.4255
43.0694
42.7171
42.3694
42.0272
41.6918
41.3644
41.0464
40.7393
40.4446
40.1641
39.8993
39.6515
39.4221
39.2117
39.0205
38.8482
38.6938
38.5555
38.4316
38.3196
38.2172
38.1222
38.0324
37.9459
37.8611
37.7765
37.6909
37.6034
37.5129
37.4189
37.3208
37.2179
37.11
36.9965
36.8772
36.7516
36.6196
36.4807
36.3347
36.1812
36.02
35.8505
35.6726
35.4859
35.2899
35.0843
34.8687
34.6429
34.4065
34.1596
33.9022
33.6348
33.3584
33.0751
32.788
32.503
32.2294
31.9824
31.7864
31.6762
31.6901
31.8469
32.1309
32.5075
32.9453
33.4222
33.9236
34.4395
34.9633
35.4905
36.0174
36.5424
37.0637
37.5801
38.091
38.5958
39.0941
39.5859
40.0709
40.549
41.0203
41.4848
41.9427
42.3936
42.8377
43.2751
43.706
44.13
44.5472
44.9577
45.3615
45.7582
46.148
46.5303
46.9053
47.2723
51.7118
51.3799
51.044
50.7044
50.3612
50.0147
49.665
49.3124
48.957
48.5989
48.2385
47.8757
47.5109
47.1442
46.7757
46.4057
46.0344
45.6621
45.2891
44.9156
44.542
44.1687
43.7962
43.4251
43.0559
42.6894
42.3265
41.9681
41.6153
41.2695
40.932
40.6046
40.289
39.9873
39.7015
39.4337
39.1859
38.9599
38.757
38.5775
38.4213
38.287
38.1728
38.0759
37.9936
37.9227
37.8605
37.8045
37.7522
37.7019
37.652
37.6012
37.5484
37.4927
37.4335
37.3702
37.3023
37.2295
37.1515
37.0678
36.9784
36.8829
36.7811
36.6728
36.5578
36.4357
36.3065
36.1698
36.0255
35.8732
35.7128
35.5442
35.3671
35.1816
34.9878
34.7862
34.5775
34.363
34.1449
33.9267
33.7136
33.5137
33.3394
33.2082
33.1432
33.168
33.2959
33.5215
33.8265
34.1901
34.5957
35.0304
35.485
35.9527
36.4286
36.9089
37.3911
37.8731
38.3535
38.8311
39.3052
39.7751
40.2405
40.7009
41.1561
41.6062
42.0506
42.4893
42.9225
43.35
43.7716
44.1874
44.5974
45.0012
45.3991
45.7905
46.1758
46.5544
46.9263
47.2911
47.6487
51.5058
51.168
50.8261
50.4802
50.1306
49.7775
49.4211
49.0615
48.699
48.3336
47.9656
47.595
47.2221
46.8471
46.47
46.0911
45.7105
45.3286
44.9455
44.5617
44.1773
43.7929
43.4088
43.0256
42.6439
42.2646
41.8884
41.5165
41.1499
40.7902
40.439
40.0981
39.7698
39.4565
39.1608
38.8855
38.6335
38.4072
38.2086
38.0388
37.8978
37.7841
37.695
37.6271
37.5766
37.5397
37.5127
37.4925
37.4766
37.4627
37.449
37.4343
37.4173
37.3974
37.3737
37.3459
37.3134
37.276
37.2333
37.1853
37.1317
37.0723
37.007
36.9356
36.858
36.7741
36.6837
36.5866
36.4828
36.3721
36.2544
36.1298
35.9982
35.8599
35.7151
35.5644
35.4089
35.25
35.0899
34.932
34.781
34.644
34.5304
34.4529
34.4268
34.4666
34.5811
34.7697
35.0235
35.3304
35.6783
36.0573
36.4593
36.8778
37.3082
37.7464
38.1897
38.6359
39.0831
39.53
39.9758
40.4193
40.86
41.2974
41.731
42.1609
42.5864
43.0074
43.4239
43.8354
44.2422
44.6437
45.0402
45.4312
45.8168
46.1967
46.5709
46.9389
47.3007
47.656
48.0043
51.2823
50.938
50.5895
50.2368
49.8802
49.52
49.1562
48.789
48.4186
48.0451
47.6687
47.2895
46.9077
46.5233
46.1365
45.7475
45.3565
44.9636
44.5691
44.1733
43.7765
43.379
42.9813
42.5838
42.1873
41.7924
41.4
41.0112
40.6273
40.2497
39.8803
39.5212
39.1749
38.8443
38.5327
38.2438
37.9813
37.7492
37.5504
37.3872
37.2597
37.1665
37.1039
37.0674
37.0516
37.0515
37.0626
37.0811
37.1038
37.1283
37.1528
37.1757
37.196
37.2128
37.2256
37.2338
37.2372
37.2354
37.2284
37.2159
37.1978
37.1741
37.1447
37.1094
37.0683
37.0212
36.9681
36.9089
36.8436
36.7722
36.6946
36.6111
36.5217
36.4267
36.3266
36.2222
36.1144
36.0049
35.8959
35.7903
35.6926
35.6083
35.5451
35.5119
35.5189
35.5756
35.688
35.8571
36.0788
36.3463
36.6517
36.9875
37.3472
37.7253
38.1172
38.5195
38.9291
39.3439
39.7618
40.1813
40.6013
41.0211
41.4393
41.8557
42.2699
42.6811
43.0891
43.4938
43.8946
44.2915
44.6842
45.0726
45.4563
45.8355
46.2097
46.5786
46.9424
47.3005
47.6528
47.9987
48.3382
51.0404
50.6892
50.3336
49.9736
49.6095
49.2414
48.8696
48.4942
48.1152
47.7329
47.3473
46.9585
46.5667
46.172
45.7744
45.3742
44.9714
44.5662
44.1589
43.7495
43.3384
42.9259
42.5124
42.0983
41.6843
41.2709
40.8591
40.4499
40.0445
39.6445
39.2519
38.8688
38.4982
38.1433
37.8082
37.4976
37.2165
36.9705
36.7647
36.6028
36.4863
36.4134
36.3793
36.3772
36.3999
36.4407
36.4936
36.5542
36.6187
36.6844
36.7494
36.812
36.8713
36.9265
36.9769
37.0223
37.0624
37.097
37.1259
37.1492
37.1668
37.1786
37.1847
37.185
37.1796
37.1684
37.1514
37.1287
37.1003
37.0663
37.0267
36.9817
36.9317
36.877
36.8182
36.756
36.6916
36.6265
36.5629
36.5035
36.452
36.413
36.3924
36.3969
36.4334
36.5082
36.6258
36.7875
36.9916
37.2342
37.5104
37.8149
38.1425
38.4889
38.8501
39.2228
39.6043
39.9923
40.385
40.7809
41.1786
41.5771
41.9758
42.3735
42.7701
43.1646
43.557
43.9466
44.3334
44.7167
45.0968
45.473
45.8452
46.2132
46.5769
46.9358
47.2897
47.6385
47.9818
48.3193
48.6506
50.7796
50.4211
50.0578
49.69
49.3179
48.9415
48.561
48.1766
47.7884
47.3964
47.0008
46.6017
46.199
45.7929
45.3835
44.9709
44.555
44.1362
43.7143
43.2898
42.8626
42.4332
42.0017
41.5686
41.1343
40.6995
40.2649
39.8315
39.4004
38.9732
38.5518
38.1385
37.7363
37.3489
36.981
36.6383
36.3276
36.0566
35.8335
35.6651
35.5553
35.5023
35.4994
35.5366
35.6034
35.6905
35.7905
35.8978
36.0084
36.119
36.2278
36.3331
36.4339
36.5296
36.6198
36.704
36.7822
36.8544
36.9204
36.9802
37.0341
37.0818
37.1236
37.1595
37.1896
37.2138
37.2324
37.2453
37.2527
37.2548
37.2517
37.2437
37.2311
37.2144
37.1942
37.1715
37.1472
37.1229
37.1006
37.0826
37.0723
37.0733
37.0901
37.1278
37.1914
37.2853
37.4127
37.5749
37.7715
38.0003
38.2581
38.5411
38.8458
39.1684
39.5058
39.8551
40.2138
40.5801
40.9518
41.3276
41.7064
42.0869
42.4684
42.8498
43.2308
43.6107
43.9891
44.3655
44.7395
45.1109
45.4794
45.8445
46.2062
46.5642
46.9182
47.2678
47.6129
47.953
48.288
48.6175
48.9412
50.4995
50.1333
49.762
49.3859
49.0052
48.6199
48.2303
47.8363
47.4381
47.0359
46.6295
46.2191
45.8047
45.3863
44.964
44.5378
44.1077
43.6738
43.2362
42.7948
42.35
41.9016
41.4501
40.9956
40.5385
40.0794
39.6187
39.1573
38.6963
38.2369
37.781
37.3308
36.8894
36.4606
36.0494
35.6625
35.3083
34.9973
34.7421
34.5552
34.4452
34.4119
34.4448
34.5285
34.6472
34.7884
34.9426
35.1031
35.2652
35.4258
35.5827
35.7346
35.8805
36.0199
36.1524
36.278
36.3965
36.508
36.6127
36.7105
36.8017
36.8863
36.9645
37.0364
37.1023
37.1621
37.2161
37.2644
37.3072
37.3447
37.3773
37.4051
37.4287
37.4485
37.4652
37.4798
37.4932
37.507
37.5229
37.5431
37.5702
37.6073
37.658
37.7261
37.8151
37.9286
38.0687
38.2367
38.4327
38.6555
38.9029
39.1725
39.4615
39.7672
40.087
40.4185
40.7595
41.1082
41.4631
41.8224
42.1853
42.5505
42.9174
43.2849
43.6525
44.0197
44.3858
44.7505
45.1134
45.4742
45.8322
46.1876
46.5399
46.8887
47.2339
47.5751
47.9121
48.2445
48.572
48.8942
49.2108
50.2
49.8257
49.446
49.0613
48.6715
48.2769
47.8776
47.4735
47.0649
46.6516
46.2338
45.8115
45.3845
44.9531
44.5169
44.0762
43.6309
43.1808
42.726
42.2666
41.8024
41.3335
40.8601
40.3822
39.9
39.4138
38.9241
38.4315
37.9366
37.4407
36.9451
36.452
35.964
35.4849
35.0198
34.5757
34.1625
33.7935
33.4868
33.2638
33.1434
33.1291
33.2048
33.345
33.5265
33.7318
33.949
34.1706
34.3912
34.6078
34.8183
35.0214
35.2165
35.4032
35.5815
35.7512
35.9125
36.0657
36.2109
36.3483
36.4782
36.6009
36.7165
36.8252
36.9274
37.0232
37.1128
37.1965
37.2746
37.3473
37.415
37.478
37.5368
37.5921
37.6444
37.6948
37.7442
37.7939
37.8456
37.9013
37.963
38.0334
38.1153
38.2116
38.3251
38.4582
38.6128
38.7901
38.9901
39.2122
39.4553
39.7174
39.9968
40.2911
40.5984
40.9168
41.2443
41.5796
41.9208
42.2671
42.6169
42.9697
43.3244
43.68
44.0363
44.3926
44.7482
45.1026
45.4558
45.8071
46.1562
46.5029
46.8467
47.1875
47.5248
47.8585
48.1881
48.5134
48.834
49.1496
49.4598
49.8813
49.4986
49.1103
48.7166
48.3175
47.9132
47.5038
47.0892
46.6696
46.2449
45.8152
45.3803
44.9403
44.495
44.0444
43.5884
43.1269
42.6598
42.1869
41.7082
41.2236
40.7329
40.2362
39.7332
39.2242
38.7092
38.1883
37.6618
37.1303
36.5944
36.0552
35.5143
34.9741
34.4376
33.9098
33.3976
32.9115
32.467
32.0878
31.8078
31.6628
31.6652
31.7908
31.9989
32.2547
32.5349
32.8247
33.1154
33.4016
33.6803
33.9496
34.2086
34.4569
34.6945
34.9215
35.1381
35.3446
35.5415
35.729
35.9075
36.0775
36.2393
36.3932
36.5395
36.6785
36.8107
36.9362
37.0554
37.1686
37.2762
37.3786
37.4762
37.5696
37.6594
37.7462
37.831
37.9147
37.9986
38.0842
38.1731
38.2672
38.3686
38.4796
38.6024
38.7392
38.892
39.0621
39.2506
39.4576
39.683
39.9259
40.1852
40.4593
40.7467
41.0457
41.3549
41.6726
41.9977
42.3287
42.6644
43.0041
43.3466
43.6913
44.0372
44.3839
44.7309
45.0775
45.4234
45.7681
46.1113
46.4525
46.7915
47.1279
47.4615
47.7918
48.1187
48.4418
48.7607
49.0751
49.3849
49.6892
49.5438
49.1527
48.7556
48.3527
47.9442
47.53
47.1103
46.685
46.2542
45.8177
45.3757
44.928
44.4745
44.015
43.5495
43.0777
42.5996
42.1148
41.6233
41.1248
40.6191
40.1059
39.5851
39.0563
38.5196
37.9747
37.4214
36.8599
36.2903
35.7128
35.1282
34.5373
33.942
33.3448
32.7498
32.1637
31.5968
31.0662
30.6005
30.2463
30.0612
30.0726
30.2494
30.5319
30.8701
31.2328
31.602
31.9678
32.3248
32.67
33.002
33.3202
33.6246
33.9156
34.1935
34.4588
34.7121
34.954
35.1851
35.4058
35.6167
35.8182
36.0109
36.1951
36.3713
36.5398
36.7012
36.8557
37.0038
37.1459
37.2825
37.414
37.5411
37.6644
37.7845
37.9024
38.019
38.1354
38.253
38.3732
38.4976
38.628
38.7662
38.914
39.0731
39.2452
39.4312
39.6322
39.8483
40.0794
40.3252
40.5848
40.857
41.1409
41.435
41.7382
42.0492
42.3668
42.6901
43.018
43.3496
43.684
44.0204
44.3585
44.6974
45.0366
45.3757
45.7142
46.0517
46.3878
46.7222
47.0545
47.3846
47.7118
48.036
48.3569
48.6741
48.9875
49.2964
49.6006
49.8999
49.1887
48.7892
48.3833
47.9713
47.5533
47.1292
46.6991
46.2631
45.821
45.3728
44.9184
44.4578
43.9907
43.5169
43.0364
42.5488
42.054
41.5516
41.0414
40.523
39.9962
39.4606
38.9157
38.3613
37.797
37.2224
36.6372
36.0411
35.4339
34.8155
34.1862
33.5464
32.8972
32.2406
31.5801
30.9217
30.2756
29.6601
29.1068
28.6728
28.4353
28.4413
28.6593
29.0117
29.4313
29.8771
30.327
30.7695
31.1986
31.6116
32.0074
32.3859
32.7474
33.0925
33.422
33.7366
34.0372
34.3245
34.5993
34.8623
35.1141
35.3553
35.5867
35.8086
36.0216
36.2263
36.423
36.6123
36.7946
36.9705
37.1405
37.305
37.4647
37.6203
37.7724
37.922
38.0698
38.2171
38.3648
38.5144
38.6672
38.8247
38.9884
39.1597
39.3402
39.5309
39.7329
39.9469
40.1732
40.4118
40.6625
40.9247
41.1977
41.4805
41.7723
42.072
42.3787
42.6914
43.0091
43.3311
43.6564
43.9845
44.3147
44.6463
44.9788
45.3117
45.6445
45.9768
46.3083
46.6384
46.967
47.2935
47.6178
47.9397
48.2585
48.5741
48.8862
49.1946
49.4986
49.7981
50.0926
48.8175
48.4098
47.9954
47.5745
47.1471
46.7134
46.2732
45.8265
45.3734
44.9137
44.4472
43.9739
43.4935
43.0058
42.5106
42.0076
41.4966
40.977
40.4487
39.9111
39.364
38.8067
38.2389
37.66
37.0695
36.4669
35.8516
35.2232
34.581
33.9249
33.2546
32.5703
31.8725
31.1629
30.4444
29.7227
29.0081
28.3191
27.6896
27.1812
26.8849
26.8678
27.1071
27.5137
28.0037
28.5252
29.0504
29.5655
30.0637
30.5423
31
31.4371
31.8543
32.2523
32.6323
32.9952
33.3421
33.6739
33.9916
34.296
34.5879
34.8681
35.1372
35.396
35.645
35.8847
36.1159
36.339
36.5545
36.763
36.9651
37.1613
37.3523
37.5388
37.7214
37.901
38.0785
38.2547
38.4308
38.6079
38.7873
38.97
39.1575
39.351
39.5515
39.7602
39.9779
40.2051
40.4422
40.6893
40.9462
41.2126
41.4881
41.7719
42.0633
42.3615
42.6657
42.9753
43.2893
43.6071
43.9281
44.2514
44.5767
44.9032
45.2306
45.5585
45.8861
46.2132
46.5395
46.8646
47.1883
47.5099
47.8294
48.1463
48.4606
48.7716
49.0793
49.3831
49.6829
49.9781
50.2685
48.4325
48.0169
47.5944
47.165
46.7288
46.2857
45.8359
45.3792
44.9155
44.4448
43.9668
43.4814
42.9885
42.4876
41.9785
41.461
40.9346
40.399
39.8538
39.2985
38.7325
38.1554
37.5666
36.9655
36.3514
35.7238
35.0818
34.4249
33.7525
33.0639
32.3589
31.6372
30.8995
30.1469
29.3822
28.6111
27.8436
27.0983
26.4091
25.8379
25.4816
25.4254
25.6628
26.102
26.645
27.2285
27.8184
28.3976
28.9581
29.4963
30.0112
30.5029
30.9722
31.4201
31.8478
32.2565
32.6474
33.0217
33.3803
33.7243
34.0546
34.3721
34.6774
34.9714
35.2548
35.5283
35.7923
36.0477
36.2948
36.5345
36.7672
36.9936
37.2143
37.43
37.6414
37.8493
38.0545
38.2579
38.4604
38.6631
38.8671
39.0734
39.2831
39.4972
39.7167
39.9424
40.1752
40.4154
40.6635
40.9196
41.1836
41.4554
41.7346
42.0207
42.3131
42.6114
42.9148
43.2227
43.5345
43.8496
44.1674
44.4873
44.8088
45.1315
45.4549
45.7786
46.1021
46.425
46.7471
47.0681
47.3874
47.7049
48.0204
48.3332
48.6435
48.9505
49.2543
49.5542
49.8502
50.1416
50.4283
48.0362
47.6134
47.1834
46.7462
46.3018
45.8502
45.3915
44.9255
44.4521
43.9712
43.4826
42.9862
42.4817
41.9688
41.4472
40.9165
40.3764
39.8264
39.2661
38.695
38.1126
37.5182
36.9112
36.2911
35.657
35.0084
34.3444
33.6644
32.9675
32.2534
31.5214
30.7715
30.004
29.2202
28.4229
27.6173
26.8135
26.0293
25.297
24.6754
24.2614
24.1543
24.3688
24.8184
25.3951
26.0246
26.6657
27.298
27.9113
28.5014
29.0667
29.607
30.1233
30.6164
31.0878
31.5387
31.9703
32.3839
32.7807
33.1616
33.5278
33.8802
34.2196
34.5468
34.8625
35.1676
35.4627
35.7485
36.0255
36.2944
36.5559
36.8106
37.0591
37.3022
37.5404
37.7747
38.0057
38.2343
38.4614
38.6878
38.9146
39.1426
39.3728
39.6061
39.8433
40.0852
40.3324
40.5853
40.8443
41.1096
41.3812
41.659
41.9427
42.2321
42.5267
42.8261
43.1298
43.4372
43.7479
44.0614
44.3773
44.6949
45.0137
45.3335
45.6538
45.9744
46.2945
46.6141
46.9328
47.2502
47.5662
47.8802
48.1921
48.5015
48.8083
49.1119
49.4123
49.7089
50.0015
50.2898
50.5733
47.6321
47.2029
46.7663
46.3221
45.8704
45.4113
44.9446
44.4703
43.9883
43.4985
43.0006
42.4945
41.9799
41.4565
40.924
40.382
39.8301
39.2679
38.695
38.1107
37.5146
36.9061
36.2845
35.6492
34.9995
34.3347
33.654
32.9567
32.2422
31.5098
30.7593
29.9904
29.2035
28.4
27.5826
26.7564
25.9306
25.122
24.3604
23.6995
23.2323
23.0673
23.2422
23.6826
24.2749
24.9346
25.6135
26.2871
26.9432
27.5764
28.1843
28.7664
29.3236
29.8566
30.3667
30.8552
31.3235
31.7728
32.2043
32.619
33.0181
33.4026
33.7733
34.1312
34.4769
34.8114
35.1352
35.4492
35.7539
36.05
36.3382
36.6192
36.8935
37.1619
37.4251
37.6837
37.9386
38.1905
38.4401
38.6884
38.9361
39.1842
39.4333
39.6844
39.9381
40.195
40.4558
40.7208
40.9905
41.2649
41.5442
41.8284
42.1173
42.4106
42.7081
43.0095
43.3144
43.6224
43.933
44.2458
44.5604
44.8766
45.1937
45.5114
45.8296
46.1475
46.4651
46.7821
47.098
47.4127
47.7257
48.0369
48.3458
48.6524
48.9562
49.2569
49.5543
49.8481
50.1378
50.4232
50.7039
47.2239
46.7894
46.3471
45.897
45.4392
44.9736
44.5003
44.0191
43.5299
43.0325
42.5269
42.0127
41.4898
40.9577
40.4163
39.8652
39.3039
38.732
38.1492
37.5547
36.9482
36.3291
35.6967
35.0504
34.3896
33.7136
33.0216
32.3131
31.5875
30.8441
30.0828
29.3034
28.5064
27.6931
26.8659
26.0298
25.1931
24.371
23.5902
22.8991
22.384
22.1582
22.2812
22.6965
23.2892
23.9654
24.67
25.3742
26.0635
26.7311
27.3739
27.991
28.5828
29.1499
29.6936
30.2152
30.7158
31.1966
31.659
32.104
32.5328
32.9463
33.3455
33.7312
34.1043
34.4655
34.8157
35.1555
35.4856
35.8068
36.1196
36.4246
36.7227
37.0144
37.3004
37.5814
37.8581
38.1313
38.4017
38.6699
38.9369
39.2033
39.4698
39.7372
40.0061
40.2771
40.5507
40.8272
41.1071
41.3905
41.6775
41.9682
42.2624
42.5602
42.8612
43.1651
43.4718
43.7809
44.0921
44.4051
44.7193
45.0346
45.3508
45.6671
45.9837
46.2999
46.6157
46.9306
47.2444
47.5567
47.8675
48.1762
48.4828
48.7869
49.0883
49.3865
49.6814
49.9727
50.2601
50.543
50.8213
46.8159
46.3771
45.9304
45.4756
45.013
44.5423
44.0637
43.577
43.0822
42.579
42.0673
41.5469
41.0176
40.4791
39.931
39.3731
38.8049
38.2261
37.6361
37.0347
36.4211
35.7949
35.1556
34.5025
33.8351
33.1526
32.4546
31.7404
31.0095
30.2614
29.4959
28.7129
27.9131
27.0974
26.2683
25.4299
24.5899
23.7616
22.9688
22.2543
21.697
21.4103
21.4733
21.8512
22.4318
23.1134
23.8337
24.5594
25.2736
25.968
26.6387
27.2843
27.9048
28.5007
29.073
29.6228
30.1513
30.6598
31.1493
31.6212
32.0762
32.5156
32.9402
33.3509
33.7486
34.1341
34.5081
34.8714
35.2246
35.5685
35.9036
36.2307
36.5504
36.8633
37.1701
37.4716
37.7682
38.0608
38.35
38.6365
38.921
39.2041
39.4866
39.769
40.0519
40.3359
40.6214
40.9088
41.1984
41.4904
41.7849
42.0821
42.3819
42.6843
42.989
43.296
43.605
43.9157
44.2281
44.5416
44.8562
45.1713
45.487
45.8026
46.1182
46.4332
46.7476
47.0609
47.3731
47.6838
47.9926
48.2995
48.6042
48.9063
49.2056
49.5017
49.7945
50.0837
50.3689
50.6498
50.926
46.4123
45.9706
45.5206
45.0626
44.5965
44.1223
43.6399
43.1494
42.6506
42.1433
41.6274
41.1028
40.5692
40.0263
39.4738
38.9115
38.339
37.7559
37.1619
36.5564
35.939
35.3092
34.6665
34.0104
33.3403
32.6557
31.956
31.2407
30.5093
29.7614
28.9969
28.2156
27.4181
26.6053
25.7792
24.9436
24.1051
23.2753
22.4751
21.7426
21.1482
20.8027
20.8009
21.1317
21.6905
22.3688
23.0969
23.8369
24.5692
25.284
25.9767
26.6453
27.2892
27.909
28.5053
29.0791
29.6315
30.1638
30.6769
31.172
31.6502
32.1124
32.5596
32.9926
33.4123
33.8194
34.2148
34.5992
34.9732
35.3375
35.6929
36.0399
36.3791
36.7113
37.037
37.3569
37.6717
37.9819
38.2882
38.5912
38.8916
39.19
39.487
39.7832
40.079
40.375
40.6716
40.9691
41.2678
41.568
41.8699
42.1735
42.4788
42.7859
43.0946
43.4048
43.7165
44.0294
44.3432
44.6579
44.973
45.2886
45.6041
45.9196
46.2346
46.5489
46.8624
47.1747
47.4855
47.7949
48.1024
48.4078
48.7109
49.0114
49.3089
49.6034
49.8945
50.1819
50.4653
50.7444
51.0189
46.0177
45.5742
45.1225
44.6625
44.1944
43.7181
43.2336
42.7408
42.2397
41.7302
41.212
40.6851
40.1492
39.604
39.0495
38.4851
37.9108
37.326
36.7304
36.1236
35.5053
34.8749
34.232
33.5761
32.9067
32.2233
31.5254
30.8126
30.0843
29.3403
28.5802
27.8042
27.0124
26.2057
25.3857
24.5558
23.7215
22.8929
22.0885
21.3416
20.7151
20.3142
20.2452
20.5217
21.0506
21.7187
22.4485
23.1972
23.9424
24.6727
25.3826
26.0695
26.7326
27.372
27.9883
28.5823
29.155
29.7076
30.2411
30.7565
31.2548
31.737
32.204
32.6566
33.0958
33.5222
33.9367
34.3399
34.7325
35.1153
35.4888
35.8537
36.2106
36.5601
36.9029
37.2395
37.5706
37.8967
38.2185
38.5365
38.8514
39.1637
39.4739
39.7826
40.0902
40.3972
40.7041
41.011
41.3184
41.6264
41.9352
42.245
42.5558
42.8676
43.1804
43.4941
43.8086
44.1237
44.4395
44.7555
45.0718
45.3879
45.7039
46.0195
46.3344
46.6483
46.9613
47.2729
47.5831
47.8915
48.1978
48.502
48.8039
49.103
49.3993
49.6924
49.9821
50.268
50.5501
50.8277
51.1007
45.6362
45.1923
44.74
44.2795
43.8108
43.3339
42.8488
42.3554
41.8537
41.3435
40.8248
40.2974
39.7612
39.2158
38.6611
38.0969
37.5228
36.9385
36.3437
35.7381
35.1212
34.4927
33.8521
33.1989
32.5328
31.8533
31.1598
30.4519
29.7292
28.9914
28.2381
27.4693
26.6851
25.8863
25.0741
24.2512
23.4225
22.5967
21.7899
21.0317
20.3775
19.9251
19.7886
20.0053
20.4976
21.1498
21.8767
22.6299
23.3839
24.1259
24.8493
25.5509
26.2295
26.8851
27.518
28.1291
28.7191
29.289
29.8399
30.3728
30.8886
31.3883
31.8727
32.3426
32.7989
33.2424
33.6738
34.0938
34.5031
34.9023
35.292
35.673
36.0457
36.4108
36.769
37.1206
37.4664
37.8069
38.1427
38.4743
38.8023
39.1271
39.4494
39.7695
40.088
40.4051
40.7214
41.0371
41.3525
41.6679
41.9834
42.2991
42.6152
42.9316
43.2485
43.5657
43.8832
44.2009
44.5187
44.8365
45.1539
45.4711
45.7878
46.1038
46.4189
46.7328
47.0455
47.3568
47.6665
47.9742
48.2799
48.5833
48.8842
49.1824
49.4776
49.7696
50.0581
50.343
50.6237
50.9001
51.1718
45.2716
44.8285
44.377
43.9173
43.4493
42.9732
42.4889
41.9963
41.4955
40.9863
40.4686
39.9424
39.4075
38.8636
38.3106
37.7482
37.1762
36.5943
36.0023
35.3996
34.7861
34.1613
33.5249
32.8764
32.2154
31.5413
30.8539
30.1526
29.437
28.7067
27.9614
27.2009
26.4254
25.6351
24.8312
24.0159
23.1933
22.3711
21.5632
20.7958
20.1177
19.6187
19.4157
19.5685
20.0183
20.6497
21.3698
22.1243
22.8843
23.635
24.369
25.0824
25.7739
26.4429
27.0898
27.7152
28.3198
28.9046
29.4706
30.0186
30.5495
31.0644
31.564
32.0491
32.5206
32.9792
33.4256
33.8605
34.2845
34.6984
35.1027
35.498
35.885
36.2641
36.636
37.0012
37.3603
37.7137
38.0622
38.406
38.7459
39.0821
39.4153
39.7459
40.0742
40.4006
40.7257
41.0495
41.3724
41.6946
42.0164
42.3378
42.659
42.98
43.3009
43.6216
43.9422
44.2625
44.5826
44.902
45.2211
45.5396
45.8572
46.1738
46.4894
46.8035
47.1163
47.4275
47.7369
48.0443
48.3496
48.6524
48.9527
49.2501
49.5445
49.8356
50.1233
50.4071
50.6869
50.9623
51.2331
44.9273
44.486
44.0364
43.5786
43.1126
42.6385
42.1562
41.6658
41.1671
40.6603
40.145
39.6214
39.0891
38.5481
37.9982
37.4391
36.8707
36.2927
35.7047
35.1065
34.4977
33.878
33.247
32.6044
31.9495
31.2822
30.6018
29.9079
29.2001
28.478
27.7412
26.9894
26.2225
25.441
24.6454
23.8377
23.0214
22.203
21.3949
20.6201
19.9215
19.3804
19.1133
19.1994
19.6015
20.2075
20.9176
21.6707
22.4344
23.1917
23.9341
24.6573
25.3594
26.0398
26.6985
27.3361
27.9532
28.5508
29.1297
29.6908
30.235
30.7631
31.276
31.7745
32.2594
32.7313
33.191
33.6391
34.0763
34.5033
34.9206
35.3288
35.7284
36.1201
36.5044
36.8818
37.2528
37.618
37.9778
38.3327
38.6833
39.0299
39.373
39.7131
40.0504
40.3854
40.7185
41.0498
41.3797
41.7084
42.0361
42.3629
42.689
43.0144
43.3392
43.6634
43.987
44.31
44.6324
44.9539
45.2747
45.5945
45.9132
46.2307
46.5469
46.8616
47.1747
47.486
47.7954
48.1026
48.4076
48.7101
49.0098
49.3069
49.6007
49.8911
50.1782
50.4612
50.7402
51.0149
51.2848
44.6059
44.1674
43.7207
43.2657
42.8027
42.3315
41.8524
41.3651
40.8698
40.3663
39.8546
39.3346
38.8061
38.2691
37.7234
37.1687
36.6049
36.0316
35.4487
34.8559
34.2527
33.639
33.0142
32.3781
31.7301
31.0699
30.397
29.7109
29.0112
28.2973
27.5689
26.8257
26.0675
25.2943
24.5068
23.7064
22.8961
22.0818
21.274
20.4931
19.7772
19.1986
18.8706
18.8882
19.2378
19.8142
20.5111
21.2608
22.0263
22.7886
23.5379
24.2692
24.9803
25.6703
26.3391
26.9872
27.6152
28.2239
28.814
29.3865
29.9422
30.482
31.0067
31.5169
32.0135
32.4972
32.9687
33.4287
33.8776
34.3163
34.7452
35.1649
35.5759
35.9789
36.3743
36.7627
37.1445
37.5202
37.8903
38.2552
38.6155
38.9715
39.3237
39.6724
40.018
40.3608
40.7013
41.0395
41.3759
41.7106
42.0439
42.3758
42.7066
43.0362
43.3648
43.6925
44.0191
44.3448
44.6694
44.9931
45.3155
45.6368
45.9568
46.2753
46.5923
46.9079
47.2214
47.533
47.8426
48.1499
48.4549
48.7572
49.0567
49.3533
49.6468
49.9368
50.2233
50.5059
50.7842
51.0583
51.3276
44.3092
43.8743
43.4311
42.9799
42.5206
42.0533
41.578
41.0947
40.6035
40.1042
39.5968
39.0813
38.5575
38.0252
37.4844
36.9348
36.3762
35.8085
35.2313
34.6443
34.0473
33.4399
32.8218
32.1925
31.5516
30.8987
30.2333
29.5549
28.8631
28.1573
27.4371
26.7021
25.9519
25.1867
24.4068
23.6134
22.809
21.9986
21.1917
20.406
19.6751
19.0635
18.6786
18.6272
18.9198
19.4622
20.1431
20.8873
21.6533
22.4193
23.1742
23.9124
24.6312
25.3295
26.0072
26.6644
27.3018
27.9202
28.5202
29.1027
29.6686
30.2187
30.7537
31.2743
31.7814
32.2757
32.7577
33.2281
33.6875
34.1366
34.5759
35.0059
35.4272
35.8404
36.2458
36.644
37.0355
37.4207
37.8001
38.1742
38.5433
38.9078
39.2682
39.6248
39.978
40.328
40.6752
41.0199
41.3623
41.7027
42.0411
42.3779
42.713
43.0467
43.3791
43.71
44.0397
44.368
44.6951
45.0208
45.3451
45.6679
45.9892
46.3089
46.6269
46.9432
47.2573
47.5694
47.8793
48.1869
48.4919
48.7942
49.0938
49.3902
49.6835
49.9732
50.2594
50.5415
50.8196
51.0931
51.362
44.0384
43.6075
43.1686
42.7216
42.2666
41.8037
41.3329
40.8542
40.3677
39.8731
39.3707
38.8601
38.3414
37.8144
37.2789
36.7348
36.1819
35.62
35.0488
34.468
33.8773
33.2764
32.6649
32.0424
31.4085
30.7628
30.1048
29.4338
28.7496
28.0515
27.339
26.6117
25.8693
25.1116
24.3388
23.5519
22.7531
21.9467
21.1408
20.3514
19.608
18.9674
18.53
18.4099
18.6418
19.1458
19.8076
20.5444
21.3095
22.0781
22.8377
23.5819
24.3075
25.0131
25.6985
26.3639
27.0096
27.6365
28.2453
28.8368
29.4117
29.9708
30.515
31.045
31.5614
32.065
32.5564
33.0362
33.505
33.9635
34.4121
34.8515
35.282
35.7042
36.1187
36.5258
36.9261
37.3199
37.7078
38.09
38.4672
38.8395
39.2073
39.5712
39.9312
40.2879
40.6414
40.992
41.34
41.6856
42.0289
42.3702
42.7096
43.0471
43.383
43.7171
44.0497
44.3807
44.7101
45.0379
45.364
45.6886
46.0113
46.3322
46.6512
46.9684
47.2833
47.5959
47.9064
48.2142
48.5194
48.822
49.1215
49.418
49.7111
50.0008
50.2868
50.5686
50.8465
51.1198
51.3882
43.7937
43.3674
42.933
42.4906
42.0404
41.5822
41.1163
40.6426
40.161
39.6716
39.1743
38.669
38.1556
37.6341
37.1042
36.5658
36.0187
35.4627
34.8975
34.3229
33.7385
33.144
32.539
31.9232
31.2961
30.6572
30.0062
29.3424
28.6653
27.9744
27.2692
26.5491
25.8138
25.0631
24.297
23.5163
22.7228
21.9203
21.1159
20.3236
19.5695
18.9039
18.4185
18.2314
18.3992
18.8603
19.4998
20.2273
20.9902
21.7606
22.5241
23.2735
24.0051
24.7174
25.4097
26.0823
26.7356
27.3701
27.9867
28.5861
29.1691
29.7365
30.2889
30.8271
31.3519
31.8639
32.3637
32.852
33.3293
33.7962
34.2532
34.7009
35.1398
35.5703
35.9929
36.4081
36.8163
37.218
37.6135
38.0032
38.3876
38.767
39.1417
39.5121
39.8785
40.2413
40.6005
40.9567
41.3098
41.6603
42.0082
42.3538
42.6971
43.0383
43.3775
43.7148
44.0502
44.3837
44.7155
45.0454
45.3734
45.6995
46.0238
46.346
46.6661
46.9842
47.2999
47.6134
47.9242
48.2325
48.5382
48.8409
49.1407
49.4373
49.7304
50.0201
50.306
50.5877
50.8654
51.1385
51.4069
43.5749
43.1533
42.7237
42.2862
41.8408
41.3877
40.9267
40.4581
39.9817
39.4975
39.0055
38.5056
37.9977
37.4817
36.9574
36.4247
35.8833
35.3332
34.7739
34.2053
33.6269
33.0386
32.4399
31.8305
31.2098
30.5775
29.933
29.2758
28.6055
27.9214
27.2229
26.5095
25.7809
25.0367
24.2769
23.502
22.7137
21.9149
21.1123
20.3179
19.555
18.8677
18.3391
18.0872
18.1885
18.6022
19.216
19.9321
20.6916
21.4629
22.2296
22.9837
23.7207
24.4389
25.1376
25.8168
26.4769
27.1184
27.7421
28.3487
28.9389
29.5136
30.0735
30.6193
31.1516
31.6712
32.1786
32.6745
33.1594
33.6339
34.0986
34.5539
35.0002
35.4382
35.8682
36.2908
36.7062
37.1149
37.5174
37.914
38.305
38.6908
39.0718
39.4483
39.8205
40.1888
40.5534
40.9146
41.2726
41.6276
41.9798
42.3294
42.6764
43.0211
43.3636
43.7038
44.0419
44.378
44.7119
45.0438
45.3738
45.7016
46.0272
46.3509
46.6721
46.9912
47.3078
47.622
47.9335
48.2425
48.5485
48.8517
49.1517
49.4484
49.7417
50.0315
50.3174
50.5991
50.8767
51.1498
51.4181
43.381
42.9642
42.5394
42.1068
41.6664
41.2183
40.7625
40.299
39.8277
39.3488
38.862
38.3674
37.8649
37.3543
36.8355
36.3083
35.7725
35.228
34.6744
34.1115
33.5391
32.9566
32.3638
31.7604
31.1458
30.5195
29.8813
29.2304
28.5662
27.8884
27.1963
26.4892
25.7669
25.0287
24.2749
23.5055
22.722
21.9271
21.1264
20.3307
19.5604
18.8545
18.2873
17.9739
18.007
18.3689
18.9533
19.6558
20.4105
21.1819
21.9513
22.7094
23.4515
24.1752
24.8797
25.565
26.2312
26.8791
27.5093
28.1225
28.7194
29.3008
29.8674
30.42
30.9592
31.4857
32
32.5028
32.9947
33.4761
33.9477
34.4098
34.863
35.3078
35.7446
36.1737
36.5957
37.0109
37.4197
37.8225
38.2196
38.6113
38.9981
39.3801
39.7577
40.1311
40.5007
40.8666
41.229
41.5883
41.9444
42.2978
42.6483
42.9963
43.3418
43.6849
44.0256
44.364
44.7002
45.0342
45.3659
45.6954
46.0225
46.3475
46.6699
46.9901
47.3076
47.6226
47.935
48.2444
48.551
48.8546
49.1548
49.4519
49.7455
50.0354
50.3214
50.6032
50.8808
51.1539
51.4222
43.2107
42.7987
42.3788
41.951
41.5155
41.0723
40.6214
40.1629
39.6968
39.2229
38.7413
38.2518
37.7545
37.2491
36.7356
36.2137
35.6833
35.1441
34.5959
34.0385
33.4715
32.8946
32.3074
31.7096
31.1007
30.4802
29.8477
29.2026
28.5443
27.8724
27.1861
26.485
25.7685
25.0361
24.2878
23.5238
22.745
21.9539
21.1554
20.3589
19.5826
18.8607
18.2595
17.8884
17.8526
18.1584
18.7094
19.3958
20.1445
20.9151
21.6866
22.4484
23.195
23.9238
24.6338
25.3247
25.9968
26.6506
27.2867
27.9059
28.5089
29.0965
29.6693
30.2281
30.7736
31.3063
31.827
32.3361
32.8343
33.322
33.7998
34.2683
34.7277
35.1787
35.6216
36.0568
36.4848
36.9059
37.3206
37.729
38.1317
38.5288
38.9208
39.308
39.6905
40.0686
40.4427
40.813
41.1796
41.5428
41.9027
42.2595
42.6134
42.9645
43.3129
43.6587
44.0019
44.3426
44.6809
45.0168
45.3504
45.6814
46.0102
46.3363
46.6601
46.9813
47.2997
47.6156
47.9287
48.2389
48.5459
48.85
49.1508
49.4482
49.742
50.0321
50.3183
50.6002
50.878
51.1513
51.4196
43.0625
42.6551
42.2398
41.8168
41.386
40.9476
40.5015
40.0479
39.5865
39.1175
38.6408
38.1563
37.664
37.1635
36.655
36.1381
35.6128
35.0787
34.5356
33.9833
33.4215
32.8498
32.2678
31.6753
31.0717
30.4566
29.8294
29.1898
28.537
27.8706
27.1898
26.4942
25.7832
25.0563
24.3133
23.5543
22.7802
21.9929
21.1967
20.4001
19.6189
18.8835
18.2524
17.8278
17.7235
17.9694
18.4828
19.1504
19.8914
20.6604
21.4335
22.1985
22.9494
23.683
24.3981
25.0942
25.7717
26.431
27.0727
27.6975
28.3062
28.8995
29.4781
30.0426
30.5938
31.1323
31.6588
32.1737
32.6776
33.1712
33.6548
34.1289
34.5941
35.0507
35.4992
35.94
36.3735
36.8
37.22
37.6336
38.0414
38.4435
38.8404
39.2322
39.6192
40.0018
40.3801
40.7544
41.1249
41.4917
41.8551
42.2153
42.5723
42.9263
43.2774
43.6257
43.9713
44.3143
44.6547
44.9925
45.3276
45.6604
45.9906
46.318
46.643
46.9653
47.2846
47.6014
47.9152
48.2261
48.5339
48.8385
49.1397
49.4373
49.7315
50.0219
50.3083
50.5907
50.8686
51.1419
51.4104
42.9344
42.5314
42.1207
41.7021
41.2759
40.842
40.4006
39.9515
39.4948
39.0304
38.5584
38.0785
37.5908
37.0951
36.5913
36.0792
35.5585
35.0292
34.4909
33.9434
33.3865
32.8196
32.2426
31.655
31.0563
30.4463
29.8242
29.1896
28.542
27.8807
27.2052
26.5148
25.8091
25.0874
24.3494
23.5953
22.8256
22.0422
21.2486
20.4522
19.6672
18.9203
18.2632
17.7898
17.6181
17.8007
18.2722
18.9181
19.6497
20.4161
21.1901
21.9581
22.7129
23.4509
24.1709
24.8721
25.5547
26.2192
26.8661
27.4962
28.1102
28.7087
29.2926
29.8625
30.4191
30.9629
31.4946
32.0149
32.5242
33.023
33.5119
33.9914
34.4618
34.9236
35.3773
35.8232
36.2617
36.6932
37.118
37.5365
37.9489
38.3556
38.7569
39.1531
39.5443
39.931
40.3132
40.6912
41.0652
41.4355
41.8022
42.1654
42.5253
42.8821
43.2358
43.5865
43.9344
44.2795
44.6218
44.9614
45.2984
45.6327
45.9641
46.293
46.6191
46.9424
47.2628
47.5804
47.895
48.2066
48.515
48.8201
49.1218
49.42
49.7145
50.0052
50.2919
50.5746
50.8527
51.1262
51.3948
42.8245
42.4258
42.0193
41.6051
41.1831
40.7536
40.3165
39.8717
39.4194
38.9594
38.4917
38.0163
37.533
37.0417
36.5423
36.0346
35.5184
34.9935
34.4598
33.9168
33.3643
32.8021
32.2296
31.6466
31.0527
30.4473
29.83
29.2002
28.5574
27.9011
27.2305
26.5451
25.8442
25.1275
24.3944
23.6451
22.8798
22.1001
21.3092
20.5136
19.7256
18.9692
18.2895
17.7719
17.535
17.6517
18.0769
18.6976
19.4181
20.1808
20.9552
21.7257
22.4841
23.2265
23.951
24.6569
25.3444
26.0138
26.6658
27.3008
27.9198
28.5233
29.1122
29.687
30.2485
30.7973
31.334
31.8592
32.3734
32.8772
33.371
33.8553
34.3305
34.7971
35.2556
35.7062
36.1493
36.5854
37.0147
37.4376
37.8543
38.2653
38.6707
39.0708
39.466
39.8563
40.2422
40.6237
41.0011
41.3745
41.7443
42.1104
42.473
42.8324
43.1885
43.5416
43.8916
44.2387
44.5829
44.9242
45.2627
45.5985
45.9314
46.2615
46.5888
46.9132
47.2346
47.5529
47.8683
48.1806
48.4898
48.7955
49.0977
49.3963
49.6912
49.9823
50.2693
50.5522
50.8306
51.1043
51.3731
42.7311
42.3364
41.9339
41.5237
41.1058
40.6803
40.2473
39.8066
39.3584
38.9025
38.4389
37.9676
37.4884
37.0013
36.506
36.0024
35.4904
34.9698
34.4402
33.9014
33.3532
32.7953
32.2271
31.6485
31.0589
30.458
29.8452
29.2199
28.5818
27.93
27.2641
26.5834
25.8873
25.1753
24.447
23.7022
22.9412
22.1654
21.3773
20.5828
19.7928
19.0283
18.3292
17.772
17.473
17.522
17.8963
18.4884
19.1955
19.9535
20.7276
21.5002
22.2619
23.0083
23.7372
24.4478
25.1399
25.8141
26.4707
27.1105
27.7342
28.3424
28.9359
29.5154
30.0816
30.635
31.1764
31.7062
32.2249
32.7332
33.2316
33.7204
34.2001
34.6711
35.134
35.5889
36.0364
36.4766
36.9101
37.3371
37.7578
38.1727
38.5819
38.9857
39.3844
39.7783
40.1675
40.5522
40.9327
41.3092
41.6817
42.0505
42.4157
42.7775
43.136
43.4912
43.8432
44.1922
44.5382
44.8812
45.2213
45.5585
45.8927
46.224
46.5524
46.8778
47.2002
47.5195
47.8357
48.1486
48.4583
48.7645
49.0672
49.3663
49.6618
49.9532
50.2405
50.5237
50.8024
51.0763
51.3455
42.6522
42.2613
41.8626
41.4561
41.0421
40.6204
40.1912
39.7543
39.3099
38.8579
38.3982
37.9307
37.4554
36.9721
36.4807
35.9811
35.473
34.9562
34.4306
33.8959
33.3516
32.7977
32.2336
31.6591
31.0737
30.477
29.8684
29.2475
28.6136
27.9663
27.3049
26.6287
25.9372
25.2298
24.506
23.7656
23.0089
22.2368
21.4518
20.6587
19.8673
19.0961
18.3804
17.7882
17.4307
17.411
17.7302
18.2898
18.9813
19.7331
20.5063
21.2805
22.0454
22.7956
23.5286
24.2436
24.9403
25.619
26.2802
26.9245
27.5526
28.1653
28.7632
29.3472
29.9177
30.4755
31.0212
31.5552
32.0783
32.5909
33.0934
33.5864
34.0703
34.5455
35.0123
35.4713
35.9227
36.3669
36.8042
37.2349
37.6594
38.0778
38.4906
38.8979
39.2999
39.697
40.0893
40.477
40.8604
41.2396
41.6148
41.9861
42.3538
42.7178
43.0784
43.4356
43.7896
44.1404
44.4881
44.8327
45.1741
45.5126
45.8481
46.1806
46.5101
46.8365
47.1599
47.48
47.7969
48.1106
48.4208
48.7278
49.031
49.3305
49.6263
49.9182
50.2058
50.4894
50.7683
51.0425
51.3119
42.5862
42.1988
41.8037
41.4008
40.9903
40.5722
40.1465
39.7133
39.2725
38.8241
38.3679
37.9041
37.4324
36.9528
36.465
35.969
35.4646
34.9516
34.4297
33.8987
33.3582
32.8081
32.2479
31.6772
31.0958
30.503
29.8985
29.2816
28.652
28.0089
27.3517
26.6799
25.9928
25.2898
24.5704
23.8344
23.0819
22.3136
21.5316
20.7403
19.9482
19.1716
18.4417
17.8187
17.4067
17.3184
17.5786
18.1016
18.7747
19.5191
20.2905
21.0659
21.8335
22.5874
23.3245
24.0438
24.7448
25.4279
26.0934
26.742
27.3744
27.9914
28.5936
29.1817
29.7564
30.3183
30.868
31.4061
31.9332
32.4497
32.9562
33.4531
33.9408
34.4198
34.8905
35.3532
35.8083
36.2561
36.697
37.1312
37.5591
37.9809
38.3969
38.8074
39.2125
39.6126
40.0078
40.3983
40.7844
41.1661
41.5438
41.9175
42.2874
42.6536
43.0162
43.3753
43.7311
44.0836
44.4328
44.7789
45.1218
45.4616
45.7983
46.1319
46.4624
46.7897
47.114
47.4349
47.7525
48.0668
48.3778
48.6851
48.9888
49.289
49.5851
49.8774
50.1654
50.4492
50.7284
51.003
51.2726
42.5315
42.1475
41.7557
41.3561
40.949
40.5343
40.112
39.6821
39.2446
38.7996
38.3469
37.8864
37.4181
36.9419
36.4576
35.9651
35.4641
34.9546
34.4362
33.9087
33.3718
32.8253
32.2688
31.7018
31.1241
30.5351
29.9344
29.3215
28.6958
28.0568
27.4038
26.7361
26.0532
25.3546
24.6395
23.9077
23.1593
22.3948
21.6161
20.8267
20.0344
19.2535
18.5115
17.8616
17.3998
17.2438
17.4416
17.9236
18.5755
19.3108
20.0795
20.8557
21.6258
22.3831
23.1241
23.8475
24.5528
25.24
25.9098
26.5626
27.1992
27.8202
28.4264
29.0185
29.5971
30.1629
30.7165
31.2584
31.7893
32.3095
32.8197
33.3203
33.8116
34.2942
34.7684
35.2346
35.6931
36.1443
36.5884
37.0259
37.457
37.8819
38.3009
38.7144
39.1224
39.5252
39.9231
40.3162
40.7048
41.089
41.4689
41.8448
42.2168
42.585
42.9495
43.3104
43.6679
44.0219
44.3727
44.7201
45.0644
45.4053
45.7433
46.0779
46.4093
46.7375
47.0626
47.3843
47.7026
48.0177
48.3291
48.6369
48.9413
49.2417
49.5383
49.8308
50.1193
50.4034
50.6828
50.9577
51.2275
42.4868
42.1059
41.7172
41.3208
40.9168
40.5053
40.0861
39.6594
39.2251
38.7832
38.3337
37.8765
37.4114
36.9384
36.4573
35.968
35.4704
34.9641
34.4491
33.925
33.3915
32.8484
32.2953
31.7319
31.1577
30.5724
29.9754
29.3663
28.7444
28.1093
27.4602
26.7966
26.1178
25.4233
24.7124
23.9849
23.2405
22.4798
21.7043
20.9172
20.1252
19.3409
18.5888
17.9156
17.4085
17.1868
17.3193
17.7559
18.3835
19.1078
19.8729
20.6493
21.4216
22.182
22.9268
23.6542
24.3636
25.055
25.7288
26.3857
27.0263
27.6512
28.2613
28.8572
29.4396
30.0091
30.5664
31.1119
31.6463
32.1701
32.6838
33.1878
33.6825
34.1684
34.6459
35.1153
35.577
36.0314
36.4786
36.9191
37.3531
37.7809
38.2028
38.6189
39.0296
39.435
39.8354
40.231
40.6219
41.0083
41.3904
41.7683
42.1422
42.5122
42.8785
43.2411
43.6001
43.9557
44.3078
44.6566
45.002
45.3442
45.683
46.0188
46.3511
46.6801
47.006
47.3284
47.6473
47.963
48.2749
48.5834
48.888
49.189
49.486
49.7788
50.0675
50.3519
50.6316
50.9067
51.1769
42.4508
42.0728
41.6871
41.2937
40.8927
40.4841
40.0679
39.6442
39.2129
38.774
38.3275
37.8732
37.4112
36.9413
36.4633
35.9771
35.4825
34.9794
34.4675
33.9466
33.4164
32.8766
32.3268
31.7668
31.196
30.6142
30.0207
29.4152
28.797
28.1656
27.5204
26.8608
26.186
25.4955
24.7888
24.0653
23.3249
22.568
21.7958
21.0112
20.2198
19.4331
18.6724
17.9791
17.4315
17.1469
17.2119
17.5987
18.1984
18.9098
19.6702
20.4461
21.2203
21.9838
22.7322
23.4634
24.1768
24.8722
25.5501
26.2109
26.8553
27.4841
28.0979
28.6975
29.2835
29.8565
30.4172
30.9662
31.504
32.0311
32.5481
33.0553
33.5532
34.0423
34.5229
34.9953
35.46
35.9173
36.3674
36.8107
37.2475
37.678
38.1025
38.5212
38.9343
39.3422
39.7449
40.1426
40.5357
40.9242
41.3082
41.6881
42.0638
42.4356
42.8035
43.1676
43.5281
43.885
44.2384
44.5884
44.935
45.2783
45.6181
45.9546
46.2879
46.6177
46.9443
47.2673
47.587
47.903
48.2156
48.5243
48.8295
49.1308
49.428
49.7212
50.0102
50.2947
50.5748
50.8501
51.1205
42.4224
42.0473
41.6643
41.2737
40.8755
40.4697
40.0563
39.6354
39.207
38.7709
38.3273
37.8759
37.4167
36.9497
36.4746
35.9913
35.4998
34.9997
34.4908
33.9729
33.4458
32.9091
32.3625
31.8058
31.2383
30.6598
30.0698
29.4677
28.8531
28.2254
27.5839
26.928
26.2572
25.5706
24.8679
24.1484
23.412
22.6589
21.8901
21.108
20.3178
19.5293
18.7616
18.0509
17.4672
17.1232
17.1197
17.4525
18.0205
18.7166
19.471
20.2459
21.0215
21.7878
22.5397
23.2747
23.992
24.6913
25.3731
26.0377
26.686
27.3184
27.9359
28.539
29.1284
29.7049
30.2689
30.8212
31.3622
31.8925
32.4125
32.9228
33.4237
33.9158
34.3992
34.8745
35.342
35.802
36.2548
36.7008
37.1401
37.5731
38
38.4211
38.8366
39.2466
39.6515
40.0514
40.4464
40.8368
41.2227
41.6043
41.9817
42.355
42.7245
43.09
43.4519
43.8101
44.1647
44.5158
44.8634
45.2076
45.5485
45.8857
46.2198
46.5503
46.8775
47.2011
47.5213
47.8378
48.1508
48.4601
48.7655
49.0671
49.3647
49.6582
49.9474
50.2321
50.5123
50.7878
51.0584
42.4007
42.0282
41.6479
41.26
40.8644
40.4612
40.0505
39.6323
39.2065
38.7732
38.3323
37.8836
37.4272
36.9629
36.4906
36.0102
35.5214
35.0242
34.5182
34.0032
33.4791
32.9454
32.4019
31.8483
31.284
30.7087
30.122
29.5233
28.9122
28.2879
27.6501
26.9979
26.3308
25.6482
24.9493
24.2338
23.5013
22.752
21.9866
21.2073
20.4185
19.6289
18.8554
18.1299
17.5145
17.1151
17.0429
17.3175
17.8497
18.528
19.2752
20.0483
20.825
21.5938
22.3489
23.0876
23.8087
24.5119
25.1975
25.8659
26.5178
27.1539
27.7748
28.3814
28.9742
29.5539
30.1212
30.6766
31.2207
31.7539
32.2769
32.7901
33.2939
33.7887
34.2749
34.7529
35.223
35.6855
36.1409
36.5892
37.031
37.4663
37.8955
38.3188
38.7364
39.1485
39.5553
39.9571
40.354
40.7462
41.1338
41.517
41.896
42.2708
42.6416
43.0085
43.3716
43.7309
44.0866
44.4387
44.7873
45.1324
45.474
45.8122
46.1467
46.478
46.8058
47.1299
47.4506
47.7676
48.0809
48.3905
48.6963
48.9982
49.296
49.5895
49.8789
50.1639
50.4443
50.7199
50.9906
42.3848
42.0149
41.6371
41.2517
40.8586
40.458
40.0498
39.6341
39.2109
38.7802
38.3418
37.8958
37.442
36.9803
36.5107
36.0329
35.5469
35.0524
34.5492
34.0371
33.5158
32.985
32.4444
31.8938
31.3326
30.7604
30.1769
29.5815
28.9737
28.3529
27.7186
27.07
26.4066
25.7277
25.0328
24.3211
23.5925
22.847
22.0851
21.3086
20.5215
19.7314
18.9532
18.2151
17.5719
17.1216
16.9814
17.1942
17.6865
18.3442
19.0825
19.853
20.6302
21.4014
22.1596
22.9019
23.6267
24.3337
25.023
25.6952
26.3507
26.9902
27.6146
28.2245
28.8205
29.4034
29.9737
30.5322
31.0792
31.6153
32.1411
32.657
33.1635
33.6609
34.1497
34.6302
35.1028
35.5678
36.0254
36.4761
36.9201
37.3576
37.7889
38.2142
38.6338
39.0478
39.4565
39.8601
40.2587
40.6525
41.0417
41.4264
41.8067
42.1829
42.555
42.9231
43.2873
43.6477
44.0044
44.3574
44.7068
45.0527
45.3951
45.7337
46.0691
46.4009
46.7292
47.0537
47.3748
47.6922
48.0059
48.3158
48.6216
48.9237
49.2217
49.5155
49.805
50.09
50.3705
50.6462
50.9169
42.374
42.0065
41.6311
41.2481
40.8574
40.4592
40.0535
39.6403
39.2195
38.7912
38.3553
37.9117
37.4604
37.0013
36.5342
36.0591
35.5756
35.0838
34.5832
34.0739
33.5553
33.0274
32.4897
31.9419
31.3837
30.8145
30.2341
29.6419
29.0373
28.4199
27.789
27.144
26.4842
25.809
25.1178
24.41
23.6852
22.9434
22.185
21.4115
20.6264
19.8363
19.0544
18.3057
17.6383
17.1417
16.9353
17.0833
17.5312
18.1652
18.8928
19.6598
20.4372
21.2102
21.9715
22.7172
23.4457
24.1564
24.8494
25.5251
26.1842
26.8272
27.4549
28.068
28.6672
29.2531
29.8265
30.3878
30.9376
31.4765
32.005
32.5235
33.0325
33.5324
34.0236
34.5065
34.9814
35.4486
35.9085
36.3613
36.8074
37.2469
37.6802
38.1074
38.5288
38.9446
39.355
39.7602
40.1604
40.5557
40.9463
41.3324
41.714
42.0914
42.4646
42.8338
43.199
43.5604
43.918
44.2718
44.622
44.9685
45.3114
45.6509
45.9867
46.319
46.6477
46.9725
47.2939
47.6116
47.9255
48.2356
48.5417
48.8439
49.142
49.4359
49.7254
50.0105
50.2909
50.5666
50.8374
42.3677
42.0024
41.6294
41.2486
40.8603
40.4644
40.061
39.6501
39.2317
38.8057
38.3722
37.931
37.4821
37.0255
36.5608
36.0881
35.6072
35.1179
34.62
34.1132
33.5973
33.0721
32.5371
31.9922
31.4368
30.8707
30.2933
29.7041
29.1027
28.4886
27.861
27.2194
26.5632
25.8916
25.2041
24.5001
23.7791
23.041
22.2861
21.5158
20.7328
19.9432
19.1584
18.4008
17.7125
17.1742
16.9042
16.9852
17.3843
17.9912
18.7062
19.4685
20.2454
21.0202
21.7843
22.5333
23.2653
23.9797
24.6763
25.3556
26.0181
26.6645
27.2955
27.9117
28.514
29.1029
29.6791
30.2432
30.7957
31.3373
31.8683
32.3894
32.9008
33.4031
33.8966
34.3817
34.8588
35.3281
35.79
36.2449
36.6928
37.1342
37.5693
37.9983
38.4214
38.8388
39.2508
39.6575
40.0591
40.4558
40.8477
41.235
41.6178
41.9963
42.3706
42.7407
43.1068
43.469
43.8274
44.182
44.5328
44.8799
45.2234
45.5633
45.8996
46.2322
46.561
46.8863
47.2079
47.5258
47.8398
48.15
48.4562
48.7584
49.0567
49.3505
49.64
49.925
50.2054
50.481
50.7517
42.3652
42.0021
41.6313
41.2528
40.8667
40.473
40.0718
39.6631
39.247
38.8233
38.392
37.9532
37.5066
37.0523
36.59
36.1197
35.6412
35.1544
34.659
34.1547
33.6414
33.1188
32.5866
32.0443
31.4918
30.9285
30.354
29.7679
29.1696
28.5586
27.9343
27.2961
26.6433
25.9753
25.2915
24.5912
23.8739
23.1395
22.3882
21.621
20.8404
20.0516
19.2649
18.4997
17.7934
17.2181
16.8877
16.9004
17.2463
17.8223
18.5225
19.279
20.0549
20.831
21.5977
22.3499
23.0854
23.8034
24.5036
25.1864
25.8523
26.502
27.1362
27.7555
28.3608
28.9526
29.5315
30.0983
30.6535
31.1976
31.7311
32.2545
32.7682
33.2727
33.7684
34.2556
34.7348
35.2061
35.6699
36.1266
36.5764
37.0196
37.4563
37.8869
38.3116
38.7305
39.1439
39.552
39.9549
40.3528
40.7459
41.1343
41.5182
41.8977
42.2728
42.6438
43.0107
43.3737
43.7327
44.0879
44.4392
44.7869
45.1309
45.4711
45.8075
46.1404
46.4696
46.795
47.1168
47.4347
47.749
48.0591
48.3653
48.6675
48.9655
49.2592
49.5487
49.8336
50.1137
50.3893
50.6597
42.366
42.0052
41.6365
41.2601
40.8761
40.4845
40.0855
39.679
39.265
38.8435
38.4144
37.9778
37.5335
37.0814
36.6215
36.1535
35.6774
35.1929
34.6999
34.1981
33.6873
33.1672
32.6376
32.098
31.5482
30.9877
30.4161
29.8329
29.2376
28.6297
28.0086
27.3737
26.7244
26.0599
25.3796
24.683
23.9694
23.2387
22.4909
21.7269
20.9489
20.1613
19.3732
18.6019
17.8802
17.2721
16.8854
16.8292
17.1178
17.659
18.342
19.0913
19.8654
20.6425
21.4115
22.1668
22.9058
23.6272
24.3309
25.0172
25.6865
26.3394
26.9767
27.5991
28.2073
28.8019
29.3836
29.953
30.5107
31.0572
31.593
32.1187
32.6346
33.1413
33.639
34.1282
34.6093
35.0825
35.5481
36.0066
36.458
36.9028
37.3411
37.7732
38.1993
38.6196
39.0343
39.4436
39.8477
40.2467
40.6409
41.0303
41.4151
41.7954
42.1714
42.5431
42.9107
43.2742
43.6338
43.9894
44.3412
44.6892
45.0335
45.374
45.7107
46.0438
46.3731
46.6986
47.0205
47.3384
47.6524
47.9625
48.2686
48.5706
48.8685
49.162
49.4511
49.7358
50.0158
50.291
50.5611
42.3698
42.011
41.6444
41.27
40.8881
40.4986
40.1017
39.6972
39.2853
38.8659
38.439
38.0045
37.5624
37.1125
36.6548
36.189
35.7152
35.233
34.7423
34.243
33.7346
33.217
32.6899
32.153
31.6058
31.048
30.4792
29.8989
29.3066
28.7017
28.0838
27.4521
26.8061
26.145
25.4683
24.7752
24.0654
23.3383
22.5941
21.8334
21.0581
20.272
19.4831
18.7068
17.972
17.3351
16.8964
16.772
16.9996
17.5017
18.1647
18.9054
19.6769
20.4545
21.2256
21.9839
22.7262
23.451
24.1582
24.8479
25.5205
26.1767
26.8171
27.4424
28.0535
28.6508
29.2351
29.8071
30.3672
30.916
31.4541
31.982
32.5
33.0087
33.5084
33.9995
34.4823
34.9573
35.4246
35.8846
36.3377
36.7839
37.2236
37.6571
38.0845
38.506
38.9219
39.3324
39.7375
40.1375
40.5326
40.9229
41.3084
41.6895
42.0661
42.4385
42.8066
43.1706
43.5306
43.8866
44.2388
44.587
44.9315
45.2722
45.609
45.9421
46.2714
46.5968
46.9187
47.2364
47.5503
47.8601
48.1661
48.4678
48.7653
49.0586
49.3473
49.6317
49.9112
50.186
50.4557
42.3761
42.0193
41.6547
41.2823
40.9024
40.5149
40.1199
39.7175
39.3076
38.8903
38.4654
38.033
37.593
37.1452
36.6896
36.2261
35.7544
35.2745
34.7862
34.2891
33.7831
33.268
32.7433
32.2089
31.6643
31.1092
30.5431
29.9656
29.3762
28.7743
28.1595
27.531
26.8882
26.2305
25.5573
24.8678
24.1616
23.4382
22.6975
21.9401
21.1676
20.3833
19.5942
18.8139
18.0679
17.4061
16.9199
16.7287
16.8922
17.3509
17.9908
18.7212
19.4892
20.2669
21.0399
21.8009
22.5464
23.2747
23.9853
24.6783
25.3542
26.0135
26.657
27.2853
27.8991
28.4991
29.086
29.6604
30.2228
30.7739
31.3142
31.8441
32.3642
32.8748
33.3763
33.8692
34.3537
34.8303
35.2992
35.7607
36.2152
36.6628
37.1038
37.5385
37.9671
38.3897
38.8067
39.2181
39.6242
40.0251
40.4209
40.8119
41.1982
41.5799
41.9571
42.3299
42.6984
43.0628
43.4231
43.7794
44.1317
44.4801
44.8246
45.1652
45.5022
45.8352
46.1643
46.4896
46.8112
47.1287
47.4422
47.7519
48.0573
48.3588
48.6558
48.9485
49.2368
49.5205
49.7996
50.0739
50.343
42.3845
42.0297
41.667
41.2966
40.9185
40.533
40.14
39.7395
39.3316
38.9162
38.4934
38.063
37.625
37.1793
36.7258
36.2644
35.7949
35.3172
34.831
34.3362
33.8326
33.3198
32.7976
32.2656
31.7236
31.1711
30.6077
30.0329
29.4463
28.8474
28.2355
27.6101
26.9706
26.3163
25.6464
24.9605
24.2578
23.538
22.8009
22.0469
21.2773
20.495
19.7062
18.9228
18.1674
17.4839
16.9549
16.6994
16.7962
17.2071
17.8206
18.5388
19.3023
20.0795
20.8541
21.6177
22.3663
23.098
23.8119
24.5083
25.1874
25.8498
26.4963
27.1274
27.744
28.3466
28.936
29.5128
30.0775
30.6308
31.1732
31.7051
32.2271
32.7394
33.2427
33.7372
34.2234
34.7015
35.1718
35.6347
36.0905
36.5394
36.9816
37.4174
37.847
38.2707
38.6885
39.1008
39.5077
39.9093
40.3058
40.6974
41.0842
41.4664
41.844
42.2172
42.586
42.9506
43.3111
43.6674
44.0198
44.3682
44.7127
45.0532
45.3899
45.7228
46.0517
46.3766
46.6979
47.0149
47.3282
47.6372
47.9423
48.243
48.5396
48.8316
49.1194
49.4024
49.6808
49.9543
50.2227
42.3948
42.0418
41.681
41.3124
40.9363
40.5526
40.1615
39.7629
39.3569
38.9435
38.5226
38.0941
37.6581
37.2144
36.763
36.3036
35.8362
35.3607
34.8767
34.3841
33.8827
33.3722
32.8524
32.3229
31.7833
31.2333
30.6725
30.1005
29.5167
28.9206
28.3117
27.6894
27.0531
26.402
25.7355
25.0531
24.354
23.6378
22.9042
22.1536
21.387
20.6069
19.8188
19.033
18.2698
17.5676
17.0005
16.6837
16.7124
17.0711
17.6545
18.3583
19.1162
19.8923
20.6682
21.4342
22.1858
22.9207
23.638
24.3376
25.02
25.6855
26.3349
26.9688
27.5881
28.1933
28.7851
29.3642
29.9311
30.4865
31.0309
31.5647
32.0884
32.6026
33.1075
33.6036
34.0912
34.5707
35.0424
35.5066
35.9635
36.4135
36.8568
37.2936
37.7242
38.1487
38.5673
38.9803
39.3879
39.7901
40.1872
40.5792
40.9664
41.3489
41.7268
42.1002
42.4692
42.8339
43.1944
43.5507
43.903
44.2512
44.5955
44.9359
45.2722
45.6048
45.9332
46.2577
46.5784
46.8949
47.2076
47.5159
47.8203
48.1203
48.4161
48.7076
48.9943
49.2766
49.5541
49.8268
50.0942
