53.2126
52.9468
52.6764
52.4016
52.1225
51.8392
51.5516
51.2599
50.964
50.6641
50.3602
50.0523
49.7405
49.4246
49.1049
48.7812
48.4536
48.1221
47.7867
47.4473
47.104
46.7567
46.4054
46.0501
45.6907
45.3273
44.9597
44.5879
44.212
43.8317
43.4471
43.058
42.6645
42.2663
41.8636
41.456
41.0436
40.6261
40.2036
39.7759
39.3427
38.9041
38.4597
38.0095
37.5532
37.0906
36.6216
36.1459
35.6632
35.1733
34.6759
34.1706
33.6572
33.1352
32.6043
32.0641
31.514
30.9536
30.3823
29.7996
29.2047
28.5971
27.9758
27.3401
26.6889
26.0214
25.3363
24.6324
23.9084
23.1629
22.3945
21.6019
20.7841
19.9413
19.0766
18.1978
17.3269
16.5051
15.7955
15.301
15.1554
15.4417
16.0984
16.9639
17.8964
18.8289
19.74
20.6227
21.476
22.3009
23.0986
23.8717
24.6205
25.3472
26.0532
26.7399
27.4079
28.0584
28.6928
29.311
29.9143
30.5034
31.0783
31.6402
32.1888
32.7251
33.2488
33.7608
34.2611
34.7495
35.2266
35.6924
36.1469
36.5898
37.0215
37.4418
37.8505
38.2473
38.6321
39.0045
39.3641
53.2918
53.0258
52.7553
52.4803
52.201
51.9174
51.6296
51.3377
51.0417
50.7416
50.4375
50.1294
49.8174
49.5014
49.1816
48.8578
48.5301
48.1985
47.8631
47.5237
47.1804
46.8331
46.4819
46.1267
45.7676
45.4043
45.037
44.6655
44.2899
43.91
43.5258
43.1373
42.7443
42.3468
41.9447
41.5379
41.1263
40.7097
40.2882
39.8615
39.4295
38.992
38.549
38.1002
37.6454
37.1844
36.7171
36.2432
35.7624
35.2745
34.7791
34.2761
33.765
33.2455
32.7172
32.1797
31.6325
31.0751
30.507
29.9276
29.3363
28.7323
28.1149
27.4832
26.8364
26.1734
25.4931
24.7943
24.0756
23.3358
22.5732
21.7868
20.9754
20.1386
19.2792
18.4035
17.5301
16.6965
15.9607
15.4169
15.1972
15.403
16.0022
16.8425
17.7713
18.7077
19.6253
20.515
21.3752
22.2068
23.0114
23.79
24.5446
25.2766
25.988
26.6792
27.3521
28.0071
28.6453
29.2679
29.875
30.4679
31.0468
31.6118
32.1641
32.7035
33.2307
33.7459
34.2493
34.7407
35.2209
35.6897
36.1471
36.5932
37.0278
37.4508
37.8624
38.2622
38.65
39.0254
39.3883
53.3668
53.1006
52.83
52.5548
52.2753
51.9916
51.7036
51.4115
51.1153
50.8151
50.5108
50.2026
49.8905
49.5744
49.2544
48.9305
48.6028
48.2712
47.9357
47.5963
47.2531
46.9059
46.5548
46.1998
45.8408
45.4777
45.1107
44.7395
44.3642
43.9848
43.6011
43.213
42.8206
42.4238
42.0224
41.6164
41.2056
40.79
40.3695
39.9439
39.5131
39.0769
38.6352
38.1879
37.7346
37.2753
36.8097
36.3377
35.8588
35.373
34.8799
34.3792
33.8705
33.3536
32.828
32.2933
31.7491
31.1948
30.63
30.0541
29.4664
28.8662
28.2527
27.6253
26.9829
26.3245
25.6492
24.9555
24.2423
23.5083
22.7518
21.9716
21.1667
20.3363
19.4826
18.6108
17.7363
16.8931
16.1347
15.5468
15.257
15.3813
15.9173
16.727
17.6494
18.589
19.5128
20.4097
21.2771
22.1157
22.9269
23.7116
24.4721
25.2101
25.9263
26.623
27.3003
27.9601
28.6027
29.2295
29.8406
30.4374
31.02
31.5887
32.1445
32.6876
33.2182
33.7364
34.243
34.7379
35.2212
35.6931
36.1536
36.6027
37.0404
37.4666
37.8813
38.2842
38.675
39.0535
39.4194
53.4376
53.1713
52.9005
52.6253
52.3456
52.0617
51.7736
51.4814
51.185
50.8847
50.5803
50.2719
49.9597
49.6435
49.3234
48.9995
48.6717
48.34
48.0046
47.6652
47.322
46.9749
46.6239
46.269
45.9102
45.5474
45.1807
44.8098
44.4349
44.0559
43.6727
43.2852
42.8934
42.4972
42.0966
41.6914
41.2815
40.8669
40.4474
40.0229
39.5933
39.1585
38.7182
38.2724
37.8208
37.3632
36.8994
36.4293
35.9525
35.4689
34.978
34.4797
33.9736
33.4594
32.9366
32.4049
31.8637
31.3127
30.7513
30.179
29.595
28.9987
28.3895
27.7664
27.1285
26.4749
25.8046
25.1163
24.4086
23.6805
22.9302
22.1564
21.3582
20.5345
19.6868
18.8196
17.9455
17.0949
16.317
15.6899
15.3349
15.3779
15.8454
16.6186
17.5314
18.4735
19.4033
20.3075
21.1823
22.0281
22.846
23.6371
24.4041
25.1474
25.8696
26.571
27.2536
27.9178
28.5653
29.1964
29.8117
30.4125
30.999
31.5718
32.1313
32.6777
33.2118
33.7337
34.2437
34.7419
35.2284
35.7035
36.1672
36.6195
37.0604
37.4898
37.9078
38.3138
38.7079
39.0896
39.4588
53.5043
53.238
52.967
52.6917
52.4119
52.1279
51.8397
51.5473
51.2508
50.9503
50.6458
50.3373
50.0249
49.7087
49.3885
49.0645
48.7367
48.405
48.0695
47.7302
47.387
47.04
46.6892
46.3344
45.9758
45.6133
45.2468
44.8763
44.5018
44.1232
43.7404
43.3535
42.9623
42.5669
42.167
41.7626
41.3537
40.9401
40.5217
40.0984
39.6701
39.2366
38.7978
38.3535
37.9036
37.4478
36.986
36.5179
36.0432
35.5619
35.0734
34.5776
34.0742
33.5628
33.0429
32.5142
31.9763
31.4287
30.8709
30.3022
29.7221
29.13
28.525
27.9064
27.2732
26.6246
25.9594
25.2766
24.5747
23.8526
23.1087
22.3415
21.5501
20.7333
19.8921
19.0302
18.1578
17.3016
16.5073
15.8457
15.4305
15.3936
15.7883
16.5188
17.4182
18.3617
19.2973
20.2089
21.0912
21.9444
22.7694
23.5672
24.3405
25.0898
25.8176
26.5249
27.2123
27.8817
28.5339
29.1696
29.7892
30.3942
30.9848
31.5615
32.1249
32.6752
33.213
33.7385
34.2519
34.7536
35.2435
35.722
36.189
36.6446
37.089
37.5217
37.9428
38.3521
38.7497
39.1349
39.5074
53.567
53.3005
53.0295
52.754
52.4742
52.19
51.9017
51.6091
51.3125
51.0119
50.7073
50.3987
50.0862
49.7699
49.4496
49.1256
48.7977
48.466
48.1305
47.7912
47.4481
47.1012
46.7504
46.3959
46.0374
45.6751
45.3089
44.9387
44.5646
44.1864
43.8042
43.4178
43.0273
42.6325
42.2334
41.8299
41.422
41.0094
40.5921
40.1701
39.7431
39.311
38.8738
38.4311
37.9829
37.529
37.0692
36.6032
36.1308
35.6518
35.1658
34.6727
34.172
33.6635
33.1467
32.6213
32.0868
31.5427
30.9886
30.4238
29.8477
29.2599
28.6593
28.0453
27.4171
26.7736
26.1138
25.4366
24.7407
24.0248
23.2874
22.5271
21.7427
20.9332
20.0987
19.2427
18.3732
17.5134
16.7053
16.0136
15.5435
15.4292
15.7475
16.4294
17.3111
18.2544
19.1955
20.1146
21.0047
21.8655
22.6979
23.5026
24.2825
25.0385
25.7718
26.4846
27.1778
27.8524
28.5095
29.1498
29.774
30.3834
30.9782
31.5591
32.1264
32.6807
33.2223
33.7518
34.2689
34.7742
35.2677
35.7497
36.2202
36.6795
37.1271
37.5632
37.988
38.4008
38.8017
39.1906
39.5667
53.6255
53.359
53.0879
52.8123
52.5324
52.2481
51.9596
51.667
51.3703
51.0695
50.7647
50.4561
50.1435
49.827
49.5067
49.1826
48.8546
48.5229
48.1874
47.8481
47.505
47.1582
46.8075
46.4531
46.0948
45.7327
45.3668
44.9969
44.6232
44.2455
43.8637
43.4779
43.088
42.694
42.2957
41.8931
41.486
41.0745
40.6584
40.2376
39.812
39.3814
38.9458
38.5048
38.0585
37.6065
37.1488
36.685
36.2149
35.7384
35.2551
34.7647
34.267
33.7615
33.248
32.7259
32.1949
31.6545
31.1043
30.5436
29.9718
29.3883
28.7924
28.1833
27.5602
26.922
26.2678
25.5965
24.9067
24.1972
23.4667
22.7134
21.9363
21.1342
20.307
19.4574
18.592
17.7303
16.911
16.1932
15.6737
15.4853
15.7249
16.352
17.2112
18.1525
19.0988
20.0253
20.9236
21.7922
22.6323
23.4442
24.2309
24.9935
25.7334
26.4521
27.1509
27.8308
28.4927
29.138
29.7673
30.3813
30.9808
31.566
32.1375
32.6959
33.2415
33.7746
34.2956
34.8049
35.3022
35.7879
36.262
36.725
37.1763
37.6163
38.0445
38.4612
38.8657
39.2583
39.6382
53.6799
53.4133
53.1422
52.8665
52.5864
52.3021
52.0135
51.7207
51.4238
51.1229
50.818
50.5092
50.1965
49.8799
49.5595
49.2353
48.9073
48.5755
48.2399
47.9006
47.5576
47.2108
46.8602
46.5059
46.1478
45.7859
45.4202
45.0507
44.6773
44.3
43.9187
43.5335
43.1443
42.7509
42.3534
41.9517
41.5456
41.1352
40.7203
40.3008
39.8766
39.4475
39.0135
38.5744
38.1299
37.68
37.2244
36.763
36.2954
35.8215
35.3409
34.8535
34.3588
33.8566
33.3464
32.8278
32.3006
31.7641
31.2179
30.6615
30.0942
29.5154
28.9244
28.3203
27.7025
27.0699
26.4215
25.7563
25.0729
24.3701
23.6466
22.9006
22.1311
21.3368
20.5173
19.6745
18.8142
17.9525
17.1244
16.3844
15.8207
15.5624
15.722
16.2888
17.1201
18.057
19.0081
19.9421
20.8487
21.7256
22.5736
23.3936
24.187
24.9564
25.7028
26.4277
27.1323
27.8179
28.4855
29.136
29.7703
30.3894
30.9933
31.583
32.159
32.7216
33.2718
33.809
34.3341
34.8471
35.3486
35.8382
36.3165
36.7831
37.2384
37.6821
38.1144
38.5347
38.9434
39.3397
39.7237
53.7302
53.4635
53.1923
52.9165
52.6363
52.3518
52.063
51.7701
51.4731
51.1721
50.867
50.5581
50.2452
49.9285
49.6079
49.2836
48.9555
48.6236
48.288
47.9487
47.6056
47.2588
46.9083
46.5541
46.1961
45.8344
45.4689
45.0997
44.7266
44.3497
43.9689
43.5842
43.1956
42.8029
42.4062
42.0054
41.6004
41.191
40.7773
40.3592
39.9364
39.5089
39.0767
38.6394
38.1969
37.7491
37.2958
36.8368
36.3718
35.9006
35.423
34.9386
34.4472
33.9483
33.4417
32.927
32.4037
31.8713
31.3294
30.7774
30.2148
29.6409
29.055
28.4564
27.8441
27.2174
26.5751
25.9162
25.2396
24.5437
23.8275
23.0892
22.3275
21.5414
20.73
19.8947
19.0405
18.1803
17.3456
16.587
15.9843
15.6609
15.7406
16.2418
17.0398
17.9695
18.9246
19.8661
20.7813
21.6667
22.523
23.3511
24.1524
24.929
25.6821
26.4135
27.1243
27.8158
28.4891
29.145
29.7846
30.4088
31.0176
31.6121
32.1927
32.7602
33.3145
33.8562
34.3858
34.9031
35.4088
35.9025
36.3849
36.8556
37.3151
37.7628
38.1992
38.6239
39.0365
39.4371
39.8254
53.7762
53.5094
53.2381
52.9622
52.6819
52.3972
52.1083
51.8152
51.518
51.2168
50.9116
50.6024
50.2894
49.9725
49.6518
49.3273
48.999
48.667
48.3313
47.9919
47.6488
47.3019
46.9514
46.5973
46.2394
45.8778
45.5125
45.1435
44.7707
44.3942
44.0138
43.6297
43.2416
42.8497
42.4538
42.0538
41.6498
41.2416
40.8291
40.4123
39.9911
39.5652
39.1347
38.6993
38.259
37.8134
37.3625
36.9061
36.4438
35.9755
35.501
35.0198
34.5318
34.0365
33.5337
33.023
32.5038
31.9758
31.4385
30.8913
30.3337
29.7649
29.1844
28.5914
27.985
27.3645
26.7286
26.0765
25.4068
24.7183
24.0097
23.2794
22.526
21.7484
20.9456
20.1185
19.271
18.414
17.5751
16.801
16.1644
15.7811
15.7821
16.2133
16.9722
17.8913
18.8497
19.7986
20.7227
21.6171
22.4821
23.3186
24.1278
24.9119
25.6723
26.4104
27.1278
27.8259
28.5052
29.1669
29.812
30.4415
31.0556
31.6551
32.241
32.8131
33.3723
33.9187
34.4528
34.9746
35.4848
35.983
36.4698
36.9449
37.4087
37.8611
38.3018
38.7307
39.1479
39.5531
39.9459
53.8178
53.551
53.2795
53.0035
52.723
52.4381
52.149
51.8557
51.5583
51.2569
50.9515
50.6421
50.3288
50.0117
49.6908
49.3661
49.0376
48.7055
48.3696
48.03
47.6868
47.3399
46.9894
46.6352
46.2773
45.9158
45.5506
45.1818
44.8093
44.4331
44.0531
43.6694
43.282
42.8907
42.4955
42.0964
41.6934
41.2863
40.8751
40.4597
40.04
39.6158
39.1871
38.7538
38.3156
37.8724
37.424
36.9702
36.5109
36.0456
35.5743
35.0967
34.6122
34.1209
33.6221
33.1155
32.6008
32.0774
31.545
31.0028
30.4505
29.8873
29.3125
28.7255
28.1254
27.5113
26.8823
26.2372
25.5749
24.8942
24.1936
23.4717
22.727
21.9584
21.1647
20.3463
19.5067
18.6544
17.8134
17.0268
16.3609
15.9235
15.8482
16.2059
16.9197
17.8243
18.7849
19.7412
20.6746
21.5784
22.4525
23.2978
24.1155
24.9076
25.6755
26.4213
27.1456
27.8499
28.5358
29.2037
29.8546
30.4899
31.1095
31.7147
32.3056
32.8831
33.4471
33.9987
34.5375
35.0644
35.5793
36.0823
36.5738
37.0538
37.5221
37.9792
38.4246
38.8585
39.2805
39.6904
40.0881
53.855
53.588
53.3164
53.0402
52.7595
52.4744
52.1851
51.8915
51.5939
51.2922
50.9864
50.6768
50.3633
50.0459
49.7247
49.3997
49.071
48.7386
48.4025
48.0628
47.7193
47.3723
47.0216
46.6673
46.3094
45.9479
45.5828
45.2141
44.8418
44.4658
44.0862
43.7029
43.316
42.9253
42.5309
42.1326
41.7306
41.3246
40.9147
40.5006
40.0825
39.6601
39.2333
38.8021
38.3661
37.9254
37.4797
37.0288
36.5725
36.1105
35.6426
35.1686
34.6881
34.2008
33.7063
33.2043
32.6943
32.1759
31.6486
31.1119
30.5652
30.0079
29.4392
28.8586
28.2652
27.658
27.0362
26.3986
25.7442
25.0716
24.3796
23.6666
22.9312
22.172
21.388
20.5792
19.7481
18.902
18.0611
17.2651
16.5745
16.0884
15.9404
16.2222
16.8852
17.7709
18.7322
19.696
20.6388
21.5526
22.4364
23.2911
24.1176
24.9181
25.6946
26.4476
27.1792
27.8909
28.5832
29.2579
29.9152
30.5565
31.182
31.793
32.3894
32.9725
33.5422
34.0988
34.6431
35.1752
35.6951
36.2034
36.7001
37.1852
37.6588
38.1209
38.5712
39.0102
39.4373
39.8525
40.2554
53.8874
53.6203
53.3485
53.072
52.7911
52.5058
52.2162
51.9223
51.6244
51.3223
51.0163
50.7063
50.3924
50.0747
49.7531
49.4279
49.0988
48.7661
48.4297
48.0896
47.746
47.3987
47.0478
46.6933
46.3353
45.9737
45.6086
45.2399
44.8676
44.4918
44.1125
43.7295
43.343
42.9529
42.5592
42.1618
41.7606
41.3558
40.9471
40.5345
40.1179
39.6973
39.2725
38.8434
38.4099
37.9717
37.5288
37.0809
36.6279
36.1694
35.7052
35.2351
34.7588
34.2758
33.786
33.2888
32.7839
32.2708
31.7491
31.2182
30.6775
30.1265
29.5645
28.9908
28.4044
27.8047
27.1906
26.5611
25.915
25.2512
24.5682
23.8647
23.1391
22.39
21.6165
20.8178
19.9963
19.1578
18.3192
17.5165
16.8055
16.2766
16.0602
16.265
16.8719
17.7339
18.6941
19.6652
20.6178
21.5422
22.4362
23.3008
24.1369
24.9468
25.7314
26.493
27.2324
27.9516
28.6511
29.3328
29.9967
30.6445
31.2764
31.8935
32.4963
33.085
33.6605
34.2231
34.7732
35.3106
35.8363
36.3502
36.8523
37.343
37.8221
38.2897
38.7458
39.1904
39.6231
40.044
40.4526
53.9151
53.6477
53.3756
53.0989
52.8177
52.532
52.242
51.9478
51.6495
51.347
51.0406
50.7302
50.4159
50.0977
49.7758
49.45
49.1206
48.7874
48.4507
48.1102
47.7662
47.4185
47.0673
46.7126
46.3543
45.9925
45.6272
45.2584
44.8862
44.5104
44.1312
43.7485
43.3624
42.9727
42.5796
42.1829
41.7827
41.3789
40.9714
40.5603
40.1454
39.7266
39.3038
38.877
38.446
38.0106
37.5706
37.126
36.6763
36.2216
35.7614
35.2955
34.8236
34.3454
33.8605
33.3685
32.8691
32.3618
31.8461
31.3215
30.7873
30.2432
29.6882
29.1218
28.5432
27.9514
27.3456
26.7247
26.0877
25.4332
24.76
24.0666
23.3516
22.6134
21.8509
21.0635
20.2526
19.4231
18.5889
17.7824
17.0551
16.4891
16.2096
16.3375
16.8833
17.7166
18.6734
19.6516
20.6145
21.55
22.4551
23.3303
24.1769
24.996
25.7898
26.5602
27.3083
28.0352
28.7428
29.4315
30.103
30.7578
31.3965
32.0203
32.6296
33.2249
33.8068
34.3753
34.9315
35.4753
36.0071
36.527
37.0352
37.5318
38.017
38.4907
38.9529
39.4037
39.8426
40.2696
40.6845
53.9376
53.6699
53.3975
53.1205
52.8388
52.5528
52.2624
51.9677
51.6689
51.366
51.059
50.7481
50.4333
50.1146
49.7921
49.4659
49.1359
48.8022
48.4649
48.1239
47.7794
47.4313
47.0796
46.7244
46.3658
46.0036
45.6381
45.2691
44.8966
44.5208
44.1416
43.7591
43.3731
42.9839
42.5912
42.1952
41.7958
41.393
40.9868
40.577
40.1638
39.7468
39.3262
38.9017
38.4733
38.0408
37.604
37.1628
36.7169
36.2661
35.8101
35.3488
34.8817
34.4086
33.9291
33.4429
32.9494
32.4483
31.9391
31.4213
30.8943
30.3575
29.8102
29.2518
28.6815
28.0984
27.5016
26.89
26.2627
25.6184
24.9556
24.2732
23.5695
22.8431
22.0927
21.3175
20.5183
19.6993
18.8718
18.0644
17.3247
16.7273
16.3903
16.443
16.9237
17.7231
18.6739
19.659
20.6325
21.5799
22.4968
23.3834
24.2409
25.0703
25.8744
26.6538
27.4109
28.1468
28.8623
29.5594
30.2387
30.9011
31.5474
32.1781
32.7944
33.3967
33.9854
34.5611
35.1239
35.6744
36.2128
36.7393
37.2541
37.7574
38.2491
38.7297
39.1985
39.6558
40.1015
40.5355
40.9573
53.9546
53.6867
53.4139
53.1364
52.8543
52.5677
52.2768
51.9816
51.6822
51.3787
51.0712
50.7596
50.4442
50.1248
49.8017
49.4748
49.1441
48.8097
48.4717
48.1301
47.7849
47.4362
47.0839
46.7281
46.3689
46.0063
45.6402
45.2708
44.8981
44.522
44.1427
43.7601
43.3742
42.9852
42.5929
42.1974
41.7988
41.3969
40.9918
40.5835
40.1718
39.7568
39.3383
38.9163
38.4907
38.0612
37.6278
37.1902
36.7482
36.3017
35.8504
35.394
34.9322
34.4646
33.991
33.5109
33.024
32.5297
32.0276
31.5172
30.998
30.4693
29.9304
29.3807
28.8194
28.2458
27.6588
27.0574
26.4406
25.8073
25.156
24.4855
23.7942
23.0805
22.3433
21.5815
20.7954
19.9885
19.17
18.3646
17.6164
16.9933
16.6051
16.5853
16.9979
17.7583
18.6999
19.6915
20.6763
21.6365
22.566
23.4649
24.3342
25.1748
25.9895
26.7795
27.5463
28.2911
29.016
29.7217
30.4094
31.08
31.7343
32.3732
32.9972
33.607
34.2032
34.7862
35.3565
35.9143
36.4599
36.9937
37.5158
38.0263
38.5255
39.0132
39.4894
39.9543
40.4074
40.8487
41.2782
53.966
53.6975
53.4243
53.1462
52.8636
52.5764
52.2849
51.989
51.689
51.3848
51.0765
50.7642
50.4479
50.1278
49.8038
49.4761
49.1446
48.8094
48.4706
48.1281
47.7821
47.4325
47.0794
46.7229
46.3629
45.9995
45.6328
45.2628
44.8895
44.5129
44.1332
43.7504
43.3644
42.9754
42.5833
42.1882
41.7901
41.3891
40.9851
40.5781
40.168
39.7549
39.3387
38.9193
38.4965
38.0702
37.6404
37.2068
36.7691
36.3273
35.881
35.4299
34.9738
34.5123
34.0451
33.5718
33.092
32.6052
32.111
31.6088
31.098
30.5781
30.0485
29.5084
28.9571
28.3937
27.8174
27.2273
26.6221
26.0008
25.362
24.7045
24.0267
23.3271
22.6044
21.8573
21.086
20.293
19.4859
18.6858
17.933
17.2897
16.857
16.769
17.1117
17.8282
18.7572
19.7548
20.7515
21.7253
22.6688
23.5809
24.4629
25.3161
26.1419
26.9429
27.7203
28.4756
29.2102
29.9253
30.6222
31.3016
31.9647
32.6121
33.2445
33.8627
34.4671
35.0582
35.6366
36.2024
36.7563
37.2981
37.8282
38.3469
38.854
39.3497
39.8342
40.307
40.7683
41.218
41.6557
53.9712
53.7022
53.4283
53.1496
52.8663
52.5784
52.2861
51.9895
51.6886
51.3835
51.0743
50.7611
50.444
50.1229
49.7979
49.4692
49.1366
48.8004
48.4605
48.117
47.7699
47.4193
47.0651
46.7075
46.3465
45.9822
45.6145
45.2436
44.8695
44.4923
44.1119
43.7285
43.3422
42.9529
42.5608
42.1659
41.7682
41.3679
40.9648
40.559
40.1505
39.7394
39.3254
38.9086
38.4889
38.0661
37.6401
37.2107
36.7777
36.3409
35.9001
35.4549
35.0051
34.5503
34.0902
33.6244
33.1524
32.6739
32.1883
31.6952
31.1938
30.6838
30.1643
29.6348
29.0945
28.5425
27.9781
27.4002
26.8078
26.1998
25.5749
24.9318
24.269
23.5849
22.8782
22.1477
21.3929
20.6159
19.8229
19.0314
18.2783
17.6203
17.1502
16.9994
17.2719
17.9401
18.853
19.8559
20.8653
21.8539
22.8124
23.7391
24.635
25.5014
26.3402
27.1531
27.9419
28.7082
29.4534
30.1788
30.8856
31.5748
32.2474
32.9041
33.5458
34.1731
34.7865
35.3869
35.9741
36.5488
37.1116
37.6622
38.201
38.7286
39.2445
39.7492
40.2424
40.7244
41.1946
41.6533
42.0999
53.9697
53.7001
53.4255
53.146
52.8619
52.5732
52.2799
51.9824
51.6805
51.3744
51.0641
50.7498
50.4315
50.1092
49.7831
49.4531
49.1193
48.7818
48.4406
48.0958
47.7474
47.3954
47.0399
46.681
46.3187
45.953
45.5841
45.212
44.8367
44.4584
44.077
43.6928
43.3058
42.916
42.5235
42.1285
41.731
41.331
40.9287
40.5241
40.1171
39.7078
39.2962
38.8821
38.4656
38.0465
37.6246
37.1998
36.7719
36.3406
35.9058
35.4671
35.0243
34.5769
34.1246
33.6671
33.204
32.7346
32.2587
31.7756
31.2847
30.7856
30.2775
29.7597
29.2316
28.6923
28.1411
27.5769
26.9987
26.4056
25.7961
25.169
24.5229
23.8562
23.1675
22.4556
21.7196
20.9611
20.185
19.4059
18.6569
17.9903
17.4902
17.2831
17.4869
18.1033
18.9964
20.0036
21.0268
22.0316
23.0067
23.9493
24.8604
25.7411
26.5935
27.4195
28.2208
28.999
29.7558
30.4924
31.2104
31.9103
32.5933
33.2603
33.9121
34.5497
35.173
35.783
36.3802
36.9646
37.5368
38.0973
38.6458
39.183
39.7086
40.2229
40.7257
41.2172
41.6972
42.1653
42.6216
53.9612
53.6907
53.4152
53.1348
52.8497
52.5599
52.2656
51.9669
51.6639
51.3565
51.045
50.7294
50.4097
50.086
49.7584
49.4269
49.0916
48.7526
48.4098
48.0633
47.7132
47.3596
47.0024
46.6418
46.2778
45.9105
45.5399
45.1662
44.7893
44.4095
44.0267
43.6412
43.253
42.8623
42.4691
42.0736
41.6759
41.2761
40.8742
40.4705
40.0649
39.6575
39.2481
38.8369
38.4238
38.0085
37.5911
37.1713
36.749
36.3239
35.8957
35.4642
35.029
34.5899
34.1465
33.6983
33.2449
32.7859
32.3207
31.8489
31.3698
30.883
30.3876
29.883
29.3686
28.8436
28.3071
27.7582
27.196
26.6194
26.0273
25.4182
24.791
24.1439
23.4755
22.7847
22.0703
21.3332
20.5777
19.8153
19.0755
18.4063
17.8842
17.6288
17.767
18.3293
19.1994
20.2099
21.248
22.2705
23.2637
24.2239
25.1516
26.0481
26.9154
27.756
28.5708
29.3621
30.1315
30.8802
31.6098
32.3216
33.016
33.6942
34.3574
35.0056
35.6397
36.2606
36.8682
37.4634
38.0461
38.617
39.1759
39.7233
40.2591
40.7835
41.2965
41.7977
42.2875
42.7654
43.2312
53.9448
53.6734
53.3968
53.1153
52.829
52.538
52.2424
51.9424
51.6379
51.3291
51.016
50.6988
50.3775
50.0522
49.7228
49.3896
49.0524
48.7114
48.3667
48.0182
47.6661
47.3104
46.9511
46.5884
46.2222
45.8527
45.48
45.1041
44.7252
44.3433
43.9586
43.5713
43.1814
42.7891
42.3947
41.9982
41.5998
41.1997
40.7981
40.395
39.9905
39.5848
39.1778
38.7695
38.3599
37.9489
37.5363
37.1219
36.7057
36.2874
35.8666
35.4431
35.0167
34.5868
34.1533
33.7155
33.2733
32.8259
32.373
31.9139
31.4481
30.9751
30.4941
30.0045
29.5056
28.9965
28.4767
27.9452
27.401
26.8432
26.2706
25.682
25.0761
24.4515
23.8064
23.1398
22.4504
21.7386
21.0077
20.2671
19.5423
18.8776
18.342
18.0474
18.1256
18.633
19.4771
20.49
21.5444
22.5864
23.5998
24.5792
25.5252
26.4392
27.3227
28.1783
29.0078
29.8132
30.5965
31.3585
32.1009
32.8253
33.5319
34.2222
34.8973
35.5572
36.2031
36.8352
37.4543
38.0603
38.6542
39.2358
39.8053
40.3631
40.9092
41.4433
41.9658
42.4764
42.975
43.4612
43.9345
53.92
53.6474
53.3696
53.0867
52.799
52.5066
52.2094
51.9078
51.6016
51.2911
50.9762
50.6571
50.3339
50.0065
49.675
49.3396
49.0002
48.6569
48.3098
47.9589
47.6043
47.246
46.8842
46.5187
46.1499
45.7776
45.4021
45.0235
44.6418
44.2572
43.8698
43.4799
43.0876
42.6932
42.2968
41.8986
41.499
41.0981
40.6961
40.2932
39.8896
39.4854
39.0807
38.6754
38.2695
37.863
37.4556
37.0474
36.638
36.2271
35.8147
35.4003
34.9836
34.5642
34.1419
33.7161
33.2864
32.8523
32.4133
31.9689
31.5183
31.061
30.5964
30.1238
29.6425
29.1517
28.6508
28.139
27.6153
27.0789
26.5288
25.9636
25.3823
24.7834
24.1653
23.5269
22.8668
22.1848
21.4839
20.7712
20.0684
19.4161
18.877
18.5538
18.5796
19.0338
19.8501
20.8647
21.9367
23.0006
24.0361
25.0366
26.0022
26.9347
27.8356
28.7077
29.5533
30.3737
31.1711
31.9475
32.7035
33.4411
34.1607
34.8639
35.5509
36.2231
36.8806
37.5243
38.1543
38.7714
39.3756
39.967
40.5462
41.113
41.6673
42.2092
42.7383
43.2548
43.7582
44.2481
44.7241
53.8859
53.6118
53.3325
53.0481
52.7588
52.4645
52.1656
51.862
51.5538
51.2412
50.9242
50.6029
50.2773
49.9475
49.6135
49.2755
48.9334
48.5874
48.2374
47.8835
47.5258
47.1644
46.7993
46.4305
46.0583
45.6825
45.3035
44.9213
44.536
44.1478
43.757
43.3636
42.968
42.5704
42.1711
41.7705
41.3687
40.9662
40.5632
40.16
39.7568
39.3538
38.9512
38.5489
38.1469
37.7453
37.3438
36.9422
36.5404
36.1381
35.735
35.3309
34.9253
34.518
34.1084
33.6963
33.2811
32.8623
32.4393
32.0116
31.5785
31.1394
30.6937
30.2406
29.7794
29.3096
28.8304
28.3412
27.8411
27.3293
26.805
26.267
25.7142
25.1453
24.5588
23.9535
23.3281
22.6821
22.0175
21.3403
20.6682
20.0382
19.507
19.1682
19.1524
19.5575
20.3457
21.3616
22.453
23.5409
24.6003
25.6235
26.6101
27.5621
28.4812
29.3707
30.2322
31.068
31.8806
32.6708
33.4407
34.1911
34.9237
35.639
36.3377
37.0209
37.6891
38.3423
38.9816
39.6069
40.2185
40.8162
41.4005
41.9711
42.528
43.0709
43.5997
44.1141
44.6136
45.098
45.5669
53.8415
53.5657
53.2847
52.9984
52.707
52.4108
52.1097
51.8038
51.4933
51.1782
50.8586
50.5346
50.2062
49.8735
49.5366
49.1954
48.8501
48.5007
48.1472
47.7897
47.4283
47.063
46.6938
46.321
45.9444
45.5644
45.1809
44.7941
44.4042
44.0114
43.6158
43.2179
42.8177
42.4158
42.0124
41.608
41.203
40.7977
40.3928
39.9884
39.5851
39.1829
38.7822
38.3829
37.9851
37.5887
37.1936
36.7995
36.4063
36.0137
35.6213
35.2289
34.8361
34.4426
34.0479
33.6516
33.2531
32.852
32.4477
32.0395
31.6267
31.2087
30.7848
30.3543
29.9166
29.471
29.0169
28.5538
28.081
27.5978
27.1035
26.5971
26.0777
25.5441
24.995
24.4291
23.8454
23.243
22.6233
21.9912
21.361
20.7656
20.2565
19.9179
19.875
20.2391
21.0012
22.0188
23.1308
24.2445
25.329
26.3756
27.3833
28.3546
29.292
30.1976
31.0749
31.9252
32.7513
33.5541
34.3359
35.0972
35.8397
36.564
37.2706
37.9606
38.6341
39.2916
39.9333
40.5592
41.1698
41.7648
42.3444
42.9084
43.4567
43.9892
44.5057
45.0061
45.4902
45.9578
46.4087
53.7857
53.5079
53.2247
52.9362
52.6426
52.3438
52.0402
51.7316
51.4183
51.1003
50.7777
50.4505
50.1188
49.7826
49.4421
49.0972
48.7479
48.3945
48.0367
47.6749
47.3089
46.9388
46.5648
46.1868
45.805
45.4194
45.0303
44.6377
44.2419
43.843
43.4413
43.0372
42.6309
42.223
41.8139
41.4041
40.9942
40.5848
40.1765
39.7699
39.3654
38.9635
38.5642
38.168
37.7745
37.3839
36.996
36.6104
36.2271
35.8455
35.4655
35.0867
34.7088
34.3312
33.9538
33.5759
33.1971
32.8167
32.4343
32.049
31.6601
31.2669
30.8686
30.4645
30.054
29.6366
29.2118
28.7791
28.3382
27.8884
27.4293
26.9602
26.4803
25.9887
25.4843
24.9659
24.4327
23.8837
23.3201
22.7457
22.1718
21.6273
21.1587
20.8408
20.7903
21.1268
21.8676
22.8876
24.0205
25.1597
26.2682
27.3362
28.3626
29.3505
30.3024
31.221
32.1097
32.9703
33.8045
34.6147
35.4018
36.1668
36.9112
37.6355
38.3402
39.0258
39.693
40.342
40.973
41.5863
42.182
42.7602
43.3211
43.8649
44.3916
44.9012
45.394
45.8701
46.3291
46.7713
47.1967
53.7172
53.4371
53.1514
52.8602
52.5638
52.2622
51.9555
51.6437
51.3271
51.0056
50.6794
50.3484
50.0127
49.6724
49.3276
48.9782
48.6242
48.2658
47.903
47.5358
47.1642
46.7883
46.4082
46.0239
45.6355
45.2431
44.8469
44.4469
44.0434
43.6367
43.227
42.8147
42.4002
41.9842
41.567
41.1496
40.7326
40.317
39.9035
39.493
39.0861
38.6834
38.2853
37.8918
37.5031
37.119
36.7391
36.3634
35.9914
35.6227
35.2571
34.8942
34.5336
34.1749
33.8178
33.4616
33.106
32.7503
32.3937
32.0356
31.6751
31.3112
30.9432
30.5703
30.192
29.8077
29.4172
29.0202
28.6167
28.2063
27.7889
27.3641
26.9313
26.49
26.0395
25.5789
25.1076
24.6248
24.1316
23.6312
23.1327
22.6607
22.2571
21.987
21.9562
22.2852
23.0134
24.0356
25.1849
26.344
27.4691
28.5504
29.587
30.582
31.5387
32.46
33.3485
34.2069
35.0368
35.8398
36.6171
37.3704
38.1003
38.8076
39.4932
40.1576
40.8015
41.4253
42.0296
42.6148
43.1815
43.7298
44.2604
44.7735
45.2696
45.7488
46.2117
46.6582
47.0885
47.5031
47.9015
53.6345
53.3515
53.0629
52.7686
52.4689
52.1638
51.8535
51.5381
51.2175
50.8919
50.5613
50.2258
49.8854
49.5402
49.1901
48.8353
48.4757
48.1114
47.7423
47.3686
46.9902
46.6072
46.2196
45.8275
45.4309
45.0299
44.6247
44.2153
43.8021
43.3853
42.9651
42.542
42.1165
41.6893
41.2611
40.8329
40.4057
39.9808
39.5594
39.1425
38.7314
38.3267
37.9289
37.5383
37.1547
36.7779
36.4075
36.0432
35.6846
35.3312
34.9826
34.6385
34.2985
33.9622
33.6291
33.2989
32.971
32.6447
32.3193
31.9938
31.6672
31.3385
31.0068
30.671
30.3307
29.9855
29.6355
29.2807
28.9214
28.5578
28.19
27.8181
27.4419
27.0614
26.6764
26.2862
25.8911
25.4908
25.0862
24.6808
24.2821
23.9109
23.6043
23.4183
23.4439
23.7939
24.5202
25.538
26.6873
27.8463
28.9674
30.0406
31.0659
32.0464
32.9857
33.887
34.7531
35.5863
36.3884
37.1617
37.9076
38.6273
39.3221
39.9932
40.6415
41.268
41.8736
42.4591
43.0253
43.5729
44.1027
44.615
45.1105
45.5898
46.0531
46.5012
46.9339
47.3516
47.7548
48.1431
48.5169
53.5358
53.2495
52.9573
52.6593
52.3557
52.0466
51.7321
51.4121
51.0868
50.7563
50.4206
50.0797
49.7337
49.3825
49.0263
48.6649
48.2985
47.927
47.5504
47.1687
46.782
46.3902
45.9934
45.5915
45.1847
44.773
44.3565
43.9352
43.5095
43.0795
42.6456
42.2082
41.768
41.3256
40.8822
40.4387
39.9969
39.5584
39.1249
38.6984
38.2802
37.8717
37.4734
37.0855
36.7078
36.3396
35.9806
35.6302
35.2877
34.9526
34.6245
34.303
33.9878
33.6783
33.3743
33.0754
32.7809
32.4902
32.2024
31.9166
31.6312
31.3451
31.0569
30.7655
30.4706
30.1718
29.8698
29.565
29.2582
28.9503
28.6417
28.3332
28.0252
27.7182
27.4124
27.1083
26.8064
26.5075
26.2132
25.9272
25.6568
25.4193
25.2471
25.1866
25.3104
25.7118
26.4403
27.4295
28.5384
29.654
30.7294
31.7555
32.7324
33.6637
34.553
35.4031
36.2177
36.999
37.7494
38.4708
39.1651
39.8339
40.4788
41.101
41.7018
42.2823
42.8435
43.3866
43.912
44.4207
44.9133
45.3905
45.8526
46.3002
46.7335
47.1532
47.559
47.9515
48.3304
48.6962
49.0483
53.419
53.1287
52.8323
52.53
52.2218
51.9079
51.5882
51.263
50.9321
50.5958
50.2539
49.9066
49.5538
49.1955
48.8317
48.4625
48.0878
47.7076
47.3218
46.9305
46.5335
46.131
45.7228
45.3089
44.8893
44.4641
44.0332
43.5969
43.1551
42.7081
42.2563
41.8
41.34
40.877
40.4123
39.9474
39.4843
39.0257
38.5742
38.1327
37.7037
37.2889
36.8891
36.5042
36.1337
35.7765
35.4318
35.0985
34.776
34.4636
34.1607
33.867
33.582
33.3054
33.0369
32.7761
32.5225
32.2754
32.0337
31.7963
31.5613
31.3268
31.0912
30.8533
30.6123
30.3687
30.1235
29.8778
29.6334
29.3916
29.1536
28.9208
28.6941
28.4747
28.2636
28.0618
27.8708
27.6923
27.5285
27.3839
27.2653
27.1872
27.1762
27.2681
27.514
27.9779
28.6929
29.6091
30.6189
31.6331
32.6118
33.546
34.436
35.2844
36.0945
36.8692
37.6114
38.3236
39.008
39.6667
40.3015
40.9139
41.5053
42.0771
42.6304
43.1664
43.6856
44.1889
44.677
45.1509
45.6105
46.0566
46.4897
46.9098
47.3175
47.7126
48.0956
48.4663
48.825
49.1714
49.5056
53.2816
52.9866
52.6853
52.3778
52.0641
51.7444
51.4188
51.0872
50.7497
50.4064
50.0571
49.7021
49.3411
48.9743
48.6016
48.2228
47.8381
47.4473
47.0503
46.6471
46.2377
45.8218
45.3995
44.9706
44.5351
44.0929
43.644
43.1883
42.726
42.257
41.7817
41.3004
40.8137
40.3225
39.8282
39.3327
38.8389
38.3503
37.8714
37.407
36.9614
36.5372
36.1353
35.7549
35.3945
35.0523
34.7265
34.4159
34.1193
33.8359
33.565
33.3063
33.0593
32.8238
32.5996
32.3862
32.1832
31.9898
31.8049
31.6268
31.4531
31.2812
31.1087
30.9341
30.757
30.5782
30.3995
30.2234
30.0521
29.8878
29.7323
29.5875
29.4548
29.3356
29.2317
29.1443
29.0753
29.0267
29.001
29.0024
29.0373
29.1167
29.2599
29.4916
29.8425
30.347
31.0185
31.8223
32.6898
33.5627
34.4119
35.2288
36.012
36.7628
37.4833
38.1754
38.8415
39.4834
40.1027
40.7012
41.2802
41.8407
42.384
42.911
43.4225
43.9196
44.4024
44.8718
45.3284
45.7724
46.2044
46.6243
47.0329
47.43
47.816
48.1908
48.5546
48.9072
49.2489
49.5793
49.8984
53.1207
52.8201
52.5129
52.1992
51.8791
51.5526
51.2198
50.8806
50.5352
50.1835
49.8255
49.4611
49.0904
48.7133
48.3296
47.9394
47.5425
47.1387
46.7281
46.3104
45.8854
45.4532
45.0133
44.5658
44.1103
43.6468
43.175
42.6947
42.2059
41.7085
41.2024
40.688
40.1655
39.6358
39.1002
38.5611
38.0219
37.4882
36.9673
36.4677
35.9972
35.5603
35.1574
34.7859
34.4421
34.1224
33.8241
33.5452
33.2841
33.0397
32.8114
32.5987
32.4013
32.2189
32.0512
31.8979
31.7583
31.6314
31.5157
31.409
31.3082
31.2097
31.1104
31.0089
30.9052
30.8008
30.6986
30.6018
30.5136
30.4364
30.3725
30.3236
30.2913
30.277
30.2821
30.3077
30.3553
30.4266
30.5238
30.6501
30.8106
31.0128
31.269
31.5936
32.0024
32.5092
33.1151
33.7985
34.5229
35.2559
35.9783
36.6822
37.3645
38.0249
38.664
39.2824
39.8815
40.4624
41.0258
41.5728
42.1045
42.6215
43.1244
43.614
44.091
44.5555
45.0083
45.4498
45.8799
46.2995
46.7083
47.1068
47.4949
47.8731
48.2411
48.599
48.9469
49.2847
49.6122
49.9292
50.2356
52.9328
52.6256
52.3115
51.9904
51.6626
51.3279
50.9865
50.6384
50.2834
49.9217
49.5531
49.1776
48.7951
48.4054
48.0086
47.6043
47.1926
46.7731
46.3457
45.9101
45.4662
45.0136
44.552
44.0812
43.6007
43.1103
42.6095
42.0979
41.5752
41.0409
40.4948
39.9365
39.3662
38.7841
38.1912
37.5898
36.9841
36.3817
35.7951
35.2406
34.734
34.2834
33.8867
33.536
33.223
32.9412
32.6864
32.4554
32.2465
32.0582
31.8897
31.7405
31.61
31.4978
31.4032
31.3256
31.2639
31.2166
31.1817
31.1564
31.1371
31.1195
31.1005
31.0789
31.0556
31.0327
31.0137
31.0024
31.002
31.015
31.0433
31.0882
31.151
31.2325
31.3335
31.4548
31.5971
31.7616
31.9499
32.1642
32.4079
32.686
33.0052
33.3732
33.797
34.2806
34.8215
35.4077
36.0211
36.6446
37.2663
37.8793
38.4804
39.0677
39.6409
40.1999
40.7447
41.276
41.7941
42.2997
42.793
43.2745
43.7449
44.204
44.6528
45.091
45.5193
45.9376
46.3465
46.7457
47.1357
47.5165
47.8879
48.2504
48.6036
48.9477
49.2823
49.6076
49.9234
50.2295
50.5255
52.7139
52.3988
52.0763
51.7466
51.4095
51.0651
50.7135
50.3545
49.9881
49.6143
49.233
48.844
48.4473
48.0425
47.6296
47.2084
46.7785
46.3397
45.8918
45.4343
44.9669
44.4892
44.0007
43.5008
42.9891
42.465
41.9276
41.3764
40.8104
40.2288
39.6308
39.0155
38.382
37.7297
37.0587
36.3702
35.6681
34.9624
34.2739
33.6355
33.0808
32.625
32.2575
31.9564
31.7042
31.4902
31.3077
31.1529
31.0233
30.9171
30.8333
30.7705
30.728
30.7049
30.6998
30.7117
30.7389
30.7795
30.8311
30.8909
30.955
31.0198
31.0824
31.1423
31.2009
31.2608
31.3255
31.3983
31.4821
31.5788
31.6899
31.8162
31.9584
32.1169
32.2921
32.4843
32.6942
32.9225
33.1702
33.439
33.7312
34.0498
34.3985
34.781
35.2001
35.6566
36.1477
36.6668
37.2046
37.7519
38.3011
38.8472
39.3871
39.9188
40.4413
40.9539
41.4564
41.949
42.4314
42.9038
43.3668
43.82
44.264
44.6987
45.1247
45.5415
45.9499
46.3497
46.7409
47.1238
47.4984
47.8644
48.2223
48.5718
48.9128
49.2454
49.5692
49.8842
50.1903
50.4872
50.7746
52.4591
52.1346
51.8022
51.462
51.1139
50.7579
50.394
50.022
49.642
49.2537
48.857
48.4517
48.0377
47.6147
47.1823
46.7403
46.2884
45.8261
45.3531
44.8687
44.3725
43.8638
43.342
42.8063
42.2558
41.6897
41.1068
40.5059
39.8857
39.2447
38.5813
37.8936
37.1797
36.4374
35.6652
34.862
34.0302
33.1807
32.3471
31.5932
30.9885
30.5581
30.2696
30.0716
29.9299
29.8287
29.759
29.7165
29.6982
29.7021
29.7265
29.7702
29.8316
29.9096
30.0025
30.109
30.2273
30.3554
30.4911
30.6318
30.7746
30.9166
31.0561
31.1929
31.3287
31.4659
31.6071
31.7552
31.9123
32.0798
32.2587
32.4497
32.6532
32.8694
33.0988
33.3415
33.598
33.8691
34.1554
34.4583
34.7791
35.1198
35.4822
35.8682
36.2786
36.7132
37.17
37.6449
38.1329
38.6287
39.1276
39.6259
40.1211
40.6115
41.0956
41.5729
42.0429
42.5051
42.9596
43.4061
43.8448
44.2755
44.6986
45.1137
45.5212
45.9211
46.3131
46.6978
47.0748
47.4443
47.806
48.1602
48.5068
48.8457
49.1766
49.4996
49.8145
50.1211
50.4192
50.7085
50.9887
52.1627
51.827
51.4828
51.1301
50.7688
50.3988
50.0202
49.6327
49.2362
48.8305
48.4153
47.9904
47.5556
47.1104
46.6545
46.1875
45.7088
45.2179
44.7143
44.1973
43.666
43.1197
42.5574
41.9781
41.3806
40.7635
40.1255
39.4648
38.7795
38.0675
37.3265
36.5536
35.7457
34.8995
34.0113
33.0778
32.0989
31.0853
30.0863
29.2083
28.5717
28.2138
28.066
28.0312
28.0514
28.1053
28.1829
28.2801
28.3945
28.5241
28.6678
28.8243
28.9923
29.1709
29.3587
29.5545
29.757
29.9646
30.1757
30.3885
30.601
30.8114
31.019
31.2238
31.4273
31.6313
31.8379
32.049
32.2663
32.4908
32.7235
32.9649
33.2154
33.4755
33.7452
34.0252
34.3157
34.6173
34.9306
35.2566
35.5962
35.9503
36.3201
36.7064
37.1093
37.5284
37.9621
38.4081
38.8632
39.3244
39.7884
40.2528
40.7157
41.1754
41.6309
42.0814
42.5262
42.9652
43.3977
43.8239
44.2434
44.6564
45.0626
45.462
45.8547
46.2407
46.6198
46.9919
47.3573
47.7158
48.0672
48.4117
48.749
49.079
49.4017
49.7168
50.0243
50.3238
50.6152
50.8982
51.1726
51.8179
51.4689
51.1106
50.743
50.3659
49.9794
49.5832
49.1771
48.7608
48.3342
47.8969
47.4485
46.9887
46.517
46.0329
45.5358
45.0252
44.5002
43.9602
43.4043
42.8315
42.2409
41.6312
41.0011
40.3494
39.6745
38.9746
38.2478
37.492
36.7049
35.8837
35.0252
34.126
33.1817
32.1877
31.1392
30.0345
28.8841
27.7493
26.7756
26.1331
25.8758
25.8994
26.0573
26.2626
26.4875
26.7222
26.9635
27.2106
27.4626
27.7194
27.9806
28.2457
28.5143
28.786
29.0599
29.3354
29.6116
29.8876
30.1623
30.4346
30.7036
30.9692
31.2315
31.4918
31.7513
32.0116
32.2741
32.5401
32.8106
33.0863
33.3678
33.6556
33.95
34.2515
34.5603
34.877
35.2018
35.5355
35.8784
36.2314
36.595
36.9698
37.3561
37.7538
38.1625
38.581
39.0078
39.441
39.8785
40.3184
40.7587
41.1981
41.6353
42.0693
42.4995
42.9251
43.3459
43.7616
44.1716
44.5761
44.9749
45.3678
45.7545
46.1353
46.5099
46.8784
47.2406
47.5965
47.946
48.2889
48.6253
48.9549
49.2777
49.5935
49.9021
50.2034
50.4971
50.783
51.0609
51.3303
51.4173
51.0524
50.6773
50.292
49.8962
49.4899
49.0728
48.6446
48.205
47.7536
47.2901
46.814
46.3248
45.822
45.3049
44.7729
44.2252
43.6611
43.0798
42.4802
41.8615
41.2225
40.5622
39.8793
39.1726
38.4406
37.6817
36.8943
36.0765
35.2259
34.3401
33.4161
32.45
31.4379
30.3747
29.2551
28.0779
26.8535
25.6471
24.6239
23.9879
23.816
23.9879
24.3193
24.6938
25.074
25.45
25.8193
26.1829
26.5414
26.8956
27.2464
27.5941
27.9392
28.2817
28.6217
28.9589
29.2932
29.6241
29.9512
30.2741
30.5926
30.9067
31.2168
31.5239
31.829
32.1332
32.4377
32.7434
33.0513
33.362
33.6761
33.9941
34.3165
34.6435
34.9756
35.3131
35.6565
36.0062
36.3626
36.7261
37.0971
37.476
37.8628
38.2574
38.6593
39.0679
39.4821
39.9005
40.3219
40.7449
41.1681
41.5905
42.011
42.429
42.8437
43.2547
43.6614
44.0637
44.4613
44.8539
45.2413
45.6232
45.9999
46.3711
46.7367
47.0965
47.4505
47.7986
48.1406
48.4765
48.8062
49.1297
49.4465
49.7566
50.0598
50.356
50.645
50.9264
51.1999
51.4653
50.9522
50.5685
50.1737
49.7676
49.3499
48.9204
48.4789
48.0249
47.5582
47.0783
46.5847
46.0771
45.5547
45.0171
44.4637
43.8939
43.3069
42.7021
42.0789
41.4364
40.774
40.0908
39.386
38.6587
37.908
37.1327
36.3316
35.5032
34.6461
33.7581
32.8368
31.8795
30.8826
29.842
28.7531
27.6109
26.4148
25.1755
23.9536
22.9134
22.2742
22.1422
22.4075
22.8657
23.373
23.8783
24.3695
24.8439
25.3034
25.7498
26.1847
26.6098
27.0262
27.4349
27.8366
28.2318
28.6209
29.004
29.3813
29.7527
30.1183
30.4783
30.833
31.1828
31.5286
31.8712
32.2115
32.5504
32.8888
33.2275
33.5671
33.9082
34.2512
34.5965
34.9447
35.296
35.6508
36.0094
36.3723
36.7397
37.1119
37.4893
37.8719
38.2599
38.653
39.0509
39.4532
39.859
40.2675
40.6778
41.0889
41.4999
41.9098
42.3181
42.7241
43.1271
43.5268
43.9227
44.3147
44.7023
45.0852
45.4636
45.8372
46.2057
46.5691
46.9272
47.28
47.6273
47.9691
48.3051
48.6353
48.9595
49.2776
49.5895
49.8949
50.1937
50.4857
50.7707
51.0482
51.3183
51.5803
50.414
50.0087
49.5911
49.161
48.7183
48.2626
47.7936
47.311
46.8145
46.3037
45.7782
45.2376
44.6816
44.1097
43.5215
42.9167
42.2949
41.6556
40.9986
40.3234
39.6295
38.9164
38.1836
37.4304
36.6561
35.8597
35.0401
34.196
33.3259
32.4276
31.4988
30.5368
29.538
28.4985
27.4141
26.2802
25.0968
23.8743
22.6641
21.6173
20.9567
20.8204
21.127
21.6665
22.2708
22.8722
23.454
24.0124
24.5494
25.0673
25.5683
26.0546
26.5278
26.9893
27.4405
27.882
28.3146
28.7389
29.1554
29.5643
29.9661
30.3611
30.7498
31.1328
31.5108
31.8845
32.2547
32.6223
32.9879
33.3523
33.716
34.0795
34.4434
34.8082
35.1741
35.5415
35.9108
36.2823
36.6563
37.0331
37.4129
37.7959
38.1822
38.5719
38.9647
39.3605
39.7589
40.1593
40.5612
40.9639
41.3667
41.7688
42.1698
42.5691
42.966
43.3601
43.7511
44.1387
44.5225
44.9023
45.2779
45.6491
46.0157
46.3777
46.7347
47.087
47.434
47.7758
48.1123
48.4433
48.7689
49.0885
49.4023
49.71
50.0117
50.3068
50.5954
50.8769
51.1515
51.4185
51.6779
49.7958
49.3664
48.9238
48.4679
47.9984
47.5153
47.0182
46.5072
45.9819
45.4422
44.888
44.3191
43.7354
43.1368
42.5232
41.8945
41.2504
40.5909
39.9157
39.2246
38.5172
37.7931
37.0517
36.2925
35.5145
34.7167
33.8981
33.057
32.1919
31.3006
30.3807
29.4296
28.4438
27.4195
26.3532
25.241
24.0826
22.8876
21.6978
20.6454
19.9495
19.7777
20.0867
20.6719
21.3452
22.0195
22.6722
23.2977
23.8972
24.4734
25.0286
25.5654
26.0859
26.5916
27.0842
27.5647
28.0342
28.4935
28.9432
29.3841
29.8166
30.2413
30.6588
31.0698
31.4748
31.8747
32.27
32.6616
33.0501
33.436
33.8201
34.2027
34.5843
34.9655
35.3465
35.7276
36.1094
36.4919
36.8755
37.2605
37.647
38.0352
38.4252
38.8169
39.2104
39.6053
40.0015
40.3986
40.7961
41.1936
41.5906
41.9866
42.3811
42.7736
43.1638
43.5512
43.9357
44.3168
44.6942
45.0679
45.4376
45.803
46.1641
46.5207
46.8727
47.2201
47.5624
47.8998
48.2319
48.559
48.8805
49.1964
49.5068
49.8111
50.1096
50.4016
50.6873
50.9661
51.2381
51.5027
51.7598
49.0977
48.6441
48.177
47.6965
47.2027
46.6955
46.1751
45.6414
45.0945
44.5346
43.9616
43.3757
42.7768
42.1651
41.5404
40.9028
40.2521
39.5881
38.9106
38.2191
37.5134
36.7928
36.0566
35.3041
34.5343
33.746
32.9381
32.1089
31.2567
30.3797
29.4752
28.5408
27.5734
26.5694
25.5258
24.439
23.3087
22.1429
20.9747
19.9165
19.1778
18.9502
19.2331
19.8371
20.5578
21.2879
21.9966
22.6761
23.3265
23.9506
24.5507
25.1296
25.6896
26.2325
26.7602
27.2739
27.7747
28.2639
28.7422
29.2104
29.6692
30.1194
30.5615
30.9962
31.4242
31.8462
32.2629
32.6748
33.0827
33.4871
33.8884
34.2874
34.6842
35.0794
35.4734
35.8665
36.2589
36.6511
37.0431
37.4354
37.8279
38.221
38.6145
39.0086
39.4033
39.7983
40.1935
40.5886
40.9834
41.3775
41.7705
42.1621
42.5519
42.9395
43.3247
43.7071
44.0864
44.4625
44.835
45.2039
45.569
45.9299
46.2866
46.6389
46.9868
47.3302
47.6688
48.0024
48.3312
48.6548
48.9732
49.2861
49.5935
49.8951
50.1908
50.4804
50.7637
51.0404
51.3101
51.5729
51.8282
48.3362
47.8629
47.377
46.8789
46.3687
45.8465
45.3128
44.7675
44.211
43.6432
43.0644
42.4746
41.8739
41.2621
40.639
40.0047
39.3588
38.701
38.0309
37.3481
36.6519
35.9417
35.2168
34.4762
33.7191
32.9442
32.1502
31.3357
30.499
29.6381
28.7508
27.8347
26.8869
25.9042
24.8836
23.8223
22.7192
21.5811
20.4338
19.3701
18.5859
18.29
18.5258
19.1271
19.8785
20.6514
21.4048
22.1284
22.8208
23.4847
24.1225
24.7368
25.3303
25.9049
26.4624
27.0044
27.5323
28.0472
28.5501
29.0419
29.5235
29.9955
30.4588
30.914
31.3617
31.8027
32.2376
32.6671
33.0916
33.5118
33.9281
34.341
34.751
35.1585
35.5638
35.9672
36.3691
36.7697
37.1692
37.568
37.966
38.3636
38.7607
39.1573
39.5535
39.9492
40.3443
40.7385
41.1317
41.5236
41.914
42.3025
42.689
43.0731
43.4546
43.8332
44.2087
44.581
44.9498
45.3148
45.6761
46.0335
46.3867
46.7356
47.0804
47.4204
47.7558
48.0867
48.4125
48.7334
49.049
49.3595
49.6644
49.9638
50.2574
50.5449
50.8263
51.1012
51.3692
51.6304
51.8842
47.5509
47.0671
46.5724
46.0671
45.5514
45.0257
44.49
43.9445
43.3893
42.8244
42.2499
41.6656
41.0715
40.4674
39.8529
39.2279
38.5921
37.9449
37.286
36.6148
35.9307
35.233
34.521
33.7937
33.0501
32.2893
31.5098
30.7102
29.889
29.0443
28.174
27.2757
26.3471
25.3848
24.3862
23.3488
22.271
21.1581
20.0302
18.9626
18.1336
17.7624
17.9352
18.5159
19.2841
20.0897
20.8793
21.6394
22.367
23.0644
23.7342
24.3787
25.0009
25.6026
26.1859
26.7525
27.3038
27.841
28.3653
28.8776
29.379
29.8701
30.3517
30.8246
31.2895
31.7469
32.1977
32.6422
33.0812
33.5151
33.9444
34.3696
34.7911
35.2092
35.6244
36.037
36.4472
36.8553
37.2616
37.6662
38.0693
38.4711
38.8716
39.2709
39.669
40.0658
40.4613
40.8553
41.2477
41.6384
42.0271
42.4136
42.7977
43.1793
43.5581
43.934
44.3066
44.676
45.0418
45.4041
45.7624
46.1169
46.4674
46.8136
47.1557
47.4931
47.8262
48.1545
48.4781
48.7966
49.1103
49.4186
49.7216
50.0192
50.311
50.5968
50.8766
51.15
51.4168
51.6767
51.9293
46.7928
46.3085
45.8147
45.3118
44.7998
44.2789
43.7491
43.2105
42.663
42.1065
41.5411
40.9664
40.3823
39.7886
39.185
38.5712
37.9468
37.3112
36.6642
36.0051
35.3333
34.6481
33.9488
33.2344
32.5042
31.7568
30.9911
30.2059
29.3994
28.57
27.7158
26.8343
25.9235
24.9803
24.0021
22.9866
21.9318
20.8416
19.7318
18.6621
17.7913
17.3422
17.4396
17.9845
18.7571
19.5873
20.4066
21.1973
21.9549
22.681
23.3782
24.0488
24.6958
25.3211
25.9268
26.5149
27.0866
27.6434
28.1864
28.7168
29.2354
29.7432
30.241
30.7294
31.2092
31.6811
32.1456
32.6034
33.055
33.5009
33.9416
34.3775
34.8091
35.2367
35.6607
36.0814
36.499
36.9139
37.3263
37.7363
38.1441
38.5499
38.9537
39.3556
39.7557
40.1539
40.5502
40.9445
41.3368
41.7269
42.1146
42.4999
42.8825
43.2624
43.6393
44.0131
44.3836
44.7507
45.1145
45.4743
45.8306
46.1828
46.5312
46.8752
47.2151
47.5505
47.8816
48.2079
48.5297
48.8465
49.1583
49.465
49.7665
50.0625
50.3529
50.6373
50.9159
51.1881
51.4538
51.7127
51.9644
46.1018
45.6237
45.1369
44.6416
44.1378
43.6256
43.105
42.576
42.0384
41.4921
40.9369
40.3728
39.7995
39.2167
38.6241
38.0213
37.4081
36.7839
36.1483
35.5007
34.8405
34.1672
33.4797
32.7775
32.0595
31.3247
30.572
29.7999
29.0071
28.1919
27.3525
26.4866
25.5923
24.6666
23.7071
22.7114
21.6775
20.6078
19.5149
18.4453
17.5371
17.0106
17.0237
17.5191
18.2848
19.1324
19.9761
20.7929
21.5764
22.3274
23.0485
23.7419
24.4105
25.0566
25.6821
26.2889
26.8787
27.4527
28.0124
28.5587
29.0926
29.6152
30.1271
30.6293
31.1223
31.6068
32.0836
32.553
33.0157
33.4723
33.923
34.3685
34.8091
35.2451
35.6769
36.1048
36.5292
36.9502
37.368
37.7829
38.1951
38.6046
39.0117
39.4162
39.8184
40.2183
40.6157
41.0107
41.4032
41.7932
42.1805
42.5651
42.9468
43.3255
43.7011
44.0735
44.4425
44.8081
45.17
45.5284
45.8828
46.2334
46.5799
46.9224
47.2606
47.5944
47.9239
48.2488
48.5688
48.8843
49.1948
49.5002
49.8004
50.0952
50.3843
50.6677
50.9452
51.2165
51.4814
51.7395
51.9906
45.4947
45.0254
44.5478
44.0618
43.5676
43.0652
42.5544
42.0354
41.5078
40.9717
40.4268
39.8729
39.3099
38.7374
38.1552
37.5628
36.9601
36.3463
35.7213
35.0843
34.4349
33.7723
33.0958
32.4047
31.698
30.9747
30.2338
29.4739
28.6936
27.8915
27.0657
26.2142
25.3348
24.4253
23.4827
22.5051
21.4901
20.439
19.3617
18.2944
17.3542
16.753
16.6758
17.1096
17.8575
18.7158
19.5797
20.4189
21.2251
21.998
22.7402
23.4537
24.1416
24.806
25.449
26.0726
26.6784
27.2678
27.8423
28.4028
28.9504
29.4861
30.0107
30.525
31.0297
31.5256
32.0131
32.493
32.9656
33.4316
33.8913
34.3453
34.7939
35.2374
35.6763
36.1108
36.5412
36.9677
37.3906
37.8101
38.2263
38.6394
39.0495
39.4567
39.861
40.2626
40.6613
41.0573
41.4504
41.8407
42.228
42.6123
42.9935
43.3715
43.7463
44.1177
44.4857
44.8501
45.211
45.5679
45.9212
46.2703
46.6156
46.9568
47.2938
47.6262
47.9544
48.2781
48.5971
48.9114
49.2206
49.525
49.8242
50.118
50.4063
50.6889
50.9657
51.2362
51.5006
51.7581
52.0087
44.9708
44.5108
44.0425
43.566
43.0813
42.5884
42.0872
41.5776
41.0595
40.5329
39.9975
39.4532
38.8996
38.3367
37.7639
37.1811
36.5879
35.9837
35.3683
34.741
34.1013
33.4485
32.7821
32.101
31.4047
30.6919
29.9617
29.213
28.4443
27.654
26.8407
26.0023
25.1368
24.2419
23.3149
22.3536
21.3559
20.3218
19.2593
18.196
17.2294
16.5583
16.3874
16.7488
17.4683
18.3308
19.2111
20.0698
20.896
21.6885
22.4494
23.181
23.886
24.5669
25.2256
25.8642
26.4844
27.0877
27.6753
28.2486
28.8084
29.3559
29.8919
30.4172
30.9324
31.4384
31.9356
32.4247
32.9063
33.3807
33.8486
34.3102
34.766
35.2164
35.6616
36.102
36.5379
36.9695
37.3971
37.8208
38.2408
38.6572
39.0703
39.4801
39.8866
40.2899
40.6901
41.0872
41.4811
41.8719
42.2595
42.6439
43.0249
43.4027
43.777
44.1479
44.5151
44.8788
45.2387
45.5949
45.947
46.2954
46.6397
46.9799
47.3158
47.6473
47.9745
48.2973
48.6154
48.9287
49.2372
49.5408
49.8391
50.1322
50.4198
50.7018
50.9779
51.2481
51.5118
51.769
52.0193
44.5221
44.071
43.6117
43.1441
42.6682
42.1841
41.6917
41.1909
40.6816
40.1637
39.6369
39.1013
38.5563
38.002
37.4379
36.8636
36.279
35.6835
35.0768
34.4583
33.8274
33.1836
32.5262
31.8544
31.1674
30.4643
29.744
29.0054
28.2473
27.468
26.6662
25.8398
24.987
24.1055
23.1928
22.2464
21.2646
20.2462
19.1975
18.1398
17.1523
16.4173
16.1518
16.4315
17.112
17.9719
18.8653
19.7408
20.5851
21.3952
22.1731
22.921
23.6415
24.3373
25.0102
25.6624
26.2957
26.9114
27.5111
28.0958
28.6667
29.2249
29.7711
30.3062
30.831
31.3461
31.8521
32.3496
32.8392
33.3213
33.7964
34.265
34.7273
35.1839
35.6349
36.0808
36.5217
36.958
37.3899
37.8175
38.241
38.6607
39.0766
39.4888
39.8975
40.3027
40.7044
41.1027
41.4976
41.8892
42.2773
42.6619
43.0432
43.4209
43.795
44.1656
44.5325
44.8956
45.2551
45.6105
45.9622
46.3098
46.6534
46.9928
47.3281
47.6588
47.9853
48.3073
48.6247
48.9373
49.2453
49.5482
49.846
50.1385
50.4255
50.707
50.9829
51.2525
51.5159
51.7728
52.023
44.1391
43.6963
43.2452
42.7857
42.318
41.8419
41.3575
40.8646
40.3632
39.8532
39.3343
38.8064
38.2693
37.7227
37.1663
36.5999
36.0231
35.4355
34.8366
34.226
33.6032
32.9675
32.3184
31.655
30.9766
30.2823
29.5711
28.8419
28.0934
27.3243
26.5329
25.7177
24.8765
24.0074
23.1078
22.1753
21.2079
20.2041
19.1684
18.1176
17.1145
16.3224
15.9637
16.1541
16.7852
17.6354
18.5383
19.4286
20.2891
21.1152
21.9086
22.6714
23.4062
24.1155
24.8014
25.466
26.1111
26.7383
27.3488
27.9441
28.5251
29.093
29.6485
30.1927
30.726
31.2494
31.7633
32.2685
32.7654
33.2545
33.7362
34.2111
34.6794
35.1416
35.598
36.0488
36.4944
36.9351
37.3709
37.8022
38.2291
38.6518
39.0704
39.485
39.8958
40.3029
40.7062
41.1058
41.5018
41.8942
42.283
42.6682
43.0497
43.4276
43.8018
44.1723
44.5391
44.902
45.2611
45.6163
45.9675
46.3147
46.6578
46.9967
47.3314
47.6617
47.9877
48.3091
48.626
48.9381
49.2455
49.5479
49.8452
50.1374
50.4241
50.7053
50.9808
51.2502
51.5134
51.7703
52.0203
43.8126
43.3773
42.9336
42.4815
42.0212
41.5523
41.0752
40.5895
40.0952
39.5922
39.0804
38.5595
38.0294
37.4899
36.9406
36.3812
35.8115
35.231
34.6393
34.036
33.4205
32.7922
32.1506
31.495
30.8244
30.1382
29.4354
28.7147
27.9752
27.2154
26.4339
25.6289
24.7985
23.9408
23.0533
22.1336
21.1795
20.1895
19.1662
18.1229
17.109
16.2672
15.8185
15.9138
16.4853
17.3181
18.2271
19.1302
20.0053
20.8463
21.6539
22.4306
23.1784
23.9002
24.5981
25.2741
25.9301
26.5677
27.1883
27.7932
28.3835
28.9602
29.5243
30.0766
30.6179
31.1489
31.6701
32.1822
32.6858
33.1813
33.6691
34.1498
34.6236
35.091
35.5523
36.0077
36.4576
36.9022
37.3418
37.7765
38.2066
38.6322
39.0534
39.4704
39.8833
40.2921
40.697
41.0981
41.4953
41.8886
42.2782
42.664
43.0461
43.4243
43.7988
44.1694
44.5362
44.899
45.2579
45.6129
45.9639
46.3108
46.6536
46.9922
47.3265
47.6566
47.9822
48.3033
48.6197
48.9315
49.2387
49.5407
49.8377
50.1295
50.4162
50.6971
50.9724
51.2417
51.5048
51.7617
52.0117
43.5343
43.1058
42.6689
42.2235
41.7697
41.3075
40.8368
40.3575
39.8697
39.3731
38.8677
38.3532
37.8295
37.2963
36.7534
36.2004
35.6371
35.0631
34.478
33.8813
33.2725
32.651
32.0164
31.3678
30.7046
30.0258
29.3307
28.618
27.8868
27.1357
26.3632
25.5678
24.7474
23.9003
23.024
22.1161
21.1745
20.1973
19.1859
18.1508
17.1303
16.2462
15.7125
15.7086
16.211
17.0182
17.9292
18.8433
19.7317
20.5865
21.4074
22.1968
22.9569
23.6902
24.3992
25.0858
25.7519
26.3992
27.0291
27.6429
28.2417
28.8266
29.3987
29.9585
30.5071
31.045
31.5729
32.0915
32.6012
33.1025
33.596
34.082
34.5609
35.0331
35.4989
35.9586
36.4125
36.8609
37.3039
37.7419
38.1749
38.6032
39.0269
39.4462
39.8611
40.2718
40.6783
41.0808
41.4792
41.8736
42.2641
42.6507
43.0333
43.4121
43.7869
44.1578
44.5247
44.8877
45.2467
45.6017
45.9526
46.2994
46.642
46.9803
47.3144
47.6444
47.9697
48.2905
48.6067
48.9184
49.2252
49.527
49.824
50.1156
50.4021
50.6829
50.9582
51.2274
51.4907
51.7474
51.9977
43.2971
42.8748
42.444
42.0046
41.5568
41.1005
40.6357
40.1623
39.6803
39.1896
38.6899
38.1812
37.6633
37.1359
36.5988
36.0517
35.4943
34.9262
34.347
33.7564
33.1538
32.5386
31.9104
31.2684
30.6119
29.94
29.2521
28.5468
27.8233
27.0803
26.3162
25.5296
24.7186
23.8814
23.0157
22.1188
21.1889
20.2238
19.2237
18.1972
17.1735
16.2544
15.6419
15.537
15.9613
16.7343
17.6428
18.566
19.4666
20.3342
21.1676
21.969
22.7405
23.4847
24.2041
24.9006
25.5761
26.2324
26.8709
27.4929
28.0997
28.6922
29.2716
29.8385
30.3937
30.9381
31.4723
31.9968
32.5121
33.0189
33.5176
34.0085
34.4921
34.9688
35.4388
35.9025
36.3602
36.812
37.2584
37.6994
38.1353
38.5662
38.9923
39.4137
39.8306
40.2431
40.6512
41.0551
41.4548
41.8503
42.2418
42.6292
43.0125
43.3918
43.7671
44.1384
44.5056
44.8688
45.228
45.583
45.9339
46.2808
46.6234
46.9617
47.2957
47.6255
47.9507
48.2714
48.5876
48.899
49.2057
49.5075
49.8042
50.0959
50.3822
50.6631
50.9384
51.2077
51.471
51.7281
51.9784
43.0951
42.6784
42.2531
41.8192
41.3768
40.9258
40.4664
39.9983
39.5216
39.0361
38.5418
38.0384
37.5257
37.0036
36.4719
35.9301
35.3781
34.8155
34.2419
33.6568
33.0599
32.4506
31.8283
31.1923
30.5421
29.8768
29.1955
28.4972
27.7809
27.0453
26.2891
25.5109
24.7087
23.8806
23.0248
22.1384
21.2194
20.2657
19.2766
18.2588
17.2348
16.2876
15.6036
15.3978
15.7358
16.4656
17.3665
18.2969
19.2085
20.0882
20.9333
21.7461
22.5284
23.2829
24.012
24.7177
25.4021
26.0669
26.7134
27.3432
27.9574
28.557
29.1431
29.7166
30.2781
30.8286
31.3685
31.8985
32.4192
32.931
33.4345
33.93
34.418
34.8988
35.3728
35.8402
36.3014
36.7566
37.206
37.6499
38.0885
38.5219
38.9503
39.3738
39.7927
40.2069
40.6166
41.0219
41.4229
41.8196
42.212
42.6002
42.9844
43.3643
43.7402
44.1119
44.4796
44.8431
45.2025
45.5578
45.9088
46.2557
46.5985
46.9368
47.2708
47.6006
47.9257
48.2465
48.5626
48.8739
49.1807
49.4824
49.7792
50.0709
50.3571
50.6381
50.9134
51.1828
51.4463
51.7036
51.9543
42.9231
42.5115
42.0911
41.6622
41.2248
40.7787
40.3242
39.861
39.3891
38.9085
38.419
37.9204
37.4126
36.8954
36.3685
35.8317
35.2847
34.7271
34.1586
33.5788
32.9872
32.3833
31.7665
31.1363
30.4919
29.8326
29.1575
28.4657
27.7562
27.0278
26.279
25.5085
24.7145
23.8952
23.0485
22.172
21.2633
20.3204
19.3421
18.333
17.3109
16.3421
15.5944
15.2895
15.5346
16.212
17.0994
18.0348
18.9562
19.8472
20.7036
21.5272
22.3198
23.084
23.8223
24.5369
25.2296
25.9023
26.5565
27.1936
27.8147
28.421
29.0135
29.5931
30.1605
30.7165
31.2619
31.797
32.3227
32.8392
33.3473
33.8471
34.3392
34.8239
35.3016
35.7725
36.237
36.6953
37.1477
37.5943
38.0354
38.4712
38.9018
39.3274
39.7481
40.164
40.5753
40.982
41.3843
41.7821
42.1756
42.5647
42.9496
43.3303
43.7068
44.0791
44.4472
44.8111
45.1708
45.5263
45.8778
46.2248
46.5675
46.9061
47.2402
47.57
47.8952
48.2161
48.5321
48.8437
49.1503
49.4522
49.749
50.0406
50.3271
50.6082
50.8836
51.1532
51.4169
51.6743
51.9253
42.7769
42.3699
41.9542
41.5298
41.0968
40.6553
40.2052
39.7465
39.2791
38.8029
38.3178
37.8237
37.3204
36.8077
36.2854
35.7531
35.2107
34.6579
34.0941
33.5192
32.9325
32.3336
31.722
31.0971
30.4583
29.8046
29.1354
28.4498
27.7466
27.0248
26.2831
25.5199
24.7338
23.9227
23.0847
22.2175
21.3185
20.3859
19.4179
18.4177
17.3992
16.4144
15.6111
15.2111
15.3577
15.9735
16.8408
17.7786
18.7088
19.6105
20.4777
21.3114
22.114
22.8875
23.6347
24.3576
25.0582
25.7385
26.3999
27.0438
27.6715
28.2841
28.8827
29.468
30.0409
30.6023
31.1527
31.6927
32.223
32.744
33.2563
33.7602
34.2561
34.7445
35.2257
35.6999
36.1675
36.6288
37.0839
37.5331
37.9767
38.4148
38.8475
39.275
39.6976
40.1152
40.528
40.9361
41.3396
41.7386
42.1331
42.5232
42.909
43.2904
43.6675
44.0404
44.409
44.7734
45.1335
45.4894
45.8409
46.1884
46.5313
46.8701
47.2043
47.5343
47.8596
48.1805
48.4968
48.8083
49.1151
49.4171
49.7139
50.0057
50.2923
50.5735
50.8492
51.1189
51.3828
51.6406
51.8919
42.6529
42.2501
41.8386
41.4184
40.9896
40.5522
40.1062
39.6516
39.1883
38.7162
38.2353
37.7453
37.2462
36.7377
36.2195
35.6916
35.1535
34.605
34.0458
33.4753
32.8933
32.2992
31.6925
31.0726
30.4389
29.7906
29.127
28.4471
27.7499
27.0345
26.2993
25.5431
24.7644
23.9611
23.1314
22.273
21.3833
20.4605
19.5025
18.5111
17.4974
16.5017
15.6509
15.161
15.2056
15.7507
16.5906
17.5277
18.4655
19.3771
20.2547
21.0984
21.9104
22.6929
23.4485
24.1794
24.8877
25.5752
26.2434
26.8939
27.5279
28.1464
28.7506
29.3414
29.9196
30.486
31.0411
31.5858
32.1204
32.6457
33.1619
33.6697
34.1692
34.6611
35.1456
35.6229
36.0935
36.5575
37.0153
37.467
37.9129
38.3532
38.7879
39.2174
39.6416
40.0609
40.4752
40.8847
41.2894
41.6896
42.0851
42.4762
42.8628
43.245
43.6228
43.9963
44.3655
44.7304
45.0909
45.4471
45.7992
46.1467
46.4901
46.8289
47.1634
47.4936
47.819
48.1401
48.4565
48.7683
49.0751
49.3772
49.6743
49.9663
50.253
50.5344
50.8102
51.0802
51.3444
51.6026
51.8543
42.548
42.1492
41.7415
41.3252
40.9003
40.4667
40.0245
39.5738
39.1143
38.646
38.1689
37.6828
37.1875
36.6829
36.1687
35.6447
35.1108
34.5664
34.0113
33.4451
32.8675
32.2779
31.6758
31.0606
30.4318
29.7886
29.1302
28.4558
27.7643
27.0549
26.326
25.5764
24.8046
24.0087
23.1869
22.3369
21.4562
20.5427
19.5944
18.6118
17.6038
16.6014
15.7109
15.1378
15.0785
15.5443
16.3489
17.2814
18.2257
19.1466
20.0341
20.8874
21.7086
22.4998
23.2635
24.0022
24.7177
25.4121
26.087
26.7436
27.3836
28.0078
28.6175
29.2135
29.7966
30.3677
30.9274
31.4764
32.0152
32.5444
33.0645
33.5758
34.0789
34.574
35.0616
35.5419
36.0153
36.482
36.9423
37.3964
37.8445
38.2868
38.7236
39.1548
39.5808
40.0016
40.4174
40.8282
41.2343
41.6355
42.0322
42.4241
42.8116
43.1946
43.5732
43.9473
44.317
44.6824
45.0434
45.4001
45.7524
46.1004
46.4441
46.7831
47.1179
47.4483
47.7739
48.0951
48.4118
48.7237
49.0308
49.333
49.6303
49.9223
50.2092
50.4908
50.7669
51.0374
51.3019
51.5603
51.8123
42.4597
42.0645
41.6605
41.2478
40.8264
40.3964
39.9578
39.5106
39.0546
38.5899
38.1164
37.6339
37.1422
36.6413
36.1309
35.6107
35.0805
34.54
33.9888
33.4267
32.8532
32.2678
31.6701
31.0594
30.4353
29.7969
29.1435
28.4743
27.7883
27.0845
26.3616
25.6183
24.8532
24.0644
23.25
22.4081
21.5358
20.6313
19.6924
18.7186
17.7168
16.7111
15.7886
15.1396
14.9765
15.3552
16.1161
17.0396
17.9889
18.9183
19.8154
20.6781
21.5082
22.3077
23.0794
23.8256
24.5481
25.2492
25.9304
26.593
27.2386
27.8683
28.4832
29.0841
29.672
30.2476
30.8117
31.3648
31.9076
32.4405
32.9642
33.479
33.9853
34.4836
34.9741
35.4573
35.9334
36.4026
36.8653
37.3217
37.7719
38.2163
38.6548
39.0879
39.5155
39.9379
40.3551
40.7672
41.1745
41.5769
41.9745
42.3675
42.7558
43.1396
43.5188
43.8936
44.264
44.6299
44.9914
45.3485
45.7013
46.0496
46.3934
46.7329
47.068
47.3986
47.7244
48.0459
48.3627
48.6747
48.982
49.2845
49.5819
49.8743
50.1614
50.4432
50.7196
50.9904
51.2551
51.5139
51.7663
42.3857
41.994
41.5933
41.184
40.766
40.3393
39.904
39.4601
39.0075
38.5462
38.076
37.5969
37.1087
36.6112
36.1042
35.5876
35.061
34.5242
33.9768
33.4185
32.8489
32.2676
31.674
31.0676
30.4479
29.814
29.1654
28.5012
27.8203
27.122
26.4048
25.6676
24.9088
24.1268
23.3196
22.4853
21.6212
20.7253
19.7955
18.8304
17.8354
16.829
15.8813
15.1645
14.8996
15.1845
15.8929
16.8021
17.7546
18.6918
19.5982
20.4699
21.3087
22.1165
22.8959
23.6493
24.3787
25.0862
25.7735
26.4419
27.093
27.728
28.3478
28.9534
29.5459
30.1258
30.694
31.2511
31.7976
32.3342
32.8613
33.3794
33.8889
34.3901
34.8835
35.3694
35.848
36.3197
36.7846
37.2432
37.6955
38.1417
38.5821
39.0168
39.4461
39.8699
40.2885
40.7019
41.1103
41.5138
41.9125
42.3064
42.6956
43.0802
43.4602
43.8356
44.2066
44.573
44.9351
45.2926
45.6457
45.9944
46.3387
46.6785
47.0139
47.3447
47.6709
47.9924
48.3094
48.6217
48.9294
49.232
49.5296
49.8222
50.1096
50.3916
50.6682
50.9393
51.2043
51.4634
51.7162
42.3244
41.9358
41.5383
41.1321
40.7173
40.2937
39.8616
39.4208
38.9714
38.5132
38.0462
37.5703
37.0853
36.5911
36.0874
35.5741
35.051
34.5177
33.9738
33.4192
32.8533
32.2758
31.6862
31.0839
30.4683
29.8389
29.1948
28.5353
27.8595
27.1663
26.4546
25.7231
24.9704
24.1949
23.3946
22.5676
21.7115
20.8239
19.9028
18.9465
17.9585
16.9535
15.9868
15.2106
14.8476
15.0333
15.6802
16.5689
17.5225
18.4668
19.382
20.2627
21.1099
21.9258
22.7127
23.4732
24.2092
24.923
25.6162
26.2902
26.9466
27.5866
28.2112
28.8215
29.4182
30.0023
30.5745
31.1354
31.6855
32.2255
32.7559
33.2772
33.7896
34.2937
34.7898
35.2783
35.7594
36.2334
36.7005
37.1612
37.6154
38.0635
38.5057
38.9421
39.3728
39.798
40.218
40.6327
41.0423
41.4468
41.8465
42.2413
42.6314
43.0167
43.3974
43.7736
44.1451
44.5121
44.8746
45.2327
45.5862
45.9353
46.2799
46.6201
46.9557
47.2868
47.6133
47.9351
48.2523
48.5648
48.8725
49.1753
49.4732
49.766
50.0537
50.336
50.6128
50.8842
51.1496
51.409
51.6623
42.2739
41.8883
41.4939
41.0907
40.6788
40.2582
39.829
39.3912
38.9447
38.4896
38.0256
37.5527
37.0708
36.5797
36.0792
35.5691
35.0492
34.5192
33.9788
33.4276
32.8653
32.2915
31.7056
31.1072
30.4957
29.8705
29.2308
28.5758
27.9047
27.2165
26.5101
25.7841
25.0373
24.268
23.4743
22.6544
21.8059
20.9262
20.0136
19.0659
18.0852
17.0833
16.1029
15.2757
14.8198
14.9024
15.479
16.3405
17.2924
18.2429
19.1665
20.056
20.9115
21.7354
22.5296
23.297
24.0396
24.7594
25.4584
26.1379
26.7994
27.4443
28.0735
28.6882
29.2892
29.8773
30.4533
31.0178
31.5714
32.1147
32.6483
33.1725
33.6878
34.1947
34.6934
35.1843
35.6677
36.144
36.6133
37.0759
37.532
37.9819
38.4257
38.8637
39.2959
39.7226
40.1438
40.5597
40.9704
41.376
41.7767
42.1724
42.5633
42.9494
43.3308
43.7076
44.0797
44.4473
44.8103
45.1688
45.5227
45.8722
46.2171
46.5575
46.8934
47.2248
47.5517
47.8738
48.1912
48.5039
48.8118
49.115
49.413
49.706
49.9938
50.2765
50.5536
50.8252
51.0909
51.3506
51.6043
42.233
41.8503
41.4587
41.0583
40.6492
40.2315
39.8051
39.3701
38.9265
38.4741
38.013
37.543
37.064
36.5759
36.0784
35.5714
35.0546
34.5278
33.9906
33.4428
32.8839
32.3136
31.7313
31.1367
30.5291
29.9079
29.2723
28.6218
27.9553
27.2718
26.5705
25.8498
25.1086
24.3453
23.558
22.7449
21.9037
21.0318
20.1273
19.1881
18.2149
17.2171
16.2277
15.3577
14.8155
14.793
15.2908
16.1174
17.0642
18.02
18.9515
19.8495
20.7132
21.5449
22.3465
23.1206
23.8696
24.5954
25.3
25.9848
26.6514
27.301
27.9347
28.5536
29.1587
29.7507
30.3303
30.8983
31.4553
32.0018
32.5384
33.0655
33.5837
34.0931
34.5943
35.0876
35.5733
36.0517
36.523
36.9875
37.4455
37.8971
38.3425
38.782
39.2156
39.6436
40.0661
40.4832
40.895
41.3016
41.7032
42.0998
42.4915
42.8784
43.2605
43.6379
44.0106
44.3787
44.7422
45.1012
45.4555
45.8054
46.1507
46.4914
46.8276
47.1592
47.4863
47.8086
48.1263
48.4392
48.7474
49.0506
49.3489
49.6422
49.9302
50.2131
50.4904
50.7623
51.0283
51.2885
51.5424
42.2006
41.8206
41.4317
41.034
40.6275
40.2125
39.7888
39.3565
38.9155
38.4659
38.0075
37.5403
37.0641
36.5788
36.0842
35.5801
35.0663
34.5425
34.0085
33.4638
32.9082
32.3413
31.7625
31.1715
30.5676
29.9503
29.3188
28.6724
28.0103
27.3315
26.635
25.9195
25.1837
24.4262
23.6451
22.8385
22.0043
21.14
20.2435
19.3125
18.347
17.3542
16.3595
15.4545
14.8333
14.7055
15.1168
15.9003
16.838
17.7978
18.7367
19.6431
20.5149
21.3543
22.163
22.9439
23.6992
24.4308
25.1409
25.8309
26.5024
27.1566
27.7947
28.4178
29.0268
29.6225
30.2057
30.7771
31.3373
31.8869
32.4265
32.9564
33.4771
33.9891
34.4927
34.9883
35.4762
35.9566
36.4299
36.8963
37.356
37.8092
38.2562
38.6972
39.1322
39.5615
39.9852
40.4034
40.8162
41.2239
41.6263
42.0238
42.4163
42.8039
43.1866
43.5646
43.938
44.3066
44.6705
45.0299
45.3847
45.7348
46.0806
46.4216
46.758
47.0898
47.4172
47.7397
48.0576
48.3708
48.6791
48.9825
49.281
49.5744
49.8628
50.1457
50.4234
50.6955
50.9617
51.2222
51.4764
42.1755
41.7981
41.4117
41.0166
40.6127
40.2002
39.7791
39.3494
38.911
38.464
38.0082
37.5436
37.0701
36.5875
36.0957
35.5944
35.0835
34.5626
34.0315
33.49
32.9376
32.3739
31.7985
31.2109
30.6106
29.9971
29.3694
28.7271
28.0693
27.395
26.7032
25.9927
25.2621
24.5102
23.735
22.9347
22.1074
21.2504
20.3615
19.4387
18.4809
17.4937
16.4967
15.5639
14.8719
14.6406
14.9583
15.6903
16.6138
17.5762
18.522
19.4365
20.3163
21.1632
21.9792
22.7666
23.5281
24.2656
24.981
25.6762
26.3524
27.0112
27.6536
28.2807
28.8935
29.4929
30.0795
30.6542
31.2176
31.7701
32.3125
32.8451
33.3684
33.8829
34.3888
34.8866
35.3765
35.859
36.3341
36.8023
37.2636
37.7185
38.167
38.6093
39.0457
39.4762
39.901
40.3203
40.7342
41.1428
41.5461
41.9444
42.3377
42.7259
43.1094
43.488
43.8618
44.2309
44.5953
44.9551
45.3103
45.6608
46.0067
46.3481
46.6848
47.0169
47.3444
47.6671
47.9851
48.2985
48.607
48.9107
49.2092
49.5029
49.7914
50.0745
50.3524
50.6247
50.8912
51.1519
51.4066
42.1568
41.7819
41.3981
41.0054
40.604
40.194
39.7753
39.348
38.9121
38.4676
38.0144
37.5523
37.0814
36.6014
36.1122
35.6136
35.1055
34.5874
34.0593
33.5207
32.9713
32.4108
31.8386
31.2544
30.6576
30.0476
29.4238
28.7854
28.1317
27.4617
26.7744
26.0687
25.3432
24.5967
23.8273
23.0331
22.2124
21.3625
20.4811
19.5663
18.6163
17.6351
16.6382
15.684
14.9297
14.5983
14.8169
15.4885
16.3921
17.3551
18.3071
19.2295
20.1173
20.9717
21.7948
22.5888
23.3564
24.0996
24.8203
25.5205
26.2014
26.8646
27.5112
28.1422
28.7588
29.3617
29.9517
30.5296
31.096
31.6515
32.1966
32.7318
33.2576
33.7744
34.2826
34.7825
35.2744
35.7588
36.2357
36.7056
37.1686
37.625
38.0749
38.5186
38.9562
39.3879
39.8139
40.2342
40.6491
41.0585
41.4627
41.8618
42.2557
42.6447
43.0287
43.4079
43.7822
44.1518
44.5167
44.8768
45.2323
45.5833
45.9294
46.2709
46.608
46.9402
47.268
47.5908
47.9092
48.2225
48.5312
48.8349
49.1337
49.4275
49.716
49.9994
50.2774
50.5498
50.8166
51.0775
51.3324
42.1439
41.7714
41.3899
40.9996
40.6006
40.1929
39.7766
39.3517
38.9182
38.4761
38.0253
37.5657
37.0972
36.6198
36.1332
35.6372
35.1317
34.6164
34.091
33.5553
33.0089
32.4514
31.8824
31.3014
30.708
30.1015
29.4813
28.8467
28.197
27.5311
26.8483
26.1472
25.4267
24.6854
23.9215
23.1334
22.319
21.476
20.6019
19.6948
18.7527
17.7779
16.7829
15.813
15.0049
14.5783
14.6938
15.2962
16.1734
17.1344
18.092
19.022
19.9177
20.7795
21.6096
22.4102
23.1838
23.9327
24.6587
25.3638
26.0494
26.7169
27.3676
28.0025
28.6227
29.2291
29.8224
30.4034
30.9727
31.531
32.0788
32.6165
33.1447
33.6638
34.1741
34.6761
35.17
35.6562
36.1348
36.6064
37.0709
37.5288
37.9801
38.425
38.8639
39.2967
39.7238
40.1451
40.5609
40.9712
41.3762
41.776
42.1706
42.5602
42.9448
43.3245
43.6993
44.0693
44.4346
44.7951
45.1509
45.502
45.8486
46.1903
46.5276
46.86
47.1879
47.5108
47.8293
48.1427
48.4515
48.7554
49.0542
49.3481
49.6368
49.9203
50.1984
50.4709
50.7378
50.999
51.2541
42.1359
41.7658
41.3866
40.9986
40.6019
40.1965
39.7824
39.3598
38.9286
38.4888
38.0404
37.5832
37.1171
36.6421
36.1579
35.6645
35.1616
34.6489
34.1263
33.5933
33.0498
32.4952
31.9292
31.3514
30.7613
30.1582
29.5415
28.9107
28.2648
27.603
26.9244
26.2278
25.5121
24.7758
24.0175
23.2351
22.4269
21.5906
20.7236
19.8241
18.8897
17.9217
16.9298
15.9491
15.0955
14.5802
14.5901
15.1149
15.9582
16.9143
17.8766
18.8138
19.7173
20.5865
21.4236
22.2307
23.0103
23.7648
24.4961
25.206
25.8962
26.568
27.2227
27.8615
28.4852
29.095
29.6915
30.2755
30.8478
31.4087
31.9591
32.4993
33.0298
33.5511
34.0635
34.5675
35.0632
35.5512
36.0316
36.5046
36.9707
37.4299
37.8826
38.3288
38.7688
39.2027
39.6307
40.053
40.4697
40.8808
41.2866
41.6871
42.0823
42.4725
42.8576
43.2378
43.6131
43.9835
44.3491
44.7099
45.066
45.4174
45.764
46.1061
46.4433
46.776
47.104
47.4271
47.7456
48.0593
48.3679
48.6719
48.9708
49.2648
49.5535
49.8369
50.1151
50.3878
50.6548
50.9161
51.1713
42.1324
41.7645
41.3876
41.0018
40.6072
40.204
39.7922
39.3718
38.9429
38.5053
38.0591
37.6042
37.1405
36.6678
36.1861
35.6951
35.1947
34.6846
34.1646
33.6343
33.0935
32.5418
31.9788
31.4041
30.8171
30.2173
29.6041
28.9768
28.3347
27.6769
27.0024
26.3102
25.5991
24.8677
24.1147
23.338
22.5358
21.706
20.846
19.9538
19.0271
18.066
17.0783
16.0909
15.1998
14.603
14.5068
14.9461
15.7476
16.6949
17.6607
18.6048
19.516
20.3926
21.2366
22.0502
22.8359
23.596
24.3324
25.0472
25.7419
26.4178
27.0766
27.719
28.3463
28.9594
29.559
30.146
30.721
31.2847
31.8375
32.3801
32.9129
33.4363
33.9508
34.4566
34.9542
35.4438
35.9259
36.4005
36.8679
37.3285
37.7824
38.2298
38.6709
39.1059
39.5349
39.9581
40.3756
40.7875
41.194
41.5951
41.9909
42.3816
42.7673
43.1479
43.5235
43.8943
44.2602
44.6213
44.9776
45.3292
45.6761
46.0181
46.3556
46.6884
47.0164
47.3395
47.658
47.9717
48.2806
48.5845
48.8833
49.1772
49.4659
49.7494
50.0276
50.3003
50.5674
50.8287
51.084
42.1327
41.767
41.3922
41.0086
40.6162
40.2151
39.8055
39.3873
38.9605
38.5251
38.0811
37.6284
37.167
36.6966
36.2172
35.7286
35.2306
34.723
34.2055
33.6779
33.1398
32.5909
32.0307
31.459
30.8751
30.2785
29.6686
29.0448
28.4063
27.7524
27.0819
26.394
25.6875
24.9609
24.2129
23.4417
22.6454
21.8219
20.9687
20.0837
19.1646
18.2107
17.2278
16.2369
15.3157
14.6455
14.4445
14.7912
15.5426
16.4764
17.4445
18.3949
19.3136
20.1976
21.0486
21.8687
22.6603
23.426
24.1675
24.8871
25.5862
26.2664
26.929
27.5752
28.2059
28.8223
29.425
30.0149
30.5926
31.1589
31.7142
32.2591
32.7941
33.3195
33.8359
34.3436
34.843
35.3343
35.8178
36.2939
36.7627
37.2246
37.6797
38.1282
38.5704
39.0064
39.4363
39.8603
40.2785
40.6912
41.0983
41.5
41.8964
42.2876
42.6737
43.0546
43.4307
43.8017
44.1679
44.5292
44.8857
45.2375
45.5843
45.9266
46.2642
46.597
46.925
47.2481
47.5665
47.8802
48.1889
48.4928
48.7917
49.0855
49.3742
49.6576
49.9357
50.2083
50.4754
50.7366
50.9921
42.1363
41.7728
41.4001
41.0186
40.6283
40.2293
39.8218
39.4056
38.9809
38.5477
38.1058
37.6553
37.196
36.7279
36.2508
35.7645
35.2689
34.7637
34.2487
33.7237
33.1882
32.642
32.0846
31.5158
30.9349
30.3414
29.7348
29.1144
28.4795
27.8293
27.1627
26.479
25.7768
25.055
24.3119
23.5461
22.7555
21.9382
21.0917
20.2136
19.302
18.3554
17.3779
16.386
15.4414
14.7063
14.4037
14.6519
15.3445
16.2592
17.2278
18.184
19.1101
20.0014
20.8594
21.686
22.4835
23.2547
24.0015
24.7257
25.4294
26.1137
26.7801
27.4299
28.0641
28.6836
29.2893
29.8821
30.4625
31.0313
31.589
32.1361
32.6732
33.2007
33.719
34.2285
34.7295
35.2224
35.7074
36.1849
36.655
37.1181
37.5744
38.024
38.4671
38.904
39.3348
39.7596
40.1786
40.5919
40.9996
41.4018
41.7987
42.1903
42.5768
42.9581
43.3344
43.7057
44.0721
44.4336
44.7902
45.142
45.4891
45.8314
46.1689
46.5016
46.8294
47.1526
47.471
47.7845
48.0931
48.3968
48.6955
48.9892
49.2779
49.5612
49.8391
50.1116
50.3785
50.6397
50.8951
42.1429
41.7815
41.4109
41.0314
40.6431
40.2462
39.8407
39.4266
39.0039
38.5728
38.133
37.6846
37.2275
36.7615
36.2866
35.8026
35.3093
34.8065
34.2939
33.7713
33.2384
32.6948
32.1402
31.5742
30.9962
30.4058
29.8024
29.1853
28.5538
27.9073
27.2446
26.5649
25.8671
25.1497
24.4115
23.6509
22.8658
22.0545
21.2145
20.3433
19.4391
18.4998
17.5281
16.5372
15.5753
14.7838
14.3842
14.5296
15.1546
16.0439
17.0108
17.9721
18.9054
19.804
20.6688
21.5019
22.3055
23.0822
23.8341
24.5631
25.2711
25.9595
26.6298
27.2832
27.9207
28.5434
29.1521
29.7476
30.3307
30.9019
31.4619
32.0113
32.5504
33.0799
33.6
34.1112
34.6138
35.1082
35.5947
36.0735
36.5449
37.0092
37.4665
37.9171
38.3612
38.7989
39.2305
39.656
40.0757
40.4896
40.8978
41.3006
41.6979
42.0899
42.4766
42.8582
43.2347
43.6062
43.9728
44.3343
44.691
45.0429
45.39
45.7322
46.0695
46.4021
46.7299
47.053
47.3712
47.6845
47.9931
48.2966
48.595
48.8885
49.1767
49.4598
49.7377
50.0099
50.2766
50.5378
50.7928
42.1521
41.7926
41.4241
41.0466
40.6603
40.2654
39.8619
39.4498
39.0291
38.5999
38.1622
37.7159
37.2608
36.797
36.3243
35.8425
35.3514
34.8509
34.3407
33.8206
33.2901
32.7492
32.1972
31.6339
31.0588
30.4714
29.8711
29.2572
28.6292
27.9861
27.3272
26.6515
25.9578
25.2449
24.5115
23.7559
22.9763
22.1709
21.3372
20.4728
19.5756
18.6437
17.6783
16.6898
15.7155
14.8762
14.3857
14.4254
14.9743
15.8312
16.7934
17.7592
18.6992
19.6052
20.4769
21.3165
22.1261
22.9083
23.6653
24.3991
25.1114
25.804
26.478
27.135
27.7758
28.4016
29.0132
29.6114
30.1971
30.7707
31.333
31.8845
32.4256
32.957
33.4789
33.9917
34.4959
34.9918
35.4796
35.9597
36.4323
36.8977
37.356
37.8076
38.2525
38.6911
39.1233
39.5495
39.9698
40.3842
40.7929
41.1961
41.5938
41.9861
42.3731
42.7549
43.1316
43.5032
43.8698
44.2314
44.5881
44.9399
45.2868
45.6289
45.9662
46.2986
46.6262
46.949
47.2671
47.5802
47.8883
48.1915
48.4896
48.7827
49.0708
49.3535
49.6309
49.903
50.1694
50.4302
50.685
42.1634
41.806
41.4394
41.0639
40.6796
40.2866
39.885
39.4748
39.0561
38.6289
38.1932
37.7489
37.2959
36.8341
36.3635
35.8839
35.395
34.8968
34.3889
33.8711
33.3431
32.8047
32.2553
31.6947
31.1224
30.5379
29.9406
29.33
28.7052
28.0657
27.4104
26.7385
26.049
25.3404
24.6116
23.861
23.0867
22.2869
21.4595
20.6017
19.7116
18.787
17.8281
16.8431
15.8608
14.9817
14.4075
14.3406
14.8054
15.622
16.576
17.5452
18.4917
19.4049
20.2835
21.1297
21.9453
22.733
23.4952
24.2336
24.9503
25.6469
26.3247
26.9852
27.6293
28.2581
28.8726
29.4735
30.0616
30.6377
31.2022
31.7557
32.2989
32.832
33.3556
33.8701
34.3758
34.873
35.3621
35.8434
36.3172
36.7836
37.2429
37.6953
38.1411
38.5803
39.0133
39.4401
39.8608
40.2757
40.6848
41.0883
41.4863
41.8789
42.2661
42.648
43.0248
43.3964
43.763
44.1246
44.4812
44.8328
45.1796
45.5216
45.8586
46.1907
46.5181
46.8405
47.1583
47.4709
47.7787
48.0814
48.3793
48.672
48.9595
49.2419
49.5188
49.7905
50.0564
50.3168
50.5712
42.1766
41.8211
41.4565
41.0829
40.7005
40.3094
39.9097
39.5015
39.0847
38.6594
38.2257
37.7833
37.3323
36.8726
36.404
35.9265
35.4398
34.9438
34.4381
33.9227
33.3971
32.8612
32.3144
31.7564
31.1868
30.6052
30.0109
29.4033
28.7818
28.1456
27.494
26.8259
26.1403
25.436
24.7117
23.9659
23.1969
22.4026
21.5812
20.7299
19.8467
18.9294
17.9772
16.9966
16.0096
15.0984
14.4485
14.276
14.6493
15.4174
16.3587
17.3301
18.2826
19.2031
20.0886
20.9412
21.7629
22.5562
23.3234
24.0666
24.7877
25.4883
26.1699
26.8337
27.4811
28.113
28.7303
29.3338
29.9244
30.5027
31.0694
31.625
32.17
32.7049
33.2302
33.7462
34.2533
34.7519
35.2422
35.7247
36.1995
36.6668
37.127
37.5803
38.0268
38.4667
38.9002
39.3275
39.7487
40.164
40.5735
40.9772
41.3754
41.7681
42.1554
42.5374
42.9142
43.2858
43.6523
44.0137
44.3701
44.7216
45.0681
45.4096
45.7465
46.0783
46.4052
46.7272
47.0445
47.3567
47.6639
47.9663
48.2635
48.5558
48.8427
49.1244
49.401
49.6719
49.9374
50.1972
50.4511
42.1914
41.8378
41.4751
41.1034
40.7228
40.3336
39.9358
39.5294
39.1146
38.6912
38.2593
37.8189
37.3699
36.9122
36.4456
35.9702
35.4856
34.9917
34.4883
33.9751
33.4519
32.9184
32.3741
31.8187
31.2519
30.673
30.0816
29.477
28.8587
28.2258
27.5777
26.9133
26.2316
25.5315
24.8116
24.0706
23.3067
22.5179
21.7023
20.8574
19.9809
19.0707
18.1255
17.1498
16.161
15.2246
14.5073
14.2319
14.5077
15.2187
16.1419
17.114
18.072
18.9995
19.892
20.7511
21.5789
22.3777
23.1501
23.898
24.6234
25.328
26.0133
26.6807
27.3313
27.966
28.5861
29.1923
29.7853
30.3659
30.9347
31.4922
32.0391
32.5757
33.1025
33.62
34.1285
34.6284
35.1199
35.6034
36.0791
36.5474
37.0084
37.4624
37.9095
38.35
38.7841
39.2118
39.6334
40.049
40.4587
40.8627
41.261
41.6538
42.0411
42.423
42.7997
43.1711
43.5375
43.8987
44.2548
44.606
44.9521
45.2933
45.6295
45.961
46.2874
46.6089
46.9256
47.2372
47.544
47.8456
48.1422
48.4337
48.7201
49.001
49.2768
49.547
49.8118
50.0709
50.3241
42.2074
41.8557
41.4949
41.125
40.7464
40.359
39.963
39.5585
39.1454
38.724
38.294
37.8554
37.4083
36.9526
36.488
36.0146
35.5321
35.0403
34.5391
34.0282
33.5072
32.9761
32.4343
31.8814
31.3172
30.7411
30.1525
29.5509
28.9358
28.3062
27.6615
27.0007
26.3228
25.6268
24.9112
24.1748
23.4158
22.6324
21.8226
20.984
20.1141
19.2109
18.2728
17.3025
16.314
15.3585
14.5825
14.2085
14.382
15.0272
15.9263
16.8969
17.8599
18.7941
19.6937
20.5593
21.3932
22.1976
22.9751
23.7277
24.4575
25.1661
25.8551
26.5258
27.1796
27.8174
28.4402
29.0489
29.6443
30.2271
30.7979
31.3573
31.9059
32.4442
32.9726
33.4915
34.0013
34.5023
34.9949
35.4794
35.9561
36.4252
36.8869
37.3416
37.7893
38.2303
38.6648
39.0929
39.5147
39.9305
40.3404
40.7445
41.1428
41.5356
41.9228
42.3046
42.6811
43.0523
43.4183
43.7792
44.1349
44.4856
44.8313
45.1721
45.5077
45.8386
46.1644
46.4852
46.8012
47.112
47.418
47.7188
48.0147
48.3053
48.5908
48.8711
49.1459
49.4153
49.6792
49.9375
50.1897
